-1.678851842880249023e-01
-1.557028219103813171e-01
-1.313380971550941467e-01
-1.052892785519361496e-01
-7.755636610090732574e-02
-4.312939289957284927e-02
-2.008358947932720184e-03
3.692563530057668686e-02
7.367258984595537186e-02
1.065935567021369934e-01
1.356885358691215515e-01
1.617873422801494598e-01
1.848899759352207184e-01
2.030041292309761047e-01
2.161298021674156189e-01
2.248451672494411469e-01
2.291502244770526886e-01
2.302950210869312286e-01
2.282795570790767670e-01
2.192080914974212646e-01
2.030806243419647217e-01
-2.499603737331926823e+03
-7.499201245777308941e+03
-9.999000000000000000e+03
-9.999000000000000000e+03
-9.999000000000000000e+03
-9.999000000000000000e+03
-9.999000000000000000e+03
-9.999000000000000000e+03
-9.999000000000000000e+03
-9.999000000000000000e+03
-9.999000000000000000e+03
-9.999000000000000000e+03
-9.999000000000000000e+03
-9.999000000000000000e+03
-9.999000000000000000e+03
-9.999000000000000000e+03
-9.999000000000000000e+03
-9.999000000000000000e+03
-9.999000000000000000e+03
-9.999000000000000000e+03
-9.999000000000000000e+03
-9.999000000000000000e+03
-9.999000000000000000e+03
-9.999000000000000000e+03
-7.499249781824692036e+03
-2.499749345474076108e+03
-7.858503522584214807e-04
-4.102953520487062633e-03
-3.539731260389089584e-04
1.046109083108603954e-02
2.050875313580036163e-02
2.978901378810405731e-02
3.434122074395418167e-02
3.416537400335073471e-02
3.745011240243911743e-02
4.419543594121932983e-02
4.829672630876302719e-02
4.975398350507020950e-02
5.200180970132350922e-02
5.504020489752292633e-02
5.655940249562263489e-02
-1.628500334918498993e-01
-1.514966213144361973e-01
-1.287897969596087933e-01
-1.037579027470201254e-01
-7.640093867667019367e-02
-4.287267307518050075e-02
-3.173105942551046610e-03
3.554931998951360583e-02
7.329460472101345658e-02
1.072942567989230156e-01
1.375482762232422829e-01
1.639658417552709579e-01
1.865469533950090408e-01
2.039183685556054115e-01
2.160800872370600700e-01
2.238779095932841301e-01
2.273118356242775917e-01
2.282642852514982224e-01
2.267352584749460220e-01
2.188635477796196938e-01
2.046491531655192375e-01
-1.874657646841369569e+03
-5.624368024435825646e+03
-8.124167409924790263e+03
-9.374055803308263421e+03
-9.999000000000000000e+03
-9.999000000000000000e+03
-9.999000000000000000e+03
-9.999000000000000000e+03
-9.999000000000000000e+03
-9.999000000000000000e+03
-9.999000000000000000e+03
-9.999000000000000000e+03
-9.999000000000000000e+03
-9.999000000000000000e+03
-9.999000000000000000e+03
-9.999000000000000000e+03
-9.999000000000000000e+03
-9.999000000000000000e+03
-9.999000000000000000e+03
-9.999000000000000000e+03
-9.374063793718698435e+03
-8.124191381156095304e+03
-7.499255618187482469e+03
-7.499256504812859930e+03
-5.624443865989484038e+03
-1.874817701717354794e+03
-5.590067983575863764e-03
-7.531041370384627953e-03
-3.047668782528489828e-03
7.860049779992550611e-03
1.720537157962098718e-02
2.498829661635681987e-02
2.866986789740622044e-02
2.825008542276918888e-02
3.131483605829998851e-02
3.786411980399861932e-02
4.238416464067995548e-02
4.487497056834399700e-02
4.727980797179043293e-02
4.959867685101926327e-02
5.075811129063367844e-02
-1.527797318994998932e-01
-1.430842201225459576e-01
-1.236931965686380863e-01
-1.006951511371880770e-01
-7.409008382819592953e-02
-4.235923342639580369e-02
-5.502599931787699461e-03
3.279668936738744378e-02
7.253863447112962604e-02
1.086956569924950600e-01
1.412677569314837456e-01
1.683228407055139542e-01
1.898609083145856857e-01
2.057468472048640251e-01
2.159806573763489723e-01
2.219433942809700966e-01
2.236350579187273979e-01
2.242028135806322098e-01
2.236466612666845322e-01
2.181744603440165520e-01
2.077862108126282692e-01
-6.247654658602550626e+02
-1.874701581752859056e+03
-4.374502229774370790e+03
-8.124167409924790263e+03
-9.999000000000000000e+03
-9.999000000000000000e+03
-9.999000000000000000e+03
-9.999000000000000000e+03
-9.999000000000000000e+03
-9.999000000000000000e+03
-9.999000000000000000e+03
-9.999000000000000000e+03
-9.999000000000000000e+03
-9.999000000000000000e+03
-9.999000000000000000e+03
-9.999000000000000000e+03
-9.999000000000000000e+03
-9.999000000000000000e+03
-9.999000000000000000e+03
-9.999000000000000000e+03
-8.124191381156095304e+03
-4.374574143468285911e+03
-2.499766854562447406e+03
-2.499769514438579790e+03
-1.874832034319068043e+03
-6.249544142039121652e+02
-1.519850324621074833e-02
-1.438721707017975859e-02
-8.435060095507651567e-03
2.657967677805572748e-03
1.059860846726223826e-02
1.538686227286234498e-02
1.732716220431029797e-02
1.641950826160609722e-02
1.904428337002173066e-02
2.520148752955719829e-02
3.055904130451381207e-02
3.511694469489157200e-02
3.783580451272428036e-02
3.871562075801193714e-02
3.915552888065576553e-02
-1.464412808418273926e-01
-1.363096162676811218e-01
-1.160462871193885803e-01
-9.220332663971930742e-02
-6.478073482867330313e-02
-3.361328243045136333e-02
1.299030554946511984e-03
3.787645749980583787e-02
7.611899840412661433e-02
1.111133797094225883e-01
1.428596014156937599e-01
1.689159860834479332e-01
1.892825337126851082e-01
2.042914181947708130e-01
2.139426395297050476e-01
2.190084466710686684e-01
2.194888396188616753e-01
2.196994656696915627e-01
2.196403248235583305e-01
2.147186640650033951e-01
2.049344833940267563e-01
1.772699225693941116e-01
1.317249815911054611e-01
-2.499668285616673529e+03
-7.499222761872224510e+03
-9.999000000000000000e+03
-9.999000000000000000e+03
-9.999000000000000000e+03
-9.999000000000000000e+03
-9.999000000000000000e+03
-9.999000000000000000e+03
-9.999000000000000000e+03
-9.999000000000000000e+03
-9.999000000000000000e+03
-9.999000000000000000e+03
-9.999000000000000000e+03
-9.999000000000000000e+03
-9.374064683463657275e+03
-8.124194050390971825e+03
-7.499258279232424684e+03
-7.499257369988015853e+03
-5.624448479610378854e+03
-1.874831608099513687e+03
-2.422799542546272278e-02
-2.633929811418056488e-02
-2.574104920495301485e-02
-2.243324869778007269e-02
-1.920126957702450454e-02
-1.604511184268631041e-02
-9.931862790836021304e-03
-8.615224214736372232e-04
4.627307498594745994e-03
6.534626969369128346e-03
6.413015566067770123e-03
4.262473288690671325e-03
6.179146963404491544e-03
1.216303659020923078e-02
1.764539306896040216e-02
2.262621639965800568e-02
2.486624889570521191e-02
2.436549055710202083e-02
2.411511138780042529e-02
-1.438346803188323975e-01
-1.311728097498416901e-01
-1.058490686118602753e-01
-7.828242925461381674e-02
-4.847289167810231447e-02
-1.663482008734717965e-02
1.723178551765158772e-02
5.078862438676878810e-02
8.403569652000442147e-02
1.145474249497056007e-01
1.423238096758723259e-01
1.657452778890728951e-01
1.848118295893073082e-01
1.995520815253257751e-01
2.099660336971282959e-01
2.150730667635798454e-01
2.148731807246804237e-01
2.147542415186762810e-01
2.147162491455674171e-01
2.084961589425802231e-01
1.960939709097146988e-01
1.705605071038007736e-01
1.318957675248384476e-01
-2.499665577451698482e+03
-7.499221859150566161e+03
-9.999000000000000000e+03
-9.999000000000000000e+03
-9.999000000000000000e+03
-9.999000000000000000e+03
-9.999000000000000000e+03
-9.999000000000000000e+03
-9.999000000000000000e+03
-9.999000000000000000e+03
-9.999000000000000000e+03
-9.999000000000000000e+03
-9.999000000000000000e+03
-9.999000000000000000e+03
-8.124194050390971825e+03
-4.374582151172915474e+03
-2.499774837697274052e+03
-2.499772109964047559e+03
-1.874835089081549086e+03
-6.249637750497786328e+02
-2.773848641663789749e-02
-2.697939146310091019e-02
-2.498617989476770163e-02
-2.175885171163827181e-02
-1.759836697601713240e-02
-1.250472568790428340e-02
-7.538076868513599038e-03
-2.698420517845079303e-03
-7.085313263814896345e-04
-1.568409294122830033e-03
-4.072572017321363091e-03
-8.221019495977088809e-03
-7.280573161551728845e-03
-1.251233014045283198e-03
3.643219934019725770e-03
7.402785682643298060e-03
8.371141120733227581e-03
6.548286248289514333e-03
5.636858812067657709e-03
-1.361066773533821106e-01
-1.223134137690067291e-01
-9.472688660025596619e-02
-6.622749776579439640e-02
-3.681524726562201977e-02
-5.841298261657357216e-03
2.669434924609959126e-02
5.856766458600759506e-02
8.977864775806665421e-02
1.175816222093999386e-01
1.419765879400074482e-01
1.624063095077872276e-01
1.788707869127392769e-01
1.923327688127756119e-01
2.027922552078962326e-01
2.084820764139294624e-01
2.094022324308753014e-01
2.104705376550555229e-01
2.116869920864701271e-01
2.063984926789999008e-01
1.946050394326448441e-01
1.694881459698081017e-01
1.310478122904896736e-01
-1.874727549310307950e+03
-5.624406303221825510e+03
-8.124184260133188218e+03
-9.374061420044396073e+03
-9.999000000000000000e+03
-9.999000000000000000e+03
-9.999000000000000000e+03
-9.999000000000000000e+03
-9.374066628488246351e+03
-8.124199885464739054e+03
-7.499267104249913245e+03
-7.499268284843768924e+03
-7.499268277427647263e+03
-7.499267082001548260e+03
-5.624458494165213779e+03
-1.874842513918643817e+03
-3.216518415138125420e-02
-2.744796173647046089e-02
-2.514592063380405307e-02
-2.525906084338203073e-02
-2.413473052729386836e-02
-2.177292968553956598e-02
-1.988691043516155332e-02
-1.847667277615983039e-02
-1.570580745465122163e-02
-1.157431447063572705e-02
-8.072700205957517028e-03
-5.200964660616591573e-03
-5.409482255345210433e-03
-8.698252990143373609e-03
-1.308904206962324679e-02
-1.858184949378482997e-02
-1.980119929066859186e-02
-1.674709146027453244e-02
-1.366959478036733344e-02
-1.056870925094699487e-02
-9.903026897518429905e-03
-1.167254772008163854e-02
-1.255730813136324286e-02
-1.232572719454765320e-01
-1.097314283251762390e-01
-8.267974108457565308e-02
-5.603853217326104641e-02
-2.980780159123241901e-02
-1.232716953381896019e-03
2.968672174029052258e-02
6.121357809752225876e-02
9.334785211831331253e-02
1.202159714885056019e-01
1.418179362080991268e-01
1.588990809395909309e-01
1.714594056829810143e-01
1.826334800571203232e-01
1.924213040620088577e-01
1.992354756221175194e-01
2.030759947374463081e-01
2.068483540788292885e-01
2.105525536462664604e-01
2.084256652742624283e-01
2.004676889628171921e-01
1.740528391674160957e-01
1.291811158880591393e-01
-6.248542011925019324e+02
-1.874776094086002558e+03
-4.374552780399564654e+03
-8.124184260133188218e+03
-9.999000000000000000e+03
-9.999000000000000000e+03
-9.999000000000000000e+03
-9.999000000000000000e+03
-8.124199885464739054e+03
-4.374599656394217163e+03
-2.499801312749739736e+03
-2.499804854531306773e+03
-2.499804832282941788e+03
-2.499801246004644781e+03
-1.874858014786383137e+03
-6.249751386281568557e+02
-3.026169305667281151e-02
-2.338398108258843422e-02
-1.865012763300910592e-02
-1.606013270793482661e-02
-1.341672775743063539e-02
-1.071991278149653226e-02
-1.044324082613456994e-02
-1.258671189134474844e-02
-1.352359101292677224e-02
-1.325387819088064134e-02
-1.153573280316777527e-02
-8.369154849788174033e-03
-9.475545288296416402e-03
-1.485490411869250238e-02
-2.063639459083788097e-02
-2.682001670473255217e-02
-3.138273142394609749e-02
-3.432453874847851694e-02
-3.429305107420077547e-02
-3.128826840111287311e-02
-2.995625515904976055e-02
-3.029701134801143780e-02
-3.046738944249227643e-02
-1.144387498497962952e-01
-1.002140801865607500e-01
-7.176474086008965969e-02
-4.464880062732845545e-02
-1.886625948827713728e-02
8.093271288089454174e-03
3.622979170177131891e-02
6.510896096006035805e-02
9.473077906295657158e-02
1.188381630927324295e-01
1.374311130493879318e-01
1.517308279871940613e-01
1.617373079061508179e-01
1.714259181171655655e-01
1.807966586202383041e-01
1.893092421814799309e-01
1.969636688008904457e-01
2.020283360034227371e-01
2.045032437890768051e-01
2.002707598730921745e-01
1.893308842554688454e-01
1.599401081912219524e-01
1.120984316803514957e-01
6.782138545531779528e-02
2.710896951612085104e-02
-1.874810378713184036e+03
-5.624444641662645154e+03
-7.499264657753985375e+03
-7.499270426987204701e+03
-7.499273730872198939e+03
-7.499274569408968091e+03
-5.624474770122207701e+03
-1.874874333011917770e+03
-7.453270535916090012e-02
-7.536920253187417984e-02
-7.229744875803589821e-02
-6.531744403764605522e-02
-5.339410313172265887e-02
-3.652742604026570916e-02
-2.385941994725726545e-02
-1.539008485269732773e-02
-8.483682671794667840e-03
-3.140213404549285769e-03
1.044570250087417662e-03
4.070668292115442455e-03
2.661264195921830833e-03
-3.183642038493417203e-03
-7.218899452709592879e-03
-9.444508046726696193e-03
-1.023161008197348565e-02
-9.580205558449961245e-03
-1.290762581629678607e-02
-2.021387085551396012e-02
-2.770714275538921356e-02
-3.538744151592254639e-02
-4.301523207686841488e-02
-5.059051443822681904e-02
-5.312303290702402592e-02
-5.061278748326003551e-02
-4.891782510094344616e-02
-4.803814576007425785e-02
-4.759830608963966370e-02
-1.096511110663414001e-01
-9.376136935316026211e-02
-6.198188592679798603e-02
-3.205830312799662352e-02
-3.990620956756174564e-03
2.213666646275669336e-02
4.632355913054198027e-02
7.025381317362189293e-02
9.392742859199643135e-02
1.134481970220804214e-01
1.288161184638738632e-01
1.409015506505966187e-01
1.497044935822486877e-01
1.587100829929113388e-01
1.679183188825845718e-01
1.787033760920166969e-01
1.910652546212077141e-01
1.960104834288358688e-01
1.935390625149011612e-01
1.819337764754891396e-01
1.611946253105998039e-01
1.271499530412256718e-01
7.979975966736674309e-02
3.851842356380075216e-02
3.305944730527698994e-03
-6.249570550740463659e+02
-1.874842564632766880e+03
-2.499793973261956125e+03
-2.499811280961614102e+03
-2.499821192616596818e+03
-2.499823708226904273e+03
-1.874891282460652292e+03
-6.250239153178408742e+02
-8.676411677151918411e-02
-7.982885744422674179e-02
-7.067292509600520134e-02
-5.929631972685456276e-02
-4.463211545953527093e-02
-2.668031229404732585e-02
-1.295836482313461602e-02
-3.466273046797141433e-03
5.353414249839261174e-03
1.350069706677459180e-02
1.924916349526029080e-02
2.259881353529635817e-02
1.942660463100764900e-02
9.732536782394163311e-03
3.208267226000316441e-03
-1.462040381738916039e-04
-4.160332042374648154e-03
-8.834116786601953208e-03
-1.570572383934631944e-02
-2.477515320060774684e-02
-3.430128656327724457e-02
-4.428412392735481262e-02
-5.469870124943554401e-02
-6.554501852951943874e-02
-7.015954027883708477e-02
-6.854226649738848209e-02
-6.678773672319948673e-02
-6.489595095627009869e-02
-6.395005807280540466e-02
-1.021932661533355713e-01
-8.686195686459541321e-02
-5.619933828711509705e-02
-2.610367420129477978e-02
3.425035392865538597e-03
2.964936289936304092e-02
5.256930831819772720e-02
7.398534822277724743e-02
9.389748261310160160e-02
1.102497056126594543e-01
1.230420172214508057e-01
1.332932645455002785e-01
1.410034475848078728e-01
1.495025623589754105e-01
1.587906088680028915e-01
1.696646558120846748e-01
1.821247031912207603e-01
1.854158807545900345e-01
1.795381885021924973e-01
1.620814339257776737e-01
1.330456170253455639e-01
9.473206195980310440e-02
4.714076872915029526e-02
8.828961174003779888e-03
-2.020336070563644171e-02
-4.000098712276667356e-02
-5.056391807738691568e-02
-6.486775865778326988e-02
-8.291250886395573616e-02
-9.331041434779763222e-02
-9.606147510930895805e-02
-9.619859000667929649e-02
-9.372175903990864754e-02
-8.596260449849069118e-02
-7.292112638242542744e-02
-5.938234599307179451e-02
-4.534626333042979240e-02
-2.888233220437541604e-02
-9.990552614908665419e-03
4.230775724863633513e-03
1.378165281494148076e-02
2.255297588999383152e-02
3.054474495002068579e-02
3.582304820884019136e-02
3.838788566645234823e-02
3.373504627961665392e-02
2.186453004833310843e-02
1.299690165615174919e-02
7.132161103072576225e-03
-9.665163961471989751e-04
-1.129913084150757641e-02
-2.185309177730232477e-02
-3.262839920353144407e-02
-4.419363941997289658e-02
-5.654881242662668228e-02
-6.885227980092167854e-02
-8.110404154285788536e-02
-8.668827032670378685e-02
-8.560496615245938301e-02
-8.357866248115897179e-02
-8.060935931280255318e-02
-7.912470772862434387e-02
-9.206521511077880859e-02
-7.951584272086620331e-02
-5.441709794104099274e-02
-2.678491384722292423e-02
3.380709560588002205e-03
3.063136059790849686e-02
5.496703926473855972e-02
7.630356610752642155e-02
9.464094112627208233e-02
1.092426888644695282e-01
1.201088093221187592e-01
1.289059696719050407e-01
1.356341699138283730e-01
1.438033562153577805e-01
1.534135285764932632e-01
1.621930813416838646e-01
1.701420145109295845e-01
1.702445279806852341e-01
1.625006217509508133e-01
1.407137322239577770e-01
1.048838593997061253e-01
6.268643494695425034e-02
1.412145886570215225e-02
-2.124700171407312155e-02
-4.341894679237157106e-02
-5.921645241323858500e-02
-6.863951857667416334e-02
-7.734124409034848213e-02
-8.532162895426154137e-02
-9.008426545187830925e-02
-9.162915358319878578e-02
-8.951851027086377144e-02
-8.375233551487326622e-02
-7.212816854007542133e-02
-5.464600934647023678e-02
-3.842571144923567772e-02
-2.346727484837174416e-02
-6.144753366243094206e-03
1.354185299715027213e-02
2.770800169673748314e-02
3.635369273251853883e-02
4.311500224866904318e-02
4.799193024518899620e-02
5.076622439082711935e-02
5.143788468558341265e-02
4.558658914174884558e-02
3.321233775932341814e-02
2.214700383774470538e-02
1.239058737701270729e-02
-6.501631432911381125e-04
-1.697524772316683084e-02
-3.134972963016480207e-02
-4.377360886428505182e-02
-5.738420132547616959e-02
-7.218150701373815536e-02
-8.547596773132681847e-02
-9.726758347824215889e-02
-1.027092230506241322e-01
-1.018008864484727383e-01
-9.929060237482190132e-02
-9.517837082967162132e-02
-9.312225505709648132e-02
-7.801752910017967224e-02
-6.820780120324343443e-02
-4.858834540937095881e-02
-2.406843134667724371e-02
5.351940984837710857e-03
3.228190424852073193e-02
5.672145844437181950e-02
7.756714709103107452e-02
9.481897018849849701e-02
1.083144750446081161e-01
1.180536616593599319e-01
1.263262918218970299e-01
1.331323655322194099e-01
1.415314963087439537e-01
1.515236841514706612e-01
1.570288287475705147e-01
1.580469300970435143e-01
1.521351444534957409e-01
1.392934718169271946e-01
1.142936144024133682e-01
7.713557220995426178e-02
3.667024360038340092e-02
-7.102371426299214363e-03
-3.787429374642670155e-02
-5.564552335999906063e-02
-6.849360978230834007e-02
-7.641855301335453987e-02
-8.029120508581399918e-02
-8.011156599968671799e-02
-7.961276080459356308e-02
-7.879478950053453445e-02
-7.384008937515318394e-02
-6.474866042844951153e-02
-5.102351203095167875e-02
-3.266464418265968561e-02
-1.683230465278029442e-02
-3.526493441313505173e-03
1.258537604007869959e-02
3.150330379139631987e-02
4.460001201368868351e-02
5.187550070695579052e-02
5.688644270412623882e-02
5.963283800520002842e-02
5.949768424034118652e-02
5.648098140954971313e-02
4.877395310904830694e-02
3.637659933883696795e-02
2.357217454118654132e-02
1.036067871609702706e-02
-5.688184814061969519e-03
-2.457441604929044843e-02
-4.093688761349767447e-02
-5.477559950668364763e-02
-7.002826686948537827e-02
-8.669488970190286636e-02
-1.008450118824839592e-01
-1.124786334112286568e-01
-1.178285665810108185e-01
-1.168948113918304443e-01
-1.137429149821400642e-01
-1.083728773519396782e-01
-1.056878585368394852e-01
-6.005020812153816223e-02
-5.293783231172710657e-02
-3.871308069210499525e-02
-1.795422669965773821e-02
9.338729665614664555e-03
3.460099385119974613e-02
5.783256585709750652e-02
7.777609117329120636e-02
9.443156979978084564e-02
1.074650641530752182e-01
1.168765742331743240e-01
1.255542309954762459e-01
1.334980344399809837e-01
1.426869826391339302e-01
1.531210755929350853e-01
1.541718980297446251e-01
1.458394499495625496e-01
1.310877301730215549e-01
1.099167387001216412e-01
8.282108046114444733e-02
4.980075545608997345e-02
1.668348792009055614e-02
-1.653072214685380459e-02
-4.105291492305696011e-02
-5.688309040851891041e-02
-6.783245922997593880e-02
-7.390102138742804527e-02
-7.371764164417982101e-02
-6.728232000023126602e-02
-6.189590040594339371e-02
-5.755838286131620407e-02
-4.916332731954753399e-02
-3.671073378063738346e-02
-2.264863497111946344e-02
-6.977030890993773937e-03
5.397874396294355392e-03
1.447608089074492455e-02
2.730805601458996534e-02
4.389379976782947779e-02
5.490680667571723461e-02
6.034707673825323582e-02
6.386729725636541843e-02
6.546746823005378246e-02
6.201742775738239288e-02
5.351717583835124969e-02
4.329713818151503801e-02
3.135731478687375784e-02
1.727241376647725701e-02
1.042435120325535536e-03
-1.608058140845969319e-02
-3.409663581987842917e-02
-5.061456572730094194e-02
-6.563437113072723150e-02
-8.212583605200052261e-02
-1.000889604911208153e-01
-1.149594122543931007e-01
-1.267371913418173790e-01
-1.320463009178638458e-01
-1.308867409825325012e-01
-1.269356003031134605e-01
-1.201928788796067238e-01
-1.168215181678533554e-01
-4.619280342012643814e-02
-4.104015196207910776e-02
-3.073484904598444700e-02
-1.300329179503023624e-02
1.215451979078352451e-02
3.587969776708632708e-02
5.817224213387817144e-02
7.742212247103452682e-02
9.362933877855539322e-02
1.066484139300882816e-01
1.164793479256331921e-01
1.258596512489020824e-01
1.347893238998949528e-01
1.440767925232648849e-01
1.537220571190118790e-01
1.516946600750088692e-01
1.379946013912558556e-01
1.175666095223277807e-01
9.041068446822464466e-02
6.084587762597948313e-02
2.887218899559229612e-02
2.821948146447539330e-04
-2.492410491686314344e-02
-4.308944335207343102e-02
-5.421382049098610878e-02
-6.126244878396391869e-02
-6.423532823100686073e-02
-6.101770896930247545e-02
-5.160959099885076284e-02
-4.371059875120408833e-02
-3.732073222636245191e-02
-2.655994656379334629e-02
-1.142824176349677145e-02
2.526565338484942913e-03
1.530447474215179682e-02
2.489573578350245953e-02
3.130034846253693104e-02
4.022018040996044874e-02
5.165523162577301264e-02
5.859024939127266407e-02
6.102523370645940304e-02
6.241668667644262314e-02
6.276460830122232437e-02
5.748200195375829935e-02
4.656886763405054808e-02
3.506884322996484116e-02
2.298192874150117859e-02
8.032625679334159940e-03
-9.779065956536214799e-03
-2.686927461763843894e-02
-4.323800030397251248e-02
-5.941709131002426147e-02
-7.540654763579368591e-02
-9.208150673657655716e-02
-1.094419686123728752e-01
-1.237016315571963787e-01
-1.348604955710470676e-01
-1.406712671741843224e-01
-1.411339463666081429e-01
-1.374864652752876282e-01
-1.297288239002227783e-01
-1.258500032126903534e-01
-3.644531499594449997e-02
-3.251476015429943800e-02
-2.465365047100931406e-02
-9.215626632794737816e-03
1.379931136034429073e-02
3.611801599618047476e-02
5.774048727471381426e-02
7.650524098426103592e-02
9.241227712482213974e-02
1.058645243756473064e-01
1.168619827367365360e-01
1.272425525821745396e-01
1.370062339119613171e-01
1.457009259611368179e-01
1.533266287297010422e-01
1.495971148833632469e-01
1.345123844221234322e-01
1.115717825014144182e-01
8.077530912123620510e-02
4.836800589691847563e-02
1.434987282846122980e-02
-1.253363571595400572e-02
-3.228251973632723093e-02
-4.398387903347611427e-02
-4.763771360740065575e-02
-4.878357844427227974e-02
-4.742147354409098625e-02
-4.219140706118196249e-02
-3.309337899554520845e-02
-2.505685584037564695e-02
-1.808183759567327797e-02
-6.029947107890620828e-03
1.109881562297232449e-02
2.450208889786154032e-02
3.417987271677702665e-02
4.166127950884401798e-02
4.694630927406251431e-02
5.132174922619014978e-02
5.478759936522692442e-02
5.565034016035497189e-02
5.390997161157429218e-02
5.253461096435785294e-02
5.152425821870565414e-02
4.589140682946890593e-02
3.563605679664760828e-02
2.408906825439771637e-02
1.125044120271923020e-02
-4.147189720242749900e-03
-2.210382451448822394e-02
-3.805426444159820676e-02
-5.199850950157269835e-02
-6.734446436166763306e-02
-8.409212902188301086e-02
-9.989527892321348190e-02
-1.147539140656590462e-01
-1.270716697908937931e-01
-1.368485460989177227e-01
-1.437034653499722481e-01
-1.476364275440573692e-01
-1.453955098986625671e-01
-1.369807124137878418e-01
-1.327733136713504791e-01
-2.983952872455120087e-02
-2.569594641681760550e-02
-1.740878180135041475e-02
-3.201888990588486195e-03
1.692473201546818018e-02
3.638979652896523476e-02
5.519330454990267754e-02
7.227322319522500038e-02
8.762955246493220329e-02
1.017521400935947895e-01
1.146409860812127590e-01
1.255693184211850166e-01
1.345371371135115623e-01
1.416156869381666183e-01
1.468049678951501846e-01
1.420267396606504917e-01
1.272810022346675396e-01
1.044102325104176998e-01
7.341443048790097237e-02
4.162439510400872678e-02
9.040126358740963042e-03
-1.539803574269171804e-02
-3.169009120028931648e-02
-3.845724504208192229e-02
-3.569949726806953549e-02
-3.225679323077201843e-02
-2.812913293018937111e-02
-2.163434849353507161e-02
-1.277243992080911994e-02
-5.151757941348478198e-03
1.227697444846853614e-03
1.235876124701462686e-02
2.824143346515484154e-02
3.967587416991591454e-02
4.666208336129784584e-02
5.177555535919964314e-02
5.501629016362130642e-02
5.478089198004454374e-02
5.106936080846935511e-02
4.725889279507100582e-02
4.334948793984949589e-02
4.045903915539383888e-02
3.858754644170403481e-02
3.323678733431734145e-02
2.440676183323375881e-02
1.431048221274977550e-02
2.947948472865391523e-03
-1.016953292855760083e-02
-2.504196199151920155e-02
-3.959597542416304350e-02
-5.383157322648912668e-02
-6.939968792721629143e-02
-8.630031952634453773e-02
-1.017342940904200077e-01
-1.157016116194427013e-01
-1.273043430410325527e-01
-1.365424883551895618e-01
-1.437946474179625511e-01
-1.490608202293515205e-01
-1.475581247359514236e-01
-1.392865609377622604e-01
-1.351507790386676788e-01
-2.637544460594654083e-02
-2.058371074963361025e-02
-9.000243037007749081e-03
5.037921131588518620e-03
2.153078175615519285e-02
3.669503936544060707e-02
5.053069395944476128e-02
6.472606910392642021e-02
7.928116479888558388e-02
9.431126108393073082e-02
1.098163579590618610e-01
1.208399487659335136e-01
1.273820335045456886e-01
1.318210754543542862e-01
1.341570746153593063e-01
1.289835344068706036e-01
1.163004548288881779e-01
9.608195954933762550e-02
6.832804856821894646e-02
4.061504524725023657e-02
1.294294958643149585e-02
-8.311005265568383038e-03
-2.314681930874940008e-02
-2.650954137789085507e-02
-1.839917147299274802e-02
-1.168209314346313477e-02
-6.358306389302015305e-03
6.534667336381971836e-04
9.353226225357502699e-03
1.600469494587741792e-02
2.060787289519794285e-02
2.860617850092239678e-02
3.999961176305077970e-02
4.804792115464806557e-02
5.275110667571425438e-02
5.523856333456933498e-02
5.551029113121330738e-02
5.059760867152363062e-02
4.050051595550030470e-02
3.341590729542076588e-02
2.934378269128501415e-02
2.618997124955058098e-02
2.395447297021746635e-02
1.951814346830360591e-02
1.288098274380899966e-02
5.733085105021018535e-03
-1.925549448060337454e-03
-1.003440394561039284e-02
-1.859347838762914762e-02
-3.149440756533294916e-02
-4.873719147872179747e-02
-6.558276200667023659e-02
-8.203111914917826653e-02
-9.759855223819613457e-02
-1.122850612737238407e-01
-1.243996513076126575e-01
-1.339423223398625851e-01
-1.409448133781552315e-01
-1.454071244224905968e-01
-1.439743097871541977e-01
-1.366463694721460342e-01
-1.329823993146419525e-01
-2.563351998105645180e-02
-1.823588262777775526e-02
-3.440607921220362186e-03
1.112735935021191835e-02
2.546801918651908636e-02
3.757190227042883635e-02
4.743900860194116831e-02
5.913349986076354980e-02
7.265537604689598083e-02
8.736572414636611938e-02
1.032645441591739655e-01
1.140214651823043823e-01
1.196364872157573700e-01
1.227267673239111900e-01
1.232923055067658424e-01
1.184685770422220230e-01
1.082555819302797318e-01
9.034418663941323757e-02
6.473439116962254047e-02
4.066904682258609682e-02
1.814815359830390662e-02
2.519207351724617183e-03
-6.217791917151771486e-03
-6.257636530790477991e-03
2.399673510808497667e-03
8.783543016761541367e-03
1.289397198706865311e-02
1.840247790096327662e-02
2.530906075844541192e-02
3.104144067037850618e-02
3.559961763676255941e-02
4.241343354806303978e-02
5.148288840427994728e-02
5.516195320524275303e-02
5.345062795095145702e-02
5.112348508555442095e-02
4.818052460905164480e-02
4.041817663528490812e-02
2.783644116425421089e-02
2.051840854983311146e-02
1.846407879202160984e-02
-6.249215293422457762e+02
-1.874799461854563560e+03
-2.499740505883848527e+03
-2.499744661430100678e+03
-2.499748916710086633e+03
-2.499753271723806392e+03
-2.499757475129590603e+03
-2.499761526927439263e+03
-2.499770582717726938e+03
-2.499784642500453629e+03
-2.499797755724284798e+03
-2.499809922389220446e+03
-1.874889560821931809e+03
-6.250366710224188864e+02
-1.158194388262927532e-01
-1.270060711540281773e-01
-1.354330694302916527e-01
-1.411004336550831795e-01
-1.405226299539208412e-01
-1.336996583268046379e-01
-1.302881725132465363e-01
-2.761375484988093376e-02
-1.865246205125004053e-02
-7.298764539882540703e-04
1.506642566528171301e-02
2.873644430655986071e-02
3.902038524392992258e-02
4.591824847739189863e-02
5.549551546573638916e-02
6.775218620896339417e-02
8.091552928090095520e-02
9.498554468154907227e-02
1.051138676702976227e-01
1.113004982471466064e-01
1.143327625468373299e-01
1.142106605693697929e-01
1.104818675667047501e-01
1.031463835388422012e-01
8.719691378064453602e-02
6.263345829211175442e-02
4.178639983001630753e-02
2.465573839435819536e-02
1.709260210918728262e-02
1.909699097450356930e-02
2.229846949921920896e-02
2.669703768333420157e-02
2.914011524990200996e-02
2.962770219892263412e-02
3.161268500844016671e-02
3.509506367845460773e-02
3.995847923215478659e-02
4.620293166954070330e-02
5.378052638843655586e-02
6.269126338884234428e-02
6.101797032169997692e-02
4.876064718700945377e-02
3.943032061215490103e-02
3.302699059713631868e-02
2.424259587132837623e-02
1.307713643473107368e-02
8.566396558308042586e-03
1.071037624205928296e-02
-1.874802698901330587e+03
-5.624431661436159629e+03
-7.499246835294616176e+03
-7.499248220476700226e+03
-7.499249638903362211e+03
-7.499251090574602131e+03
-7.499252491709863534e+03
-7.499253842309146421e+03
-7.499256860905908979e+03
-7.499261547500151210e+03
-7.499265918574761599e+03
-7.499269974129740149e+03
-5.624477621103171259e+03
-1.874888859495054930e+03
-1.015637055970728397e-01
-1.157337347976863384e-01
-1.272594155743718147e-01
-1.361407479271292686e-01
-1.372030852362513542e-01
-1.304464275017380714e-01
-1.270680986344814301e-01
-2.269603591412305832e-02
-1.484314799017738551e-02
8.626278577139601111e-04
1.512514914793428034e-02
2.794441588048357517e-02
3.810867702122777700e-02
4.561793257016688585e-02
5.539803835563361645e-02
6.744899437762796879e-02
7.964343903586268425e-02
9.198137233033776283e-02
1.013758899644017220e-01
1.078269919380545616e-01
1.099151638336479664e-01
1.076404056511819363e-01
1.032308284193277359e-01
9.668643213808536530e-02
8.408963354304432869e-02
6.544043263420462608e-02
5.017730512190610170e-02
3.830025100614875555e-02
3.678270860109478235e-02
4.562467790674418211e-02
4.916916228830814362e-02
4.741616174578666687e-02
4.472467908635735512e-02
4.109471431002020836e-02
4.042122885584831238e-02
4.270422272384166718e-02
4.707218171097338200e-02
5.352510581724345684e-02
6.146616255864500999e-02
7.089535193517804146e-02
-6.248737330720759928e+02
-1.874772419109474868e+03
-2.499724812196218409e+03
-2.499730912332306616e+03
-2.499737883895882987e+03
-2.499745726886947523e+03
-2.499748057207078091e+03
-2.499744874856274691e+03
-4.374557462760654744e+03
-8.124185820920218248e+03
-9.999000000000000000e+03
-9.999000000000000000e+03
-9.999000000000000000e+03
-9.999000000000000000e+03
-9.999000000000000000e+03
-9.999000000000000000e+03
-9.999000000000000000e+03
-9.999000000000000000e+03
-9.999000000000000000e+03
-9.999000000000000000e+03
-7.499270187173970044e+03
-2.499810561521910131e+03
-8.808385813608765602e-02
-1.027541826479136944e-01
-1.151421335525810719e-01
-1.252477108500897884e-01
-1.273425244726240635e-01
-1.214265744201838970e-01
-1.184685993939638138e-01
-1.088036317378282547e-02
-6.807940444559790194e-03
1.336905013886280358e-03
1.130352979816962034e-02
2.309193390829022974e-02
3.483677760232239962e-02
4.653806088026612997e-02
5.884106853045523167e-02
7.174580055288970470e-02
8.354945341125130653e-02
9.425202710554003716e-02
1.028075320646166801e-01
1.092159682884812355e-01
1.094739711843430996e-01
1.035815407522022724e-01
9.671545960009098053e-02
8.887572772800922394e-02
8.102234592661261559e-02
7.315531419590115547e-02
6.584176269825547934e-02
5.908169143367558718e-02
6.158952682744711637e-02
7.336526887957006693e-02
7.435444183647632599e-02
6.455704569816589355e-02
5.553723452612757683e-02
4.729500832036137581e-02
4.482810944318771362e-02
4.813653789460659027e-02
5.238254810683429241e-02
5.756614007987082005e-02
6.547034205868840218e-02
7.609515404328703880e-02
-1.874749091173987836e+03
-5.624410088642034680e+03
-7.499241604065406136e+03
-7.499243637444102205e+03
-7.499245961298627662e+03
-7.499248575628982508e+03
-7.499249352402359364e+03
-7.499248291618758230e+03
-8.124185820920218248e+03
-9.374061940306739416e+03
-9.999000000000000000e+03
-9.999000000000000000e+03
-9.999000000000000000e+03
-9.999000000000000000e+03
-9.999000000000000000e+03
-9.999000000000000000e+03
-9.999000000000000000e+03
-9.999000000000000000e+03
-9.999000000000000000e+03
-9.999000000000000000e+03
-7.499267259034328163e+03
-2.499801777102984488e+03
-7.537989644333720207e-02
-8.806741470471024513e-02
-9.908122336491942406e-02
-1.084213224239647388e-01
-1.109409476630389690e-01
-1.066400990821421146e-01
-1.044896747916936874e-01
-9.092469234019517899e-03
-7.797618527547456324e-03
-5.207917114603333175e-03
2.435645015793852508e-03
1.513306786364410073e-02
2.875425215461291373e-02
4.329919788870029151e-02
5.732279876247048378e-02
7.082505477592349052e-02
8.222224330529570580e-02
9.151436435058712959e-02
9.969884110614657402e-02
1.067756735719740391e-01
1.070077684707939625e-01
1.003951258026063442e-01
9.419069066643714905e-02
8.839446306228637695e-02
8.663442544639110565e-02
8.891057781875133514e-02
8.804462803527712822e-02
8.403657609596848488e-02
8.577352110296487808e-02
9.325546305626630783e-02
9.008557628840208054e-02
7.626386079937219620e-02
6.388089782558381557e-02
5.293668736703693867e-02
4.766555409878492355e-02
4.806749802082777023e-02
5.048758140765130520e-02
5.492580425925552845e-02
-6.248788338694721460e+02
-1.874750791439786553e+03
-4.374515077668707818e+03
-8.124171692556235939e+03
-9.999000000000000000e+03
-9.999000000000000000e+03
-9.999000000000000000e+03
-9.999000000000000000e+03
-9.999000000000000000e+03
-9.999000000000000000e+03
-9.999000000000000000e+03
-9.999000000000000000e+03
-9.999000000000000000e+03
-9.999000000000000000e+03
-9.999000000000000000e+03
-9.999000000000000000e+03
-9.999000000000000000e+03
-9.999000000000000000e+03
-9.999000000000000000e+03
-9.999000000000000000e+03
-9.999000000000000000e+03
-9.999000000000000000e+03
-8.124199346223380417e+03
-4.374598038670141250e+03
-1.874866702279774472e+03
-6.250053370522800833e+02
-7.868294185027480125e-02
-8.673994848504662514e-02
-8.895509084686636925e-02
-8.532836893573403358e-02
-8.351500798016786575e-02
-1.733235409483313560e-02
-1.781218223914038390e-02
-1.877183852775488049e-02
-1.147850519919302315e-02
4.067817746545188129e-03
1.986110067809931934e-02
3.590134359546937048e-02
5.084322905167937279e-02
6.468675704672932625e-02
7.566180871799588203e-02
8.376838406547904015e-02
9.204981708899140358e-02
1.005061077885329723e-01
1.025165556930005550e-01
9.808116080239415169e-02
9.565652161836624146e-02
9.524263814091682434e-02
1.009258721023797989e-01
1.127062235027551651e-01
1.167859011329710484e-01
1.131649049930274487e-01
1.093346914276480675e-01
1.052952604368329048e-01
9.636256564408540726e-02
8.253660704940557480e-02
6.975566898472607136e-02
5.801975145004689693e-02
4.893356282263994217e-02
4.249710310250520706e-02
4.138728161342442036e-02
4.560409835539758205e-02
-1.874771446472033858e+03
-5.624409764429554343e+03
-8.124171692556235939e+03
-9.374057230852078646e+03
-9.999000000000000000e+03
-9.999000000000000000e+03
-9.999000000000000000e+03
-9.999000000000000000e+03
-9.999000000000000000e+03
-9.999000000000000000e+03
-9.999000000000000000e+03
-9.999000000000000000e+03
-9.999000000000000000e+03
-9.999000000000000000e+03
-9.999000000000000000e+03
-9.999000000000000000e+03
-9.999000000000000000e+03
-9.999000000000000000e+03
-9.999000000000000000e+03
-9.999000000000000000e+03
-9.999000000000000000e+03
-9.999000000000000000e+03
-9.374066448741126806e+03
-8.124199346223380417e+03
-5.624462051008129492e+03
-1.874854563095374033e+03
-5.394728900864720345e-02
-6.020358903333544731e-02
-6.138495402410626411e-02
-5.749138398095965385e-02
-5.554459895938634872e-02
-3.003703709691762924e-02
-3.087136428803205490e-02
-3.254001867026090622e-02
-2.519813991966657341e-02
-8.845728036249056458e-03
7.658118527615442872e-03
2.431339977192692459e-02
4.027807497186586261e-02
5.555214412743225694e-02
6.804064102470874786e-02
7.774356566369533539e-02
8.740707440301775932e-02
9.703116724267601967e-02
1.015446339733898640e-01
1.009474745951592922e-01
1.030417187139391899e-01
1.078273663297295570e-01
1.177293937653303146e-01
1.327478010207414627e-01
1.379655376076698303e-01
1.333826035261154175e-01
1.244265269488096237e-01
1.110973078757524490e-01
9.784983517602086067e-02
8.468410884961485863e-02
7.346625789068639278e-02
6.419628229923546314e-02
-6.248863070150837302e+02
-1.874778043634258211e+03
-2.499722372151212767e+03
-2.499719292565947399e+03
-4.374538314579986036e+03
-8.124179438193328679e+03
-9.999000000000000000e+03
-9.999000000000000000e+03
-9.999000000000000000e+03
-9.999000000000000000e+03
-9.999000000000000000e+03
-9.999000000000000000e+03
-9.999000000000000000e+03
-9.999000000000000000e+03
-9.999000000000000000e+03
-9.999000000000000000e+03
-9.999000000000000000e+03
-9.999000000000000000e+03
-9.999000000000000000e+03
-9.999000000000000000e+03
-9.999000000000000000e+03
-9.999000000000000000e+03
-9.999000000000000000e+03
-9.999000000000000000e+03
-9.999000000000000000e+03
-9.999000000000000000e+03
-9.999000000000000000e+03
-9.999000000000000000e+03
-8.124194794029230252e+03
-4.374584382087690756e+03
-1.874843754572975740e+03
-6.249729114850852056e+02
-3.493333534424891695e-02
-2.982012375287013128e-02
-2.726351795718073845e-02
-4.720651824027299881e-02
-4.697516467422246933e-02
-4.651245754212141037e-02
-3.872325914562679827e-02
-2.360756948473863304e-02
-7.854694296838715672e-03
8.535366418072953820e-03
2.562733652302995324e-02
4.342121601803228259e-02
5.935874022543430328e-02
7.343990914523601532e-02
8.577061304822564125e-02
9.635085193440318108e-02
1.040920033119618893e-01
1.089940671809017658e-01
1.163462819531559944e-01
1.261486476287245750e-01
1.370449904352426529e-01
1.490353103727102280e-01
1.515835374593734741e-01
1.446896716952323914e-01
1.310490276664495468e-01
1.106616053730249405e-01
9.454738488420844078e-02
8.270636620000004768e-02
7.501266454346477985e-02
7.146627991460263729e-02
-1.874758056179620326e+03
-5.624413554714061320e+03
-7.499240790717070922e+03
-7.499239764188649133e+03
-8.124179438193328679e+03
-9.374059812731109560e+03
-9.999000000000000000e+03
-9.999000000000000000e+03
-9.999000000000000000e+03
-9.999000000000000000e+03
-9.999000000000000000e+03
-9.999000000000000000e+03
-9.999000000000000000e+03
-9.999000000000000000e+03
-9.999000000000000000e+03
-9.999000000000000000e+03
-9.999000000000000000e+03
-9.999000000000000000e+03
-9.999000000000000000e+03
-9.999000000000000000e+03
-9.999000000000000000e+03
-9.999000000000000000e+03
-9.999000000000000000e+03
-9.999000000000000000e+03
-9.999000000000000000e+03
-9.999000000000000000e+03
-9.999000000000000000e+03
-9.999000000000000000e+03
-9.374064931343076751e+03
-8.124194794029230252e+03
-5.624448104793751554e+03
-1.874824863636640657e+03
-9.600234807294327766e-03
-2.314588251465465873e-03
1.328235026448965073e-03
-2.499791843444108963e+03
-1.874857429265044630e+03
-6.249886009069159627e+02
-4.792657983489334583e-02
-3.540628380142152309e-02
-2.067593182437121868e-02
-3.735523903742432594e-03
1.493910886347293854e-02
3.534796647727489471e-02
5.401708232238888741e-02
7.094645639881491661e-02
8.586954744532704353e-02
9.878635546192526817e-02
1.100760619156062603e-01
1.197386668063700199e-01
1.310039744712412357e-01
1.438719849102199078e-01
1.531676901504397392e-01
1.588910901919007301e-01
1.572091355919837952e-01
1.481218263506889343e-01
1.327030505053699017e-01
1.109528080560266972e-01
9.374190587550401688e-02
8.107034396380186081e-02
-6.248674317682161927e+02
-1.874751764430664480e+03
-4.374520448071416467e+03
-8.124173482690472156e+03
-9.999000000000000000e+03
-9.999000000000000000e+03
-9.999000000000000000e+03
-9.999000000000000000e+03
-9.999000000000000000e+03
-9.999000000000000000e+03
-9.999000000000000000e+03
-9.999000000000000000e+03
-9.999000000000000000e+03
-9.999000000000000000e+03
-9.999000000000000000e+03
-9.999000000000000000e+03
-9.999000000000000000e+03
-9.999000000000000000e+03
-9.999000000000000000e+03
-9.999000000000000000e+03
-9.999000000000000000e+03
-9.999000000000000000e+03
-9.999000000000000000e+03
-9.999000000000000000e+03
-9.999000000000000000e+03
-9.999000000000000000e+03
-9.999000000000000000e+03
-9.999000000000000000e+03
-9.999000000000000000e+03
-9.999000000000000000e+03
-9.999000000000000000e+03
-9.999000000000000000e+03
-7.499247830443629937e+03
-2.499743491330889810e+03
1.283307617268292233e-02
2.114277755754301324e-02
2.529762824997305870e-02
-7.499263947814702988e+03
-5.624462233665399253e+03
-1.874858805366791785e+03
-5.280810198746621609e-02
-4.424187098629772663e-02
-3.080559405498206615e-02
-1.249927119351923466e-02
8.213391993194818497e-03
3.133239550516009331e-02
5.201566731557250023e-02
7.026320742443203926e-02
8.770387759432196617e-02
1.043376778252422810e-01
1.194968097843229771e-01
1.331812734715640545e-01
1.470147962681949139e-01
1.609973781742155552e-01
1.660974929109215736e-01
1.623151404783129692e-01
1.548423320055007935e-01
1.436790674924850464e-01
1.293885954655706882e-01
1.119709159247577190e-01
9.543339814990758896e-02
7.977604214102029800e-02
-1.874753867040388286e+03
-5.624405495849438012e+03
-8.124173482690472156e+03
-9.374057827563490719e+03
-9.999000000000000000e+03
-9.999000000000000000e+03
-9.999000000000000000e+03
-9.999000000000000000e+03
-9.999000000000000000e+03
-9.999000000000000000e+03
-9.999000000000000000e+03
-9.999000000000000000e+03
-9.999000000000000000e+03
-9.999000000000000000e+03
-9.999000000000000000e+03
-9.999000000000000000e+03
-9.999000000000000000e+03
-9.999000000000000000e+03
-9.999000000000000000e+03
-9.999000000000000000e+03
-9.999000000000000000e+03
-9.999000000000000000e+03
-9.999000000000000000e+03
-9.999000000000000000e+03
-9.999000000000000000e+03
-9.999000000000000000e+03
-9.999000000000000000e+03
-9.999000000000000000e+03
-9.999000000000000000e+03
-9.999000000000000000e+03
-9.999000000000000000e+03
-9.999000000000000000e+03
-7.499242931522610888e+03
-2.499728794567832665e+03
3.236659759568283334e-02
4.055197367415530607e-02
4.464466171339154243e-02
-9.999000000000000000e+03
-8.124198476899182424e+03
-4.374595430697547272e+03
-1.874858394173672423e+03
-6.249873673275578767e+02
-4.114372917683795094e-02
-1.972337852930650115e-02
4.242709663230925798e-03
3.075453540077432990e-02
5.482453084550797939e-02
7.645269599743187428e-02
9.675157675519585609e-02
1.157211731187999249e-01
1.314673796296119690e-01
1.439901962876319885e-01
1.557849431410431862e-01
1.668516201898455620e-01
1.676000319421291351e-01
1.580301783978939056e-01
1.479528765194118023e-01
1.373681263066828251e-01
1.238721716217696667e-01
1.074650124646723270e-01
-6.248498250944539905e+02
-1.874747998149134219e+03
-4.374522813507355750e+03
-8.124174271169118583e+03
-9.999000000000000000e+03
-9.999000000000000000e+03
-9.999000000000000000e+03
-9.999000000000000000e+03
-9.999000000000000000e+03
-9.999000000000000000e+03
-9.999000000000000000e+03
-9.999000000000000000e+03
-9.999000000000000000e+03
-9.999000000000000000e+03
-9.999000000000000000e+03
-9.999000000000000000e+03
-9.999000000000000000e+03
-9.999000000000000000e+03
-9.999000000000000000e+03
-9.999000000000000000e+03
-9.999000000000000000e+03
-9.999000000000000000e+03
-9.999000000000000000e+03
-9.999000000000000000e+03
-9.999000000000000000e+03
-9.999000000000000000e+03
-9.999000000000000000e+03
-9.999000000000000000e+03
-9.999000000000000000e+03
-9.999000000000000000e+03
-9.999000000000000000e+03
-9.999000000000000000e+03
-9.999000000000000000e+03
-9.999000000000000000e+03
-7.499240344455698505e+03
-2.499721033367095515e+03
4.378087725490331650e-02
5.409827735275030136e-02
5.925697740167379379e-02
-9.999000000000000000e+03
-9.374066158966394141e+03
-8.124198476899182424e+03
-5.624464684794889763e+03
-1.874864782653516158e+03
-5.169033718993887305e-02
-2.540784591110423207e-02
3.027061873581260443e-03
3.361438616411760449e-02
6.244367291219532490e-02
8.951492211781442165e-02
1.130126449279487133e-01
1.329368413425981998e-01
1.459877714514732361e-01
1.521654352545738220e-01
1.573144150897860527e-01
1.614347109571099281e-01
1.576753072440624237e-01
1.460362039506435394e-01
1.365407691337168217e-01
1.291890027932822704e-01
1.161537789739668369e-01
9.743509767577052116e-02
-1.874742033571936190e+03
-5.624402252229861915e+03
-8.124174271169118583e+03
-9.374058090389706194e+03
-9.999000000000000000e+03
-9.999000000000000000e+03
-9.999000000000000000e+03
-9.999000000000000000e+03
-9.999000000000000000e+03
-9.999000000000000000e+03
-9.999000000000000000e+03
-9.999000000000000000e+03
-9.999000000000000000e+03
-9.999000000000000000e+03
-9.999000000000000000e+03
-9.999000000000000000e+03
-9.999000000000000000e+03
-9.999000000000000000e+03
-9.999000000000000000e+03
-9.999000000000000000e+03
-9.999000000000000000e+03
-9.999000000000000000e+03
-9.999000000000000000e+03
-9.999000000000000000e+03
-9.999000000000000000e+03
-9.999000000000000000e+03
-9.999000000000000000e+03
-9.999000000000000000e+03
-9.999000000000000000e+03
-9.999000000000000000e+03
-9.999000000000000000e+03
-9.999000000000000000e+03
-9.999000000000000000e+03
-9.999000000000000000e+03
-7.499240069242892787e+03
-2.499720207728678361e+03
4.707591515034437180e-02
6.178168859332799911e-02
6.913457531481981277e-02
-9.999000000000000000e+03
-9.999000000000000000e+03
-9.999000000000000000e+03
-7.499266429547686130e+03
-2.499799288643058389e+03
-5.303378181997686625e-02
-2.766496397089213133e-02
1.270841690711677074e-03
3.377363516483455896e-02
6.624898244626820087e-02
9.869688353501260281e-02
1.273005553521215916e-01
1.520599978975951672e-01
1.636914517730474472e-01
1.621949169784784317e-01
1.596127478405833244e-01
1.559449443593621254e-01
1.484525883570313454e-01
1.371356798335909843e-01
1.288196910172700882e-01
1.235046219080686569e-01
1.137887123040854931e-01
9.967196220532059669e-02
-2.499680539809633046e+03
-7.499226846603211015e+03
-9.999000000000000000e+03
-9.999000000000000000e+03
-9.999000000000000000e+03
-9.999000000000000000e+03
-9.999000000000000000e+03
-9.999000000000000000e+03
-9.999000000000000000e+03
-9.999000000000000000e+03
-9.999000000000000000e+03
-9.999000000000000000e+03
-9.999000000000000000e+03
-9.999000000000000000e+03
-9.999000000000000000e+03
-9.999000000000000000e+03
-9.999000000000000000e+03
-9.999000000000000000e+03
-9.999000000000000000e+03
-9.999000000000000000e+03
-9.999000000000000000e+03
-9.999000000000000000e+03
-9.999000000000000000e+03
-9.999000000000000000e+03
-9.999000000000000000e+03
-9.999000000000000000e+03
-9.999000000000000000e+03
-9.999000000000000000e+03
-9.999000000000000000e+03
-9.999000000000000000e+03
-9.999000000000000000e+03
-9.999000000000000000e+03
-9.999000000000000000e+03
-9.999000000000000000e+03
-8.124179948727367446e+03
-4.374539846182102337e+03
-2.499713457424426451e+03
-2.499700782454339787e+03
-2.499694444969296455e+03
-9.999000000000000000e+03
-9.999000000000000000e+03
-9.999000000000000000e+03
-7.499263628432061523e+03
-2.499790885296184570e+03
-4.517406306695193052e-02
-2.649473270867019892e-02
-1.025950885377824306e-03
3.123228240292519331e-02
6.624045944772660732e-02
1.039985802490264177e-01
1.396153080277144909e-01
1.730906427837908268e-01
1.845784205943346024e-01
1.740786414593458176e-01
1.626799413934350014e-01
1.503823203966021538e-01
1.399318752810359001e-01
1.313286060467362404e-01
1.247896421700716019e-01
1.203149836510419846e-01
1.167769716121256351e-01
1.141756060533225536e-01
-2.499665343807544559e+03
-7.499221781269181520e+03
-9.999000000000000000e+03
-9.999000000000000000e+03
-9.999000000000000000e+03
-9.999000000000000000e+03
-9.999000000000000000e+03
-9.999000000000000000e+03
-9.999000000000000000e+03
-9.999000000000000000e+03
-9.999000000000000000e+03
-9.999000000000000000e+03
-9.999000000000000000e+03
-9.999000000000000000e+03
-9.999000000000000000e+03
-9.999000000000000000e+03
-9.999000000000000000e+03
-9.999000000000000000e+03
-9.999000000000000000e+03
-9.999000000000000000e+03
-9.999000000000000000e+03
-9.999000000000000000e+03
-9.999000000000000000e+03
-9.999000000000000000e+03
-9.999000000000000000e+03
-9.999000000000000000e+03
-9.999000000000000000e+03
-9.999000000000000000e+03
-9.999000000000000000e+03
-9.999000000000000000e+03
-9.999000000000000000e+03
-9.999000000000000000e+03
-9.999000000000000000e+03
-9.999000000000000000e+03
-9.374059982909122482e+03
-8.124179948727367446e+03
-7.499237819141475484e+03
-7.499233594151446596e+03
-7.499231481656432152e+03
-9.999000000000000000e+03
-9.999000000000000000e+03
-9.999000000000000000e+03
-7.499261442125309259e+03
-2.499784326375927776e+03
-3.880510351154953241e-02
-2.487830806057900190e-02
-1.138479099608957767e-03
3.241438337136059999e-02
6.923276488669216633e-02
1.093166654463857412e-01
1.472967714071273804e-01
1.831730827689170837e-01
1.959207803010940552e-01
1.855398640036582947e-01
1.726631605997681618e-01
1.572906700894236565e-01
1.437949026003479958e-01
1.321758581325411797e-01
1.222679819911718369e-01
1.140712741762399673e-01
1.103715538047254086e-01
1.111688208766281605e-01
-2.499666324409190565e+03
-7.499222108136396855e+03
-9.999000000000000000e+03
-9.999000000000000000e+03
-9.999000000000000000e+03
-9.999000000000000000e+03
-9.999000000000000000e+03
-9.999000000000000000e+03
-9.999000000000000000e+03
-9.999000000000000000e+03
-9.999000000000000000e+03
-9.999000000000000000e+03
-9.999000000000000000e+03
-9.999000000000000000e+03
-9.999000000000000000e+03
-9.999000000000000000e+03
-9.999000000000000000e+03
-9.999000000000000000e+03
-9.999000000000000000e+03
-9.999000000000000000e+03
-9.999000000000000000e+03
-9.999000000000000000e+03
-9.999000000000000000e+03
-9.999000000000000000e+03
-9.999000000000000000e+03
-9.999000000000000000e+03
-9.999000000000000000e+03
-9.999000000000000000e+03
-9.999000000000000000e+03
-9.999000000000000000e+03
-9.999000000000000000e+03
-9.999000000000000000e+03
-9.999000000000000000e+03
-9.999000000000000000e+03
-9.999000000000000000e+03
-9.999000000000000000e+03
-9.999000000000000000e+03
-9.999000000000000000e+03
-9.999000000000000000e+03
-9.999000000000000000e+03
-9.999000000000000000e+03
-9.999000000000000000e+03
-7.499259870627429336e+03
-2.499779611882288009e+03
-3.392690315376967192e-02
-2.281569002661854029e-02
9.332570480182766914e-04
3.731993807014077902e-02
7.522589876316487789e-02
1.146511391270905733e-01
1.503449454903602600e-01
1.823073178529739380e-01
1.977185308933258057e-01
1.965785846114158630e-01
1.895624054595828056e-01
1.766699934378266335e-01
1.600416703149676323e-01
1.396774360910058022e-01
1.212547104805707932e-01
1.047734934836626053e-01
9.457245888188481331e-02
9.065160667523741722e-02
-2.499683481614571065e+03
-7.499227827204857022e+03
-9.999000000000000000e+03
-9.999000000000000000e+03
-9.999000000000000000e+03
-9.999000000000000000e+03
-9.999000000000000000e+03
-9.999000000000000000e+03
-9.999000000000000000e+03
-9.999000000000000000e+03
-9.999000000000000000e+03
-9.999000000000000000e+03
-9.999000000000000000e+03
-9.999000000000000000e+03
-9.999000000000000000e+03
-9.999000000000000000e+03
-9.999000000000000000e+03
-9.999000000000000000e+03
-9.999000000000000000e+03
-9.999000000000000000e+03
-9.999000000000000000e+03
-9.999000000000000000e+03
-9.999000000000000000e+03
-9.999000000000000000e+03
-9.999000000000000000e+03
-9.999000000000000000e+03
-9.999000000000000000e+03
-9.999000000000000000e+03
-9.999000000000000000e+03
-9.999000000000000000e+03
-9.999000000000000000e+03
-9.999000000000000000e+03
-9.999000000000000000e+03
-9.999000000000000000e+03
-9.999000000000000000e+03
-9.999000000000000000e+03
-9.999000000000000000e+03
-9.999000000000000000e+03
-9.999000000000000000e+03
-9.999000000000000000e+03
-9.999000000000000000e+03
-9.999000000000000000e+03
-8.124194313658867031e+03
-4.374582940976601094e+03
-1.874837170883431099e+03
-6.249570033793570474e+02
7.565679261460900307e-04
3.610895841848105192e-02
7.327233464457094669e-02
1.122466966044157743e-01
1.479604947380721569e-01
1.804137290455400944e-01
1.992154289036989212e-01
2.043655943125486374e-01
2.021331693977117538e-01
1.925181541591882706e-01
1.760707218199968338e-01
1.527908723801374435e-01
1.289982423186302185e-01
1.046928316354751587e-01
-6.248536099595949054e+02
-1.874745910131372511e+03
-4.374519045162945986e+03
-8.124173015054315329e+03
-9.999000000000000000e+03
-9.999000000000000000e+03
-9.999000000000000000e+03
-9.999000000000000000e+03
-9.999000000000000000e+03
-9.999000000000000000e+03
-9.999000000000000000e+03
-9.999000000000000000e+03
-9.999000000000000000e+03
-9.999000000000000000e+03
-9.999000000000000000e+03
-9.999000000000000000e+03
-9.999000000000000000e+03
-9.999000000000000000e+03
-9.999000000000000000e+03
-9.999000000000000000e+03
-9.999000000000000000e+03
-9.999000000000000000e+03
-9.999000000000000000e+03
-9.999000000000000000e+03
-9.999000000000000000e+03
-9.999000000000000000e+03
-9.999000000000000000e+03
-9.999000000000000000e+03
-9.999000000000000000e+03
-9.999000000000000000e+03
-9.999000000000000000e+03
-9.999000000000000000e+03
-9.999000000000000000e+03
-9.999000000000000000e+03
-9.999000000000000000e+03
-9.999000000000000000e+03
-9.999000000000000000e+03
-9.999000000000000000e+03
-9.999000000000000000e+03
-9.999000000000000000e+03
-9.999000000000000000e+03
-9.999000000000000000e+03
-9.999000000000000000e+03
-9.999000000000000000e+03
-9.374064771219622344e+03
-8.124194313658867031e+03
-5.624448537044343539e+03
-1.874827441376051866e+03
-1.668546465225517750e-03
2.878144441638141870e-02
6.337207253091037273e-02
1.021033378783613443e-01
1.401434191502630711e-01
1.774923163466155529e-01
2.004114743322134018e-01
2.089008931070566177e-01
2.103754524141550064e-01
2.048351522535085678e-01
1.918820571154356003e-01
1.715161669999361038e-01
1.454985775053501129e-01
1.138292886316776276e-01
-1.874734175701625645e+03
-5.624398516393266618e+03
-8.124173015054315329e+03
-9.374057671684771776e+03
-9.999000000000000000e+03
-9.999000000000000000e+03
-9.999000000000000000e+03
-9.999000000000000000e+03
-9.999000000000000000e+03
-9.999000000000000000e+03
-9.999000000000000000e+03
-9.999000000000000000e+03
-9.999000000000000000e+03
-9.999000000000000000e+03
-9.999000000000000000e+03
-9.999000000000000000e+03
-9.999000000000000000e+03
-9.999000000000000000e+03
-9.999000000000000000e+03
-9.999000000000000000e+03
-9.999000000000000000e+03
-9.999000000000000000e+03
-9.999000000000000000e+03
-9.999000000000000000e+03
-9.999000000000000000e+03
-9.999000000000000000e+03
-9.999000000000000000e+03
-9.999000000000000000e+03
-9.999000000000000000e+03
-9.999000000000000000e+03
-9.999000000000000000e+03
-9.999000000000000000e+03
-9.999000000000000000e+03
-9.999000000000000000e+03
-9.999000000000000000e+03
-9.999000000000000000e+03
-9.999000000000000000e+03
-9.999000000000000000e+03
-9.999000000000000000e+03
-9.999000000000000000e+03
-9.999000000000000000e+03
-9.999000000000000000e+03
-9.999000000000000000e+03
-9.999000000000000000e+03
-9.999000000000000000e+03
-9.999000000000000000e+03
-7.499252882177243009e+03
-2.499758646531729028e+03
1.033734763041138649e-03
2.615862223319709301e-02
5.631047580391168594e-02
9.148929547518491745e-02
1.267446037381887436e-01
1.620764005929231644e-01
1.860629320144653320e-01
1.987041980028152466e-01
2.061875378713011742e-01
2.085129516199231148e-01
2.001605583354830742e-01
1.811303580179810524e-01
1.554162786342203617e-01
1.230183201842010021e-01
-1.874727251654025167e+03
-5.624395393643993884e+03
-8.124172098479233682e+03
-9.374057366159744561e+03
-9.999000000000000000e+03
-9.999000000000000000e+03
-9.999000000000000000e+03
-9.999000000000000000e+03
-9.999000000000000000e+03
-9.999000000000000000e+03
-9.999000000000000000e+03
-9.999000000000000000e+03
-9.999000000000000000e+03
-9.999000000000000000e+03
-9.999000000000000000e+03
-9.999000000000000000e+03
-9.999000000000000000e+03
-9.999000000000000000e+03
-9.999000000000000000e+03
-9.999000000000000000e+03
-9.999000000000000000e+03
-9.999000000000000000e+03
-9.999000000000000000e+03
-9.999000000000000000e+03
-9.999000000000000000e+03
-9.999000000000000000e+03
-9.999000000000000000e+03
-9.999000000000000000e+03
-9.999000000000000000e+03
-9.999000000000000000e+03
-9.999000000000000000e+03
-9.999000000000000000e+03
-9.999000000000000000e+03
-9.999000000000000000e+03
-9.999000000000000000e+03
-9.999000000000000000e+03
-9.999000000000000000e+03
-9.999000000000000000e+03
-9.999000000000000000e+03
-9.999000000000000000e+03
-9.999000000000000000e+03
-9.999000000000000000e+03
-9.999000000000000000e+03
-9.999000000000000000e+03
-9.999000000000000000e+03
-9.999000000000000000e+03
-7.499250206282129511e+03
-2.499750618846388534e+03
8.863411610946059227e-03
2.824049186892807484e-02
5.208754446357488632e-02
8.040456939488649368e-02
1.077640485018491745e-01
1.341659817844629288e-01
1.561698019504547119e-01
1.737755089998245239e-01
1.895694257691502571e-01
2.035515522584319115e-01
2.009062254801392555e-01
1.816334454342722893e-01
1.587513457052409649e-01
1.322599262930452824e-01
-6.248328378167934716e+02
-1.874736541883554310e+03
-4.374516295437701046e+03
-8.124172098479233682e+03
-9.999000000000000000e+03
-9.999000000000000000e+03
-9.999000000000000000e+03
-9.999000000000000000e+03
-9.999000000000000000e+03
-9.999000000000000000e+03
-9.999000000000000000e+03
-9.999000000000000000e+03
-9.999000000000000000e+03
-9.999000000000000000e+03
-9.999000000000000000e+03
-9.999000000000000000e+03
-9.999000000000000000e+03
-9.999000000000000000e+03
-9.999000000000000000e+03
-9.999000000000000000e+03
-9.999000000000000000e+03
-9.999000000000000000e+03
-9.999000000000000000e+03
-9.999000000000000000e+03
-9.999000000000000000e+03
-9.999000000000000000e+03
-9.999000000000000000e+03
-9.999000000000000000e+03
-9.999000000000000000e+03
-9.999000000000000000e+03
-9.999000000000000000e+03
-9.999000000000000000e+03
-9.999000000000000000e+03
-9.999000000000000000e+03
-9.999000000000000000e+03
-9.999000000000000000e+03
-9.999000000000000000e+03
-9.999000000000000000e+03
-9.999000000000000000e+03
-9.999000000000000000e+03
-9.999000000000000000e+03
-9.999000000000000000e+03
-9.999000000000000000e+03
-9.999000000000000000e+03
-9.999000000000000000e+03
-9.999000000000000000e+03
-8.124186651250929572e+03
-4.374559953752788715e+03
-1.874801142692915164e+03
-6.249102180713089183e+02
4.708765912801027298e-02
7.077449839562177658e-02
9.190643159672617912e-02
1.104834587313234806e-01
1.307346029207110405e-01
1.526598641648888588e-01
1.729731606319546700e-01
1.916744923219084740e-01
1.910086199641227722e-01
1.709755435585975647e-01
1.515179546549916267e-01
1.326358532533049583e-01
1.151751186698675156e-01
9.913575090467929840e-02
-2.499681662949733436e+03
-7.499227220983244479e+03
-9.999000000000000000e+03
-9.999000000000000000e+03
-9.999000000000000000e+03
-9.999000000000000000e+03
-9.999000000000000000e+03
-9.999000000000000000e+03
-9.999000000000000000e+03
-9.999000000000000000e+03
-9.999000000000000000e+03
-9.999000000000000000e+03
-9.999000000000000000e+03
-9.999000000000000000e+03
-9.999000000000000000e+03
-9.999000000000000000e+03
-9.999000000000000000e+03
-9.999000000000000000e+03
-9.999000000000000000e+03
-9.999000000000000000e+03
-9.999000000000000000e+03
-9.999000000000000000e+03
-9.999000000000000000e+03
-9.999000000000000000e+03
-9.999000000000000000e+03
-9.999000000000000000e+03
-9.999000000000000000e+03
-9.999000000000000000e+03
-9.999000000000000000e+03
-9.999000000000000000e+03
-9.999000000000000000e+03
-9.999000000000000000e+03
-9.999000000000000000e+03
-9.999000000000000000e+03
-9.999000000000000000e+03
-9.999000000000000000e+03
-9.999000000000000000e+03
-9.999000000000000000e+03
-9.999000000000000000e+03
-9.999000000000000000e+03
-9.999000000000000000e+03
-9.999000000000000000e+03
-9.999000000000000000e+03
-9.999000000000000000e+03
-9.374062217083643191e+03
-8.124186651250929572e+03
-5.624428984578815289e+03
-1.874789217067300342e+03
4.131081979721784592e-02
6.259908247739076614e-02
7.917175302281975746e-02
9.102883143350481987e-02
1.097573349252343178e-01
1.353572634980082512e-01
1.563987424597144127e-01
1.728817718103528023e-01
1.704677417874336243e-01
1.491566523909568787e-01
1.337161054834723473e-01
1.241461010649800301e-01
1.167871523648500443e-01
1.116392593830823898e-01
-2.499668201015330851e+03
-7.499222733671776950e+03
-9.999000000000000000e+03
-9.999000000000000000e+03
-9.999000000000000000e+03
-9.999000000000000000e+03
-9.999000000000000000e+03
-9.999000000000000000e+03
-9.999000000000000000e+03
-9.999000000000000000e+03
-9.999000000000000000e+03
-9.999000000000000000e+03
-9.999000000000000000e+03
-9.999000000000000000e+03
-9.999000000000000000e+03
-9.999000000000000000e+03
-9.999000000000000000e+03
-9.999000000000000000e+03
-9.999000000000000000e+03
-9.999000000000000000e+03
-9.999000000000000000e+03
-9.999000000000000000e+03
-9.999000000000000000e+03
-9.999000000000000000e+03
-9.999000000000000000e+03
-9.999000000000000000e+03
-9.999000000000000000e+03
-9.999000000000000000e+03
-9.999000000000000000e+03
-9.999000000000000000e+03
-9.999000000000000000e+03
-9.999000000000000000e+03
-9.999000000000000000e+03
-9.999000000000000000e+03
-9.999000000000000000e+03
-9.999000000000000000e+03
-9.999000000000000000e+03
-9.999000000000000000e+03
-9.999000000000000000e+03
-9.999000000000000000e+03
-9.999000000000000000e+03
-9.999000000000000000e+03
-9.999000000000000000e+03
-9.999000000000000000e+03
-9.999000000000000000e+03
-9.999000000000000000e+03
-7.499242809950490482e+03
-2.499728429851471446e+03
3.690358123276382685e-02
5.319034762214869261e-02
6.464132666587829590e-02
7.125651836395263672e-02
8.818608522415161133e-02
1.154300272464752197e-01
1.344283483922481537e-01
1.451810486614704132e-01
1.383006054675206542e-01
1.137870188103988767e-01
1.004796278430148959e-01
9.837843256536871195e-02
1.011882035527378321e-01
1.089089408051222563e-01
-1.874718772347085178e+03
-5.624381855660118163e+03
-8.124160047987475991e+03
-9.374053349329158664e+03
-9.999000000000000000e+03
-9.999000000000000000e+03
-9.999000000000000000e+03
-9.999000000000000000e+03
-9.999000000000000000e+03
-9.999000000000000000e+03
-9.999000000000000000e+03
-9.999000000000000000e+03
-9.999000000000000000e+03
-9.999000000000000000e+03
-9.999000000000000000e+03
-9.999000000000000000e+03
-9.999000000000000000e+03
-9.999000000000000000e+03
-9.999000000000000000e+03
-9.999000000000000000e+03
-9.999000000000000000e+03
-9.999000000000000000e+03
-9.999000000000000000e+03
-9.999000000000000000e+03
-9.999000000000000000e+03
-9.999000000000000000e+03
-9.999000000000000000e+03
-9.999000000000000000e+03
-9.999000000000000000e+03
-9.999000000000000000e+03
-9.999000000000000000e+03
-9.999000000000000000e+03
-9.999000000000000000e+03
-9.999000000000000000e+03
-9.999000000000000000e+03
-9.999000000000000000e+03
-9.999000000000000000e+03
-9.999000000000000000e+03
-9.999000000000000000e+03
-9.999000000000000000e+03
-9.999000000000000000e+03
-9.999000000000000000e+03
-9.999000000000000000e+03
-9.999000000000000000e+03
-9.999000000000000000e+03
-9.999000000000000000e+03
-7.499242618807940744e+03
-2.499727856423822232e+03
3.386594343464821577e-02
4.254829382989555597e-02
4.831515252590179443e-02
5.116651952266693115e-02
6.602085381746292114e-02
9.287815541028976440e-02
1.070619784295558929e-01
1.085723228752613068e-01
9.450721100438386202e-02
6.486664281692355871e-02
5.180852173361927271e-02
5.533284775447100401e-02
6.837827223353087902e-02
9.094479517079889774e-02
-6.248333769449964166e+02
-1.874704586948268116e+03
-4.374480143962427974e+03
-8.124160047987475991e+03
-9.999000000000000000e+03
-9.999000000000000000e+03
-9.999000000000000000e+03
-9.999000000000000000e+03
-9.999000000000000000e+03
-9.999000000000000000e+03
-9.999000000000000000e+03
-9.999000000000000000e+03
-9.999000000000000000e+03
-9.999000000000000000e+03
-9.999000000000000000e+03
-9.999000000000000000e+03
-9.999000000000000000e+03
-9.999000000000000000e+03
-9.999000000000000000e+03
-9.999000000000000000e+03
-9.999000000000000000e+03
-9.999000000000000000e+03
-9.999000000000000000e+03
-9.999000000000000000e+03
-9.999000000000000000e+03
-9.999000000000000000e+03
-9.999000000000000000e+03
-9.999000000000000000e+03
-9.999000000000000000e+03
-9.999000000000000000e+03
-9.999000000000000000e+03
-9.999000000000000000e+03
-9.999000000000000000e+03
-9.999000000000000000e+03
-9.999000000000000000e+03
-9.999000000000000000e+03
-9.999000000000000000e+03
-9.999000000000000000e+03
-9.999000000000000000e+03
-9.999000000000000000e+03
-9.999000000000000000e+03
-9.999000000000000000e+03
-9.999000000000000000e+03
-9.999000000000000000e+03
-9.999000000000000000e+03
-9.999000000000000000e+03
-7.499239733144058846e+03
-2.499719199432176538e+03
4.183560877572745085e-02
4.337197879794985056e-02
4.475472075864672661e-02
4.598383465781807899e-02
5.688821803778409958e-02
7.746787089854478836e-02
8.516255766153335571e-02
7.997227832674980164e-02
6.180339131969958544e-02
3.065589664038270712e-02
1.906391978263854980e-02
2.702746074646711349e-02
4.657297476660460234e-02
7.770046184305101633e-02
1.060187877155840397e-01
1.315279523842036724e-01
-1.874698345617856830e+03
-5.624383601923007518e+03
-7.499229576625162736e+03
-7.499236269724322483e+03
-7.499240923168486916e+03
-7.499243536957656033e+03
-7.499246223548376292e+03
-7.499248982940647693e+03
-8.124187771977587545e+03
-9.374062590659195848e+03
-9.999000000000000000e+03
-9.999000000000000000e+03
-9.999000000000000000e+03
-9.999000000000000000e+03
-9.999000000000000000e+03
-9.999000000000000000e+03
-9.999000000000000000e+03
-9.999000000000000000e+03
-9.999000000000000000e+03
-9.999000000000000000e+03
-9.999000000000000000e+03
-9.999000000000000000e+03
-9.999000000000000000e+03
-9.999000000000000000e+03
-9.999000000000000000e+03
-9.999000000000000000e+03
-9.999000000000000000e+03
-9.999000000000000000e+03
-9.999000000000000000e+03
-9.999000000000000000e+03
-9.999000000000000000e+03
-9.999000000000000000e+03
-9.999000000000000000e+03
-9.999000000000000000e+03
-9.999000000000000000e+03
-9.999000000000000000e+03
-9.999000000000000000e+03
-9.999000000000000000e+03
-9.999000000000000000e+03
-9.999000000000000000e+03
-9.999000000000000000e+03
-9.999000000000000000e+03
-9.999000000000000000e+03
-9.999000000000000000e+03
-7.499234152958844788e+03
-2.499702458876534365e+03
6.081257725600153208e-02
5.566140252631157637e-02
5.396003136411309242e-02
5.570846376940608025e-02
6.078817788511514664e-02
6.919917371124029160e-02
6.873008608818054199e-02
5.938091501593589783e-02
4.018914641346782446e-02
1.115478028077632189e-02
2.245821990072727203e-03
1.346227154135704041e-02
3.577231115195900202e-02
6.917594082187861204e-02
9.941485105082392693e-02
1.264890418387949467e-01
-6.248146529537625611e+02
-1.874724011135753244e+03
-2.499688729875488207e+03
-2.499708809172967449e+03
-2.499722769505460747e+03
-2.499730610872968100e+03
-2.499738670645128877e+03
-2.499746948821943079e+03
-4.374563315932762634e+03
-8.124187771977587545e+03
-9.999000000000000000e+03
-9.999000000000000000e+03
-9.999000000000000000e+03
-9.999000000000000000e+03
-9.999000000000000000e+03
-9.999000000000000000e+03
-9.999000000000000000e+03
-9.999000000000000000e+03
-9.999000000000000000e+03
-9.999000000000000000e+03
-9.999000000000000000e+03
-9.999000000000000000e+03
-9.999000000000000000e+03
-9.999000000000000000e+03
-9.999000000000000000e+03
-9.999000000000000000e+03
-9.999000000000000000e+03
-9.999000000000000000e+03
-9.999000000000000000e+03
-9.999000000000000000e+03
-9.999000000000000000e+03
-9.999000000000000000e+03
-9.999000000000000000e+03
-9.999000000000000000e+03
-9.999000000000000000e+03
-9.999000000000000000e+03
-9.999000000000000000e+03
-9.999000000000000000e+03
-9.999000000000000000e+03
-9.999000000000000000e+03
-9.999000000000000000e+03
-9.999000000000000000e+03
-9.374056907740421593e+03
-8.124170723221264780e+03
-5.624400580374989659e+03
-1.874746479201596230e+03
7.668382115662097931e-02
6.890869326889514923e-02
6.318489136174321175e-02
5.951241543516516685e-02
5.894758505746722221e-02
6.149040022864937782e-02
5.730773974210023880e-02
4.639960359781980515e-02
3.061762358993291855e-02
9.961799718439579010e-03
5.105876945890486240e-03
1.604985527228564024e-02
3.560782119166105986e-02
6.377977470401674509e-02
8.898691320791840553e-02
1.112292367033660412e-01
1.122282629366964102e-01
9.198399190790951252e-02
7.094633579254150391e-02
4.911529459059238434e-02
3.218455138267017901e-02
2.015410616877488792e-02
1.048788576008519158e-02
3.185890156601089984e-03
-2.499750348830733856e+03
-7.499250116276911285e+03
-9.999000000000000000e+03
-9.999000000000000000e+03
-9.999000000000000000e+03
-9.999000000000000000e+03
-9.999000000000000000e+03
-9.999000000000000000e+03
-9.999000000000000000e+03
-9.999000000000000000e+03
-9.999000000000000000e+03
-9.999000000000000000e+03
-9.999000000000000000e+03
-9.999000000000000000e+03
-9.999000000000000000e+03
-9.999000000000000000e+03
-9.999000000000000000e+03
-9.999000000000000000e+03
-9.999000000000000000e+03
-9.999000000000000000e+03
-9.999000000000000000e+03
-9.999000000000000000e+03
-9.999000000000000000e+03
-9.999000000000000000e+03
-9.999000000000000000e+03
-9.999000000000000000e+03
-9.999000000000000000e+03
-9.999000000000000000e+03
-9.999000000000000000e+03
-9.999000000000000000e+03
-9.999000000000000000e+03
-9.999000000000000000e+03
-9.999000000000000000e+03
-9.999000000000000000e+03
-8.124170723221264780e+03
-4.374512169663794339e+03
-1.874739015392493457e+03
-6.248512604073621333e+02
8.944934047758579254e-02
8.311385102570056915e-02
7.242930075153708458e-02
5.739568965509533882e-02
5.136643955484032631e-02
5.434155045077204704e-02
5.089551862329244614e-02
4.102834407240152359e-02
3.308882284909486771e-02
2.707695495337247849e-02
2.764408465009182692e-02
3.479021193925291300e-02
4.607950488571077585e-02
6.151196348946541548e-02
7.473497418686747551e-02
8.574853697791695595e-02
8.229803224094212055e-02
6.438345997594296932e-02
4.945200867950916290e-02
3.750367835164070129e-02
2.393900204333476722e-02
8.757979754591360688e-03
1.252044290595222265e-03
1.421195651346351951e-03
-2.499748870671501209e+03
-7.499249623557167070e+03
-9.999000000000000000e+03
-9.999000000000000000e+03
-9.999000000000000000e+03
-9.999000000000000000e+03
-9.999000000000000000e+03
-9.999000000000000000e+03
-9.999000000000000000e+03
-9.999000000000000000e+03
-9.999000000000000000e+03
-9.999000000000000000e+03
-9.999000000000000000e+03
-9.999000000000000000e+03
-9.999000000000000000e+03
-9.999000000000000000e+03
-9.999000000000000000e+03
-9.999000000000000000e+03
-9.999000000000000000e+03
-9.999000000000000000e+03
-9.999000000000000000e+03
-9.999000000000000000e+03
-9.999000000000000000e+03
-9.999000000000000000e+03
-9.999000000000000000e+03
-9.999000000000000000e+03
-9.999000000000000000e+03
-9.999000000000000000e+03
-9.999000000000000000e+03
-9.999000000000000000e+03
-9.374062778179184534e+03
-8.124188334537553601e+03
-7.499249611419276334e+03
-7.499246608824352734e+03
-5.624412134161451831e+03
-1.874746187430573627e+03
8.794659841805696487e-02
9.026792552322149277e-02
8.938532741740345955e-02
8.529880410060286522e-02
7.438714778982102871e-02
5.665035848505795002e-02
4.888596152886748314e-02
5.109395692124962807e-02
4.929593554697930813e-02
4.349189740605652332e-02
4.185042669996619225e-02
4.437152342870831490e-02
4.649565927684307098e-02
4.822283424437046051e-02
5.070259049534797668e-02
5.393492802977561951e-02
5.723555944859981537e-02
6.060448475182056427e-02
5.760217597708106041e-02
4.822863312438130379e-02
4.120427859015762806e-02
3.652911237441003323e-02
-6.249128535228373948e+02
-1.874806943627045257e+03
-2.499752524407333112e+03
-2.499749595863700961e+03
-4.374561098693913664e+03
-8.124187032897971221e+03
-9.999000000000000000e+03
-9.999000000000000000e+03
-9.999000000000000000e+03
-9.999000000000000000e+03
-9.999000000000000000e+03
-9.999000000000000000e+03
-9.999000000000000000e+03
-9.999000000000000000e+03
-9.999000000000000000e+03
-9.999000000000000000e+03
-9.999000000000000000e+03
-9.999000000000000000e+03
-9.999000000000000000e+03
-9.999000000000000000e+03
-9.999000000000000000e+03
-9.999000000000000000e+03
-9.999000000000000000e+03
-9.999000000000000000e+03
-9.999000000000000000e+03
-9.999000000000000000e+03
-9.999000000000000000e+03
-9.999000000000000000e+03
-9.999000000000000000e+03
-9.999000000000000000e+03
-9.999000000000000000e+03
-9.999000000000000000e+03
-9.999000000000000000e+03
-9.999000000000000000e+03
-8.124188334537553601e+03
-4.374565003612660803e+03
-2.499748834257829003e+03
-2.499739826473058201e+03
-1.874781140560982749e+03
-6.248727765216026455e+02
8.030559774488210678e-02
7.810579705983400345e-02
7.649178197607398033e-02
7.546355249360203743e-02
6.905843247659504414e-02
5.727642192505300045e-02
5.150615097954869270e-02
5.174761964008212090e-02
5.250899051316082478e-02
5.379026359878480434e-02
5.690243514254689217e-02
6.184550514444708824e-02
6.166060082614421844e-02
5.634772218763828278e-02
4.947707802057266235e-02
4.104866832494735718e-02
3.648866899311542511e-02
3.579708002507686615e-02
3.814069414511322975e-02
4.351951135322451591e-02
4.620314552448689938e-02
4.619159665890038013e-02
-1.874778193023259519e+03
-5.624426950714230770e+03
-7.499250841469111037e+03
-7.499249865287900320e+03
-8.124187032897971221e+03
-9.374062344299323740e+03
-9.999000000000000000e+03
-9.999000000000000000e+03
-9.999000000000000000e+03
-9.999000000000000000e+03
-9.999000000000000000e+03
-9.999000000000000000e+03
-9.999000000000000000e+03
-9.999000000000000000e+03
-9.999000000000000000e+03
-9.999000000000000000e+03
-9.999000000000000000e+03
-9.999000000000000000e+03
-9.999000000000000000e+03
-9.999000000000000000e+03
-9.999000000000000000e+03
-9.999000000000000000e+03
-9.999000000000000000e+03
-9.999000000000000000e+03
-9.999000000000000000e+03
-9.999000000000000000e+03
-9.999000000000000000e+03
-9.999000000000000000e+03
-9.999000000000000000e+03
-9.999000000000000000e+03
-9.999000000000000000e+03
-9.999000000000000000e+03
-9.999000000000000000e+03
-7.499253090680344030e+03
-5.624442073819984216e+03
-1.874820040099264588e+03
-1.273263944312930107e-03
1.422668597660958767e-02
3.501345729455351830e-02
6.108705000951886177e-02
7.180295768193900585e-02
6.716118031181395054e-02
6.473084283061325550e-02
6.451194523833692074e-02
6.001095497049391270e-02
5.122787202708423138e-02
4.798295279033482075e-02
5.027619726024568081e-02
5.511737521737813950e-02
6.250648666173219681e-02
6.861050194129347801e-02
7.342942105606198311e-02
7.044018595479428768e-02
5.964279663749039173e-02
4.571996485901763663e-02
2.867169061937602237e-02
1.794571080972673371e-02
1.354202543006977066e-02
2.075454487930983305e-02
3.958326915744692087e-02
-6.248909674698952585e+02
-1.874770897672278807e+03
-4.374533147080102935e+03
-8.124177715693367645e+03
-9.999000000000000000e+03
-9.999000000000000000e+03
-9.999000000000000000e+03
-9.999000000000000000e+03
-9.999000000000000000e+03
-9.999000000000000000e+03
-9.999000000000000000e+03
-9.999000000000000000e+03
-9.999000000000000000e+03
-9.999000000000000000e+03
-9.999000000000000000e+03
-9.999000000000000000e+03
-9.999000000000000000e+03
-9.999000000000000000e+03
-9.999000000000000000e+03
-9.999000000000000000e+03
-9.999000000000000000e+03
-9.999000000000000000e+03
-9.999000000000000000e+03
-9.999000000000000000e+03
-9.999000000000000000e+03
-9.999000000000000000e+03
-9.999000000000000000e+03
-9.999000000000000000e+03
-9.999000000000000000e+03
-9.999000000000000000e+03
-9.999000000000000000e+03
-9.999000000000000000e+03
-9.999000000000000000e+03
-9.999000000000000000e+03
-9.999000000000000000e+03
-2.499759272041032091e+03
-1.874823996026476379e+03
-6.249534439973649569e+02
-6.928437622264027596e-03
1.555065275169909000e-02
3.632789338007569313e-02
5.540328426286578178e-02
6.243867822922766209e-02
5.743407527916133404e-02
5.410250998102128506e-02
5.244398233480751514e-02
4.724471527151763439e-02
3.850470879115164280e-02
3.831636696122586727e-02
4.667968978174030781e-02
5.712108965963125229e-02
6.964056659489870071e-02
7.697462709620594978e-02
7.912327116355299950e-02
7.283441466279327869e-02
5.810805759392678738e-02
3.943125101068289950e-02
1.680399491306161508e-02
1.606684898433741182e-03
-6.160679033200722188e-03
5.443728179670870304e-03
3.641990653704851866e-02
-1.874770307567669079e+03
-5.624414738694438711e+03
-8.124177715693367645e+03
-9.374059238564455882e+03
-9.999000000000000000e+03
-9.999000000000000000e+03
-9.999000000000000000e+03
-9.999000000000000000e+03
-9.999000000000000000e+03
-9.999000000000000000e+03
-9.999000000000000000e+03
-9.999000000000000000e+03
-9.999000000000000000e+03
-9.999000000000000000e+03
-9.999000000000000000e+03
-9.999000000000000000e+03
-9.999000000000000000e+03
-9.999000000000000000e+03
-9.999000000000000000e+03
-9.999000000000000000e+03
-9.999000000000000000e+03
-9.999000000000000000e+03
-9.999000000000000000e+03
-9.999000000000000000e+03
-9.999000000000000000e+03
-9.999000000000000000e+03
-9.999000000000000000e+03
-9.999000000000000000e+03
-9.999000000000000000e+03
-9.999000000000000000e+03
-9.999000000000000000e+03
-9.999000000000000000e+03
-9.999000000000000000e+03
-9.999000000000000000e+03
-9.999000000000000000e+03
-1.432423130609095097e-02
-1.603794511174783111e-02
-1.946537272306159139e-02
-6.525143515318632126e-03
2.278274251148104668e-02
4.296888806857168674e-02
5.403329315595328808e-02
5.554834357462823391e-02
4.751403932459652424e-02
4.233955591917037964e-02
4.002489335834980011e-02
3.558707400225102901e-02
2.902609785087406635e-02
3.087499248795211315e-02
4.113375791348516941e-02
5.442139762453734875e-02
7.073791162110865116e-02
7.919260021299123764e-02
7.978546340018510818e-02
7.286805799230933189e-02
5.844038398936390877e-02
3.911004146357299760e-02
1.487703041493659839e-02
-1.485333756136242300e-03
-9.977051049645524472e-03
1.089504454284906387e-03
3.171433275565505028e-02
-2.499714729939820245e+03
-7.499238243313273415e+03
-9.999000000000000000e+03
-9.999000000000000000e+03
-9.999000000000000000e+03
-9.999000000000000000e+03
-9.999000000000000000e+03
-9.999000000000000000e+03
-9.999000000000000000e+03
-9.999000000000000000e+03
-9.999000000000000000e+03
-9.999000000000000000e+03
-9.999000000000000000e+03
-9.999000000000000000e+03
-9.999000000000000000e+03
-9.999000000000000000e+03
-9.999000000000000000e+03
-9.999000000000000000e+03
-9.999000000000000000e+03
-9.999000000000000000e+03
-9.999000000000000000e+03
-9.999000000000000000e+03
-9.999000000000000000e+03
-9.999000000000000000e+03
-9.999000000000000000e+03
-9.999000000000000000e+03
-9.999000000000000000e+03
-9.999000000000000000e+03
-9.999000000000000000e+03
-9.999000000000000000e+03
-9.999000000000000000e+03
-9.999000000000000000e+03
-9.999000000000000000e+03
-9.999000000000000000e+03
-9.999000000000000000e+03
-1.824725116603076458e-02
-1.819957589032128453e-02
-1.810422533890232444e-02
-6.338162347674369812e-05
3.592295525595545769e-02
5.493644136004149914e-02
5.697707668878138065e-02
5.113195371814072132e-02
3.740107244811952114e-02
2.944198064506053925e-02
2.725467830896377563e-02
2.503803116269409657e-02
2.279203920625150204e-02
2.565882937051355839e-02
3.363840165548026562e-02
4.701829911209642887e-02
6.579852174036204815e-02
7.526442129164934158e-02
7.541599776595830917e-02
7.054111594334244728e-02
6.063977582380175591e-02
4.475633621768793091e-02
2.289079712500097230e-02
8.669654846016783267e-03
2.092909380735363811e-03
7.691873703151941299e-03
2.546654781326651573e-02
-2.499724234586348757e+03
-7.499241411528782919e+03
-9.999000000000000000e+03
-9.999000000000000000e+03
-9.999000000000000000e+03
-9.999000000000000000e+03
-9.999000000000000000e+03
-9.999000000000000000e+03
-9.999000000000000000e+03
-9.999000000000000000e+03
-9.999000000000000000e+03
-9.999000000000000000e+03
-9.999000000000000000e+03
-9.999000000000000000e+03
-9.999000000000000000e+03
-9.999000000000000000e+03
-9.999000000000000000e+03
-9.999000000000000000e+03
-9.999000000000000000e+03
-9.999000000000000000e+03
-9.999000000000000000e+03
-9.999000000000000000e+03
-9.999000000000000000e+03
-9.999000000000000000e+03
-9.999000000000000000e+03
-9.999000000000000000e+03
-9.999000000000000000e+03
-9.999000000000000000e+03
-9.999000000000000000e+03
-9.999000000000000000e+03
-9.999000000000000000e+03
-9.999000000000000000e+03
-9.999000000000000000e+03
-9.999000000000000000e+03
-9.999000000000000000e+03
-1.882847025990486145e-02
-1.485550508368760347e-02
-6.909574731253087521e-03
1.366267271805554628e-02
4.686123726423829794e-02
6.139282998628914356e-02
5.725745088420808315e-02
4.632270088768564165e-02
2.858857999672181904e-02
1.899287218111567199e-02
1.753557744086720049e-02
1.700086449272930622e-02
1.738873333670198917e-02
2.035946265095844865e-02
2.591305243549868464e-02
3.730594785884022713e-02
5.453814892098307610e-02
6.398840202018618584e-02
6.565670715644955635e-02
6.423005182296037674e-02
5.970843601971864700e-02
4.750982369296252728e-02
2.763421484269201756e-02
1.264002826064825058e-02
2.527263946831226349e-03
-6.249341435660608113e+02
-1.874797372461762279e+03
-4.374546740182209760e+03
-8.124182246727403253e+03
-9.999000000000000000e+03
-9.999000000000000000e+03
-9.999000000000000000e+03
-9.999000000000000000e+03
-9.999000000000000000e+03
-9.999000000000000000e+03
-9.999000000000000000e+03
-9.999000000000000000e+03
-9.999000000000000000e+03
-9.999000000000000000e+03
-9.999000000000000000e+03
-9.999000000000000000e+03
-9.999000000000000000e+03
-9.999000000000000000e+03
-9.999000000000000000e+03
-9.999000000000000000e+03
-9.999000000000000000e+03
-9.999000000000000000e+03
-9.999000000000000000e+03
-9.999000000000000000e+03
-9.999000000000000000e+03
-9.999000000000000000e+03
-9.999000000000000000e+03
-9.999000000000000000e+03
-9.999000000000000000e+03
-9.999000000000000000e+03
-9.999000000000000000e+03
-9.999000000000000000e+03
-9.999000000000000000e+03
-9.999000000000000000e+03
-9.999000000000000000e+03
-9.999000000000000000e+03
-9.999000000000000000e+03
-1.606788858771324158e-02
-6.005732691846787930e-03
1.411857909988611937e-02
3.465301950927823782e-02
5.559758853632956743e-02
6.233805394731462002e-02
5.487441574223339558e-02
4.112058508326299489e-02
2.107656197040341794e-02
1.099223052733577788e-02
1.086759075406007469e-02
1.147557399235665798e-02
1.281618024222552776e-02
1.497689232928678393e-02
1.795771025354042649e-02
2.528434386476874352e-02
3.695679316297173500e-02
4.536454239860177040e-02
5.050759157165884972e-02
5.393486563116312027e-02
5.564636457711458206e-02
4.737050388939678669e-02
2.910728356800973415e-02
1.042578648775815964e-02
-8.673987351357936859e-03
-1.874824416814837605e+03
-5.624436802695970982e+03
-8.124182246727403253e+03
-9.374060748909134418e+03
-9.999000000000000000e+03
-9.999000000000000000e+03
-9.999000000000000000e+03
-9.999000000000000000e+03
-9.999000000000000000e+03
-9.999000000000000000e+03
-9.999000000000000000e+03
-9.999000000000000000e+03
-9.999000000000000000e+03
-9.999000000000000000e+03
-9.999000000000000000e+03
-9.999000000000000000e+03
-9.999000000000000000e+03
-9.999000000000000000e+03
-9.999000000000000000e+03
-9.999000000000000000e+03
-9.999000000000000000e+03
-9.999000000000000000e+03
-9.999000000000000000e+03
-9.999000000000000000e+03
-9.999000000000000000e+03
-9.999000000000000000e+03
-9.999000000000000000e+03
-9.999000000000000000e+03
-9.999000000000000000e+03
-9.999000000000000000e+03
-9.999000000000000000e+03
-9.999000000000000000e+03
-9.999000000000000000e+03
-9.999000000000000000e+03
-9.999000000000000000e+03
-9.999000000000000000e+03
-9.999000000000000000e+03
-8.827677927911281586e-03
4.965628497302532196e-03
3.255224134773015976e-02
5.054178298451006413e-02
5.893425340764224529e-02
5.773055448662489653e-02
4.693068622145801783e-02
3.172091630403883755e-02
1.210124473436735570e-02
2.371361508267000318e-03
2.531266625737771392e-03
3.619697818066924810e-03
5.636655085254460573e-03
7.323649275349453092e-03
8.680680388351902366e-03
1.366753739421255887e-02
2.228422029293142259e-02
3.083153470652177930e-02
3.930948063498362899e-02
4.500397131778299809e-02
4.791500675491988659e-02
4.138241618056781590e-02
2.540619959472678602e-02
-6.249293247913301457e+02
-1.874822810556594050e+03
-4.374577165079419501e+03
-8.124192388359806500e+03
-9.999000000000000000e+03
-9.999000000000000000e+03
-9.999000000000000000e+03
-9.999000000000000000e+03
-9.999000000000000000e+03
-9.999000000000000000e+03
-9.999000000000000000e+03
-9.999000000000000000e+03
-9.999000000000000000e+03
-9.999000000000000000e+03
-9.999000000000000000e+03
-9.999000000000000000e+03
-9.999000000000000000e+03
-9.999000000000000000e+03
-9.999000000000000000e+03
-9.999000000000000000e+03
-9.999000000000000000e+03
-9.999000000000000000e+03
-9.999000000000000000e+03
-9.999000000000000000e+03
-9.999000000000000000e+03
-9.999000000000000000e+03
-9.999000000000000000e+03
-9.999000000000000000e+03
-9.999000000000000000e+03
-9.999000000000000000e+03
-9.999000000000000000e+03
-9.999000000000000000e+03
-9.999000000000000000e+03
-9.999000000000000000e+03
-9.999000000000000000e+03
-9.999000000000000000e+03
-9.999000000000000000e+03
-9.999000000000000000e+03
-9.999000000000000000e+03
2.892161719501018524e-03
1.805857848376035690e-02
4.839141201227903366e-02
6.132896314375102520e-02
5.687123187817633152e-02
4.757033160421997309e-02
3.342626232188194990e-02
1.812369455001316965e-02
1.662628288613632321e-03
-6.869734876090660691e-03
-7.473394944099709392e-03
-6.566764030139893293e-03
-4.149842134211212397e-03
-2.600266510853543878e-03
-1.918037160066887736e-03
2.455528447171673179e-03
1.052043031086213887e-02
2.038937894394621253e-02
3.206237434642389417e-02
3.743736888282001019e-02
3.651436255313456059e-02
2.954556056647561491e-02
1.653096292284317315e-02
-1.874806611705193063e+03
-5.624439882443781244e+03
-8.124192388359806500e+03
-9.374064129453268833e+03
-9.999000000000000000e+03
-9.999000000000000000e+03
-9.999000000000000000e+03
-9.999000000000000000e+03
-9.999000000000000000e+03
-9.999000000000000000e+03
-9.999000000000000000e+03
-9.999000000000000000e+03
-9.999000000000000000e+03
-9.999000000000000000e+03
-9.999000000000000000e+03
-9.999000000000000000e+03
-9.999000000000000000e+03
-9.999000000000000000e+03
-9.999000000000000000e+03
-9.999000000000000000e+03
-9.999000000000000000e+03
-9.999000000000000000e+03
-9.999000000000000000e+03
-9.999000000000000000e+03
-9.999000000000000000e+03
-9.999000000000000000e+03
-9.999000000000000000e+03
-9.999000000000000000e+03
-9.999000000000000000e+03
-9.999000000000000000e+03
-9.999000000000000000e+03
-9.999000000000000000e+03
-9.999000000000000000e+03
-9.999000000000000000e+03
-9.999000000000000000e+03
-9.999000000000000000e+03
-9.999000000000000000e+03
-9.999000000000000000e+03
-9.999000000000000000e+03
9.064233629032969475e-03
2.330977754900231957e-02
5.180086538894101977e-02
6.145024974830448627e-02
5.225793062709271908e-02
3.947843902278691530e-02
2.311177493538707495e-02
6.085491040721535683e-03
-1.160041266120970249e-02
-2.044733904767781496e-02
-2.045528811868280172e-02
-1.858990319306030869e-02
-1.485118427081033587e-02
-1.183179262443445623e-02
-9.531728253932669759e-03
-4.605683854606468230e-03
2.946340573544148356e-03
1.249788120185257867e-02
2.404893803031882271e-02
-6.249096202701330185e+02
-1.874788509743288159e+03
-2.499732279650430428e+03
-2.499740929991559824e+03
-4.374558941371593392e+03
-8.124186313790531131e+03
-9.999000000000000000e+03
-9.999000000000000000e+03
-9.999000000000000000e+03
-9.999000000000000000e+03
-9.999000000000000000e+03
-9.999000000000000000e+03
-9.999000000000000000e+03
-9.999000000000000000e+03
-9.999000000000000000e+03
-9.999000000000000000e+03
-9.999000000000000000e+03
-9.999000000000000000e+03
-9.999000000000000000e+03
-9.999000000000000000e+03
-9.999000000000000000e+03
-9.999000000000000000e+03
-9.999000000000000000e+03
-9.999000000000000000e+03
-9.999000000000000000e+03
-9.999000000000000000e+03
-9.999000000000000000e+03
-9.999000000000000000e+03
-9.999000000000000000e+03
-9.999000000000000000e+03
-9.999000000000000000e+03
-9.999000000000000000e+03
-9.999000000000000000e+03
-9.999000000000000000e+03
-9.999000000000000000e+03
-9.999000000000000000e+03
-9.999000000000000000e+03
-9.999000000000000000e+03
-9.999000000000000000e+03
-9.999000000000000000e+03
-9.999000000000000000e+03
-9.999000000000000000e+03
-9.999000000000000000e+03
9.688537800684571266e-03
2.071922569302842021e-02
4.278060147771611810e-02
5.090564279817044735e-02
4.509434965439140797e-02
3.345487674232572317e-02
1.598722406197339296e-02
-4.393694223836064339e-03
-2.768787811510264874e-02
-3.836145100649446249e-02
-3.641441289801150560e-02
-3.244971967069432139e-02
-2.646737132454290986e-02
-2.037092906539328396e-02
-1.416039289324544370e-02
-7.516099511121865362e-03
-4.380489190225489438e-04
7.157041480240877718e-03
1.526917168666841462e-02
-1.874796168945729733e+03
-5.624427157310768962e+03
-7.499244093216810143e+03
-7.499246976663853275e+03
-8.124186313790531131e+03
-9.374062104596843710e+03
-9.999000000000000000e+03
-9.999000000000000000e+03
-9.999000000000000000e+03
-9.999000000000000000e+03
-9.999000000000000000e+03
-9.999000000000000000e+03
-9.999000000000000000e+03
-9.999000000000000000e+03
-9.999000000000000000e+03
-9.999000000000000000e+03
-9.999000000000000000e+03
-9.999000000000000000e+03
-9.999000000000000000e+03
-9.999000000000000000e+03
-9.999000000000000000e+03
-9.999000000000000000e+03
-9.999000000000000000e+03
-9.999000000000000000e+03
-9.999000000000000000e+03
-9.999000000000000000e+03
-9.999000000000000000e+03
-9.999000000000000000e+03
-9.999000000000000000e+03
-9.999000000000000000e+03
-9.999000000000000000e+03
-9.999000000000000000e+03
-9.999000000000000000e+03
-9.999000000000000000e+03
-9.999000000000000000e+03
-9.999000000000000000e+03
-9.999000000000000000e+03
-9.999000000000000000e+03
-9.999000000000000000e+03
-9.999000000000000000e+03
-9.999000000000000000e+03
-9.999000000000000000e+03
-9.999000000000000000e+03
6.062963628210127354e-03
1.592184996115975082e-02
3.563962262705899775e-02
4.303694388363510370e-02
3.811381373088806868e-02
2.627697191201150417e-02
7.526418427005410194e-03
-1.329675607848912477e-02
-3.619255160447210073e-02
-4.655562085099518299e-02
-4.438596381805837154e-02
-6.249753614858491346e+02
-1.874839482186944224e+03
-2.499768480372964405e+03
-2.499762356043909676e+03
-2.499756728480504535e+03
-2.499751597682748979e+03
-2.499746635033785424e+03
-2.499741840533613868e+03
-4.374554582462646067e+03
-8.124184860820882022e+03
-9.999000000000000000e+03
-9.999000000000000000e+03
-9.999000000000000000e+03
-9.999000000000000000e+03
-9.999000000000000000e+03
-9.999000000000000000e+03
-9.999000000000000000e+03
-9.999000000000000000e+03
-9.999000000000000000e+03
-9.999000000000000000e+03
-9.999000000000000000e+03
-9.999000000000000000e+03
-9.999000000000000000e+03
-9.999000000000000000e+03
-9.999000000000000000e+03
-9.999000000000000000e+03
-9.999000000000000000e+03
-9.999000000000000000e+03
-9.999000000000000000e+03
-9.999000000000000000e+03
-9.999000000000000000e+03
-9.999000000000000000e+03
-9.999000000000000000e+03
-9.999000000000000000e+03
-9.999000000000000000e+03
-9.999000000000000000e+03
-9.999000000000000000e+03
-9.999000000000000000e+03
-9.999000000000000000e+03
-9.999000000000000000e+03
-9.999000000000000000e+03
-9.999000000000000000e+03
-9.999000000000000000e+03
-9.999000000000000000e+03
-9.999000000000000000e+03
-9.999000000000000000e+03
-9.999000000000000000e+03
-9.999000000000000000e+03
-9.999000000000000000e+03
-9.999000000000000000e+03
-9.999000000000000000e+03
-1.812488888390362263e-03
8.917650353396311402e-03
3.037792883696965873e-02
3.784415300469845533e-02
3.131632285658270121e-02
1.794472453184425831e-02
-2.270641969516873360e-03
-2.062369452323764563e-02
-3.711443312931805849e-02
-4.502984858117997646e-02
-4.436994087882339954e-02
-1.874847325201728381e+03
-5.624453895631129853e+03
-7.499256160124321468e+03
-7.499254118681303225e+03
-7.499252242826834845e+03
-7.499250532560916326e+03
-7.499248878344595141e+03
-7.499247280177871289e+03
-8.124184860820882022e+03
-9.374061620273627341e+03
-9.999000000000000000e+03
-9.999000000000000000e+03
-9.999000000000000000e+03
-9.999000000000000000e+03
-9.999000000000000000e+03
-9.999000000000000000e+03
-9.999000000000000000e+03
-9.999000000000000000e+03
-9.999000000000000000e+03
-9.999000000000000000e+03
-9.999000000000000000e+03
-9.999000000000000000e+03
-9.999000000000000000e+03
-9.999000000000000000e+03
-9.999000000000000000e+03
-9.999000000000000000e+03
-9.999000000000000000e+03
-9.999000000000000000e+03
-9.999000000000000000e+03
-9.999000000000000000e+03
-9.999000000000000000e+03
-9.999000000000000000e+03
-9.999000000000000000e+03
-9.999000000000000000e+03
-9.999000000000000000e+03
-9.999000000000000000e+03
-9.999000000000000000e+03
-9.999000000000000000e+03
-9.999000000000000000e+03
-9.999000000000000000e+03
-9.999000000000000000e+03
-9.999000000000000000e+03
-9.999000000000000000e+03
-9.999000000000000000e+03
-9.999000000000000000e+03
-9.999000000000000000e+03
-9.999000000000000000e+03
-9.999000000000000000e+03
-9.999000000000000000e+03
-9.999000000000000000e+03
-9.999000000000000000e+03
-9.178501437418162823e-03
1.094711391488090158e-03
2.164113704930059612e-02
2.959777769865468144e-02
2.496463333955034614e-02
-6.249238220276311040e+02
-1.874816762205213308e+03
-2.499768215372809209e+03
-2.499778181530418806e+03
-2.499783200221834704e+03
-2.499783271447056904e+03
-4.374587480294751003e+03
-8.124195826764917001e+03
-9.999000000000000000e+03
-9.999000000000000000e+03
-9.999000000000000000e+03
-9.999000000000000000e+03
-9.999000000000000000e+03
-9.999000000000000000e+03
-9.999000000000000000e+03
-9.999000000000000000e+03
-9.999000000000000000e+03
-9.999000000000000000e+03
-9.999000000000000000e+03
-9.999000000000000000e+03
-9.999000000000000000e+03
-9.999000000000000000e+03
-9.999000000000000000e+03
-9.999000000000000000e+03
-9.999000000000000000e+03
-9.999000000000000000e+03
-9.999000000000000000e+03
-9.999000000000000000e+03
-9.999000000000000000e+03
-9.999000000000000000e+03
-9.999000000000000000e+03
-9.999000000000000000e+03
-9.999000000000000000e+03
-9.999000000000000000e+03
-9.999000000000000000e+03
-9.999000000000000000e+03
-9.999000000000000000e+03
-9.999000000000000000e+03
-9.999000000000000000e+03
-9.999000000000000000e+03
-9.999000000000000000e+03
-9.999000000000000000e+03
-9.999000000000000000e+03
-9.999000000000000000e+03
-9.999000000000000000e+03
-9.999000000000000000e+03
-9.999000000000000000e+03
-9.999000000000000000e+03
-9.999000000000000000e+03
-9.999000000000000000e+03
-9.999000000000000000e+03
-9.999000000000000000e+03
-9.999000000000000000e+03
-9.999000000000000000e+03
-9.999000000000000000e+03
-9.999000000000000000e+03
-9.999000000000000000e+03
-1.603507401887327433e-02
-7.546966924564912915e-03
9.429247264051809907e-03
1.829781796550378203e-02
1.905874517979100347e-02
-1.874799023284576833e+03
-5.624435948271304369e+03
-7.499256071790936403e+03
-7.499259393843472935e+03
-7.499261066740611568e+03
-7.499261090482352301e+03
-8.124195826764917001e+03
-9.374065275588305667e+03
-9.999000000000000000e+03
-9.999000000000000000e+03
-9.999000000000000000e+03
-9.999000000000000000e+03
-9.999000000000000000e+03
-9.999000000000000000e+03
-9.999000000000000000e+03
-9.999000000000000000e+03
-9.999000000000000000e+03
-9.999000000000000000e+03
-9.999000000000000000e+03
-9.999000000000000000e+03
-9.999000000000000000e+03
-9.999000000000000000e+03
-9.999000000000000000e+03
-9.999000000000000000e+03
-9.999000000000000000e+03
-9.999000000000000000e+03
-9.999000000000000000e+03
-9.999000000000000000e+03
-9.999000000000000000e+03
-9.999000000000000000e+03
-9.999000000000000000e+03
-9.999000000000000000e+03
-9.999000000000000000e+03
-9.999000000000000000e+03
-9.999000000000000000e+03
-9.999000000000000000e+03
-9.999000000000000000e+03
-9.999000000000000000e+03
-9.999000000000000000e+03
-9.999000000000000000e+03
-9.999000000000000000e+03
-9.999000000000000000e+03
-9.999000000000000000e+03
-9.999000000000000000e+03
-9.999000000000000000e+03
-9.999000000000000000e+03
-9.999000000000000000e+03
-9.999000000000000000e+03
-9.999000000000000000e+03
-9.999000000000000000e+03
-9.999000000000000000e+03
-9.999000000000000000e+03
-9.999000000000000000e+03
-9.999000000000000000e+03
-9.999000000000000000e+03
-9.999000000000000000e+03
-9.999000000000000000e+03
-1.946336030960083008e-02
-1.186780608259141445e-02
3.323302371427416801e-03
1.264783809892833233e-02
1.610580109991133213e-02
-2.499736623913049698e+03
-7.499245541304349899e+03
-9.999000000000000000e+03
-9.999000000000000000e+03
-9.999000000000000000e+03
-9.999000000000000000e+03
-9.999000000000000000e+03
-9.999000000000000000e+03
-9.999000000000000000e+03
-9.999000000000000000e+03
-9.999000000000000000e+03
-9.999000000000000000e+03
-9.999000000000000000e+03
-9.999000000000000000e+03
-9.999000000000000000e+03
-9.999000000000000000e+03
-9.999000000000000000e+03
-9.999000000000000000e+03
-9.999000000000000000e+03
-9.999000000000000000e+03
-9.999000000000000000e+03
-9.999000000000000000e+03
-9.999000000000000000e+03
-9.999000000000000000e+03
-9.999000000000000000e+03
-9.999000000000000000e+03
-9.999000000000000000e+03
-9.999000000000000000e+03
-9.999000000000000000e+03
-9.999000000000000000e+03
-9.999000000000000000e+03
-9.999000000000000000e+03
-9.999000000000000000e+03
-9.999000000000000000e+03
-9.999000000000000000e+03
-9.999000000000000000e+03
-9.999000000000000000e+03
-9.999000000000000000e+03
-9.999000000000000000e+03
-9.999000000000000000e+03
-9.999000000000000000e+03
-9.999000000000000000e+03
-9.999000000000000000e+03
-9.999000000000000000e+03
-9.999000000000000000e+03
-9.999000000000000000e+03
-9.999000000000000000e+03
-9.999000000000000000e+03
-9.999000000000000000e+03
-9.999000000000000000e+03
-9.999000000000000000e+03
-9.999000000000000000e+03
-9.999000000000000000e+03
-9.999000000000000000e+03
-9.999000000000000000e+03
-9.999000000000000000e+03
-9.999000000000000000e+03
