1.012876555323600769e-01
1.029103118926286697e-01
1.061556246131658554e-01
1.032398976385593414e-01
9.416313096880912781e-02
8.445318788290023804e-02
7.411006838083267212e-02
7.291760109364986420e-02
8.087578602135181427e-02
8.154918439686298370e-02
7.493779622018337250e-02
6.985805928707122803e-02
6.630997359752655029e-02
6.135310325771570206e-02
5.498744826763868332e-02
4.306474048644304276e-02
2.558497991412878036e-02
1.546254218555986881e-02
1.269742730073630810e-02
5.681310314685106277e-03
-5.585808772593736649e-03
-2.499758414526237175e+03
-7.499252804842079058e+03
-9.999000000000000000e+03
-9.999000000000000000e+03
-9.999000000000000000e+03
-9.999000000000000000e+03
-9.999000000000000000e+03
-9.999000000000000000e+03
-9.999000000000000000e+03
-9.999000000000000000e+03
-9.999000000000000000e+03
-9.999000000000000000e+03
-9.999000000000000000e+03
-9.999000000000000000e+03
-9.999000000000000000e+03
-9.999000000000000000e+03
-9.999000000000000000e+03
-9.999000000000000000e+03
-9.999000000000000000e+03
-9.999000000000000000e+03
-9.999000000000000000e+03
-9.999000000000000000e+03
-9.999000000000000000e+03
-9.999000000000000000e+03
-7.499241627474315464e+03
-2.499724882422946393e+03
4.535461310297250748e-02
6.908363383263349533e-02
8.450809679925441742e-02
9.162800200283527374e-02
1.021930221468210220e-01
1.162031572312116623e-01
1.301295347511768341e-01
1.439721547067165375e-01
1.552995815873146057e-01
1.641118153929710388e-01
1.685751751065254211e-01
1.686896607279777527e-01
1.721320748329162598e-01
1.789024174213409424e-01
1.822875887155532837e-01
8.749670814722776413e-02
8.893270185217261314e-02
9.180468926206231117e-02
8.868005138356238604e-02
7.955878821667283773e-02
6.980177504010498524e-02
5.940901185385882854e-02
5.744733859319239855e-02
6.391675525810569525e-02
6.392773227707948536e-02
5.748026965011376888e-02
5.270797364210011438e-02
4.961084425303852186e-02
4.535683411086210981e-02
3.994594321557087824e-02
2.995235007256269455e-02
1.537605468183755875e-02
7.691955368500202894e-03
6.900052132550626993e-03
3.316495975013822317e-03
-3.058713104110211134e-03
-1.874816053446964361e+03
-5.624435667705605738e+03
-8.124184106126194820e+03
-9.374061368708731607e+03
-9.999000000000000000e+03
-9.999000000000000000e+03
-9.999000000000000000e+03
-9.999000000000000000e+03
-9.999000000000000000e+03
-9.999000000000000000e+03
-9.999000000000000000e+03
-9.999000000000000000e+03
-9.999000000000000000e+03
-9.999000000000000000e+03
-9.999000000000000000e+03
-9.999000000000000000e+03
-9.999000000000000000e+03
-9.999000000000000000e+03
-9.999000000000000000e+03
-9.999000000000000000e+03
-9.374057766498532146e+03
-8.124173299495596439e+03
-7.499229325231630355e+03
-7.499225843706633896e+03
-5.624406265087192878e+03
-1.874770589373307303e+03
5.764506873674690723e-02
7.843823893927037716e-02
9.163791732862591743e-02
9.724410390481352806e-02
1.060984078794717789e-01
1.182008292526006699e-01
1.313135968521237373e-01
1.454367106780409813e-01
1.561815971508622169e-01
1.635482562705874443e-01
1.684389151632785797e-01
1.708535738289356232e-01
1.753144897520542145e-01
1.818216629326343536e-01
1.850752495229244232e-01
5.991481337696313858e-02
6.097748177126049995e-02
6.310281855985522270e-02
5.956035887356847525e-02
5.035010271240025759e-02
4.049894935451447964e-02
3.000689879991114140e-02
2.650681359227746725e-02
2.999869373161345720e-02
2.868482803751248866e-02
2.256521650997456163e-02
1.840780235215788707e-02
1.621258556406246498e-02
1.336429581715492532e-02
9.862933111435268074e-03
3.727569244801998138e-03
-5.041795782744884491e-03
-7.849218265619128942e-03
-4.694698203820735216e-03
-1.413132704328745604e-03
1.995478232856839895e-03
-6.249313312884187326e+02
-1.874801393432659097e+03
-4.374552318378584459e+03
-8.124184106126194820e+03
-9.999000000000000000e+03
-9.999000000000000000e+03
-9.999000000000000000e+03
-9.999000000000000000e+03
-9.999000000000000000e+03
-9.999000000000000000e+03
-9.999000000000000000e+03
-9.999000000000000000e+03
-9.999000000000000000e+03
-9.999000000000000000e+03
-9.999000000000000000e+03
-9.999000000000000000e+03
-9.999000000000000000e+03
-9.999000000000000000e+03
-9.999000000000000000e+03
-9.999000000000000000e+03
-8.124173299495596439e+03
-4.374519898486789316e+03
-2.499687975694891065e+03
-2.499677531119901687e+03
-1.874735540312947705e+03
-6.248620032740291208e+02
8.222598000429570675e-02
9.714744915254414082e-02
1.058975583873689175e-01
1.084763077087700367e-01
1.139091793447732925e-01
1.221961732953786850e-01
1.336817210540175438e-01
1.483658226206898689e-01
1.579456282779574394e-01
1.624211380258202553e-01
1.681663952767848969e-01
1.751814000308513641e-01
1.816793195903301239e-01
1.876601539552211761e-01
1.906505711376667023e-01
3.369779250351712108e-02
3.440821733966004103e-02
3.582906701194588095e-02
3.158361717942170799e-02
2.167186784208752215e-02
1.166550128255039454e-02
1.564517500810325146e-03
-2.294808975420892239e-03
8.752185385674238205e-05
-9.990394319174811244e-04
-5.554492832743562758e-03
-8.186097467842046171e-03
-8.893853337212931365e-03
-1.009560377133311704e-02
-1.179134877020260319e-02
-1.492104621138423681e-02
-1.948469609487801790e-02
-1.878762303385883570e-02
-1.282982702832669020e-02
-5.426629795692861080e-03
3.421968664042651653e-03
1.014478603610768914e-02
1.474182232050225139e-02
-2.499737219744652975e+03
-7.499245739914884325e+03
-9.999000000000000000e+03
-9.999000000000000000e+03
-9.999000000000000000e+03
-9.999000000000000000e+03
-9.999000000000000000e+03
-9.999000000000000000e+03
-9.999000000000000000e+03
-9.999000000000000000e+03
-9.999000000000000000e+03
-9.999000000000000000e+03
-9.999000000000000000e+03
-9.999000000000000000e+03
-9.374055025832727551e+03
-8.124165077498182654e+03
-7.499219843263272196e+03
-7.499219323127996176e+03
-5.624390694272704422e+03
-1.874733956697396934e+03
9.955524420365691185e-02
1.098415520973503590e-01
1.104673235677182674e-01
1.014325586147606373e-01
1.001745238900184631e-01
1.066932193934917450e-01
1.095318766310811043e-01
1.086904956027865410e-01
1.115145799703896046e-01
1.180041297338902950e-01
1.267194803804159164e-01
1.376606319099664688e-01
1.452811001800000668e-01
1.495808851905167103e-01
1.573293362744152546e-01
1.685264534316956997e-01
1.768153663724660873e-01
1.821960750967264175e-01
1.848864294588565826e-01
8.845645526889711618e-03
9.224908557371236384e-03
9.983434618334285915e-03
4.749826301122084260e-03
-6.475916394265368581e-03
-1.669856917578727007e-02
-2.591813204344362020e-02
-2.895752910990267992e-02
-2.581676037516444921e-02
-2.512387013121042401e-02
-2.687885837804060429e-02
-2.707372581789968535e-02
-2.570847245078766719e-02
-2.502286465460201725e-02
-2.501690242934273556e-02
-2.599349629599601030e-02
-2.795264625456184149e-02
-2.512325893621891737e-02
-1.750533434096723795e-02
-8.723995299078524113e-03
1.220758189447224140e-03
8.374776400160044432e-03
1.273805933305993676e-02
-2.499738810224400368e+03
-7.499246270074800123e+03
-9.999000000000000000e+03
-9.999000000000000000e+03
-9.999000000000000000e+03
-9.999000000000000000e+03
-9.999000000000000000e+03
-9.999000000000000000e+03
-9.999000000000000000e+03
-9.999000000000000000e+03
-9.999000000000000000e+03
-9.999000000000000000e+03
-9.999000000000000000e+03
-9.999000000000000000e+03
-8.124165077498182654e+03
-4.374495232494547963e+03
-2.499659529789816588e+03
-2.499657969383988529e+03
-1.874709950829856098e+03
-6.248154741274192929e+02
1.332675856538116932e-01
1.362743093632161617e-01
1.317578223533928394e-01
1.197181246243417263e-01
1.114907003939151764e-01
1.070755496621131897e-01
1.025408720597624779e-01
9.788666758686304092e-02
9.891460975632071495e-02
1.056246985681355000e-01
1.104268748313188553e-01
1.133211385458707809e-01
1.181880128569900990e-01
1.250274977646768093e-01
1.359277381561696529e-01
1.508887340314686298e-01
1.607226300984621048e-01
1.654294263571500778e-01
1.677828244864940643e-01
-1.392442680662497878e-02
-1.354003754386212677e-02
-1.277125901833642274e-02
-1.741241870331577957e-02
-2.746351659880019724e-02
-3.682718228083103895e-02
-4.550341574940830469e-02
-4.871966294012963772e-02
-4.647592385299503803e-02
-4.513008845970034599e-02
-4.468215676024556160e-02
-4.301354847848415375e-02
-4.012426361441612244e-02
-3.785572096239775419e-02
-3.620792052242904902e-02
-3.551725565921515226e-02
-3.578372637275606394e-02
-3.172188857570290565e-02
-2.333174226805567741e-02
-1.410044962540268898e-02
-4.028010647743940353e-03
3.472041891654953361e-03
8.399707992793992162e-03
-1.874803317419340601e+03
-5.624431679340108531e+03
-8.124184395225369371e+03
-9.374061465075123124e+03
-9.999000000000000000e+03
-9.999000000000000000e+03
-9.999000000000000000e+03
-9.999000000000000000e+03
-9.374057885916903615e+03
-8.124173657750710845e+03
-7.499229167357087135e+03
-7.499224414736032486e+03
-7.499219125188887119e+03
-7.499213298715651035e+03
-5.624374980965629220e+03
-1.874704171938821673e+03
1.314301895909011364e-01
1.318254196085035801e-01
1.361394128762185574e-01
1.443721693940460682e-01
1.459074835292994976e-01
1.407453552819788456e-01
1.321237687952816486e-01
1.200427240692079067e-01
1.073149144649505615e-01
9.394033998250961304e-02
8.205855083360802382e-02
7.166954701824579388e-02
7.018960618006531149e-02
7.761872831906657666e-02
8.064622100209817290e-02
7.927208422916010022e-02
8.311537274857982993e-02
9.217608656035736203e-02
1.057308127637952566e-01
1.237795513588935137e-01
1.363219465129077435e-01
1.433579982258379459e-01
1.468760240823030472e-01
-3.461242449702695012e-02
-3.388662096404004842e-02
-3.243501389806624502e-02
-3.490311783389188349e-02
-4.129093277151696384e-02
-4.872033803258091211e-02
-5.719133361708372831e-02
-6.158121046610176563e-02
-6.188996857963502407e-02
-6.101769441738724709e-02
-5.896438797935843468e-02
-5.600556544959545135e-02
-5.214122682809829712e-02
-4.859417269472032785e-02
-4.536440304946154356e-02
-4.349232430104166269e-02
-4.297793644946068525e-02
-3.858351195231080055e-02
-3.030905080959200859e-02
-2.155599277466535568e-02
-1.232433784753084183e-02
-4.563417489407584071e-03
1.726768299704417586e-03
-6.249307413294736762e+02
-1.874801967710809549e+03
-4.374553185676108114e+03
-8.124184395225369371e+03
-9.999000000000000000e+03
-9.999000000000000000e+03
-9.999000000000000000e+03
-9.999000000000000000e+03
-8.124173657750710845e+03
-4.374520973252132535e+03
-2.499687502071261406e+03
-2.499673244208097458e+03
-2.499657375566661358e+03
-2.499639896146953106e+03
-1.874684736235067248e+03
-6.247918958310037851e+02
1.530366749502718449e-01
1.500612827949225903e-01
1.475764554925262928e-01
1.455821930430829525e-01
1.374749378301203251e-01
1.232546898536384106e-01
1.115651628933846951e-01
1.024063569493591785e-01
8.764716610312461853e-02
6.728759035468101501e-02
4.808491295261774212e-02
3.003913389693479985e-02
2.533956924162339419e-02
3.398621898668352515e-02
3.737751889275386930e-02
3.551346895983442664e-02
4.006317985476925969e-02
5.102665157755836844e-02
6.673856009729206562e-02
8.719890541397035122e-02
1.036133156158030033e-01
1.159817907027900219e-01
1.221660282462835312e-01
-5.288470163941383362e-02
-5.204765242524445057e-02
-5.037355399690568447e-02
-5.128253926523029804e-02
-5.477460823021829128e-02
-6.036431621760129929e-02
-6.805166322737932205e-02
-7.260753167793154716e-02
-7.403192156925797462e-02
-7.328977528959512711e-02
-7.038109283894300461e-02
-6.645554397255182266e-02
-6.151312869042158127e-02
-5.711662443354725838e-02
-5.326603120192885399e-02
-5.146703030914068222e-02
-5.171962175518274307e-02
-4.769347782712429762e-02
-3.938859852496534586e-02
-3.017287416150793433e-02
-2.004630473675206304e-02
-1.071226088970433921e-02
-2.170742620364762843e-03
6.228792524780146778e-03
1.448634454573038965e-02
-1.874796012363280170e+03
-5.624425267330952920e+03
-7.499236655722837895e+03
-7.499230177538935095e+03
-7.499226556013803929e+03
-7.499225791147444397e+03
-5.624399057177361101e+03
-1.874746354103554040e+03
8.685105293989181519e-02
1.005582921206951141e-01
1.169880707748234272e-01
1.361403889022767544e-01
1.454713065177202225e-01
1.449808236211538315e-01
1.426978851668536663e-01
1.386224911548197269e-01
1.319510806351900101e-01
1.226836536079645157e-01
1.068597065750509501e-01
8.447923953644931316e-02
7.037524960469454527e-02
6.454773677978664637e-02
5.047062144149094820e-02
2.814390358980745077e-02
8.164489539922215044e-03
-9.467620708164758980e-03
-1.369955223344732076e-02
-4.531305035925470293e-03
-8.367671398445963860e-05
-3.566672676242887974e-04
6.091115385061129928e-03
1.925967124407179654e-02
3.706172513193450868e-02
5.949727704864926636e-02
7.874921243637800217e-02
9.481753129512071609e-02
1.028516907244920731e-01
-6.874125823378562927e-02
-6.802313192747533321e-02
-6.658687931485474110e-02
-6.655068299733102322e-02
-6.791454297490417957e-02
-7.175911683589220047e-02
-7.808440458029508591e-02
-8.179862657561898232e-02
-8.290178282186388969e-02
-8.194633107632398605e-02
-7.893227133899927139e-02
-7.436348404735326767e-02
-6.823996920138597488e-02
-6.342307617887854576e-02
-5.991280497983098030e-02
-5.944137368351221085e-02
-6.200878228992223740e-02
-5.905178620014339685e-02
-5.057038541417568922e-02
-3.995109378593042493e-02
-2.719391131540760398e-02
-1.497448830923531204e-02
-3.292824767413549125e-03
7.592946654767729342e-03
1.768282595730852336e-02
-6.249128752868855372e+02
-1.874784081391873769e+03
-2.499709967168513685e+03
-2.499690532616805285e+03
-2.499679668041411787e+03
-2.499677373442333192e+03
-1.874734084196854383e+03
-6.248498003049753606e+02
9.389201551675796509e-02
9.699276462197303772e-02
1.039657234214246273e-01
1.148108919151127338e-01
1.156416591256856918e-01
1.064580250531435013e-01
1.004138202406466007e-01
9.750904468819499016e-02
8.926328830420970917e-02
7.567655108869075775e-02
5.406178976409137249e-02
2.441900433041155338e-02
8.554028929211199284e-03
6.466863560490310192e-03
-4.214719519950449467e-03
-2.349072031211107969e-02
-3.770271940447855741e-02
-4.685071679705288261e-02
-4.692775824514683336e-02
-3.793384374876040965e-02
-3.173736581811681390e-02
-2.833832445321604609e-02
-1.880082066054455936e-02
-3.124854440102353692e-03
1.670030786772258580e-02
4.067466626293025911e-02
6.172963697463274002e-02
7.986522000283002853e-02
8.893301151692867279e-02
-7.697410508990287781e-02
-7.733354298397898674e-02
-7.805241877213120461e-02
-7.882801257073879242e-02
-7.966032437980175018e-02
-8.288638433441519737e-02
-8.850619243457913399e-02
-9.135420620441436768e-02
-9.143042564392089844e-02
-8.981102658435702324e-02
-8.649600902572274208e-02
-8.169861882925033569e-02
-7.541885599493980408e-02
-7.041398668661713600e-02
-6.668401090428233147e-02
-6.617840891703963280e-02
-6.889718072488903999e-02
-6.570839835330843925e-02
-5.661206180229783058e-02
-4.444230848457664251e-02
-2.919913840014487505e-02
-1.435601570119615644e-02
8.705961226951330900e-05
1.314564041967969388e-02
2.481972672103438526e-02
3.545317286625504494e-02
4.504597885534167290e-02
6.005408009514212608e-02
8.047747658565640450e-02
9.127005003392696381e-02
9.243180043995380402e-02
9.106775117106735706e-02
8.717790222726762295e-02
8.173136079858522862e-02
7.472812688502017409e-02
7.242515719553921372e-02
7.482245173014234751e-02
6.797559803817421198e-02
5.188459611963480711e-02
4.229219350963830948e-02
3.919839020818471909e-02
3.153141448274254799e-02
1.929126633331179619e-02
-7.402154151350259781e-04
-2.856303076259791851e-02
-4.210954613517969847e-02
-4.137976153288036585e-02
-4.791481059510260820e-02
-6.171469332184642553e-02
-6.874963711015880108e-02
-6.901964196003973484e-02
-6.535001238808035851e-02
-5.774074839428067207e-02
-5.145581718534231186e-02
-4.649521876126527786e-02
-3.632810726412571967e-02
-2.095448269392363727e-02
-1.837929929024539888e-03
2.102155103057157248e-02
4.150861171365249902e-02
5.962325212021823972e-02
6.868057232350111008e-02
-7.758324220776557922e-02
-7.997888559475541115e-02
-8.477017236873507500e-02
-8.811452798545360565e-02
-9.001195244491100311e-02
-9.374611871317028999e-02
-9.931702679023146629e-02
-1.012742705643177032e-01
-9.961785003542900085e-02
-9.688386181369423866e-02
-9.307230589911341667e-02
-8.846094831824302673e-02
-8.304978907108306885e-02
-7.808935595676302910e-02
-7.357964897528290749e-02
-7.167813600972294807e-02
-7.238481706008315086e-02
-6.766331428661942482e-02
-5.751362768933176994e-02
-4.364651825744658709e-02
-2.606198599096387625e-02
-8.856843065586872399e-03
7.968910518684424460e-03
2.288687381951604038e-02
3.589704683690797538e-02
4.897301597520709038e-02
6.211478123441338539e-02
7.340802298858761787e-02
8.285274123772978783e-02
8.625826053321361542e-02
8.362458087503910065e-02
7.639866671524941921e-02
6.458051805384457111e-02
5.036908878537360579e-02
3.376437890983652323e-02
2.236637209716718644e-02
1.617506834736559540e-02
2.473123255185782909e-03
-1.873946317937225103e-02
-3.166699502617120743e-02
-3.630947228521108627e-02
-4.124454082921147346e-02
-4.647220065817236900e-02
-5.754630896262824535e-02
-7.446686574257910252e-02
-8.161547558847814798e-02
-7.899213850032538176e-02
-8.062965178396552801e-02
-8.652801543939858675e-02
-8.497626357711851597e-02
-7.597439619712531567e-02
-6.896631466224789619e-02
-6.395201897248625755e-02
-5.923903081566095352e-02
-5.482735019177198410e-02
-4.649074442568235099e-02
-3.422921351739205420e-02
-1.855298825830686837e-02
5.379313515732064843e-04
1.808613665343727916e-02
3.409162764728534967e-02
4.209437314420938492e-02
-7.305956725031137466e-02
-7.715143146924674511e-02
-8.533515990711748600e-02
-9.196035657078027725e-02
-9.702702146023511887e-02
-1.026307800784707069e-01
-1.087716324254870415e-01
-1.109222462400794029e-01
-1.090826215222477913e-01
-1.062270291149616241e-01
-1.023554690182209015e-01
-9.738403838127851486e-02
-9.131273720413446426e-02
-8.500877767801284790e-02
-7.847215980291366577e-02
-7.338927127420902252e-02
-6.976011209189891815e-02
-6.249486410524696112e-02
-5.159352731425315142e-02
-3.745080307908210671e-02
-2.006669139973382698e-02
-3.202067758138582576e-03
1.314306784570362652e-02
2.807468303944915533e-02
4.159277782309800386e-02
5.556416208855807781e-02
6.998883583582937717e-02
7.623156043700873852e-02
7.429233589209616184e-02
6.951824135467177257e-02
6.190927682473557070e-02
4.943381931661861017e-02
3.209186883032089099e-02
1.328934567573014647e-02
-6.973750147153623402e-03
-2.185271338385064155e-02
-3.134754403436090797e-02
-4.721623624209314585e-02
-6.945879000704735518e-02
-8.336646389216184616e-02
-8.893925789743661880e-02
-9.215791104361414909e-02
-9.302242333069443703e-02
-9.648251486942172050e-02
-1.025381856597959995e-01
-1.033340035937726498e-01
-9.886996867135167122e-02
-9.651422966271638870e-02
-9.626678656786680222e-02
-9.028633451089262962e-02
-7.857287349179387093e-02
-7.055995240807533264e-02
-6.624757125973701477e-02
-6.248020869679749012e-02
-5.925786471925675869e-02
-5.309755704365670681e-02
-4.399928566999733448e-02
-3.148942293773870915e-02
-1.556796884688083082e-02
-1.045780794811435044e-03
1.207714121846947819e-02
1.863860222510993481e-02
-6.340308021754026413e-02
-6.885118060745298862e-02
-7.974738138727843761e-02
-9.036549832671880722e-02
-1.007055314257740974e-01
-1.095403684303164482e-01
-1.168700093403458595e-01
-1.202981332316994667e-01
-1.198247401043772697e-01
-1.178405284881591797e-01
-1.143454983830451965e-01
-1.084678890183568001e-01
-1.002077003940939903e-01
-9.117225185036659241e-02
-8.136154338717460632e-02
-7.131181471049785614e-02
-6.102306582033634186e-02
-5.020304780919104815e-02
-3.885176067706197500e-02
-2.585516294948320137e-02
-1.121325462645472726e-02
2.608310221148713026e-03
1.560953159332711948e-02
2.870906807947903872e-02
4.190691967960447073e-02
5.522661120630800724e-02
6.866814265958964825e-02
6.852469244040548801e-02
5.479626054875552654e-02
4.104999249830143526e-02
2.728588828904321417e-02
1.017320897517492995e-02
-1.028804544330341741e-02
-2.950786853034514934e-02
-4.748626028595026582e-02
-6.023209924751427025e-02
-6.774538541503716260e-02
-8.109248045366257429e-02
-1.002733843633905053e-01
-1.128062130883336067e-01
-1.186909666284918785e-01
-1.212086961604654789e-01
-1.203594016842544079e-01
-1.175488331355154514e-01
-1.127769905142486095e-01
-1.072651301510632038e-01
-1.010132520459592342e-01
-9.556854423135519028e-02
-9.093100670725107193e-02
-8.467984991148114204e-02
-7.681507384404540062e-02
-7.013092562556266785e-02
-6.462740525603294373e-02
-6.117935082875192165e-02
-5.978676234371960163e-02
-5.614854511804878712e-02
-5.026469915173947811e-02
-4.064723396732006222e-02
-2.729614956479053944e-02
-1.588714063109364361e-02
-6.420207166229374707e-03
-1.686740433797240257e-03
-5.280437134206295013e-02
-5.893410160206258297e-02
-7.119356212206184864e-02
-8.415493578650057316e-02
-9.781822259537875652e-02
-1.087497225962579250e-01
-1.169494357891380787e-01
-1.217288682237267494e-01
-1.230880199000239372e-01
-1.217803834006190300e-01
-1.178059587255120277e-01
-1.107022296637296677e-01
-1.004691962152719498e-01
-8.958864654414355755e-02
-7.806058065034449100e-02
-6.465079344343394041e-02
-4.935928492341190577e-02
-3.666183070163242519e-02
-2.655843077809549868e-02
-1.609572470351849915e-02
-5.273712477901426610e-03
5.104910816044139210e-03
1.504014517831819830e-02
2.516212820773944259e-02
3.547085990430787206e-02
4.486858422751538455e-02
5.335530117736198008e-02
4.760839641676284373e-02
2.762786994571797550e-02
9.794046236493159086e-03
-5.893074710911605507e-03
-2.449081352824578062e-02
-4.599917021550936624e-02
-6.484516244381666183e-02
-8.102879021316766739e-02
-9.227620065212249756e-02
-9.858739376068115234e-02
-1.088954010047018528e-01
-1.232002223841845989e-01
-1.319891107268631458e-01
-1.352620660327374935e-01
-1.354345548897981644e-01
-1.325065772980451584e-01
-1.252771946601569653e-01
-1.137464069761335850e-01
-1.038454482331871986e-01
-9.557431843131780624e-02
-8.840990811586380005e-02
-8.235221728682518005e-02
-7.792531000450253487e-02
-7.512918626889586449e-02
-7.130489777773618698e-02
-6.645244453102350235e-02
-6.361517193727195263e-02
-6.279307999648153782e-02
-6.038664840161800385e-02
-5.639587715268135071e-02
-4.908863164018839598e-02
-3.846491186413913965e-02
-3.015961364144459367e-02
-2.417273697210475802e-02
-2.117929863743484020e-02
-4.126344062387943268e-02
-4.740019445307552814e-02
-5.967370211146771908e-02
-7.332866895012557507e-02
-8.836509496904909611e-02
-1.002588425762951374e-01
-1.090099117718636990e-01
-1.152144512161612511e-01
-1.188724609091877937e-01
-1.180465938523411751e-01
-1.127368500456213951e-01
-1.040870603173971176e-01
-9.209722466766834259e-02
-8.025796175934374332e-02
-6.856927159242331982e-02
-5.340620747301727533e-02
-3.476876940112560987e-02
-2.187121278257109225e-02
-1.471353761735372245e-02
-8.172488341188000049e-03
-2.248064954073925037e-03
4.287734026547695976e-03
1.143490860067686299e-02
1.743386342423036695e-02
2.228459849720820785e-02
2.449008115218020976e-02
2.405031138914637268e-02
1.348267236608080566e-02
-7.212835917016491294e-03
-2.424959743075305596e-02
-3.762761217512888834e-02
-5.455824819364352152e-02
-7.504150548629695550e-02
-9.272253606468439102e-02
-1.076013399288058281e-01
-1.179850175976753235e-01
-1.238735690712928772e-01
-1.306249978952109814e-01
-1.382393040694296360e-01
-1.409151568077504635e-01
-1.386525561101734638e-01
-1.348354872316122055e-01
-1.294639501720666885e-01
-1.196675994433462620e-01
-1.054464350454509258e-01
-9.307495784014463425e-02
-8.255316782742738724e-02
-7.503832131624221802e-02
-7.053041830658912659e-02
-7.002271478995680809e-02
-7.351521076634526253e-02
-7.408186886459589005e-02
-7.172268908470869064e-02
-6.978767202235758305e-02
-6.827681767754256725e-02
-6.581186689436435699e-02
-6.239281967282295227e-02
-5.681361595634371042e-02
-4.907425574492663145e-02
-4.386319982586428523e-02
-4.118044819915667176e-02
-3.983907238580286503e-02
-3.620259370654821396e-02
-4.105656826868653297e-02
-5.076451739296317101e-02
-6.211836962029337883e-02
-7.511812495067715645e-02
-8.476978074759244919e-02
-9.107333701103925705e-02
-9.691394888795912266e-02
-1.022916163783520460e-01
-1.024299240671098232e-01
-9.732887195423245430e-02
-8.863375359214842319e-02
-7.634456898085772991e-02
-6.477874575648456812e-02
-5.393628391902893782e-02
-3.981954212940763682e-02
-2.242852038762066513e-02
-1.140906506634564721e-02
-6.761176165582583053e-03
-3.324093307583098067e-03
-1.097816492347192252e-03
1.542937672638799995e-03
4.598169187374878675e-03
5.042324191890656948e-03
2.875402686186134815e-03
-2.496973000233992934e-03
-1.107480286736972630e-02
-2.550652067293412983e-02
-4.579212641692720354e-02
-6.077983812429010868e-02
-7.046965579502284527e-02
-8.388159191235899925e-02
-1.010156464762985706e-01
-1.155291553586721420e-01
-1.274221185594797134e-01
-1.358184572309255600e-01
-1.407181713730096817e-01
-1.438066679984331131e-01
-1.450839471071958542e-01
-1.414788882248103619e-01
-1.329914913512766361e-01
-1.246209340170025826e-01
-1.163672162219882011e-01
-1.045229020528495312e-01
-8.908799150958657265e-02
-7.659927895292639732e-02
-6.705676438286900520e-02
-6.018279108684509993e-02
-5.597735906485468149e-02
-5.870580312330275774e-02
-6.836812326218932867e-02
-7.360034249722957611e-02
-7.440246082842350006e-02
-7.464579818770289421e-02
-7.433035457506775856e-02
-7.324655633419752121e-02
-7.139440346509218216e-02
-6.781031587161123753e-02
-6.249429355375468731e-02
-5.999093013815581799e-02
-6.030022562481462955e-02
-6.045487336814403534e-02
-3.762183059006929398e-02
-3.990322304889559746e-02
-4.446600796654820442e-02
-5.052403779700398445e-02
-5.807731254026293755e-02
-6.228253711014986038e-02
-6.313971150666475296e-02
-6.682736123912036419e-02
-7.334548630751669407e-02
-7.493037404492497444e-02
-7.158202445134520531e-02
-6.434230948798358440e-02
-5.321122915484011173e-02
-4.315099853556603193e-02
-3.416161763016134501e-02
-2.389079741260502487e-02
-1.233853788289707154e-02
-5.275387552956090076e-03
-2.701346422782080481e-03
-1.550539602703793207e-03
-1.822967092721228255e-03
-3.129478245682548732e-03
-5.470073061587754637e-03
-1.201248948927968740e-02
-2.275672752875834703e-02
-3.609257822972722352e-02
-5.202004159218631685e-02
-6.935918270028196275e-02
-8.811000155401416123e-02
-9.979667584411799908e-02
-1.044192055705934763e-01
-1.124608446843922138e-01
-1.239215931855142117e-01
-1.332650203257799149e-01
-1.404911261051893234e-01
-1.457765195518732071e-01
-1.491212006658315659e-01
-1.484404113143682480e-01
-1.437341514974832535e-01
-1.336803049780428410e-01
-1.182788717560470104e-01
-1.047908952459692955e-01
-9.321637544780969620e-02
-7.984310248866677284e-02
-6.467107636854052544e-02
-5.441841157153248787e-02
-4.908510809764266014e-02
-4.384331742767244577e-02
-3.869303956162184477e-02
-4.397457500454038382e-02
-5.968792375642806292e-02
-6.986031867563724518e-02
-7.449175976216793060e-02
-7.818955043330788612e-02
-8.095369068905711174e-02
-8.269071672111749649e-02
-8.340062852948904037e-02
-8.207873138599097729e-02
-7.872502529062330723e-02
-7.854280457831919193e-02
-8.153206924907863140e-02
-8.302670158445835114e-02
-4.596969112753868103e-02
-4.534156830050051212e-02
-4.408532264642417431e-02
-4.326980077894404531e-02
-4.289500269806012511e-02
-4.121562700311187655e-02
-3.823167369409929961e-02
-3.852356089919339865e-02
-4.209128861839417368e-02
-4.266443528467789292e-02
-4.024300089804455638e-02
-3.506682673469185829e-02
-2.713591279461979866e-02
-2.062111260602250695e-02
-1.552242616889998317e-02
-9.485659844358451664e-03
-2.510813632397912443e-03
4.301352860238694120e-04
-6.628130890931061003e-04
-3.416121379359537968e-03
-7.829789584775426192e-03
-1.430653678835369647e-02
-2.284636299009434879e-02
-3.471000475110486150e-02
-4.989746207138523459e-02
-6.614595046266913414e-02
-8.345546992495656013e-02
-1.001380304805934429e-01
-1.161936321295797825e-01
-1.252457364462316036e-01
-1.272943434305489063e-01
-1.322444430552423000e-01
-1.400960353203117847e-01
-1.429813369177281857e-01
-1.409003478474915028e-01
-1.417482108809053898e-01
-1.455249260179698467e-01
-1.423527840524911880e-01
-1.322317849844694138e-01
-1.185397906228899956e-01
-1.012768009677529335e-01
-6.250210508848540485e+02
-1.874877862042281777e+03
-2.499800627402029932e+03
-2.499789346964098513e+03
-2.499782495983410627e+03
-2.499780074459966272e+03
-2.499776755185448565e+03
-2.499772538159857504e+03
-2.499777456720708869e+03
-2.499791510868002661e+03
-2.499800992730073631e+03
-2.499805902306921780e+03
-1.874878497684840113e+03
-6.250187788638286293e+02
-8.958589471876621246e-02
-9.091877751052379608e-02
-9.251521434634923935e-02
-9.437520522624254227e-02
-9.856083011254668236e-02
-1.050720890052616596e-01
-1.083277184516191483e-01
-6.124617531895637512e-02
-5.737160402350127697e-02
-4.962246143259108067e-02
-4.035565856611356139e-02
-2.957119542406871915e-02
-2.156905042647849768e-02
-1.634922357334289700e-02
-1.200254786817822605e-02
-8.529023310984484851e-03
-5.632107786368578672e-03
-3.311801294330507517e-03
-8.073053322732448578e-04
1.881380099803209305e-03
2.810912032146006823e-03
1.981290464755147696e-03
3.395870575332082808e-03
7.054652363876812160e-03
5.707503450594231253e-03
-6.455761645156599116e-04
-8.920838637550332351e-03
-1.911828396850978606e-02
-3.198823795537464321e-02
-4.753070059814490378e-02
-6.305022159358486533e-02
-7.854680094169452786e-02
-9.265708969905972481e-02
-1.053810878656804562e-01
-1.178430640138685703e-01
-1.300430181436240673e-01
-1.371270199306309223e-01
-1.390950693748891354e-01
-1.432323870249092579e-01
-1.495389728806912899e-01
-1.446781051345169544e-01
-1.286497837863862514e-01
-1.237335312180221081e-01
-1.299293474294245243e-01
-1.255437862128019333e-01
-1.105768475681543350e-01
-9.605734515935182571e-02
-8.198527898639440536e-02
-1.874873400902841240e+03
-5.624470304216723889e+03
-7.499266875800676644e+03
-7.499263115654699504e+03
-7.499260831994470209e+03
-7.499260024819988757e+03
-7.499258918395149522e+03
-7.499257512719952501e+03
-7.499259152240236290e+03
-7.499263836956000887e+03
-7.499266997576691210e+03
-7.499268634102307260e+03
-5.624475570201408118e+03
-1.874887805873993784e+03
-9.393209032714366913e-02
-9.394885040819644928e-02
-9.911976475268602371e-02
-1.094448333606123924e-01
-1.200450067408382893e-01
-1.309202848933637142e-01
-1.363579239696264267e-01
-7.330812513828277588e-02
-6.811896595172584057e-02
-5.774064757861196995e-02
-4.446868872037157416e-02
-2.830308937700465322e-02
-1.679438915743958205e-02
-9.942588061676360667e-03
-2.559887114330194890e-03
5.353713684598915279e-03
1.156237025861628354e-02
1.606608260772190988e-02
1.800900639500468969e-02
1.739114162046462297e-02
1.585915283067151904e-02
1.341304002562537789e-02
1.209565182216465473e-02
1.190698822028934956e-02
6.209080020198598504e-03
-4.998072778107598424e-03
-1.744262207648716867e-02
-3.112456787494011223e-02
-4.835966438986361027e-02
-6.914791162125766277e-02
-8.678639074787497520e-02
-1.012751017697155476e-01
-1.129854004830121994e-01
-1.219172868877649307e-01
-1.304312897846102715e-01
-1.385274091735482216e-01
-1.422068085521459579e-01
-1.414694879204034805e-01
-1.419356628321111202e-01
-1.436053332872688770e-01
-6.250666470341384411e+02
-1.874911060765385628e+03
-2.499836044643539935e+03
-2.499841598668601364e+03
-2.499837854465469718e+03
-2.499824812034144998e+03
-2.499813612091820687e+03
-2.499804254638496786e+03
-4.374599681933876127e+03
-8.124199893977958709e+03
-9.999000000000000000e+03
-9.999000000000000000e+03
-9.999000000000000000e+03
-9.999000000000000000e+03
-9.999000000000000000e+03
-9.999000000000000000e+03
-9.999000000000000000e+03
-9.999000000000000000e+03
-9.999000000000000000e+03
-9.999000000000000000e+03
-7.499271546887001023e+03
-2.499814640661003068e+03
-8.827736205421388149e-02
-9.245699015446007252e-02
-1.027422789484262466e-01
-1.191332284361124039e-01
-1.343296696431934834e-01
-1.483316025696694851e-01
-1.553325690329074860e-01
-8.215554058551788330e-02
-7.758365408517420292e-02
-6.843988108448684216e-02
-5.560889124171808362e-02
-3.909068455686792731e-02
-2.689164319599512964e-02
-1.901176715909969062e-02
-1.019557863764930516e-02
-4.430776316439732909e-04
8.918998850276693702e-03
1.789065080811269581e-02
2.138210844714194536e-02
1.939337176736444235e-02
1.852360978955402970e-02
1.877282251371070743e-02
1.661368389613926411e-02
1.204619393683969975e-02
1.934864994836971164e-03
-1.372030292986892164e-02
-2.898147169617004693e-02
-4.384864130406640470e-02
-6.342081609182059765e-02
-8.769799605943262577e-02
-1.059185122139751911e-01
-1.180823645554482937e-01
-1.271308828145265579e-01
-1.330640669912099838e-01
-1.379027077928185463e-01
-1.416468052193522453e-01
-1.404851023107767105e-01
-1.344175990670919418e-01
-1.283542704768478870e-01
-1.222951165400445461e-01
-1.874908888123929501e+03
-5.624488133292645216e+03
-7.499278681547846645e+03
-7.499280532889533788e+03
-7.499279284821823239e+03
-7.499274937344714999e+03
-7.499271204030606896e+03
-7.499268084879498929e+03
-8.124199893977958709e+03
-9.374066631325986236e+03
-9.999000000000000000e+03
-9.999000000000000000e+03
-9.999000000000000000e+03
-9.999000000000000000e+03
-9.999000000000000000e+03
-9.999000000000000000e+03
-9.999000000000000000e+03
-9.999000000000000000e+03
-9.999000000000000000e+03
-9.999000000000000000e+03
-7.499266427741618827e+03
-2.499799283224856481e+03
-7.262170989997684956e-02
-8.644319674931466579e-02
-1.033827569335699081e-01
-1.234403904527425766e-01
-1.414148188196122646e-01
-1.573060420341789722e-01
-1.652516536414623260e-01
-8.878743648529052734e-02
-8.599790465086698532e-02
-8.041884098201990128e-02
-7.025604392401874065e-02
-5.550951347686350346e-02
-4.360948316752910614e-02
-3.455595299601554871e-02
-2.446866282843984663e-02
-1.334761266480199993e-02
-2.507641067495569587e-03
8.051251963479444385e-03
1.209577883128076792e-02
9.625939535908401012e-03
9.794117358978837729e-03
1.260031230049207807e-02
1.001970516517758369e-02
2.052295953035354614e-03
-1.174861908657476306e-02
-3.138303995365276933e-02
-4.881108901463449001e-02
-6.403276626951992512e-02
-8.273602952249348164e-02
-1.049208787735551596e-01
-1.199077414348721504e-01
-1.276966175064444542e-01
-1.334154764190316200e-01
-1.370643181726336479e-01
-1.362942475825548172e-01
-1.311052646487951279e-01
-1.257537971250712872e-01
-1.202398450113832951e-01
-6.250456143189221621e+02
-1.874901877218857408e+03
-4.374622506501618773e+03
-8.124207502167206258e+03
-9.999000000000000000e+03
-9.999000000000000000e+03
-9.999000000000000000e+03
-9.999000000000000000e+03
-9.999000000000000000e+03
-9.999000000000000000e+03
-9.999000000000000000e+03
-9.999000000000000000e+03
-9.999000000000000000e+03
-9.999000000000000000e+03
-9.999000000000000000e+03
-9.999000000000000000e+03
-9.999000000000000000e+03
-9.999000000000000000e+03
-9.999000000000000000e+03
-9.999000000000000000e+03
-9.999000000000000000e+03
-9.999000000000000000e+03
-8.124197901126695797e+03
-4.374593703380087391e+03
-1.874864800220122561e+03
-6.250111916468013078e+02
-9.800835745409131050e-02
-1.252503520809113979e-01
-1.481899730861186981e-01
-1.668272204697132111e-01
-1.761458441615104675e-01
-9.320381283760070801e-02
-9.336171764880418777e-02
-9.367752727121114731e-02
-8.841014676727354527e-02
-7.755957613699138165e-02
-6.694790907204151154e-02
-5.657514557242393494e-02
-4.537913968670181930e-02
-3.335989141487516463e-02
-2.271754949470050633e-02
-1.345211392617784441e-02
-9.849982452578842640e-03
-1.191115507390350103e-02
-1.032932446105405688e-02
-5.104490614030510187e-03
-7.686284370720386505e-03
-1.807470573112368584e-02
-3.484137222403660417e-02
-5.798628384945914149e-02
-7.693147403188049793e-02
-9.167694277130067348e-02
-1.063053046818822622e-01
-1.208165597636252642e-01
-1.287540784105658531e-01
-1.301178606227040291e-01
-1.318391812965273857e-01
-1.339180404320359230e-01
-1.256059091538190842e-01
-1.069027874618768692e-01
-9.801289299502968788e-02
-9.893622575327754021e-02
-1.874893715808168054e+03
-5.624482351640239358e+03
-8.124207502167206258e+03
-9.374069167389068753e+03
-9.999000000000000000e+03
-9.999000000000000000e+03
-9.999000000000000000e+03
-9.999000000000000000e+03
-9.999000000000000000e+03
-9.999000000000000000e+03
-9.999000000000000000e+03
-9.999000000000000000e+03
-9.999000000000000000e+03
-9.999000000000000000e+03
-9.999000000000000000e+03
-9.999000000000000000e+03
-9.999000000000000000e+03
-9.999000000000000000e+03
-9.999000000000000000e+03
-9.999000000000000000e+03
-9.999000000000000000e+03
-9.999000000000000000e+03
-9.374065967042231932e+03
-8.124197901126695797e+03
-5.624464812892721966e+03
-1.874866702340310439e+03
-8.661908050999045372e-02
-1.245631133206188679e-01
-1.546551324427127838e-01
-1.768951378762722015e-01
-1.880151405930519104e-01
-1.057971119880676270e-01
-1.055800290778279305e-01
-1.051458632573485374e-01
-1.008867337368428707e-01
-9.280264051631093025e-02
-8.324902225285768509e-02
-7.222587894648313522e-02
-6.078502163290977478e-02
-4.892645031213760376e-02
-3.985708206892013550e-02
-3.357691690325737000e-02
-3.174314810894429684e-02
-3.435577568598091602e-02
-3.324911621166393161e-02
-2.842316968599334359e-02
-3.166683466406539083e-02
-4.298011114588007331e-02
-5.917650274932384491e-02
-8.025600947439670563e-02
-9.730352507904171944e-02
-1.103190495632588863e-01
-1.201012823730707169e-01
-1.266502235084772110e-01
-1.270703705959022045e-01
-1.213617236353456974e-01
-1.194639634341001511e-01
-1.213770899921655655e-01
-6.250446386374533176e+02
-1.874889248605817556e+03
-2.499813106830697507e+03
-2.499816213312093168e+03
-4.374613324914593250e+03
-8.124204441638197750e+03
-9.999000000000000000e+03
-9.999000000000000000e+03
-9.999000000000000000e+03
-9.999000000000000000e+03
-9.999000000000000000e+03
-9.999000000000000000e+03
-9.999000000000000000e+03
-9.999000000000000000e+03
-9.999000000000000000e+03
-9.999000000000000000e+03
-9.999000000000000000e+03
-9.999000000000000000e+03
-9.999000000000000000e+03
-9.999000000000000000e+03
-9.999000000000000000e+03
-9.999000000000000000e+03
-9.999000000000000000e+03
-9.999000000000000000e+03
-9.999000000000000000e+03
-9.999000000000000000e+03
-9.999000000000000000e+03
-9.999000000000000000e+03
-8.124198614421766251e+03
-4.374595843265298754e+03
-1.874880307880695909e+03
-6.250520082679577172e+02
-1.504894439131021500e-01
-1.757514085620641708e-01
-1.883823908865451813e-01
-1.265673339366912842e-01
-1.226528389379382133e-01
-1.148238489404320717e-01
-1.076858048327267170e-01
-1.012387066148221493e-01
-9.251282270997762680e-02
-8.150815311819314957e-02
-7.068630866706371307e-02
-6.004728935658931732e-02
-5.392623879015445709e-02
-5.232315696775913239e-02
-5.358371813781559467e-02
-5.770792230032384396e-02
-5.896525789285078645e-02
-5.735572491539642215e-02
-6.192194571485742927e-02
-7.266392029123380780e-02
-8.475401066243648529e-02
-9.819221682846546173e-02
-1.099272421561181545e-01
-1.199590866453945637e-01
-1.241239625960588455e-01
-1.224218700081110001e-01
-1.148566179908812046e-01
-1.014282065443694592e-01
-9.628982283174991608e-02
-9.944146685302257538e-02
-1.874893392432481050e+03
-5.624478142719715834e+03
-7.499271035610232502e+03
-7.499272071104031056e+03
-8.124204441638197750e+03
-9.374068147212732583e+03
-9.999000000000000000e+03
-9.999000000000000000e+03
-9.999000000000000000e+03
-9.999000000000000000e+03
-9.999000000000000000e+03
-9.999000000000000000e+03
-9.999000000000000000e+03
-9.999000000000000000e+03
-9.999000000000000000e+03
-9.999000000000000000e+03
-9.999000000000000000e+03
-9.999000000000000000e+03
-9.999000000000000000e+03
-9.999000000000000000e+03
-9.999000000000000000e+03
-9.999000000000000000e+03
-9.999000000000000000e+03
-9.999000000000000000e+03
-9.999000000000000000e+03
-9.999000000000000000e+03
-9.999000000000000000e+03
-9.999000000000000000e+03
-9.374066204807255417e+03
-8.124198614421766251e+03
-5.624479074758011848e+03
-1.874907585815992206e+03
-1.356929074972867966e-01
-1.633960325270891190e-01
-1.772475950419902802e-01
-2.499852714333683252e+03
-1.874914363523013890e+03
-6.250376619016751647e+02
-9.845402138307690620e-02
-9.673988213762640953e-02
-9.134583082050085068e-02
-8.227186743170022964e-02
-7.388028479181230068e-02
-6.617108290083706379e-02
-6.322753219865262508e-02
-6.504963268525898457e-02
-6.941847689449787140e-02
-7.633406482636928558e-02
-7.999095693230628967e-02
-8.038915321230888367e-02
-8.486950537189841270e-02
-9.343201341107487679e-02
-9.978879010304808617e-02
-1.039398354478180408e-01
-1.087897350080311298e-01
-1.143384887836873531e-01
-1.138550625182688236e-01
-1.073394562117755413e-01
-9.735346655361354351e-02
-8.389709354378283024e-02
-6.250123190127778798e+02
-1.874882619224255905e+03
-4.374613326997496188e+03
-8.124204442332498729e+03
-9.999000000000000000e+03
-9.999000000000000000e+03
-9.999000000000000000e+03
-9.999000000000000000e+03
-9.999000000000000000e+03
-9.999000000000000000e+03
-9.999000000000000000e+03
-9.999000000000000000e+03
-9.999000000000000000e+03
-9.999000000000000000e+03
-9.999000000000000000e+03
-9.999000000000000000e+03
-9.999000000000000000e+03
-9.999000000000000000e+03
-9.999000000000000000e+03
-9.999000000000000000e+03
-9.999000000000000000e+03
-9.999000000000000000e+03
-9.999000000000000000e+03
-9.999000000000000000e+03
-9.999000000000000000e+03
-9.999000000000000000e+03
-9.999000000000000000e+03
-9.999000000000000000e+03
-9.999000000000000000e+03
-9.999000000000000000e+03
-9.999000000000000000e+03
-9.999000000000000000e+03
-7.499276748514734209e+03
-2.499830245544202626e+03
-1.201525293290615082e-01
-1.464694701135158539e-01
-1.596279405057430267e-01
-7.499284238111227751e+03
-5.624480712081305683e+03
-1.874873660021461546e+03
-7.319138338789343834e-02
-7.930616708472371101e-02
-7.974804658442735672e-02
-7.451702188700437546e-02
-7.036695000715553761e-02
-6.729783094488084316e-02
-6.776096229441463947e-02
-7.175634405575692654e-02
-7.924742437899112701e-02
-9.023420326411724091e-02
-9.632621333003044128e-02
-9.752345457673072815e-02
-1.005095136351883411e-01
-1.052843905054032803e-01
-1.042808410711586475e-01
-9.749886533245444298e-02
-9.389100363478064537e-02
-9.345725597813725471e-02
-8.929458213970065117e-02
-8.140298211947083473e-02
-7.456091628409922123e-02
-6.876838463358581066e-02
-1.874867551533272490e+03
-5.624470910362200812e+03
-8.124204442332498729e+03
-9.374068147444166243e+03
-9.999000000000000000e+03
-9.999000000000000000e+03
-9.999000000000000000e+03
-9.999000000000000000e+03
-9.999000000000000000e+03
-9.999000000000000000e+03
-9.999000000000000000e+03
-9.999000000000000000e+03
-9.999000000000000000e+03
-9.999000000000000000e+03
-9.999000000000000000e+03
-9.999000000000000000e+03
-9.999000000000000000e+03
-9.999000000000000000e+03
-9.999000000000000000e+03
-9.999000000000000000e+03
-9.999000000000000000e+03
-9.999000000000000000e+03
-9.999000000000000000e+03
-9.999000000000000000e+03
-9.999000000000000000e+03
-9.999000000000000000e+03
-9.999000000000000000e+03
-9.999000000000000000e+03
-9.999000000000000000e+03
-9.999000000000000000e+03
-9.999000000000000000e+03
-9.999000000000000000e+03
-7.499273329150862992e+03
-2.499819987452588975e+03
-1.038683094084262848e-01
-1.249717213213443756e-01
-1.355234272778034210e-01
-9.999000000000000000e+03
-8.124197914770338684e+03
-4.374593744311016053e+03
-1.874860311266034842e+03
-6.249976156353950500e+02
-6.589376437477767467e-02
-6.514565297402441502e-02
-6.497676041908562183e-02
-6.538708670996129513e-02
-6.843070173636078835e-02
-7.410760549828410149e-02
-8.253069268539547920e-02
-9.369996329769492149e-02
-1.006172932684421539e-01
-1.032826825976371765e-01
-1.048501320183277130e-01
-1.053196415305137634e-01
-9.917074907571077347e-02
-8.640345465391874313e-02
-7.765232212841510773e-02
-7.291735149919986725e-02
-6.655175494961440563e-02
-5.855553247965872288e-02
-6.249897100143134594e+02
-1.874860015200451016e+03
-4.374596375845139846e+03
-8.124198791948379949e+03
-9.999000000000000000e+03
-9.999000000000000000e+03
-9.999000000000000000e+03
-9.999000000000000000e+03
-9.999000000000000000e+03
-9.999000000000000000e+03
-9.999000000000000000e+03
-9.999000000000000000e+03
-9.999000000000000000e+03
-9.999000000000000000e+03
-9.999000000000000000e+03
-9.999000000000000000e+03
-9.999000000000000000e+03
-9.999000000000000000e+03
-9.999000000000000000e+03
-9.999000000000000000e+03
-9.999000000000000000e+03
-9.999000000000000000e+03
-9.999000000000000000e+03
-9.999000000000000000e+03
-9.999000000000000000e+03
-9.999000000000000000e+03
-9.999000000000000000e+03
-9.999000000000000000e+03
-9.999000000000000000e+03
-9.999000000000000000e+03
-9.999000000000000000e+03
-9.999000000000000000e+03
-9.999000000000000000e+03
-9.999000000000000000e+03
-7.499269392174668610e+03
-2.499808176524005830e+03
-8.623397396877408028e-02
-1.035645245574414730e-01
-1.122297998517751694e-01
-9.999000000000000000e+03
-9.374065971590112895e+03
-8.124197914770338684e+03
-5.624459813669323921e+03
-1.874851668287068605e+03
-4.978298419155180454e-02
-5.415776069276034832e-02
-5.770971602760255337e-02
-6.043885019607841969e-02
-6.523675052449107170e-02
-7.210341701284050941e-02
-7.926828181371092796e-02
-8.673134492710232735e-02
-9.286419674754142761e-02
-9.766683727502822876e-02
-9.789136052131652832e-02
-9.353776648640632629e-02
-8.445851411670446396e-02
-7.065360341221094131e-02
-6.007369048893451691e-02
-5.271877534687519073e-02
-4.562658094801008701e-02
-3.879710729233920574e-02
-1.874842800760641694e+03
-5.624457637540996075e+03
-8.124198791948379949e+03
-9.374066263982793316e+03
-9.999000000000000000e+03
-9.999000000000000000e+03
-9.999000000000000000e+03
-9.999000000000000000e+03
-9.999000000000000000e+03
-9.999000000000000000e+03
-9.999000000000000000e+03
-9.999000000000000000e+03
-9.999000000000000000e+03
-9.999000000000000000e+03
-9.999000000000000000e+03
-9.999000000000000000e+03
-9.999000000000000000e+03
-9.999000000000000000e+03
-9.999000000000000000e+03
-9.999000000000000000e+03
-9.999000000000000000e+03
-9.999000000000000000e+03
-9.999000000000000000e+03
-9.999000000000000000e+03
-9.999000000000000000e+03
-9.999000000000000000e+03
-9.999000000000000000e+03
-9.999000000000000000e+03
-9.999000000000000000e+03
-9.999000000000000000e+03
-9.999000000000000000e+03
-9.999000000000000000e+03
-9.999000000000000000e+03
-9.999000000000000000e+03
-7.499264937586151063e+03
-2.499794812758453190e+03
-6.724952301010489464e-02
-8.224787982180714607e-02
-8.974705822765827179e-02
-9.999000000000000000e+03
-9.999000000000000000e+03
-9.999000000000000000e+03
-7.499257603913603816e+03
-2.499772811740811449e+03
-3.361065703211352229e-02
-4.000066226581111550e-02
-4.559913044795393944e-02
-5.040606157854199409e-02
-5.620607780292630196e-02
-6.299917912110686302e-02
-6.848715734668076038e-02
-7.267001247964799404e-02
-7.775687519460916519e-02
-8.374774549156427383e-02
-8.541114605031907558e-02
-8.274707687087357044e-02
-7.615986838936805725e-02
-6.564952060580253601e-02
-5.641156341880559921e-02
-4.844599682837724686e-02
-4.174124356359243393e-02
-3.629730362445116043e-02
-2.499775181500241160e+03
-7.499258393833413720e+03
-9.999000000000000000e+03
-9.999000000000000000e+03
-9.999000000000000000e+03
-9.999000000000000000e+03
-9.999000000000000000e+03
-9.999000000000000000e+03
-9.999000000000000000e+03
-9.999000000000000000e+03
-9.999000000000000000e+03
-9.999000000000000000e+03
-9.999000000000000000e+03
-9.999000000000000000e+03
-9.999000000000000000e+03
-9.999000000000000000e+03
-9.999000000000000000e+03
-9.999000000000000000e+03
-9.999000000000000000e+03
-9.999000000000000000e+03
-9.999000000000000000e+03
-9.999000000000000000e+03
-9.999000000000000000e+03
-9.999000000000000000e+03
-9.999000000000000000e+03
-9.999000000000000000e+03
-9.999000000000000000e+03
-9.999000000000000000e+03
-9.999000000000000000e+03
-9.999000000000000000e+03
-9.999000000000000000e+03
-9.999000000000000000e+03
-9.999000000000000000e+03
-9.999000000000000000e+03
-8.124197032718919218e+03
-4.374591098156757653e+03
-2.499793317973148078e+03
-2.499803692168090492e+03
-2.499808879265561700e+03
-9.999000000000000000e+03
-9.999000000000000000e+03
-9.999000000000000000e+03
-7.499253681998874526e+03
-2.499761045996623579e+03
-1.737678289646282792e-02
-2.267435769317671657e-02
-2.864500368013978004e-02
-3.528872085735201836e-02
-4.133868357166647911e-02
-4.679489182308316231e-02
-5.018731928430497646e-02
-5.151596595533192158e-02
-5.529532860964536667e-02
-6.152540724724531174e-02
-6.740948860533535480e-02
-7.294757268391549587e-02
-7.427481189370155334e-02
-7.139120623469352722e-02
-6.666594091802835464e-02
-6.009901594370603561e-02
-5.489574279636144638e-02
-5.105612147599458694e-02
-2.499786852233111858e+03
-7.499262284077703953e+03
-9.999000000000000000e+03
-9.999000000000000000e+03
-9.999000000000000000e+03
-9.999000000000000000e+03
-9.999000000000000000e+03
-9.999000000000000000e+03
-9.999000000000000000e+03
-9.999000000000000000e+03
-9.999000000000000000e+03
-9.999000000000000000e+03
-9.999000000000000000e+03
-9.999000000000000000e+03
-9.999000000000000000e+03
-9.999000000000000000e+03
-9.999000000000000000e+03
-9.999000000000000000e+03
-9.999000000000000000e+03
-9.999000000000000000e+03
-9.999000000000000000e+03
-9.999000000000000000e+03
-9.999000000000000000e+03
-9.999000000000000000e+03
-9.999000000000000000e+03
-9.999000000000000000e+03
-9.999000000000000000e+03
-9.999000000000000000e+03
-9.999000000000000000e+03
-9.999000000000000000e+03
-9.999000000000000000e+03
-9.999000000000000000e+03
-9.999000000000000000e+03
-9.999000000000000000e+03
-9.374065677572973073e+03
-8.124197032718919218e+03
-7.499264439324382693e+03
-7.499267897389363497e+03
-7.499269626421853900e+03
-9.999000000000000000e+03
-9.999000000000000000e+03
-9.999000000000000000e+03
-7.499250544265669305e+03
-2.499751632797007915e+03
-3.017463197465986013e-03
-4.698264237958937883e-03
-8.963969652540981770e-03
-1.581457944121211767e-02
-2.164508338319137692e-02
-2.645548147847875953e-02
-2.819549158448353410e-02
-2.686511370120570064e-02
-2.951334409590344876e-02
-3.614018276857677847e-02
-4.549654341826681048e-02
-5.758242604497354478e-02
-6.414562952704727650e-02
-6.518615386448800564e-02
-6.419190019369125366e-02
-6.116286851465702057e-02
-5.787355359643697739e-02
-5.432395543903112411e-02
-2.499789411867270246e+03
-7.499263137289090082e+03
-9.999000000000000000e+03
-9.999000000000000000e+03
-9.999000000000000000e+03
-9.999000000000000000e+03
-9.999000000000000000e+03
-9.999000000000000000e+03
-9.999000000000000000e+03
-9.999000000000000000e+03
-9.999000000000000000e+03
-9.999000000000000000e+03
-9.999000000000000000e+03
-9.999000000000000000e+03
-9.999000000000000000e+03
-9.999000000000000000e+03
-9.999000000000000000e+03
-9.999000000000000000e+03
-9.999000000000000000e+03
-9.999000000000000000e+03
-9.999000000000000000e+03
-9.999000000000000000e+03
-9.999000000000000000e+03
-9.999000000000000000e+03
-9.999000000000000000e+03
-9.999000000000000000e+03
-9.999000000000000000e+03
-9.999000000000000000e+03
-9.999000000000000000e+03
-9.999000000000000000e+03
-9.999000000000000000e+03
-9.999000000000000000e+03
-9.999000000000000000e+03
-9.999000000000000000e+03
-9.999000000000000000e+03
-9.999000000000000000e+03
-9.999000000000000000e+03
-9.999000000000000000e+03
-9.999000000000000000e+03
-9.999000000000000000e+03
-9.999000000000000000e+03
-9.999000000000000000e+03
-7.499248190713988151e+03
-2.499744572141964454e+03
9.467302064877003431e-03
1.392761809984222054e-02
1.344397163484245539e-02
8.016362669877707958e-03
2.874722762499004602e-03
-1.980948087293654680e-03
-2.511674247216433287e-03
1.282544282730668783e-03
-4.109216533834114671e-04
-7.592072055558674037e-03
-1.967231048911344260e-02
-3.665163695404771715e-02
-4.577232128940522671e-02
-4.703436349518597126e-02
-4.898944124579429626e-02
-5.163755454123020172e-02
-5.067467596381902695e-02
-4.610080551356077194e-02
-2.499782860402716324e+03
-7.499260953467572108e+03
-9.999000000000000000e+03
-9.999000000000000000e+03
-9.999000000000000000e+03
-9.999000000000000000e+03
-9.999000000000000000e+03
-9.999000000000000000e+03
-9.999000000000000000e+03
-9.999000000000000000e+03
-9.999000000000000000e+03
-9.999000000000000000e+03
-9.999000000000000000e+03
-9.999000000000000000e+03
-9.999000000000000000e+03
-9.999000000000000000e+03
-9.999000000000000000e+03
-9.999000000000000000e+03
-9.999000000000000000e+03
-9.999000000000000000e+03
-9.999000000000000000e+03
-9.999000000000000000e+03
-9.999000000000000000e+03
-9.999000000000000000e+03
-9.999000000000000000e+03
-9.999000000000000000e+03
-9.999000000000000000e+03
-9.999000000000000000e+03
-9.999000000000000000e+03
-9.999000000000000000e+03
-9.999000000000000000e+03
-9.999000000000000000e+03
-9.999000000000000000e+03
-9.999000000000000000e+03
-9.999000000000000000e+03
-9.999000000000000000e+03
-9.999000000000000000e+03
-9.999000000000000000e+03
-9.999000000000000000e+03
-9.999000000000000000e+03
-9.999000000000000000e+03
-9.999000000000000000e+03
-8.124185260453610681e+03
-4.374555781360832043e+03
-1.874799959518364631e+03
-6.249177949262084439e+02
2.227391046471893787e-02
2.024699165485799313e-02
1.895317964954301715e-02
1.839247444877400994e-02
2.153457381064072251e-02
2.837947773514315486e-02
2.941194105369504541e-02
2.463196376629639417e-02
1.450363844924140722e-02
-9.730348974699154496e-04
-7.487237686291337013e-03
-5.038969917222857475e-03
-8.746460545808076859e-03
-1.860970957204699516e-02
-6.249625521681737155e+02
-1.874840573836350814e+03
-4.374584688502829522e+03
-8.124194896167609841e+03
-9.999000000000000000e+03
-9.999000000000000000e+03
-9.999000000000000000e+03
-9.999000000000000000e+03
-9.999000000000000000e+03
-9.999000000000000000e+03
-9.999000000000000000e+03
-9.999000000000000000e+03
-9.999000000000000000e+03
-9.999000000000000000e+03
-9.999000000000000000e+03
-9.999000000000000000e+03
-9.999000000000000000e+03
-9.999000000000000000e+03
-9.999000000000000000e+03
-9.999000000000000000e+03
-9.999000000000000000e+03
-9.999000000000000000e+03
-9.999000000000000000e+03
-9.999000000000000000e+03
-9.999000000000000000e+03
-9.999000000000000000e+03
-9.999000000000000000e+03
-9.999000000000000000e+03
-9.999000000000000000e+03
-9.999000000000000000e+03
-9.999000000000000000e+03
-9.999000000000000000e+03
-9.999000000000000000e+03
-9.999000000000000000e+03
-9.999000000000000000e+03
-9.999000000000000000e+03
-9.999000000000000000e+03
-9.999000000000000000e+03
-9.999000000000000000e+03
-9.999000000000000000e+03
-9.999000000000000000e+03
-9.999000000000000000e+03
-9.999000000000000000e+03
-9.999000000000000000e+03
-9.374061753484536894e+03
-8.124185260453610681e+03
-5.624431297924485989e+03
-1.874799865897162817e+03
1.752584683708846569e-02
2.087730751372873783e-02
2.659028727794066072e-02
3.466478612972423434e-02
4.394325258908793330e-02
5.442568665603175759e-02
5.995524402533192188e-02
6.053192469698842615e-02
5.703130339679773897e-02
4.945338012475986034e-02
5.070962128229439259e-02
6.080002686940133572e-02
5.653704190626740456e-02
3.792066639289259911e-02
-1.874793506030226126e+03
-5.624437743047950789e+03
-8.124194896167609841e+03
-9.374064965389203280e+03
-9.999000000000000000e+03
-9.999000000000000000e+03
-9.999000000000000000e+03
-9.999000000000000000e+03
-9.999000000000000000e+03
-9.999000000000000000e+03
-9.999000000000000000e+03
-9.999000000000000000e+03
-9.999000000000000000e+03
-9.999000000000000000e+03
-9.999000000000000000e+03
-9.999000000000000000e+03
-9.999000000000000000e+03
-9.999000000000000000e+03
-9.999000000000000000e+03
-9.999000000000000000e+03
-9.999000000000000000e+03
-9.999000000000000000e+03
-9.999000000000000000e+03
-9.999000000000000000e+03
-9.999000000000000000e+03
-9.999000000000000000e+03
-9.999000000000000000e+03
-9.999000000000000000e+03
-9.999000000000000000e+03
-9.999000000000000000e+03
-9.999000000000000000e+03
-9.999000000000000000e+03
-9.999000000000000000e+03
-9.999000000000000000e+03
-9.999000000000000000e+03
-9.999000000000000000e+03
-9.999000000000000000e+03
-9.999000000000000000e+03
-9.999000000000000000e+03
-9.999000000000000000e+03
-9.999000000000000000e+03
-9.999000000000000000e+03
-9.999000000000000000e+03
-9.999000000000000000e+03
-9.999000000000000000e+03
-9.999000000000000000e+03
-7.499246011629700661e+03
-2.499738034889101982e+03
1.850384671706706285e-02
2.360457775648683310e-02
3.079102013725787401e-02
4.006317385938018560e-02
5.013859923928976059e-02
6.101729627698659897e-02
7.127279019914567471e-02
8.090508100576698780e-02
8.460261765867471695e-02
8.236540015786886215e-02
9.219656512141227722e-02
1.140961125493049622e-01
1.183840362355113029e-01
1.050603361800312996e-01
-1.874728429031092674e+03
-5.624382084065582603e+03
-8.124156683687120676e+03
-9.374052227895706892e+03
-9.999000000000000000e+03
-9.999000000000000000e+03
-9.999000000000000000e+03
-9.999000000000000000e+03
-9.999000000000000000e+03
-9.999000000000000000e+03
-9.999000000000000000e+03
-9.999000000000000000e+03
-9.999000000000000000e+03
-9.999000000000000000e+03
-9.999000000000000000e+03
-9.999000000000000000e+03
-9.999000000000000000e+03
-9.999000000000000000e+03
-9.999000000000000000e+03
-9.999000000000000000e+03
-9.999000000000000000e+03
-9.999000000000000000e+03
-9.999000000000000000e+03
-9.999000000000000000e+03
-9.999000000000000000e+03
-9.999000000000000000e+03
-9.999000000000000000e+03
-9.999000000000000000e+03
-9.999000000000000000e+03
-9.999000000000000000e+03
-9.999000000000000000e+03
-9.999000000000000000e+03
-9.999000000000000000e+03
-9.999000000000000000e+03
-9.999000000000000000e+03
-9.999000000000000000e+03
-9.999000000000000000e+03
-9.999000000000000000e+03
-9.999000000000000000e+03
-9.999000000000000000e+03
-9.999000000000000000e+03
-9.999000000000000000e+03
-9.999000000000000000e+03
-9.999000000000000000e+03
-9.999000000000000000e+03
-9.999000000000000000e+03
-7.499244100634008646e+03
-2.499732301902025938e+03
2.520791010465472937e-02
2.842880238313227892e-02
3.155537822749465704e-02
3.458763763774186373e-02
4.012061376124620438e-02
4.815430659800767899e-02
6.336457957513630390e-02
8.575143269263207912e-02
9.721758123487234116e-02
9.776302520185709000e-02
1.169735938310623169e-01
1.548492871224880219e-01
1.767945224419236183e-01
1.828092997893691063e-01
-6.247673211707733572e+02
-1.874673596889246255e+03
-4.374470051061362028e+03
-8.124156683687120676e+03
-9.999000000000000000e+03
-9.999000000000000000e+03
-9.999000000000000000e+03
-9.999000000000000000e+03
-9.999000000000000000e+03
-9.999000000000000000e+03
-9.999000000000000000e+03
-9.999000000000000000e+03
-9.999000000000000000e+03
-9.999000000000000000e+03
-9.999000000000000000e+03
-9.999000000000000000e+03
-9.999000000000000000e+03
-9.999000000000000000e+03
-9.999000000000000000e+03
-9.999000000000000000e+03
-9.999000000000000000e+03
-9.999000000000000000e+03
-9.999000000000000000e+03
-9.999000000000000000e+03
-9.999000000000000000e+03
-9.999000000000000000e+03
-9.999000000000000000e+03
-9.999000000000000000e+03
-9.999000000000000000e+03
-9.999000000000000000e+03
-9.999000000000000000e+03
-9.999000000000000000e+03
-9.999000000000000000e+03
-9.999000000000000000e+03
-9.999000000000000000e+03
-9.999000000000000000e+03
-9.999000000000000000e+03
-9.999000000000000000e+03
-9.999000000000000000e+03
-9.999000000000000000e+03
-9.999000000000000000e+03
-9.999000000000000000e+03
-9.999000000000000000e+03
-9.999000000000000000e+03
-9.999000000000000000e+03
-9.999000000000000000e+03
-8.124182358852121979e+03
-4.374547076556365937e+03
-1.874789916896144859e+03
-6.249108798714587465e+02
2.837784687289968133e-02
2.785625885007902980e-02
3.113339474657550454e-02
3.820925456238910556e-02
5.387159460224211216e-02
7.812041486613452435e-02
9.391037956811487675e-02
1.012414887081831694e-01
1.227249363437294960e-01
1.583607224747538567e-01
1.886668428778648376e-01
2.136432975530624390e-01
2.124209646135568619e-01
1.849998440593481064e-01
-2.499621533037163317e+03
-7.499207177679054439e+03
-9.999000000000000000e+03
-9.999000000000000000e+03
-9.999000000000000000e+03
-9.999000000000000000e+03
-9.999000000000000000e+03
-9.999000000000000000e+03
-9.999000000000000000e+03
-9.999000000000000000e+03
-9.999000000000000000e+03
-9.999000000000000000e+03
-9.999000000000000000e+03
-9.999000000000000000e+03
-9.999000000000000000e+03
-9.999000000000000000e+03
-9.999000000000000000e+03
-9.999000000000000000e+03
-9.999000000000000000e+03
-9.999000000000000000e+03
-9.999000000000000000e+03
-9.999000000000000000e+03
-9.999000000000000000e+03
-9.999000000000000000e+03
-9.999000000000000000e+03
-9.999000000000000000e+03
-9.999000000000000000e+03
-9.999000000000000000e+03
-9.999000000000000000e+03
-9.999000000000000000e+03
-9.999000000000000000e+03
-9.999000000000000000e+03
-9.999000000000000000e+03
-9.999000000000000000e+03
-9.999000000000000000e+03
-9.999000000000000000e+03
-9.999000000000000000e+03
-9.999000000000000000e+03
-9.999000000000000000e+03
-9.999000000000000000e+03
-9.999000000000000000e+03
-9.999000000000000000e+03
-9.999000000000000000e+03
-9.999000000000000000e+03
-9.374060786284040660e+03
-8.124182358852121979e+03
-5.624426870572031476e+03
-1.874794321443769149e+03
2.125842607347294688e-02
1.986903749639168382e-02
2.317694219527766109e-02
3.118214017013087869e-02
4.279383528046309948e-02
5.801202752627432346e-02
7.468101265840232372e-02
9.280079067684710026e-02
1.094505926594138145e-01
1.246304186061024666e-01
1.540009975433349609e-01
1.975623294711112976e-01
2.107973750680685043e-01
1.937061343342065811e-01
-2.499611129614524543e+03
-7.499203709871508181e+03
-9.999000000000000000e+03
-9.999000000000000000e+03
-9.999000000000000000e+03
-9.999000000000000000e+03
-9.999000000000000000e+03
-9.999000000000000000e+03
-9.999000000000000000e+03
-9.999000000000000000e+03
-9.999000000000000000e+03
-9.999000000000000000e+03
-9.999000000000000000e+03
-9.999000000000000000e+03
-9.999000000000000000e+03
-9.999000000000000000e+03
-9.999000000000000000e+03
-9.999000000000000000e+03
-9.999000000000000000e+03
-9.999000000000000000e+03
-9.999000000000000000e+03
-9.999000000000000000e+03
-9.999000000000000000e+03
-9.999000000000000000e+03
-9.999000000000000000e+03
-9.999000000000000000e+03
-9.999000000000000000e+03
-9.999000000000000000e+03
-9.999000000000000000e+03
-9.999000000000000000e+03
-9.999000000000000000e+03
-9.999000000000000000e+03
-9.999000000000000000e+03
-9.999000000000000000e+03
-9.999000000000000000e+03
-9.999000000000000000e+03
-9.999000000000000000e+03
-9.999000000000000000e+03
-9.999000000000000000e+03
-9.999000000000000000e+03
-9.999000000000000000e+03
-9.999000000000000000e+03
-9.999000000000000000e+03
-9.999000000000000000e+03
-9.999000000000000000e+03
-9.999000000000000000e+03
-7.499247002182528377e+03
-2.499741006547585130e+03
1.213571580592542887e-02
1.242460764478892088e-02
1.610544044524431229e-02
2.317821420729160309e-02
2.693312906194478273e-02
2.737018500920385122e-02
3.696367493830621243e-02
5.571359884925186634e-02
6.609795195981860161e-02
6.811673427000641823e-02
9.361439314670860767e-02
1.425909285899251699e-01
1.690049304161220789e-01
1.728563986252993345e-01
-1.874671241653617471e+03
-5.624363289226312190e+03
-8.124156984759494662e+03
-9.374052328253164887e+03
-9.999000000000000000e+03
-9.999000000000000000e+03
-9.999000000000000000e+03
-9.999000000000000000e+03
-9.999000000000000000e+03
-9.999000000000000000e+03
-9.999000000000000000e+03
-9.999000000000000000e+03
-9.999000000000000000e+03
-9.999000000000000000e+03
-9.999000000000000000e+03
-9.999000000000000000e+03
-9.999000000000000000e+03
-9.999000000000000000e+03
-9.999000000000000000e+03
-9.999000000000000000e+03
-9.999000000000000000e+03
-9.999000000000000000e+03
-9.999000000000000000e+03
-9.999000000000000000e+03
-9.999000000000000000e+03
-9.999000000000000000e+03
-9.999000000000000000e+03
-9.999000000000000000e+03
-9.999000000000000000e+03
-9.999000000000000000e+03
-9.999000000000000000e+03
-9.999000000000000000e+03
-9.999000000000000000e+03
-9.999000000000000000e+03
-9.999000000000000000e+03
-9.999000000000000000e+03
-9.999000000000000000e+03
-9.999000000000000000e+03
-9.999000000000000000e+03
-9.999000000000000000e+03
-9.999000000000000000e+03
-9.999000000000000000e+03
-9.999000000000000000e+03
-9.999000000000000000e+03
-9.999000000000000000e+03
-9.999000000000000000e+03
-7.499250311727635562e+03
-2.499750935182906687e+03
1.009716070257127285e-03
5.522969295270740986e-03
9.918889496475458145e-03
1.419747667387127876e-02
6.289475946687161922e-03
-1.380511268507689238e-02
-1.924163359217345715e-02
-1.002008677460253239e-02
-7.332985755056142807e-03
-1.118033053353428841e-02
7.507029687985777855e-03
4.872909490950405598e-02
8.704363065771758556e-02
1.224506369326263666e-01
-6.248018691544421017e+02
-1.874685915743466467e+03
-4.374470954278483987e+03
-8.124156984759494662e+03
-9.999000000000000000e+03
-9.999000000000000000e+03
-9.999000000000000000e+03
-9.999000000000000000e+03
-9.999000000000000000e+03
-9.999000000000000000e+03
-9.999000000000000000e+03
-9.999000000000000000e+03
-9.999000000000000000e+03
-9.999000000000000000e+03
-9.999000000000000000e+03
-9.999000000000000000e+03
-9.999000000000000000e+03
-9.999000000000000000e+03
-9.999000000000000000e+03
-9.999000000000000000e+03
-9.999000000000000000e+03
-9.999000000000000000e+03
-9.999000000000000000e+03
-9.999000000000000000e+03
-9.999000000000000000e+03
-9.999000000000000000e+03
-9.999000000000000000e+03
-9.999000000000000000e+03
-9.999000000000000000e+03
-9.999000000000000000e+03
-9.999000000000000000e+03
-9.999000000000000000e+03
-9.999000000000000000e+03
-9.999000000000000000e+03
-9.999000000000000000e+03
-9.999000000000000000e+03
-9.999000000000000000e+03
-9.999000000000000000e+03
-9.999000000000000000e+03
-9.999000000000000000e+03
-9.999000000000000000e+03
-9.999000000000000000e+03
-9.999000000000000000e+03
-9.999000000000000000e+03
-9.999000000000000000e+03
-9.999000000000000000e+03
-7.499253741625114344e+03
-2.499761224875343032e+03
-1.355519256321713328e-02
-1.073257677489891648e-02
-8.919325715396553278e-03
-8.115439384710043669e-03
-1.918665145058184862e-02
-4.213296191301196814e-02
-5.247930297628045082e-02
-5.022567464038729668e-02
-5.088249151594936848e-02
-5.444975360296666622e-02
-4.095143754966557026e-02
-1.038754335604608059e-02
2.494774991646409035e-02
6.505444226786494255e-02
9.670520504005253315e-02
1.199000382330268621e-01
-1.874707533770939335e+03
-5.624385596222477034e+03
-7.499225410904269665e+03
-7.499226977816317230e+03
-7.499229762224946171e+03
-7.499233764130156487e+03
-7.499237403970910236e+03
-7.499240681747207418e+03
-8.124181740476517007e+03
-9.374060580158839002e+03
-9.999000000000000000e+03
-9.999000000000000000e+03
-9.999000000000000000e+03
-9.999000000000000000e+03
-9.999000000000000000e+03
-9.999000000000000000e+03
-9.999000000000000000e+03
-9.999000000000000000e+03
-9.999000000000000000e+03
-9.999000000000000000e+03
-9.999000000000000000e+03
-9.999000000000000000e+03
-9.999000000000000000e+03
-9.999000000000000000e+03
-9.999000000000000000e+03
-9.999000000000000000e+03
-9.999000000000000000e+03
-9.999000000000000000e+03
-9.999000000000000000e+03
-9.999000000000000000e+03
-9.999000000000000000e+03
-9.999000000000000000e+03
-9.999000000000000000e+03
-9.999000000000000000e+03
-9.999000000000000000e+03
-9.999000000000000000e+03
-9.999000000000000000e+03
-9.999000000000000000e+03
-9.999000000000000000e+03
-9.999000000000000000e+03
-9.999000000000000000e+03
-9.999000000000000000e+03
-9.999000000000000000e+03
-9.999000000000000000e+03
-7.499257291874964722e+03
-2.499771875624894165e+03
-3.155901009449735284e-02
-3.634203056572005153e-02
-4.040920519037172198e-02
-4.376053396845236421e-02
-4.949525312986224890e-02
-5.761336267460137606e-02
-6.274933321401476860e-02
-6.490316474810242653e-02
-6.455056532286107540e-02
-6.169153493829071522e-02
-5.176100856624543667e-02
-3.475898620672523975e-02
-1.728271180763840675e-02
6.678146310150623322e-04
2.448142482899129391e-02
5.415811878629028797e-02
-6.248667232368607074e+02
-1.874738162642112002e+03
-2.499676232712808996e+03
-2.499680933448951691e+03
-2.499689286674838513e+03
-2.499701292390469462e+03
-2.499712211912730709e+03
-2.499722045241622254e+03
-4.374545221429551020e+03
-8.124181740476517007e+03
-9.999000000000000000e+03
-9.999000000000000000e+03
-9.999000000000000000e+03
-9.999000000000000000e+03
-9.999000000000000000e+03
-9.999000000000000000e+03
-9.999000000000000000e+03
-9.999000000000000000e+03
-9.999000000000000000e+03
-9.999000000000000000e+03
-9.999000000000000000e+03
-9.999000000000000000e+03
-9.999000000000000000e+03
-9.999000000000000000e+03
-9.999000000000000000e+03
-9.999000000000000000e+03
-9.999000000000000000e+03
-9.999000000000000000e+03
-9.999000000000000000e+03
-9.999000000000000000e+03
-9.999000000000000000e+03
-9.999000000000000000e+03
-9.999000000000000000e+03
-9.999000000000000000e+03
-9.999000000000000000e+03
-9.999000000000000000e+03
-9.999000000000000000e+03
-9.999000000000000000e+03
-9.999000000000000000e+03
-9.999000000000000000e+03
-9.999000000000000000e+03
-9.999000000000000000e+03
-9.374064969385508448e+03
-8.124194908156525344e+03
-5.624453893594676629e+03
-1.874841925699962303e+03
-3.924855287186801434e-02
-4.586215340532362461e-02
-5.045996420085430145e-02
-5.304198525846004486e-02
-5.438705440610647202e-02
-5.449517164379358292e-02
-5.570414726389572024e-02
-5.801398126641288400e-02
-5.618817318463698030e-02
-5.022672301856800914e-02
-4.381010623183101416e-02
-3.693832282442599535e-02
-3.057454130612313747e-02
-2.471876167692244053e-02
-5.926353507675230503e-03
2.580268320161849260e-02
5.393651337362825871e-02
7.847513700835406780e-02
8.586279337760061026e-02
7.609948248136788607e-02
6.558787380345165730e-02
5.432796734385192394e-02
4.353782034013420343e-02
3.321743279229849577e-02
-2.499728957070736215e+03
-7.499242985690245405e+03
-9.999000000000000000e+03
-9.999000000000000000e+03
-9.999000000000000000e+03
-9.999000000000000000e+03
-9.999000000000000000e+03
-9.999000000000000000e+03
-9.999000000000000000e+03
-9.999000000000000000e+03
-9.999000000000000000e+03
-9.999000000000000000e+03
-9.999000000000000000e+03
-9.999000000000000000e+03
-9.999000000000000000e+03
-9.999000000000000000e+03
-9.999000000000000000e+03
-9.999000000000000000e+03
-9.999000000000000000e+03
-9.999000000000000000e+03
-9.999000000000000000e+03
-9.999000000000000000e+03
-9.999000000000000000e+03
-9.999000000000000000e+03
-9.999000000000000000e+03
-9.999000000000000000e+03
-9.999000000000000000e+03
-9.999000000000000000e+03
-9.999000000000000000e+03
-9.999000000000000000e+03
-9.999000000000000000e+03
-9.999000000000000000e+03
-9.999000000000000000e+03
-9.999000000000000000e+03
-8.124194908156525344e+03
-4.374584724469576031e+03
-1.874843546784250066e+03
-6.249713751005474478e+02
-3.662382089532911777e-02
-3.929294529370963573e-02
-3.907160274684429169e-02
-3.595979325473308563e-02
-3.386205527931451797e-02
-3.277838882058858871e-02
-3.134374512592330575e-02
-2.955812419531866908e-02
-2.579531510127708316e-02
-2.005531784379854798e-02
-1.709873054642230272e-02
-1.692555320914834738e-02
-1.492773857899010181e-02
-1.110528665594756603e-02
5.481870030052959919e-03
3.483373147901147604e-02
5.444547976367175579e-02
6.431711488403379917e-02
6.087561429012566805e-02
4.412097798194736242e-02
3.486142097972333431e-02
3.309694328345358372e-02
2.984522830229252577e-02
2.510627603624016047e-02
-2.499732947400072590e+03
-7.499244315800024197e+03
-9.999000000000000000e+03
-9.999000000000000000e+03
-9.999000000000000000e+03
-9.999000000000000000e+03
-9.999000000000000000e+03
-9.999000000000000000e+03
-9.999000000000000000e+03
-9.999000000000000000e+03
-9.999000000000000000e+03
-9.999000000000000000e+03
-9.999000000000000000e+03
-9.999000000000000000e+03
-9.999000000000000000e+03
-9.999000000000000000e+03
-9.999000000000000000e+03
-9.999000000000000000e+03
-9.999000000000000000e+03
-9.999000000000000000e+03
-9.999000000000000000e+03
-9.999000000000000000e+03
-9.999000000000000000e+03
-9.999000000000000000e+03
-9.999000000000000000e+03
-9.999000000000000000e+03
-9.999000000000000000e+03
-9.999000000000000000e+03
-9.999000000000000000e+03
-9.999000000000000000e+03
-9.374065525796031579e+03
-8.124196577388094738e+03
-7.499261698320042342e+03
-7.499260888591874391e+03
-5.624457292250124738e+03
-1.874850909294793382e+03
-4.676194768399000168e-02
-4.485020879656076431e-02
-4.214790952391922474e-02
-3.865504986606538296e-02
-3.316988691221922636e-02
-2.569242066238075495e-02
-2.007271104957908392e-02
-1.631075807381421328e-02
-1.183220237726345658e-02
-6.637043959926813841e-03
-9.632112341932952404e-04
5.189295799937099218e-03
6.143640144728124142e-03
1.899821800179779530e-03
2.387457527220249176e-03
7.606547325849533081e-03
2.195266226772218943e-02
4.542580235283821821e-02
5.665484815835952759e-02
5.563979968428611755e-02
4.402784199919551611e-02
2.181897510308772326e-02
-6.249249691469594836e+02
-1.874796336524188519e+03
-2.499732750800787471e+03
-2.499734211976756342e+03
-4.374551206923555583e+03
-8.124183735641185194e+03
-9.999000000000000000e+03
-9.999000000000000000e+03
-9.999000000000000000e+03
-9.999000000000000000e+03
-9.999000000000000000e+03
-9.999000000000000000e+03
-9.999000000000000000e+03
-9.999000000000000000e+03
-9.999000000000000000e+03
-9.999000000000000000e+03
-9.999000000000000000e+03
-9.999000000000000000e+03
-9.999000000000000000e+03
-9.999000000000000000e+03
-9.999000000000000000e+03
-9.999000000000000000e+03
-9.999000000000000000e+03
-9.999000000000000000e+03
-9.999000000000000000e+03
-9.999000000000000000e+03
-9.999000000000000000e+03
-9.999000000000000000e+03
-9.999000000000000000e+03
-9.999000000000000000e+03
-9.999000000000000000e+03
-9.999000000000000000e+03
-9.999000000000000000e+03
-9.999000000000000000e+03
-8.124196577388094738e+03
-4.374589732164284214e+03
-2.499785094960127026e+03
-2.499782665775623173e+03
-1.874852121666306630e+03
-6.249934626321773976e+02
-6.353908497840166092e-02
-6.235102470964193344e-02
-5.582081875763833523e-02
-4.394846712239086628e-02
-3.275481669697910547e-02
-2.223986748140305281e-02
-1.301902171690016985e-02
-5.092279403470456600e-03
2.830480982083827257e-03
1.074925943976268172e-02
1.830813841661438346e-02
2.550711791263893247e-02
2.591700584162026644e-02
1.953780220355838537e-02
2.137104701250791550e-02
3.141674026846885681e-02
4.348602320533245802e-02
5.757889582309871912e-02
6.056461855769157410e-02
5.244319140911102295e-02
3.531947650481015444e-02
9.193473844788968563e-03
-1.874813903830014169e+03
-5.624433972435072064e+03
-7.499244250266929157e+03
-7.499244737325585447e+03
-8.124183735641185194e+03
-9.374061245213728398e+03
-9.999000000000000000e+03
-9.999000000000000000e+03
-9.999000000000000000e+03
-9.999000000000000000e+03
-9.999000000000000000e+03
-9.999000000000000000e+03
-9.999000000000000000e+03
-9.999000000000000000e+03
-9.999000000000000000e+03
-9.999000000000000000e+03
-9.999000000000000000e+03
-9.999000000000000000e+03
-9.999000000000000000e+03
-9.999000000000000000e+03
-9.999000000000000000e+03
-9.999000000000000000e+03
-9.999000000000000000e+03
-9.999000000000000000e+03
-9.999000000000000000e+03
-9.999000000000000000e+03
-9.999000000000000000e+03
-9.999000000000000000e+03
-9.999000000000000000e+03
-9.999000000000000000e+03
-9.999000000000000000e+03
-9.999000000000000000e+03
-9.999000000000000000e+03
-7.499263612453825772e+03
-5.624461513757240027e+03
-1.874857316364068538e+03
-5.469860089942812920e-02
-5.366046773269772530e-02
-5.976335029117763042e-02
-7.300724857486784458e-02
-7.900740532204508781e-02
-7.776382053270936012e-02
-6.973645347170531750e-02
-5.492530413903295994e-02
-4.013672226574271917e-02
-2.537070785183459520e-02
-1.216700239456258714e-02
-5.256058939266949892e-04
1.014851880609057844e-02
1.985537170548923314e-02
2.799503714777529240e-02
3.456751513294875622e-02
3.417451132554560900e-02
2.681602572556585073e-02
2.700180115061812103e-02
3.473183760070241988e-02
4.102686329861171544e-02
4.588687824434600770e-02
4.456739781016949564e-02
3.706842199608217925e-02
-6.249146035923185991e+02
-1.874810448645133874e+03
-4.374568778378656134e+03
-8.124189592792885378e+03
-9.999000000000000000e+03
-9.999000000000000000e+03
-9.999000000000000000e+03
-9.999000000000000000e+03
-9.999000000000000000e+03
-9.999000000000000000e+03
-9.999000000000000000e+03
-9.999000000000000000e+03
-9.999000000000000000e+03
-9.999000000000000000e+03
-9.999000000000000000e+03
-9.999000000000000000e+03
-9.999000000000000000e+03
-9.999000000000000000e+03
-9.999000000000000000e+03
-9.999000000000000000e+03
-9.999000000000000000e+03
-9.999000000000000000e+03
-9.999000000000000000e+03
-9.999000000000000000e+03
-9.999000000000000000e+03
-9.999000000000000000e+03
-9.999000000000000000e+03
-9.999000000000000000e+03
-9.999000000000000000e+03
-9.999000000000000000e+03
-9.999000000000000000e+03
-9.999000000000000000e+03
-9.999000000000000000e+03
-9.999000000000000000e+03
-9.999000000000000000e+03
-2.499790837361477315e+03
-1.874860334903467447e+03
-6.249993299874477088e+02
-7.050924235954880714e-02
-7.387266820296645164e-02
-8.021730207838118076e-02
-8.954314398579299450e-02
-9.316690871492028236e-02
-9.108859626576304436e-02
-8.389481366612017155e-02
-7.158556091599166393e-02
-5.531560361851006746e-02
-3.508494177367538214e-02
-1.751665308256633580e-02
-2.610737545182928443e-03
1.012191109475679696e-02
2.068129283725284040e-02
2.809748495928943157e-02
3.237048746086657047e-02
3.091615659650415182e-02
2.373449236620217562e-02
1.927971994155086577e-02
1.755183932255022228e-02
1.457518254755996168e-02
1.034974961658008397e-02
8.663185915793292224e-03
9.515491445199586451e-03
-1.874805741364471032e+03
-5.624437107381832902e+03
-8.124189592792885378e+03
-9.374063197597628459e+03
-9.999000000000000000e+03
-9.999000000000000000e+03
-9.999000000000000000e+03
-9.999000000000000000e+03
-9.999000000000000000e+03
-9.999000000000000000e+03
-9.999000000000000000e+03
-9.999000000000000000e+03
-9.999000000000000000e+03
-9.999000000000000000e+03
-9.999000000000000000e+03
-9.999000000000000000e+03
-9.999000000000000000e+03
-9.999000000000000000e+03
-9.999000000000000000e+03
-9.999000000000000000e+03
-9.999000000000000000e+03
-9.999000000000000000e+03
-9.999000000000000000e+03
-9.999000000000000000e+03
-9.999000000000000000e+03
-9.999000000000000000e+03
-9.999000000000000000e+03
-9.999000000000000000e+03
-9.999000000000000000e+03
-9.999000000000000000e+03
-9.999000000000000000e+03
-9.999000000000000000e+03
-9.999000000000000000e+03
-9.999000000000000000e+03
-9.999000000000000000e+03
-5.258960183709859848e-02
-5.869147810153663158e-02
-7.089523063041269779e-02
-8.087452547624707222e-02
-8.862936263903975487e-02
-9.427323658019304276e-02
-9.780614729970693588e-02
-9.662173571996390820e-02
-9.072000184096395969e-02
-8.291878295131027699e-02
-7.321807905100286007e-02
-5.826400755904614925e-02
-3.805656847544014454e-02
-2.061588471406139433e-02
-5.941956274909898639e-03
7.155418192269280553e-03
1.867623868747614324e-02
2.788330893963575363e-02
3.477662894874811172e-02
3.563121624756604433e-02
3.044707083608955145e-02
2.408064799965359271e-02
1.653194773825816810e-02
8.820417773677036166e-03
9.460581059101969004e-04
-3.133763224468566477e-03
-3.419046217459253967e-03
-2.499752671265785466e+03
-7.499250890421928489e+03
-9.999000000000000000e+03
-9.999000000000000000e+03
-9.999000000000000000e+03
-9.999000000000000000e+03
-9.999000000000000000e+03
-9.999000000000000000e+03
-9.999000000000000000e+03
-9.999000000000000000e+03
-9.999000000000000000e+03
-9.999000000000000000e+03
-9.999000000000000000e+03
-9.999000000000000000e+03
-9.999000000000000000e+03
-9.999000000000000000e+03
-9.999000000000000000e+03
-9.999000000000000000e+03
-9.999000000000000000e+03
-9.999000000000000000e+03
-9.999000000000000000e+03
-9.999000000000000000e+03
-9.999000000000000000e+03
-9.999000000000000000e+03
-9.999000000000000000e+03
-9.999000000000000000e+03
-9.999000000000000000e+03
-9.999000000000000000e+03
-9.999000000000000000e+03
-9.999000000000000000e+03
-9.999000000000000000e+03
-9.999000000000000000e+03
-9.999000000000000000e+03
-9.999000000000000000e+03
-9.999000000000000000e+03
-4.886917490512132645e-02
-5.658348114229738712e-02
-7.201209361664950848e-02
-8.579445024952292442e-02
-9.793055104091763496e-02
-1.019311537966132164e-01
-9.779625851660966873e-02
-8.937188633717596531e-02
-7.665803725831210613e-02
-6.680836132727563381e-02
-5.982285854406654835e-02
-4.898193408735096455e-02
-3.428558795712888241e-02
-2.146469728904776275e-02
-1.051926208310760558e-02
1.249040098628029227e-03
1.384020925615914166e-02
2.735250908881425858e-02
4.178593959659337997e-02
4.831969027873128653e-02
4.695376113522797823e-02
4.140458532492630184e-02
3.167216284782625735e-02
2.376256897696293890e-02
1.767580371233634651e-02
9.176550389383919537e-03
-1.735190991894342005e-03
-2.499755393296261900e+03
-7.499251797765420633e+03
-9.999000000000000000e+03
-9.999000000000000000e+03
-9.999000000000000000e+03
-9.999000000000000000e+03
-9.999000000000000000e+03
-9.999000000000000000e+03
-9.999000000000000000e+03
-9.999000000000000000e+03
-9.999000000000000000e+03
-9.999000000000000000e+03
-9.999000000000000000e+03
-9.999000000000000000e+03
-9.999000000000000000e+03
-9.999000000000000000e+03
-9.999000000000000000e+03
-9.999000000000000000e+03
-9.999000000000000000e+03
-9.999000000000000000e+03
-9.999000000000000000e+03
-9.999000000000000000e+03
-9.999000000000000000e+03
-9.999000000000000000e+03
-9.999000000000000000e+03
-9.999000000000000000e+03
-9.999000000000000000e+03
-9.999000000000000000e+03
-9.999000000000000000e+03
-9.999000000000000000e+03
-9.999000000000000000e+03
-9.999000000000000000e+03
-9.999000000000000000e+03
-9.999000000000000000e+03
-9.999000000000000000e+03
-5.252640880644321442e-02
-6.011802004650235176e-02
-7.530124252662062645e-02
-8.856157027184963226e-02
-9.989900328218936920e-02
-1.015014373697340488e-01
-9.336887253448367119e-02
-8.077824907377362251e-02
-6.372956698760390282e-02
-5.204046494327485561e-02
-4.571094294078648090e-02
-3.747551684500649571e-02
-2.733418665593490005e-02
-1.798730134032666683e-02
-9.434860898181796074e-03
1.369150064419955015e-03
1.442473154747858644e-02
3.019908035639673471e-02
4.869219649117439985e-02
5.922554177232086658e-02
6.179911619983613491e-02
5.920077138580381870e-02
5.143050733022391796e-02
4.400598898064345121e-02
3.692721633706241846e-02
-6.249141477053635754e+02
-1.874809218776121270e+03
-4.374567565733625088e+03
-8.124189188577875029e+03
-9.999000000000000000e+03
-9.999000000000000000e+03
-9.999000000000000000e+03
-9.999000000000000000e+03
-9.999000000000000000e+03
-9.999000000000000000e+03
-9.999000000000000000e+03
-9.999000000000000000e+03
-9.999000000000000000e+03
-9.999000000000000000e+03
-9.999000000000000000e+03
-9.999000000000000000e+03
-9.999000000000000000e+03
-9.999000000000000000e+03
-9.999000000000000000e+03
-9.999000000000000000e+03
-9.999000000000000000e+03
-9.999000000000000000e+03
-9.999000000000000000e+03
-9.999000000000000000e+03
-9.999000000000000000e+03
-9.999000000000000000e+03
-9.999000000000000000e+03
-9.999000000000000000e+03
-9.999000000000000000e+03
-9.999000000000000000e+03
-9.999000000000000000e+03
-9.999000000000000000e+03
-9.999000000000000000e+03
-9.999000000000000000e+03
-9.999000000000000000e+03
-9.999000000000000000e+03
-9.999000000000000000e+03
-6.356130354106426239e-02
-6.929509481415152550e-02
-8.076267736032605171e-02
-8.917588554322719574e-02
-9.453471936285495758e-02
-9.298408729955554008e-02
-8.452398935332894325e-02
-7.084082392975687981e-02
-5.193459102883934975e-02
-3.861509379930794239e-02
-3.088233224116265774e-02
-2.374475583201274276e-02
-1.720236457185819745e-02
-1.018369686789810658e-02
-2.688752720132470131e-03
7.515748089645057917e-03
2.042980556143447757e-02
3.642302274238318205e-02
5.549539963249117136e-02
6.834877072833478451e-02
7.498313602991402149e-02
7.746920618228614330e-02
7.580698118545114994e-02
6.955067778471857309e-02
5.870029598008841276e-02
-1.874773106530483346e+03
-5.624425869801605586e+03
-8.124189188577875029e+03
-9.374063062859291676e+03
-9.999000000000000000e+03
-9.999000000000000000e+03
-9.999000000000000000e+03
-9.999000000000000000e+03
-9.999000000000000000e+03
-9.999000000000000000e+03
-9.999000000000000000e+03
-9.999000000000000000e+03
-9.999000000000000000e+03
-9.999000000000000000e+03
-9.999000000000000000e+03
-9.999000000000000000e+03
-9.999000000000000000e+03
-9.999000000000000000e+03
-9.999000000000000000e+03
-9.999000000000000000e+03
-9.999000000000000000e+03
-9.999000000000000000e+03
-9.999000000000000000e+03
-9.999000000000000000e+03
-9.999000000000000000e+03
-9.999000000000000000e+03
-9.999000000000000000e+03
-9.999000000000000000e+03
-9.999000000000000000e+03
-9.999000000000000000e+03
-9.999000000000000000e+03
-9.999000000000000000e+03
-9.999000000000000000e+03
-9.999000000000000000e+03
-9.999000000000000000e+03
-9.999000000000000000e+03
-9.999000000000000000e+03
-6.637577712535858154e-02
-7.045414717867970467e-02
-7.861088728532195091e-02
-8.217964810319244862e-02
-8.116042963229119778e-02
-7.660986168775707483e-02
-6.852794426959007978e-02
-5.536676089104730636e-02
-3.712631155212875456e-02
-2.391917943896260113e-02
-1.574536455154884607e-02
-9.049355227034538984e-03
-3.831151465419679880e-03
3.493310185149312019e-03
1.292402972467243671e-02
2.280673600034788251e-02
3.314142901217564940e-02
4.657285928260535002e-02
6.310102681163698435e-02
7.398352446034550667e-02
7.922035222873091698e-02
8.266635332256555557e-02
8.432152774184942245e-02
-6.248617846495471895e+02
-1.874755652178544551e+03
-4.374526939457282424e+03
-8.124175646485760808e+03
-9.999000000000000000e+03
-9.999000000000000000e+03
-9.999000000000000000e+03
-9.999000000000000000e+03
-9.999000000000000000e+03
-9.999000000000000000e+03
-9.999000000000000000e+03
-9.999000000000000000e+03
-9.999000000000000000e+03
-9.999000000000000000e+03
-9.999000000000000000e+03
-9.999000000000000000e+03
-9.999000000000000000e+03
-9.999000000000000000e+03
-9.999000000000000000e+03
-9.999000000000000000e+03
-9.999000000000000000e+03
-9.999000000000000000e+03
-9.999000000000000000e+03
-9.999000000000000000e+03
-9.999000000000000000e+03
-9.999000000000000000e+03
-9.999000000000000000e+03
-9.999000000000000000e+03
-9.999000000000000000e+03
-9.999000000000000000e+03
-9.999000000000000000e+03
-9.999000000000000000e+03
-9.999000000000000000e+03
-9.999000000000000000e+03
-9.999000000000000000e+03
-9.999000000000000000e+03
-9.999000000000000000e+03
-9.999000000000000000e+03
-9.999000000000000000e+03
-6.096982955932617188e-02
-6.359517714008688927e-02
-6.884587230160832405e-02
-6.757285795174539089e-02
-5.977613409049808979e-02
-5.237876053433865309e-02
-4.538073728326708078e-02
-3.435605995764490217e-02
-1.930472855747211725e-02
-7.952721862238831818e-03
-3.000398719450458884e-04
6.610684969928115606e-03
1.277945266338065267e-02
2.304371981881558895e-02
3.740348643623292446e-02
4.724211379652842879e-02
5.255960189970210195e-02
6.064858997706323862e-02
7.150907802861183882e-02
7.612980296835303307e-02
7.451076479628682137e-02
7.479221280664205551e-02
7.697414699941873550e-02
-1.874749999993015081e+03
-5.624406130207236856e+03
-8.124175646485760808e+03
-9.374058548828586936e+03
-9.999000000000000000e+03
-9.999000000000000000e+03
-9.999000000000000000e+03
-9.999000000000000000e+03
-9.999000000000000000e+03
-9.999000000000000000e+03
-9.999000000000000000e+03
-9.999000000000000000e+03
-9.999000000000000000e+03
-9.999000000000000000e+03
-9.999000000000000000e+03
-9.999000000000000000e+03
-9.999000000000000000e+03
-9.999000000000000000e+03
-9.999000000000000000e+03
-9.999000000000000000e+03
-9.999000000000000000e+03
-9.999000000000000000e+03
-9.999000000000000000e+03
-9.999000000000000000e+03
-9.999000000000000000e+03
-9.999000000000000000e+03
-9.999000000000000000e+03
-9.999000000000000000e+03
-9.999000000000000000e+03
-9.999000000000000000e+03
-9.999000000000000000e+03
-9.999000000000000000e+03
-9.999000000000000000e+03
-9.999000000000000000e+03
-9.999000000000000000e+03
-9.999000000000000000e+03
-9.999000000000000000e+03
-9.999000000000000000e+03
-9.999000000000000000e+03
-5.214750859886407852e-02
-5.262139975093305111e-02
-5.356918205507099628e-02
-4.864476486909552477e-02
-3.784814819300663657e-02
-2.915306487193447538e-02
-2.255951490587904118e-02
-1.040403403749223799e-02
7.313377733225934207e-03
1.969127396296244115e-02
2.672965465171728283e-02
3.331941575743257999e-02
3.946055728010833263e-02
4.791635740548372269e-02
5.868681613355875015e-02
6.456186180002987385e-02
6.554149440489709377e-02
6.727826804853975773e-02
6.977218273095786572e-02
-6.248711795539129525e+02
-1.874755576941883191e+03
-2.499696858643088490e+03
-2.499695024657528847e+03
-4.374520580748561770e+03
-8.124173526916187257e+03
-9.999000000000000000e+03
-9.999000000000000000e+03
-9.999000000000000000e+03
-9.999000000000000000e+03
-9.999000000000000000e+03
-9.999000000000000000e+03
-9.999000000000000000e+03
-9.999000000000000000e+03
-9.999000000000000000e+03
-9.999000000000000000e+03
-9.999000000000000000e+03
-9.999000000000000000e+03
-9.999000000000000000e+03
-9.999000000000000000e+03
-9.999000000000000000e+03
-9.999000000000000000e+03
-9.999000000000000000e+03
-9.999000000000000000e+03
-9.999000000000000000e+03
-9.999000000000000000e+03
-9.999000000000000000e+03
-9.999000000000000000e+03
-9.999000000000000000e+03
-9.999000000000000000e+03
-9.999000000000000000e+03
-9.999000000000000000e+03
-9.999000000000000000e+03
-9.999000000000000000e+03
-9.999000000000000000e+03
-9.999000000000000000e+03
-9.999000000000000000e+03
-9.999000000000000000e+03
-9.999000000000000000e+03
-9.999000000000000000e+03
-9.999000000000000000e+03
-9.999000000000000000e+03
-9.999000000000000000e+03
-3.990881424397230148e-02
-3.753281501121819019e-02
-3.278081654570996761e-02
-2.539536885524285026e-02
-1.537647193981683813e-02
-6.932774700544541702e-03
-6.427713742596097291e-05
1.648931686941068619e-02
4.272800731996539980e-02
5.901280803664121777e-02
6.534371901943814009e-02
7.107683713547885418e-02
7.621216238476336002e-02
7.811122294515371323e-02
7.677401881664991379e-02
7.476598001085221767e-02
7.208710652776062489e-02
6.646189349703490734e-02
5.789034091867506504e-02
-1.874767944546183571e+03
-5.624411042767809704e+03
-7.499232286214362830e+03
-7.499231674885842949e+03
-8.124173526916187257e+03
-9.374057842305395752e+03
-9.999000000000000000e+03
-9.999000000000000000e+03
-9.999000000000000000e+03
-9.999000000000000000e+03
-9.999000000000000000e+03
-9.999000000000000000e+03
-9.999000000000000000e+03
-9.999000000000000000e+03
-9.999000000000000000e+03
-9.999000000000000000e+03
-9.999000000000000000e+03
-9.999000000000000000e+03
-9.999000000000000000e+03
-9.999000000000000000e+03
-9.999000000000000000e+03
-9.999000000000000000e+03
-9.999000000000000000e+03
-9.999000000000000000e+03
-9.999000000000000000e+03
-9.999000000000000000e+03
-9.999000000000000000e+03
-9.999000000000000000e+03
-9.999000000000000000e+03
-9.999000000000000000e+03
-9.999000000000000000e+03
-9.999000000000000000e+03
-9.999000000000000000e+03
-9.999000000000000000e+03
-9.999000000000000000e+03
-9.999000000000000000e+03
-9.999000000000000000e+03
-9.999000000000000000e+03
-9.999000000000000000e+03
-9.999000000000000000e+03
-9.999000000000000000e+03
-9.999000000000000000e+03
-9.999000000000000000e+03
-2.825673157349228859e-02
-2.261245262343436480e-02
-1.132389472331851721e-02
-1.525913139630574733e-04
1.090145760463201441e-02
2.058891250999295153e-02
2.890977340211975388e-02
4.556461912579834461e-02
7.055344968102872372e-02
8.506765402853488922e-02
8.910723216831684113e-02
-6.248509852015413344e+02
-1.874735209647100419e+03
-2.499680093508213758e+03
-2.499685636784881353e+03
-2.499690098970662802e+03
-2.499693480065558106e+03
-2.499700459720334038e+03
-2.499711037934990600e+03
-4.374537245281739160e+03
-8.124179081760579720e+03
-9.999000000000000000e+03
-9.999000000000000000e+03
-9.999000000000000000e+03
-9.999000000000000000e+03
-9.999000000000000000e+03
-9.999000000000000000e+03
-9.999000000000000000e+03
-9.999000000000000000e+03
-9.999000000000000000e+03
-9.999000000000000000e+03
-9.999000000000000000e+03
-9.999000000000000000e+03
-9.999000000000000000e+03
-9.999000000000000000e+03
-9.999000000000000000e+03
-9.999000000000000000e+03
-9.999000000000000000e+03
-9.999000000000000000e+03
-9.999000000000000000e+03
-9.999000000000000000e+03
-9.999000000000000000e+03
-9.999000000000000000e+03
-9.999000000000000000e+03
-9.999000000000000000e+03
-9.999000000000000000e+03
-9.999000000000000000e+03
-9.999000000000000000e+03
-9.999000000000000000e+03
-9.999000000000000000e+03
-9.999000000000000000e+03
-9.999000000000000000e+03
-9.999000000000000000e+03
-9.999000000000000000e+03
-9.999000000000000000e+03
-9.999000000000000000e+03
-9.999000000000000000e+03
-9.999000000000000000e+03
-9.999000000000000000e+03
-9.999000000000000000e+03
-9.999000000000000000e+03
-9.999000000000000000e+03
-1.719126058742403984e-02
-7.860312587581574917e-03
1.080158341210335493e-02
2.708356775474385358e-02
4.098564044033992104e-02
5.341199675967800431e-02
6.436263671275810339e-02
7.682187273167073727e-02
9.078970481641590595e-02
9.785581193864345551e-02
9.802019409835338593e-02
-1.874732866700273007e+03
-5.624394804871175438e+03
-7.499226697836071253e+03
-7.499228545594960451e+03
-7.499230032990220934e+03
-7.499231160021852702e+03
-7.499233486573444679e+03
-7.499237012644996867e+03
-8.124179081760579720e+03
-9.374059693920193240e+03
-9.999000000000000000e+03
-9.999000000000000000e+03
-9.999000000000000000e+03
-9.999000000000000000e+03
-9.999000000000000000e+03
-9.999000000000000000e+03
-9.999000000000000000e+03
-9.999000000000000000e+03
-9.999000000000000000e+03
-9.999000000000000000e+03
-9.999000000000000000e+03
-9.999000000000000000e+03
-9.999000000000000000e+03
-9.999000000000000000e+03
-9.999000000000000000e+03
-9.999000000000000000e+03
-9.999000000000000000e+03
-9.999000000000000000e+03
-9.999000000000000000e+03
-9.999000000000000000e+03
-9.999000000000000000e+03
-9.999000000000000000e+03
-9.999000000000000000e+03
-9.999000000000000000e+03
-9.999000000000000000e+03
-9.999000000000000000e+03
-9.999000000000000000e+03
-9.999000000000000000e+03
-9.999000000000000000e+03
-9.999000000000000000e+03
-9.999000000000000000e+03
-9.999000000000000000e+03
-9.999000000000000000e+03
-9.999000000000000000e+03
-9.999000000000000000e+03
-9.999000000000000000e+03
-9.999000000000000000e+03
-9.999000000000000000e+03
-9.999000000000000000e+03
-9.999000000000000000e+03
-9.999000000000000000e+03
-9.110141691053286195e-03
2.561529472586698830e-04
1.898874222388258204e-02
3.742472152225673199e-02
5.556409084238111973e-02
-6.248724830746650696e+02
-1.874746716775000095e+03
-2.499680662125349045e+03
-2.499674319125711918e+03
-2.499671812581829727e+03
-2.499673142493702471e+03
-4.374505355587229133e+03
-8.124168451862409711e+03
-9.999000000000000000e+03
-9.999000000000000000e+03
-9.999000000000000000e+03
-9.999000000000000000e+03
-9.999000000000000000e+03
-9.999000000000000000e+03
-9.999000000000000000e+03
-9.999000000000000000e+03
-9.999000000000000000e+03
-9.999000000000000000e+03
-9.999000000000000000e+03
-9.999000000000000000e+03
-9.999000000000000000e+03
-9.999000000000000000e+03
-9.999000000000000000e+03
-9.999000000000000000e+03
-9.999000000000000000e+03
-9.999000000000000000e+03
-9.999000000000000000e+03
-9.999000000000000000e+03
-9.999000000000000000e+03
-9.999000000000000000e+03
-9.999000000000000000e+03
-9.999000000000000000e+03
-9.999000000000000000e+03
-9.999000000000000000e+03
-9.999000000000000000e+03
-9.999000000000000000e+03
-9.999000000000000000e+03
-9.999000000000000000e+03
-9.999000000000000000e+03
-9.999000000000000000e+03
-9.999000000000000000e+03
-9.999000000000000000e+03
-9.999000000000000000e+03
-9.999000000000000000e+03
-9.999000000000000000e+03
-9.999000000000000000e+03
-9.999000000000000000e+03
-9.999000000000000000e+03
-9.999000000000000000e+03
-9.999000000000000000e+03
-9.999000000000000000e+03
-9.999000000000000000e+03
-9.999000000000000000e+03
-9.999000000000000000e+03
-9.999000000000000000e+03
-9.999000000000000000e+03
-9.999000000000000000e+03
-4.013374884380027652e-03
1.736943981086369604e-03
1.323758171201916412e-02
3.087086998857557774e-02
5.463680881075561047e-02
-1.874757096301764250e+03
-5.624404328461736441e+03
-7.499226887375116348e+03
-7.499224773041903973e+03
-7.499223937527276576e+03
-7.499224380831234157e+03
-8.124168451862409711e+03
-9.374056150620803237e+03
-9.999000000000000000e+03
-9.999000000000000000e+03
-9.999000000000000000e+03
-9.999000000000000000e+03
-9.999000000000000000e+03
-9.999000000000000000e+03
-9.999000000000000000e+03
-9.999000000000000000e+03
-9.999000000000000000e+03
-9.999000000000000000e+03
-9.999000000000000000e+03
-9.999000000000000000e+03
-9.999000000000000000e+03
-9.999000000000000000e+03
-9.999000000000000000e+03
-9.999000000000000000e+03
-9.999000000000000000e+03
-9.999000000000000000e+03
-9.999000000000000000e+03
-9.999000000000000000e+03
-9.999000000000000000e+03
-9.999000000000000000e+03
-9.999000000000000000e+03
-9.999000000000000000e+03
-9.999000000000000000e+03
-9.999000000000000000e+03
-9.999000000000000000e+03
-9.999000000000000000e+03
-9.999000000000000000e+03
-9.999000000000000000e+03
-9.999000000000000000e+03
-9.999000000000000000e+03
-9.999000000000000000e+03
-9.999000000000000000e+03
-9.999000000000000000e+03
-9.999000000000000000e+03
-9.999000000000000000e+03
-9.999000000000000000e+03
-9.999000000000000000e+03
-9.999000000000000000e+03
-9.999000000000000000e+03
-9.999000000000000000e+03
-9.999000000000000000e+03
-9.999000000000000000e+03
-9.999000000000000000e+03
-9.999000000000000000e+03
-9.999000000000000000e+03
-9.999000000000000000e+03
-9.999000000000000000e+03
-1.464991481043398380e-03
2.477339498000219464e-03
1.036200145608745515e-02
2.759394422173500061e-02
5.417316779494285583e-02
-2.499699402915313840e+03
-7.499233134305104613e+03
-9.999000000000000000e+03
-9.999000000000000000e+03
-9.999000000000000000e+03
-9.999000000000000000e+03
-9.999000000000000000e+03
-9.999000000000000000e+03
-9.999000000000000000e+03
-9.999000000000000000e+03
-9.999000000000000000e+03
-9.999000000000000000e+03
-9.999000000000000000e+03
-9.999000000000000000e+03
-9.999000000000000000e+03
-9.999000000000000000e+03
-9.999000000000000000e+03
-9.999000000000000000e+03
-9.999000000000000000e+03
-9.999000000000000000e+03
-9.999000000000000000e+03
-9.999000000000000000e+03
-9.999000000000000000e+03
-9.999000000000000000e+03
-9.999000000000000000e+03
-9.999000000000000000e+03
-9.999000000000000000e+03
-9.999000000000000000e+03
-9.999000000000000000e+03
-9.999000000000000000e+03
-9.999000000000000000e+03
-9.999000000000000000e+03
-9.999000000000000000e+03
-9.999000000000000000e+03
-9.999000000000000000e+03
-9.999000000000000000e+03
-9.999000000000000000e+03
-9.999000000000000000e+03
-9.999000000000000000e+03
-9.999000000000000000e+03
-9.999000000000000000e+03
-9.999000000000000000e+03
-9.999000000000000000e+03
-9.999000000000000000e+03
-9.999000000000000000e+03
-9.999000000000000000e+03
-9.999000000000000000e+03
-9.999000000000000000e+03
-9.999000000000000000e+03
-9.999000000000000000e+03
-9.999000000000000000e+03
-9.999000000000000000e+03
-9.999000000000000000e+03
-9.999000000000000000e+03
-9.999000000000000000e+03
-9.999000000000000000e+03
-9.999000000000000000e+03
