-1.474515050649642944e-01
-1.049641370773315430e-01
-4.963899031281471252e-02
1.269034948199987411e-02
5.528586357831954956e-02
8.646605908870697021e-02
1.149856597185134888e-01
1.422778218984603882e-01
1.819559186697006226e-01
2.123599052429199219e-01
2.137644588947296143e-01
-9.999000000000000000e+03
-9.999000000000000000e+03
-9.999000000000000000e+03
-9.999000000000000000e+03
-9.999000000000000000e+03
-9.999000000000000000e+03
-9.999000000000000000e+03
-9.999000000000000000e+03
-9.999000000000000000e+03
-9.999000000000000000e+03
-9.999000000000000000e+03
-9.999000000000000000e+03
2.381594106554985046e-02
9.239912778139114380e-02
1.087801605463027954e-01
1.215520054101943970e-01
1.130726858973503113e-01
1.051277965307235718e-01
9.070850163698196411e-02
8.261796832084655762e-02
-1.444735378026962280e-01
-1.005776226520538330e-01
-3.947747871279716492e-02
1.524491049349308014e-02
6.358589231967926025e-02
9.402906149625778198e-02
1.315314322710037231e-01
1.673202365636825562e-01
1.998028457164764404e-01
2.234371304512023926e-01
2.244270145893096924e-01
1.232596412301063538e-01
-9.999000000000000000e+03
-9.999000000000000000e+03
-9.999000000000000000e+03
-9.999000000000000000e+03
-9.999000000000000000e+03
-9.999000000000000000e+03
-9.999000000000000000e+03
-9.999000000000000000e+03
-9.999000000000000000e+03
-1.587009290233254433e-03
-2.367632696405053139e-03
1.560369599610567093e-02
4.039746895432472229e-02
8.086400479078292847e-02
1.021908298134803772e-01
1.003417819738388062e-01
9.146377444267272949e-02
8.652586489915847778e-02
8.521255105733871460e-02
-1.483114808797836304e-01
-8.960591256618499756e-02
-2.159291878342628479e-02
1.935155689716339111e-02
5.751249194145202637e-02
8.993829786777496338e-02
1.326563954353332520e-01
1.789199709892272949e-01
2.116847038269042969e-01
2.237989008426666260e-01
1.987190097570419312e-01
1.202384904026985168e-01
-9.999000000000000000e+03
-9.999000000000000000e+03
-9.999000000000000000e+03
-9.999000000000000000e+03
-9.999000000000000000e+03
-9.999000000000000000e+03
-9.999000000000000000e+03
-1.372304186224937439e-02
-7.086896803230047226e-03
8.330387063324451447e-03
-9.565370157361030579e-03
4.309042356908321381e-03
4.619212076067924500e-02
5.732894688844680786e-02
7.136291265487670898e-02
6.776418536901473999e-02
7.209414243698120117e-02
7.151985913515090942e-02
7.967829704284667969e-02
-1.370937675237655640e-01
-9.377034008502960205e-02
-4.624568670988082886e-02
-2.394643146544694901e-03
5.109585076570510864e-02
1.015096381306648254e-01
1.433929502964019775e-01
1.818494498729705811e-01
2.060332745313644409e-01
2.175736278295516968e-01
2.035026401281356812e-01
1.255949884653091431e-01
6.236664578318595886e-02
-9.999000000000000000e+03
-9.999000000000000000e+03
-9.999000000000000000e+03
-2.291564457118511200e-02
-3.176517412066459656e-02
-3.010836057364940643e-02
-5.117297638207674026e-03
3.428825410082936287e-03
5.839434918016195297e-03
5.157144274562597275e-03
1.792561076581478119e-02
6.269750744104385376e-02
2.813649363815784454e-02
4.815666750073432922e-02
4.394854232668876648e-02
4.790520295500755310e-02
6.056484580039978027e-02
7.387788593769073486e-02
-1.317878216505050659e-01
-8.563996106386184692e-02
-4.404491186141967773e-02
-3.625470446422696114e-03
4.651086404919624329e-02
9.137652069330215454e-02
1.338602602481842041e-01
1.755713969469070435e-01
1.996759772300720215e-01
2.039188295602798462e-01
1.840691119432449341e-01
1.355098336935043335e-01
6.621889770030975342e-02
3.993677906692028046e-03
-1.792932301759719849e-02
-3.426297754049301147e-02
-3.306021168828010559e-02
-1.892795227468013763e-02
-7.052176631987094879e-03
1.609087549149990082e-02
1.768101565539836884e-02
2.019425481557846069e-02
1.779776625335216522e-02
1.369025837630033493e-02
9.209812618792057037e-03
-8.614072576165199280e-03
2.152196131646633148e-03
1.216921117156744003e-02
2.709891274571418762e-02
5.200454220175743103e-02
7.228842377662658691e-02
-1.007562577724456787e-01
-7.638072967529296875e-02
-4.923002794384956360e-02
-3.951233346015214920e-03
5.255547910928726196e-02
9.442210942506790161e-02
1.217406317591667175e-01
1.500487774610519409e-01
1.643297523260116577e-01
1.795243918895721436e-01
1.763569116592407227e-01
1.165021359920501709e-01
6.015144661068916321e-02
6.338970270007848740e-03
-1.785399764776229858e-02
-2.487507089972496033e-02
-5.851267836987972260e-03
2.808310464024543762e-02
3.975403681397438049e-02
4.739256203174591064e-02
3.546172752976417542e-02
2.023611031472682953e-02
1.840175944380462170e-03
-1.907348819077014923e-02
-3.701871633529663086e-02
-5.850436165928840637e-02
-3.363083302974700928e-02
-2.573568187654018402e-02
-9.230031631886959076e-03
2.613328211009502411e-02
5.172652751207351685e-02
-5.732966214418411255e-02
-4.213881120085716248e-02
-1.988885179162025452e-02
1.241045631468296051e-02
4.709501564502716064e-02
8.023953437805175781e-02
1.061612740159034729e-01
1.245671212673187256e-01
1.296700835227966309e-01
1.340498775243759155e-01
1.284851133823394775e-01
8.952987939119338989e-02
5.539522320032119751e-02
9.337465278804302216e-03
1.104514487087726593e-02
2.450943551957607269e-02
5.423862114548683167e-02
7.461548596620559692e-02
7.375396788120269775e-02
7.192806899547576904e-02
5.020377412438392639e-02
1.475927885621786118e-02
-3.313416987657546997e-02
-6.767225265502929688e-02
-9.604423493146896362e-02
-1.124360486865043640e-01
-9.432972967624664307e-02
-1.020388081669807434e-01
-7.900340110063552856e-02
-1.249419432133436203e-02
1.027590688318014145e-02
-4.591620713472366333e-02
-3.012544661760330200e-02
-1.954976702108979225e-03
1.590515300631523132e-02
4.419985413551330566e-02
7.034144550561904907e-02
8.342166990041732788e-02
9.708021581172943115e-02
9.196268022060394287e-02
9.739862382411956787e-02
9.608162194490432739e-02
5.928075686097145081e-02
4.665996879339218140e-02
4.065070301294326782e-02
6.018290296196937561e-02
7.367895543575286865e-02
1.008694469928741455e-01
1.029700934886932373e-01
9.395962208509445190e-02
8.779266476631164551e-02
6.244128942489624023e-02
2.764363586902618408e-02
-2.540253661572933197e-02
-9.242996573448181152e-02
-1.553231477737426758e-01
-1.684546023607254028e-01
-1.776729226112365723e-01
-1.809376925230026245e-01
-1.466787457466125488e-01
-7.142037153244018555e-02
-4.170519113540649414e-02
-3.641087934374809265e-02
-1.888274773955345154e-02
-7.215758785605430603e-03
5.140816792845726013e-04
2.178826369345188141e-02
4.063917323946952820e-02
4.325060918927192688e-02
5.959056690335273743e-02
6.592352688312530518e-02
8.106625825166702271e-02
8.552373200654983521e-02
6.699031591415405273e-02
7.206414639949798584e-02
8.924484252929687500e-02
1.106062084436416626e-01
1.126746758818626404e-01
1.169287562370300293e-01
1.091752201318740845e-01
1.023527830839157104e-01
9.225743263959884644e-02
4.776114225387573242e-02
7.396628148853778839e-03
-1.889229007065296173e-02
-6.019080057740211487e-02
-7.789529114961624146e-02
-1.597564518451690674e-01
-2.124781310558319092e-01
-2.341037243604660034e-01
-1.865781545639038086e-01
-1.110860034823417664e-01
-4.959645867347717285e-02
-1.855955272912979126e-02
-1.226465031504631042e-02
-1.299392059445381165e-02
-8.671782910823822021e-03
-5.850353627465665340e-04
8.565750904381275177e-03
1.502198912203311920e-02
3.472982347011566162e-02
4.743584617972373962e-02
7.784763723611831665e-02
8.975305408239364624e-02
1.010976880788803101e-01
1.093135997653007507e-01
1.165481433272361755e-01
1.226873695850372314e-01
1.207011416554450989e-01
1.137050986289978027e-01
7.186379283666610718e-02
7.034955918788909912e-02
3.979022800922393799e-02
2.895299345254898071e-02
-9.999000000000000000e+03
-9.999000000000000000e+03
-9.999000000000000000e+03
-9.999000000000000000e+03
-9.999000000000000000e+03
-9.999000000000000000e+03
-2.024447768926620483e-01
-2.309711873531341553e-01
-1.440888792276382446e-01
-6.588302552700042725e-02
-8.302972652018070221e-03
-2.299978659721091390e-04
2.865058369934558868e-03
1.287895347923040390e-02
3.297521965578198433e-03
-1.860413001850247383e-03
6.352972239255905151e-03
2.271388284862041473e-02
5.063572153449058533e-02
9.013091027736663818e-02
1.101489886641502380e-01
1.346553564071655273e-01
1.308641135692596436e-01
1.262042075395584106e-01
1.135591939091682434e-01
1.017208397388458252e-01
1.070069819688796997e-01
-9.999000000000000000e+03
-9.999000000000000000e+03
-9.999000000000000000e+03
-9.999000000000000000e+03
-9.999000000000000000e+03
-9.999000000000000000e+03
-9.999000000000000000e+03
-9.999000000000000000e+03
-9.999000000000000000e+03
-9.999000000000000000e+03
-1.618323475122451782e-01
-2.145967185497283936e-01
-1.879118084907531738e-01
-1.109230071306228638e-01
-7.369186263531446457e-03
-5.201769061386585236e-03
1.141323056071996689e-02
1.374177448451519012e-02
5.604923935607075691e-04
-1.492881495505571365e-02
-1.033184304833412170e-02
1.707371883094310760e-02
7.285347580909729004e-02
1.219702139496803284e-01
1.311286985874176025e-01
1.428809911012649536e-01
1.403352171182632446e-01
1.214189454913139343e-01
5.873585119843482971e-02
6.160168722271919250e-02
-9.999000000000000000e+03
-9.999000000000000000e+03
-9.999000000000000000e+03
-9.999000000000000000e+03
-9.999000000000000000e+03
-9.999000000000000000e+03
-9.999000000000000000e+03
-9.999000000000000000e+03
-9.999000000000000000e+03
-9.999000000000000000e+03
-9.999000000000000000e+03
-9.999000000000000000e+03
-1.391229182481765747e-01
-1.607436388731002808e-01
-8.576852828264236450e-02
-4.717968404293060303e-02
-5.369709432125091553e-02
-3.330679610371589661e-02
-1.657216064631938934e-02
-1.812033914029598236e-02
-2.355797775089740753e-02
-3.306245664134621620e-03
4.398977756500244141e-02
9.992486983537673950e-02
1.207868605852127075e-01
1.262579262256622314e-01
1.561537235975265503e-01
1.057725921273231506e-01
1.103309318423271179e-01
-9.999000000000000000e+03
-9.999000000000000000e+03
-9.999000000000000000e+03
-9.999000000000000000e+03
-9.999000000000000000e+03
-9.999000000000000000e+03
-9.999000000000000000e+03
-9.999000000000000000e+03
-9.999000000000000000e+03
-9.999000000000000000e+03
-9.999000000000000000e+03
-9.999000000000000000e+03
-9.999000000000000000e+03
-9.999000000000000000e+03
-9.999000000000000000e+03
-1.234220117330551147e-01
-7.757800817489624023e-02
-9.999000000000000000e+03
-7.425538450479507446e-02
-7.368182390928268433e-02
-4.835655167698860168e-02
-2.420079149305820465e-02
-1.509462296962738037e-02
1.279615890234708786e-02
9.079584479331970215e-02
1.086824536323547363e-01
1.076083034276962280e-01
1.276174783706665039e-01
1.361497938632965088e-01
8.023393899202346802e-02
-9.999000000000000000e+03
-9.999000000000000000e+03
-9.999000000000000000e+03
-9.999000000000000000e+03
-9.999000000000000000e+03
-9.999000000000000000e+03
-9.999000000000000000e+03
-9.999000000000000000e+03
-9.999000000000000000e+03
-9.999000000000000000e+03
-9.999000000000000000e+03
-9.999000000000000000e+03
-9.999000000000000000e+03
-9.999000000000000000e+03
-9.999000000000000000e+03
-9.999000000000000000e+03
-5.468362942337989807e-02
-3.498623892664909363e-02
-9.999000000000000000e+03
-9.999000000000000000e+03
-9.498899430036544800e-02
-6.506707519292831421e-02
-2.758826501667499542e-02
7.210249896161258221e-04
5.774730071425437927e-02
1.035221964120864868e-01
1.017434298992156982e-01
1.001609116792678833e-01
1.116402819752693176e-01
2.673427388072013855e-02
-9.999000000000000000e+03
-9.999000000000000000e+03
-9.999000000000000000e+03
-9.999000000000000000e+03
-9.999000000000000000e+03
-9.999000000000000000e+03
-9.999000000000000000e+03
-9.999000000000000000e+03
-9.999000000000000000e+03
-9.999000000000000000e+03
-9.999000000000000000e+03
-9.999000000000000000e+03
-9.999000000000000000e+03
-9.999000000000000000e+03
-9.999000000000000000e+03
-9.999000000000000000e+03
-9.999000000000000000e+03
-2.190765179693698883e-02
-1.209285110235214233e-02
-9.999000000000000000e+03
-9.999000000000000000e+03
-7.065819203853607178e-02
-6.600692868232727051e-02
-3.078944794833660126e-02
9.609752334654331207e-03
7.545348256826400757e-02
9.343219548463821411e-02
1.030066013336181641e-01
1.001671850681304932e-01
8.259814232587814331e-02
3.899577632546424866e-02
-9.999000000000000000e+03
-9.999000000000000000e+03
-9.999000000000000000e+03
-9.999000000000000000e+03
-9.999000000000000000e+03
-9.999000000000000000e+03
-9.999000000000000000e+03
-9.999000000000000000e+03
-9.999000000000000000e+03
-9.999000000000000000e+03
-9.999000000000000000e+03
-9.999000000000000000e+03
-9.999000000000000000e+03
-9.999000000000000000e+03
-9.999000000000000000e+03
-9.999000000000000000e+03
-9.999000000000000000e+03
-9.999000000000000000e+03
-9.999000000000000000e+03
-9.999000000000000000e+03
-9.999000000000000000e+03
-4.944984242320060730e-02
-5.642770230770111084e-02
-2.061562985181808472e-02
2.455779723823070526e-02
4.325235262513160706e-02
7.578538358211517334e-02
1.176701933145523071e-01
1.037429198622703552e-01
5.607964843511581421e-02
3.965580835938453674e-02
-9.999000000000000000e+03
-9.999000000000000000e+03
-9.999000000000000000e+03
-9.999000000000000000e+03
-9.999000000000000000e+03
-9.999000000000000000e+03
-9.999000000000000000e+03
-9.999000000000000000e+03
-9.999000000000000000e+03
-9.999000000000000000e+03
-9.999000000000000000e+03
-9.999000000000000000e+03
-9.999000000000000000e+03
-9.999000000000000000e+03
-9.999000000000000000e+03
-9.999000000000000000e+03
-9.999000000000000000e+03
-9.999000000000000000e+03
-9.999000000000000000e+03
-9.999000000000000000e+03
-9.999000000000000000e+03
-9.999000000000000000e+03
-4.192814230918884277e-02
-2.365877293050289154e-02
1.762121543288230896e-02
-4.131875932216644287e-02
4.751780629158020020e-02
1.167811006307601929e-01
1.409856081008911133e-01
9.224899858236312866e-02
-9.999000000000000000e+03
-9.999000000000000000e+03
-9.999000000000000000e+03
-9.999000000000000000e+03
-9.999000000000000000e+03
-9.999000000000000000e+03
-9.999000000000000000e+03
-9.999000000000000000e+03
-9.999000000000000000e+03
-9.999000000000000000e+03
-9.999000000000000000e+03
-9.999000000000000000e+03
-9.999000000000000000e+03
-9.999000000000000000e+03
-9.999000000000000000e+03
-9.999000000000000000e+03
-9.999000000000000000e+03
-9.999000000000000000e+03
-9.999000000000000000e+03
-9.999000000000000000e+03
-9.999000000000000000e+03
-9.999000000000000000e+03
-9.999000000000000000e+03
-3.100808337330818176e-02
-8.998392149806022644e-03
-1.633536629378795624e-02
-6.512119621038436890e-02
2.806290797889232635e-02
1.346899718046188354e-01
1.780628114938735962e-01
1.524329334497451782e-01
1.040919572114944458e-01
-9.999000000000000000e+03
-9.999000000000000000e+03
-9.999000000000000000e+03
-9.999000000000000000e+03
-9.999000000000000000e+03
-9.999000000000000000e+03
-9.999000000000000000e+03
-9.999000000000000000e+03
-9.999000000000000000e+03
-9.999000000000000000e+03
-9.999000000000000000e+03
-9.999000000000000000e+03
-9.999000000000000000e+03
-9.999000000000000000e+03
-9.999000000000000000e+03
-9.999000000000000000e+03
-9.999000000000000000e+03
-9.999000000000000000e+03
-9.999000000000000000e+03
-9.999000000000000000e+03
-9.999000000000000000e+03
-9.999000000000000000e+03
-9.999000000000000000e+03
-1.946152746677398682e-02
-4.012790694832801819e-02
-4.828944429755210876e-02
1.792707480490207672e-02
6.108823046088218689e-02
3.341155499219894409e-02
9.536544978618621826e-02
9.506106376647949219e-02
-9.999000000000000000e+03
-9.999000000000000000e+03
-9.999000000000000000e+03
-9.999000000000000000e+03
-9.999000000000000000e+03
-9.999000000000000000e+03
-9.999000000000000000e+03
-9.999000000000000000e+03
-9.999000000000000000e+03
-9.999000000000000000e+03
-9.999000000000000000e+03
-9.999000000000000000e+03
-9.999000000000000000e+03
-9.999000000000000000e+03
-9.999000000000000000e+03
-9.999000000000000000e+03
-9.999000000000000000e+03
-9.999000000000000000e+03
-9.999000000000000000e+03
-9.999000000000000000e+03
-9.999000000000000000e+03
-9.999000000000000000e+03
-9.999000000000000000e+03
-3.613297641277313232e-02
-6.768260896205902100e-02
-8.305842429399490356e-02
-8.177104592323303223e-02
-1.114916950464248657e-01
-1.402699053287506104e-01
-7.549589872360229492e-02
2.365511097013950348e-02
8.376491814851760864e-02
-9.999000000000000000e+03
-9.999000000000000000e+03
-9.999000000000000000e+03
-9.999000000000000000e+03
-9.999000000000000000e+03
-9.999000000000000000e+03
-9.999000000000000000e+03
-9.999000000000000000e+03
-9.999000000000000000e+03
-9.999000000000000000e+03
-9.999000000000000000e+03
-9.999000000000000000e+03
-9.999000000000000000e+03
-9.999000000000000000e+03
-9.999000000000000000e+03
-9.999000000000000000e+03
-9.999000000000000000e+03
-9.999000000000000000e+03
-9.999000000000000000e+03
-9.999000000000000000e+03
-9.999000000000000000e+03
-9.999000000000000000e+03
9.181861765682697296e-03
-4.472167044878005981e-02
-8.449804037809371948e-02
-1.194525659084320068e-01
-1.466146856546401978e-01
-1.731293797492980957e-01
-1.222267076373100281e-01
6.432648515328764915e-04
1.026022285223007202e-01
4.454201832413673401e-02
4.851115809287875891e-04
1.470315642654895782e-02
7.170204538851976395e-03
-9.999000000000000000e+03
-9.999000000000000000e+03
-9.999000000000000000e+03
-9.999000000000000000e+03
-9.999000000000000000e+03
-9.999000000000000000e+03
-9.999000000000000000e+03
-9.999000000000000000e+03
-9.999000000000000000e+03
-9.999000000000000000e+03
-9.999000000000000000e+03
-9.999000000000000000e+03
-9.999000000000000000e+03
-9.999000000000000000e+03
-9.999000000000000000e+03
-9.999000000000000000e+03
-9.999000000000000000e+03
-1.128028961829841137e-03
4.872983321547508240e-03
-4.218208603560924530e-03
-5.395206436514854431e-02
-9.783146530389785767e-02
-1.391387134790420532e-01
-1.407626271247863770e-01
-1.059971228241920471e-01
-2.893968112766742706e-02
6.717850267887115479e-02
3.020921535789966583e-02
2.818599157035350800e-02
1.422118488699197769e-02
3.378094173967838287e-03
-9.999000000000000000e+03
-9.999000000000000000e+03
-9.999000000000000000e+03
-9.999000000000000000e+03
-9.999000000000000000e+03
-9.999000000000000000e+03
-9.999000000000000000e+03
-9.999000000000000000e+03
-9.999000000000000000e+03
-9.999000000000000000e+03
-9.999000000000000000e+03
-9.999000000000000000e+03
-9.999000000000000000e+03
-9.999000000000000000e+03
-9.999000000000000000e+03
1.532508432865142822e-02
8.231336250901222229e-03
-1.104162633419036865e-02
8.516765199601650238e-03
-4.183867946267127991e-03
-3.310080245137214661e-02
-6.364310532808303833e-02
-1.027801483869552612e-01
-1.251841783523559570e-01
-1.056718006730079651e-01
-3.858902305364608765e-02
4.687006119638681412e-03
5.613802000880241394e-02
6.196805089712142944e-02
-9.999000000000000000e+03
-9.999000000000000000e+03
-9.999000000000000000e+03
-9.999000000000000000e+03
-9.999000000000000000e+03
-9.999000000000000000e+03
-9.999000000000000000e+03
-9.999000000000000000e+03
-9.999000000000000000e+03
-9.999000000000000000e+03
-9.999000000000000000e+03
-9.999000000000000000e+03
-9.999000000000000000e+03
-9.999000000000000000e+03
-9.999000000000000000e+03
-9.999000000000000000e+03
1.932507939636707306e-02
2.885742112994194031e-02
5.364724993705749512e-02
4.799929261207580566e-02
3.018712624907493591e-02
-2.912218682467937469e-03
-4.250916466116905212e-02
-4.625506699085235596e-02
-6.019276380538940430e-02
-8.297516405582427979e-02
-1.009821593761444092e-01
-7.207973301410675049e-02
-3.018333390355110168e-02
7.175255566835403442e-02
-9.999000000000000000e+03
-9.999000000000000000e+03
-9.999000000000000000e+03
-9.999000000000000000e+03
-9.999000000000000000e+03
-9.999000000000000000e+03
-9.999000000000000000e+03
-9.999000000000000000e+03
-9.999000000000000000e+03
-9.999000000000000000e+03
-9.999000000000000000e+03
-9.999000000000000000e+03
-9.999000000000000000e+03
-9.999000000000000000e+03
-9.999000000000000000e+03
-9.999000000000000000e+03
-9.999000000000000000e+03
2.722649276256561279e-02
4.519136250019073486e-02
1.118589341640472412e-01
8.146645873785018921e-02
3.827837109565734863e-02
-1.021897792816162109e-02
-4.299948364496231079e-02
-4.279020056128501892e-02
-2.950053289532661438e-02
-5.417644605040550232e-02
-6.616192311048507690e-02
-5.330537259578704834e-02
-1.828627660870552063e-02
3.755747526884078979e-02
-9.999000000000000000e+03
-9.999000000000000000e+03
-9.999000000000000000e+03
-9.999000000000000000e+03
-9.999000000000000000e+03
-9.999000000000000000e+03
-9.999000000000000000e+03
-9.999000000000000000e+03
-9.999000000000000000e+03
-9.999000000000000000e+03
-9.999000000000000000e+03
-9.999000000000000000e+03
-9.999000000000000000e+03
-9.999000000000000000e+03
-9.999000000000000000e+03
-9.999000000000000000e+03
-9.999000000000000000e+03
6.966350227594375610e-02
1.208283603191375732e-01
1.371142119169235229e-01
1.017137914896011353e-01
5.133567377924919128e-02
-2.083045430481433868e-02
-4.958179593086242676e-02
-4.534057527780532837e-02
-2.105890773236751556e-02
-2.385120280086994171e-02
-3.965508192777633667e-02
-3.127377852797508240e-02
-2.970584481954574585e-02
-9.999000000000000000e+03
-9.999000000000000000e+03
-9.999000000000000000e+03
-9.999000000000000000e+03
-9.999000000000000000e+03
-9.999000000000000000e+03
-9.999000000000000000e+03
-9.999000000000000000e+03
-9.999000000000000000e+03
-9.999000000000000000e+03
-9.999000000000000000e+03
-9.999000000000000000e+03
-9.999000000000000000e+03
-9.999000000000000000e+03
-9.999000000000000000e+03
-9.999000000000000000e+03
-9.999000000000000000e+03
-9.999000000000000000e+03
1.008125692605972290e-01
1.494011431932449341e-01
1.322105824947357178e-01
9.251488000154495239e-02
1.950740069150924683e-02
-3.584863618016242981e-02
-5.691209435462951660e-02
-6.088477745652198792e-02
-1.551842037588357925e-02
7.884097285568714142e-03
-7.185498834587633610e-04
-2.088469080626964569e-02
-9.999000000000000000e+03
-9.999000000000000000e+03
-9.999000000000000000e+03
-9.999000000000000000e+03
-9.999000000000000000e+03
-9.999000000000000000e+03
-9.999000000000000000e+03
-9.999000000000000000e+03
-9.999000000000000000e+03
-9.999000000000000000e+03
-9.999000000000000000e+03
-9.999000000000000000e+03
-9.999000000000000000e+03
-9.999000000000000000e+03
-9.999000000000000000e+03
-9.999000000000000000e+03
-9.999000000000000000e+03
-9.999000000000000000e+03
-9.999000000000000000e+03
1.058415248990058899e-01
1.299486756324768066e-01
1.196146532893180847e-01
8.400076627731323242e-02
-3.472391515970230103e-02
-5.202101916074752808e-02
-5.176681280136108398e-02
-3.099106065928936005e-02
-1.109061855822801590e-02
-2.274293918162584305e-03
-9.999000000000000000e+03
-9.999000000000000000e+03
-9.999000000000000000e+03
-9.999000000000000000e+03
-9.999000000000000000e+03
-9.999000000000000000e+03
-9.999000000000000000e+03
-9.999000000000000000e+03
-9.999000000000000000e+03
-9.999000000000000000e+03
-9.999000000000000000e+03
-9.999000000000000000e+03
-9.999000000000000000e+03
-9.999000000000000000e+03
-9.999000000000000000e+03
-9.999000000000000000e+03
-9.999000000000000000e+03
-9.999000000000000000e+03
-9.999000000000000000e+03
-9.999000000000000000e+03
-9.999000000000000000e+03
9.278465807437896729e-02
1.004262119531631470e-01
7.787246257066726685e-02
2.016063965857028961e-02
-2.879308909177780151e-02
-3.828863427042961121e-02
-9.999000000000000000e+03
-9.999000000000000000e+03
-9.999000000000000000e+03
-9.999000000000000000e+03
-9.999000000000000000e+03
-9.999000000000000000e+03
-9.999000000000000000e+03
-9.999000000000000000e+03
-9.999000000000000000e+03
-9.999000000000000000e+03
-9.999000000000000000e+03
-9.999000000000000000e+03
-9.999000000000000000e+03
-9.999000000000000000e+03
-9.999000000000000000e+03
-9.999000000000000000e+03
-9.999000000000000000e+03
-9.999000000000000000e+03
-9.999000000000000000e+03
-9.999000000000000000e+03
-9.999000000000000000e+03
-9.999000000000000000e+03
-9.999000000000000000e+03
-9.999000000000000000e+03
-9.999000000000000000e+03
4.850631952285766602e-02
5.010520666837692261e-02
5.508786439895629883e-02
-9.999000000000000000e+03
-9.999000000000000000e+03
-9.999000000000000000e+03
-9.999000000000000000e+03
-9.999000000000000000e+03
-9.999000000000000000e+03
-9.999000000000000000e+03
-9.999000000000000000e+03
-9.999000000000000000e+03
-9.999000000000000000e+03
-9.999000000000000000e+03
-9.999000000000000000e+03
-9.999000000000000000e+03
-9.999000000000000000e+03
-9.999000000000000000e+03
-9.999000000000000000e+03
-9.999000000000000000e+03
-9.999000000000000000e+03
-9.999000000000000000e+03
-9.999000000000000000e+03
-9.999000000000000000e+03
-9.999000000000000000e+03
-9.999000000000000000e+03
-9.999000000000000000e+03
-9.999000000000000000e+03
-9.999000000000000000e+03
-9.999000000000000000e+03
-9.999000000000000000e+03
