-1.477791070938110352e-01
-1.111709401011466980e-01
-6.026025861501693726e-02
-4.860592540353536606e-03
4.305084422230720520e-02
8.123180270195007324e-02
1.233855038881301880e-01
1.671106368303298950e-01
2.124003767967224121e-01
2.440386712551116943e-01
2.460349500179290771e-01
-9.999000000000000000e+03
-9.999000000000000000e+03
-9.999000000000000000e+03
-9.999000000000000000e+03
-9.999000000000000000e+03
-9.999000000000000000e+03
-9.999000000000000000e+03
-9.999000000000000000e+03
-9.999000000000000000e+03
-9.999000000000000000e+03
-9.999000000000000000e+03
-9.999000000000000000e+03
6.854981649667024612e-03
1.851171441376209259e-02
4.319562390446662903e-02
6.669379025697708130e-02
6.530086696147918701e-02
6.752689927816390991e-02
5.740028247237205505e-02
6.951952725648880005e-02
-1.352772712707519531e-01
-9.996352344751358032e-02
-4.790394380688667297e-02
5.582734011113643646e-03
5.991759523749351501e-02
1.027820184826850891e-01
1.538324952125549316e-01
1.962819397449493408e-01
2.337950468063354492e-01
2.603763043880462646e-01
2.638830244541168213e-01
1.589204668998718262e-01
-9.999000000000000000e+03
-9.999000000000000000e+03
-9.999000000000000000e+03
-9.999000000000000000e+03
-9.999000000000000000e+03
-9.999000000000000000e+03
-9.999000000000000000e+03
-9.999000000000000000e+03
-9.999000000000000000e+03
2.153233159333467484e-03
-2.724193036556243896e-04
1.275160233490169048e-03
-7.146586198359727859e-03
1.974191889166831970e-02
3.493066132068634033e-02
3.840882331132888794e-02
3.796792775392532349e-02
4.990561306476593018e-02
6.292264908552169800e-02
-1.337328255176544189e-01
-8.431740850210189819e-02
-2.178295515477657318e-02
3.494773060083389282e-02
8.109708875417709351e-02
1.208970695734024048e-01
1.626437157392501831e-01
2.122662365436553955e-01
2.482596337795257568e-01
2.693633437156677246e-01
2.610570192337036133e-01
1.775064319372177124e-01
-9.999000000000000000e+03
-9.999000000000000000e+03
-9.999000000000000000e+03
-9.999000000000000000e+03
-9.999000000000000000e+03
-9.999000000000000000e+03
-9.999000000000000000e+03
-2.431746199727058411e-02
-1.549970731139183044e-02
-1.631070743314921856e-03
-1.206845138221979141e-02
-1.147785224020481110e-02
1.520103542134165764e-03
-4.097282886505126953e-03
1.795330201275646687e-03
5.483277607709169388e-03
1.408705674111843109e-02
2.743313089013099670e-02
4.237751290202140808e-02
-1.161287575960159302e-01
-7.726294547319412231e-02
-2.758133597671985626e-02
2.889684960246086121e-02
9.009083360433578491e-02
1.346152573823928833e-01
1.712585389614105225e-01
2.107762098312377930e-01
2.364636659622192383e-01
2.588502764701843262e-01
2.648209333419799805e-01
1.955390274524688721e-01
9.630887955427169800e-02
-9.999000000000000000e+03
-9.999000000000000000e+03
-9.999000000000000000e+03
-5.639125034213066101e-02
-6.478136777877807617e-02
-5.501571297645568848e-02
-2.423015050590038300e-02
-1.262417342513799667e-02
-7.408764213323593140e-03
-7.750332355499267578e-03
-1.074893679469823837e-02
1.520635792985558510e-03
-3.144982829689979553e-02
-2.151732333004474640e-02
-1.986341737210750580e-02
-1.253663282841444016e-02
3.925407305359840393e-03
2.092220820486545563e-02
-1.027771160006523132e-01
-5.863763019442558289e-02
-1.092398911714553833e-02
3.115137852728366852e-02
8.007874339818954468e-02
1.184626072645187378e-01
1.523751169443130493e-01
1.912317276000976562e-01
2.099469155073165894e-01
2.163404822349548340e-01
2.093104422092437744e-01
1.531231254339218140e-01
7.733299583196640015e-02
1.724228821694850922e-02
-5.112998560070991516e-02
-8.067132532596588135e-02
-8.048527687788009644e-02
-5.986114218831062317e-02
-3.716261312365531921e-02
-4.635804798454046249e-03
7.038801908493041992e-03
4.474495537579059601e-03
8.570319041609764099e-04
-1.533125434070825577e-02
-2.995049394667148590e-02
-5.197172984480857849e-02
-5.559270828962326050e-02
-4.691987857222557068e-02
-3.516579419374465942e-02
-7.359443232417106628e-03
2.204305678606033325e-02
-7.528277486562728882e-02
-5.136952549219131470e-02
-1.860977895557880402e-02
2.321783080697059631e-02
7.071807980537414551e-02
1.038856953382492065e-01
1.253313869237899780e-01
1.523453742265701294e-01
1.627949774265289307e-01
1.699561625719070435e-01
1.592166125774383545e-01
9.283238649368286133e-02
4.399074986577033997e-02
-1.382671482861042023e-02
-5.047043412923812866e-02
-6.756994873285293579e-02
-5.191253498196601868e-02
-7.722170557826757431e-03
1.993789337575435638e-02
4.254464432597160339e-02
3.666642680764198303e-02
2.189320139586925507e-02
9.125589858740568161e-04
-2.609356120228767395e-02
-5.007286742329597473e-02
-8.738388866186141968e-02
-8.807688951492309570e-02
-8.932784199714660645e-02
-7.432748377323150635e-02
-3.501627594232559204e-02
1.537898642709478736e-04
-4.818570986390113831e-02
-3.283728286623954773e-02
-5.737817380577325821e-03
2.181674353778362274e-02
5.102398991584777832e-02
7.685379683971405029e-02
9.517745673656463623e-02
1.139268800616264343e-01
1.130005121231079102e-01
1.027870848774909973e-01
9.403957426548004150e-02
5.818862840533256531e-02
3.321173042058944702e-02
-1.125838886946439743e-02
-1.744791492819786072e-02
-9.617308154702186584e-03
2.213684469461441040e-02
5.082225054502487183e-02
5.858026817440986633e-02
6.848495453596115112e-02
4.786521941423416138e-02
2.186069823801517487e-02
-1.250247471034526825e-02
-5.085928365588188171e-02
-9.306184202432632446e-02
-1.300084590911865234e-01
-1.431793570518493652e-01
-1.581031531095504761e-01
-1.407702714204788208e-01
-7.680034637451171875e-02
-4.455457627773284912e-02
-4.217850789427757263e-02
-2.804701402783393860e-02
1.058873720467090607e-03
2.058951184153556824e-02
4.144204407930374146e-02
5.803767591714859009e-02
7.025679945945739746e-02
7.828010618686676025e-02
7.319749146699905396e-02
5.435325205326080322e-02
5.925728753209114075e-02
3.395333513617515564e-02
2.705035917460918427e-02
2.241159789264202118e-02
3.788697719573974609e-02
4.887453466653823853e-02
8.070655912160873413e-02
8.443289250135421753e-02
7.679661363363265991e-02
6.928260624408721924e-02
5.405630916357040405e-02
3.643087670207023621e-02
4.882603418081998825e-03
-6.443712115287780762e-02
-1.363084316253662109e-01
-1.669684499502182007e-01
-2.013682574033737183e-01
-2.193455547094345093e-01
-1.987625062465667725e-01
-1.314273476600646973e-01
-8.989094197750091553e-02
-3.932268545031547546e-02
-1.667170412838459015e-02
4.076857119798660278e-03
2.110592834651470184e-02
3.852185606956481934e-02
5.669409781694412231e-02
6.157116219401359558e-02
4.692268371582031250e-02
2.851988747715950012e-02
2.961228229105472565e-02
4.301916062831878662e-02
4.384196177124977112e-02
5.552680417895317078e-02
7.443309575319290161e-02
9.812318533658981323e-02
9.523667395114898682e-02
9.585118293762207031e-02
8.531203120946884155e-02
7.581736147403717041e-02
6.771510094404220581e-02
4.377910122275352478e-02
2.566501498222351074e-02
-4.030821379274129868e-03
-4.357088729739189148e-02
-6.420408189296722412e-02
-1.504261940717697144e-01
-2.121815383434295654e-01
-2.564064562320709229e-01
-2.257470935583114624e-01
-1.598596274852752686e-01
-9.384759515523910522e-02
-2.806688845157623291e-02
-7.646605838090181351e-03
7.050042040646076202e-04
1.798275485634803772e-02
3.424042835831642151e-02
4.775945842266082764e-02
4.540571570396423340e-02
3.047812543809413910e-02
7.171717006713151932e-03
3.279691189527511597e-02
6.357380747795104980e-02
8.954022824764251709e-02
1.038645282387733459e-01
1.130657717585563660e-01
1.166051328182220459e-01
1.053355187177658081e-01
9.066359698772430420e-02
5.498598143458366394e-02
4.589581489562988281e-02
2.237790264189243317e-02
2.471765317022800446e-02
-9.999000000000000000e+03
-9.999000000000000000e+03
-9.999000000000000000e+03
-9.999000000000000000e+03
-9.999000000000000000e+03
-9.999000000000000000e+03
-1.994456350803375244e-01
-2.400809526443481445e-01
-1.764828562736511230e-01
-1.025134399533271790e-01
-9.874999523162841797e-03
9.701834642328321934e-04
9.332056157290935516e-03
3.332372009754180908e-02
3.764691576361656189e-02
3.582050651311874390e-02
3.067951276898384094e-02
1.456713862717151642e-02
2.128244377672672272e-02
6.134321168065071106e-02
9.534502774477005005e-02
1.333150416612625122e-01
1.320280879735946655e-01
1.251846551895141602e-01
1.068213284015655518e-01
9.132876992225646973e-02
9.708242863416671753e-02
-9.999000000000000000e+03
-9.999000000000000000e+03
-9.999000000000000000e+03
-9.999000000000000000e+03
-9.999000000000000000e+03
-9.999000000000000000e+03
-9.999000000000000000e+03
-9.999000000000000000e+03
-9.999000000000000000e+03
-9.999000000000000000e+03
-1.539501398801803589e-01
-2.067824602127075195e-01
-1.963324546813964844e-01
-1.325639337301254272e-01
-2.768804319202899933e-02
-4.856104031205177307e-03
3.377195075154304504e-02
5.498170107603073120e-02
5.371410399675369263e-02
4.210170358419418335e-02
3.253495693206787109e-02
1.775699667632579803e-02
5.454220995306968689e-02
1.152132228016853333e-01
1.282820850610733032e-01
1.407800614833831787e-01
1.397059857845306396e-01
1.227838024497032166e-01
5.799596384167671204e-02
5.681230500340461731e-02
-9.999000000000000000e+03
-9.999000000000000000e+03
-9.999000000000000000e+03
-9.999000000000000000e+03
-9.999000000000000000e+03
-9.999000000000000000e+03
-9.999000000000000000e+03
-9.999000000000000000e+03
-9.999000000000000000e+03
-9.999000000000000000e+03
-9.999000000000000000e+03
-9.999000000000000000e+03
-1.253027468919754028e-01
-1.572649031877517700e-01
-1.013294756412506104e-01
-4.935732483863830566e-02
-3.911329060792922974e-02
5.105367745272815228e-04
3.476304560899734497e-02
4.448004439473152161e-02
4.519277065992355347e-02
2.632092311978340149e-02
4.699243977665901184e-02
9.685508906841278076e-02
1.341789960861206055e-01
1.320161670446395874e-01
1.439601331949234009e-01
1.045441851019859314e-01
1.118343695998191833e-01
-9.999000000000000000e+03
-9.999000000000000000e+03
-9.999000000000000000e+03
-9.999000000000000000e+03
-9.999000000000000000e+03
-9.999000000000000000e+03
-9.999000000000000000e+03
-9.999000000000000000e+03
-9.999000000000000000e+03
-9.999000000000000000e+03
-9.999000000000000000e+03
-9.999000000000000000e+03
-9.999000000000000000e+03
-9.999000000000000000e+03
-9.999000000000000000e+03
-1.096667721867561340e-01
-7.854836434125900269e-02
-9.999000000000000000e+03
-5.279006436467170715e-02
-3.839325532317161560e-02
-1.175281591713428497e-02
2.165166847407817841e-02
3.735731542110443115e-02
2.539411932229995728e-02
9.619542956352233887e-02
1.402307897806167603e-01
1.318058818578720093e-01
1.302174180746078491e-01
1.262318193912506104e-01
7.954357564449310303e-02
-9.999000000000000000e+03
-9.999000000000000000e+03
-9.999000000000000000e+03
-9.999000000000000000e+03
-9.999000000000000000e+03
-9.999000000000000000e+03
-9.999000000000000000e+03
-9.999000000000000000e+03
-9.999000000000000000e+03
-9.999000000000000000e+03
-9.999000000000000000e+03
-9.999000000000000000e+03
-9.999000000000000000e+03
-9.999000000000000000e+03
-9.999000000000000000e+03
-9.999000000000000000e+03
-4.094344750046730042e-02
-2.911043912172317505e-02
-9.999000000000000000e+03
-9.999000000000000000e+03
-6.309174001216888428e-02
-4.815664887428283691e-02
-1.153815444558858871e-02
1.573564670979976654e-02
6.193332746624946594e-02
1.161549836397171021e-01
1.387778818607330322e-01
1.301044821739196777e-01
1.165383234620094299e-01
4.236736148595809937e-02
-9.999000000000000000e+03
-9.999000000000000000e+03
-9.999000000000000000e+03
-9.999000000000000000e+03
-9.999000000000000000e+03
-9.999000000000000000e+03
-9.999000000000000000e+03
-9.999000000000000000e+03
-9.999000000000000000e+03
-9.999000000000000000e+03
-9.999000000000000000e+03
-9.999000000000000000e+03
-9.999000000000000000e+03
-9.999000000000000000e+03
-9.999000000000000000e+03
-9.999000000000000000e+03
-9.999000000000000000e+03
-9.707864373922348022e-03
6.455233786255121231e-03
-9.999000000000000000e+03
-9.999000000000000000e+03
-5.357215180993080139e-02
-5.663628131151199341e-02
-3.020300716161727905e-02
1.151122432202100754e-02
7.830454409122467041e-02
1.122084632515907288e-01
1.291336864233016968e-01
1.236918419599533081e-01
1.018177345395088196e-01
6.660215556621551514e-02
-9.999000000000000000e+03
-9.999000000000000000e+03
-9.999000000000000000e+03
-9.999000000000000000e+03
-9.999000000000000000e+03
-9.999000000000000000e+03
-9.999000000000000000e+03
-9.999000000000000000e+03
-9.999000000000000000e+03
-9.999000000000000000e+03
-9.999000000000000000e+03
-9.999000000000000000e+03
-9.999000000000000000e+03
-9.999000000000000000e+03
-9.999000000000000000e+03
-9.999000000000000000e+03
-9.999000000000000000e+03
-9.999000000000000000e+03
-9.999000000000000000e+03
-9.999000000000000000e+03
-9.999000000000000000e+03
-4.216137155890464783e-02
-5.862303450703620911e-02
-3.085814043879508972e-02
1.627074927091598511e-02
4.688026756048202515e-02
8.691278100013732910e-02
1.215395331382751465e-01
1.300550252199172974e-01
9.140690416097640991e-02
6.999596208333969116e-02
-9.999000000000000000e+03
-9.999000000000000000e+03
-9.999000000000000000e+03
-9.999000000000000000e+03
-9.999000000000000000e+03
-9.999000000000000000e+03
-9.999000000000000000e+03
-9.999000000000000000e+03
-9.999000000000000000e+03
-9.999000000000000000e+03
-9.999000000000000000e+03
-9.999000000000000000e+03
-9.999000000000000000e+03
-9.999000000000000000e+03
-9.999000000000000000e+03
-9.999000000000000000e+03
-9.999000000000000000e+03
-9.999000000000000000e+03
-9.999000000000000000e+03
-9.999000000000000000e+03
-9.999000000000000000e+03
-9.999000000000000000e+03
-4.168063774704933167e-02
-3.021174110472202301e-02
9.800049476325511932e-03
-1.367766410112380981e-02
5.304547026753425598e-02
1.127336397767066956e-01
1.536401659250259399e-01
1.220411658287048340e-01
-9.999000000000000000e+03
-9.999000000000000000e+03
-9.999000000000000000e+03
-9.999000000000000000e+03
-9.999000000000000000e+03
-9.999000000000000000e+03
-9.999000000000000000e+03
-9.999000000000000000e+03
-9.999000000000000000e+03
-9.999000000000000000e+03
-9.999000000000000000e+03
-9.999000000000000000e+03
-9.999000000000000000e+03
-9.999000000000000000e+03
-9.999000000000000000e+03
-9.999000000000000000e+03
-9.999000000000000000e+03
-9.999000000000000000e+03
-9.999000000000000000e+03
-9.999000000000000000e+03
-9.999000000000000000e+03
-9.999000000000000000e+03
-9.999000000000000000e+03
-1.985826529562473297e-02
2.839073073118925095e-03
-1.232146658003330231e-02
-4.944626241922378540e-02
3.346509858965873718e-02
1.103321015834808350e-01
1.770967394113540649e-01
1.385844349861145020e-01
9.358230233192443848e-02
-9.999000000000000000e+03
-9.999000000000000000e+03
-9.999000000000000000e+03
-9.999000000000000000e+03
-9.999000000000000000e+03
-9.999000000000000000e+03
-9.999000000000000000e+03
-9.999000000000000000e+03
-9.999000000000000000e+03
-9.999000000000000000e+03
-9.999000000000000000e+03
-9.999000000000000000e+03
-9.999000000000000000e+03
-9.999000000000000000e+03
-9.999000000000000000e+03
-9.999000000000000000e+03
-9.999000000000000000e+03
-9.999000000000000000e+03
-9.999000000000000000e+03
-9.999000000000000000e+03
-9.999000000000000000e+03
-9.999000000000000000e+03
-9.999000000000000000e+03
1.028562150895595551e-02
-1.972059160470962524e-02
-1.885235495865345001e-02
6.141927465796470642e-02
7.862029224634170532e-02
4.083915054798126221e-02
7.028283923864364624e-02
1.008030995726585388e-01
-9.999000000000000000e+03
-9.999000000000000000e+03
-9.999000000000000000e+03
-9.999000000000000000e+03
-9.999000000000000000e+03
-9.999000000000000000e+03
-9.999000000000000000e+03
-9.999000000000000000e+03
-9.999000000000000000e+03
-9.999000000000000000e+03
-9.999000000000000000e+03
-9.999000000000000000e+03
-9.999000000000000000e+03
-9.999000000000000000e+03
-9.999000000000000000e+03
-9.999000000000000000e+03
-9.999000000000000000e+03
-9.999000000000000000e+03
-9.999000000000000000e+03
-9.999000000000000000e+03
-9.999000000000000000e+03
-9.999000000000000000e+03
-9.999000000000000000e+03
-2.532077953219413757e-03
-2.199902385473251343e-02
-2.757928892970085144e-02
-6.948991212993860245e-03
-6.234110891819000244e-02
-1.252869963645935059e-01
-6.539171934127807617e-02
2.330516465008258820e-02
6.093641743063926697e-02
-9.999000000000000000e+03
-9.999000000000000000e+03
-9.999000000000000000e+03
-9.999000000000000000e+03
-9.999000000000000000e+03
-9.999000000000000000e+03
-9.999000000000000000e+03
-9.999000000000000000e+03
-9.999000000000000000e+03
-9.999000000000000000e+03
-9.999000000000000000e+03
-9.999000000000000000e+03
-9.999000000000000000e+03
-9.999000000000000000e+03
-9.999000000000000000e+03
-9.999000000000000000e+03
-9.999000000000000000e+03
-9.999000000000000000e+03
-9.999000000000000000e+03
-9.999000000000000000e+03
-9.999000000000000000e+03
-9.999000000000000000e+03
3.363410755991935730e-02
7.692907936871051788e-03
-2.517149038612842560e-02
-6.259386241436004639e-02
-9.799209982156753540e-02
-1.329502761363983154e-01
-7.887264341115951538e-02
2.623260393738746643e-02
1.083395034074783325e-01
1.626022160053253174e-02
-2.985549159348011017e-02
1.882315613329410553e-02
4.559030290693044662e-03
-9.999000000000000000e+03
-9.999000000000000000e+03
-9.999000000000000000e+03
-9.999000000000000000e+03
-9.999000000000000000e+03
-9.999000000000000000e+03
-9.999000000000000000e+03
-9.999000000000000000e+03
-9.999000000000000000e+03
-9.999000000000000000e+03
-9.999000000000000000e+03
-9.999000000000000000e+03
-9.999000000000000000e+03
-9.999000000000000000e+03
-9.999000000000000000e+03
-9.999000000000000000e+03
-9.999000000000000000e+03
2.283395640552043915e-02
3.402189165353775024e-02
3.757959976792335510e-02
-4.887262359261512756e-03
-5.293305218219757080e-02
-8.595467358827590942e-02
-8.709803223609924316e-02
-6.092522665858268738e-02
-5.859090480953454971e-03
6.315731257200241089e-02
2.290448918938636780e-02
5.424917489290237427e-02
3.296386823058128357e-02
1.591697894036769867e-02
-9.999000000000000000e+03
-9.999000000000000000e+03
-9.999000000000000000e+03
-9.999000000000000000e+03
-9.999000000000000000e+03
-9.999000000000000000e+03
-9.999000000000000000e+03
-9.999000000000000000e+03
-9.999000000000000000e+03
-9.999000000000000000e+03
-9.999000000000000000e+03
-9.999000000000000000e+03
-9.999000000000000000e+03
-9.999000000000000000e+03
-9.999000000000000000e+03
2.615394070744514465e-02
2.182319387793540955e-02
5.209400318562984467e-03
2.033368684351444244e-02
1.616392470896244049e-02
-8.164161816239356995e-03
-2.863171882927417755e-02
-5.026405304670333862e-02
-6.717964261770248413e-02
-6.178427115082740784e-02
-3.591555356979370117e-02
5.864622653461992741e-04
6.139875203371047974e-02
8.683161437511444092e-02
-9.999000000000000000e+03
-9.999000000000000000e+03
-9.999000000000000000e+03
-9.999000000000000000e+03
-9.999000000000000000e+03
-9.999000000000000000e+03
-9.999000000000000000e+03
-9.999000000000000000e+03
-9.999000000000000000e+03
-9.999000000000000000e+03
-9.999000000000000000e+03
-9.999000000000000000e+03
-9.999000000000000000e+03
-9.999000000000000000e+03
-9.999000000000000000e+03
-9.999000000000000000e+03
1.447591930627822876e-02
1.788795180618762970e-02
3.392177447676658630e-02
2.357072941958904266e-02
1.365720666944980621e-02
-4.770122468471527100e-03
-2.506470866501331329e-02
-2.051546238362789154e-02
-2.005226165056228638e-02
-3.231303393840789795e-02
-5.680227279663085938e-02
-6.789702922105789185e-02
-3.570231050252914429e-02
8.098097145557403564e-02
-9.999000000000000000e+03
-9.999000000000000000e+03
-9.999000000000000000e+03
-9.999000000000000000e+03
-9.999000000000000000e+03
-9.999000000000000000e+03
-9.999000000000000000e+03
-9.999000000000000000e+03
-9.999000000000000000e+03
-9.999000000000000000e+03
-9.999000000000000000e+03
-9.999000000000000000e+03
-9.999000000000000000e+03
-9.999000000000000000e+03
-9.999000000000000000e+03
-9.999000000000000000e+03
-9.999000000000000000e+03
1.356879621744155884e-02
-3.143918875139206648e-04
4.763503372669219971e-02
3.224711120128631592e-02
1.082209218293428421e-02
-1.820739358663558960e-02
-3.558149561285972595e-02
-2.970279753208160400e-02
-5.319749470800161362e-03
-1.702515967190265656e-02
-4.044874012470245361e-02
-4.631278291344642639e-02
-1.580379088409245014e-03
6.123909354209899902e-02
-9.999000000000000000e+03
-9.999000000000000000e+03
-9.999000000000000000e+03
-9.999000000000000000e+03
-9.999000000000000000e+03
-9.999000000000000000e+03
-9.999000000000000000e+03
-9.999000000000000000e+03
-9.999000000000000000e+03
-9.999000000000000000e+03
-9.999000000000000000e+03
-9.999000000000000000e+03
-9.999000000000000000e+03
-9.999000000000000000e+03
-9.999000000000000000e+03
-9.999000000000000000e+03
-9.999000000000000000e+03
3.108357079327106476e-02
6.653038412332534790e-02
7.136958837509155273e-02
4.606824368238449097e-02
1.558312494307756424e-02
-3.774992004036903381e-02
-6.295076757669448853e-02
-4.078712314367294312e-02
-1.282810512930154800e-02
-1.568721234798431396e-02
-3.137802332639694214e-02
-2.484447881579399109e-02
1.859623566269874573e-02
-9.999000000000000000e+03
-9.999000000000000000e+03
-9.999000000000000000e+03
-9.999000000000000000e+03
-9.999000000000000000e+03
-9.999000000000000000e+03
-9.999000000000000000e+03
-9.999000000000000000e+03
-9.999000000000000000e+03
-9.999000000000000000e+03
-9.999000000000000000e+03
-9.999000000000000000e+03
-9.999000000000000000e+03
-9.999000000000000000e+03
-9.999000000000000000e+03
-9.999000000000000000e+03
-9.999000000000000000e+03
-9.999000000000000000e+03
8.127101510763168335e-02
1.215476542711257935e-01
8.632941544055938721e-02
3.991384059190750122e-02
-2.343323826789855957e-02
-6.907168775796890259e-02
-8.667061477899551392e-02
-6.084504351019859314e-02
-1.471678726375102997e-02
8.265763521194458008e-03
-4.705958068370819092e-03
-1.050311233848333359e-02
-9.999000000000000000e+03
-9.999000000000000000e+03
-9.999000000000000000e+03
-9.999000000000000000e+03
-9.999000000000000000e+03
-9.999000000000000000e+03
-9.999000000000000000e+03
-9.999000000000000000e+03
-9.999000000000000000e+03
-9.999000000000000000e+03
-9.999000000000000000e+03
-9.999000000000000000e+03
-9.999000000000000000e+03
-9.999000000000000000e+03
-9.999000000000000000e+03
-9.999000000000000000e+03
-9.999000000000000000e+03
-9.999000000000000000e+03
-9.999000000000000000e+03
1.143328696489334106e-01
1.225089728832244873e-01
9.013576060533523560e-02
3.271822258830070496e-02
-7.335015386343002319e-02
-8.167209476232528687e-02
-5.868316814303398132e-02
-2.764347940683364868e-02
-9.186591953039169312e-03
8.386848494410514832e-04
-9.999000000000000000e+03
-9.999000000000000000e+03
-9.999000000000000000e+03
-9.999000000000000000e+03
-9.999000000000000000e+03
-9.999000000000000000e+03
-9.999000000000000000e+03
-9.999000000000000000e+03
-9.999000000000000000e+03
-9.999000000000000000e+03
-9.999000000000000000e+03
-9.999000000000000000e+03
-9.999000000000000000e+03
-9.999000000000000000e+03
-9.999000000000000000e+03
-9.999000000000000000e+03
-9.999000000000000000e+03
-9.999000000000000000e+03
-9.999000000000000000e+03
-9.999000000000000000e+03
-9.999000000000000000e+03
1.133449822664260864e-01
1.054989248514175415e-01
6.274672597646713257e-02
-3.539905650541186333e-03
-4.865650460124015808e-02
-5.722729116678237915e-02
-9.999000000000000000e+03
-9.999000000000000000e+03
-9.999000000000000000e+03
-9.999000000000000000e+03
-9.999000000000000000e+03
-9.999000000000000000e+03
-9.999000000000000000e+03
-9.999000000000000000e+03
-9.999000000000000000e+03
-9.999000000000000000e+03
-9.999000000000000000e+03
-9.999000000000000000e+03
-9.999000000000000000e+03
-9.999000000000000000e+03
-9.999000000000000000e+03
-9.999000000000000000e+03
-9.999000000000000000e+03
-9.999000000000000000e+03
-9.999000000000000000e+03
-9.999000000000000000e+03
-9.999000000000000000e+03
-9.999000000000000000e+03
-9.999000000000000000e+03
-9.999000000000000000e+03
-9.999000000000000000e+03
6.325992941856384277e-02
5.725661292672157288e-02
4.703472554683685303e-02
-9.999000000000000000e+03
-9.999000000000000000e+03
-9.999000000000000000e+03
-9.999000000000000000e+03
-9.999000000000000000e+03
-9.999000000000000000e+03
-9.999000000000000000e+03
-9.999000000000000000e+03
-9.999000000000000000e+03
-9.999000000000000000e+03
-9.999000000000000000e+03
-9.999000000000000000e+03
-9.999000000000000000e+03
-9.999000000000000000e+03
-9.999000000000000000e+03
-9.999000000000000000e+03
-9.999000000000000000e+03
-9.999000000000000000e+03
-9.999000000000000000e+03
-9.999000000000000000e+03
-9.999000000000000000e+03
-9.999000000000000000e+03
-9.999000000000000000e+03
-9.999000000000000000e+03
-9.999000000000000000e+03
-9.999000000000000000e+03
-9.999000000000000000e+03
-9.999000000000000000e+03
