-1.263630539178848267e-01
-8.589929342269897461e-02
-2.502316981554031372e-02
3.402043506503105164e-02
8.264999836683273315e-02
1.155859678983688354e-01
1.501940488815307617e-01
1.834893524646759033e-01
2.231543809175491333e-01
2.523457705974578857e-01
2.430386841297149658e-01
-9.999000000000000000e+03
-9.999000000000000000e+03
-9.999000000000000000e+03
-9.999000000000000000e+03
-9.999000000000000000e+03
-9.999000000000000000e+03
-9.999000000000000000e+03
-9.999000000000000000e+03
-9.999000000000000000e+03
-9.999000000000000000e+03
-9.999000000000000000e+03
-9.999000000000000000e+03
2.392420172691345215e-02
6.780089437961578369e-02
8.749554306268692017e-02
1.025044843554496765e-01
9.025220572948455811e-02
9.252326935529708862e-02
7.468046993017196655e-02
6.417351216077804565e-02
-1.264549493789672852e-01
-8.781634271144866943e-02
-3.199177980422973633e-02
2.106533758342266083e-02
7.903983443975448608e-02
1.172414049506187439e-01
1.672818362712860107e-01
2.048953473567962646e-01
2.379683852195739746e-01
2.580797076225280762e-01
2.501100897789001465e-01
1.404592841863632202e-01
-9.999000000000000000e+03
-9.999000000000000000e+03
-9.999000000000000000e+03
-9.999000000000000000e+03
-9.999000000000000000e+03
-9.999000000000000000e+03
-9.999000000000000000e+03
-9.999000000000000000e+03
-9.999000000000000000e+03
2.660973928868770599e-03
8.226734586060047150e-03
2.675253897905349731e-02
3.165729716420173645e-02
5.938165262341499329e-02
6.650593131780624390e-02
5.679577589035034180e-02
4.965620487928390503e-02
4.605633765459060669e-02
5.246622860431671143e-02
-1.375888884067535400e-01
-9.157232940196990967e-02
-3.390856459736824036e-02
2.081145159900188446e-02
7.669299840927124023e-02
1.274592876434326172e-01
1.766451895236968994e-01
2.190303057432174683e-01
2.501999437808990479e-01
2.568858563899993896e-01
2.263849973678588867e-01
1.466816365718841553e-01
-9.999000000000000000e+03
-9.999000000000000000e+03
-9.999000000000000000e+03
-9.999000000000000000e+03
-9.999000000000000000e+03
-9.999000000000000000e+03
-9.999000000000000000e+03
-1.866146735846996307e-02
-1.248280890285968781e-02
1.858996925875544548e-03
-1.613975316286087036e-02
5.699643865227699280e-03
3.491131961345672607e-02
3.791916370391845703e-02
4.120587557554244995e-02
3.553953021764755249e-02
3.878334909677505493e-02
3.995115682482719421e-02
5.128682032227516174e-02
-1.227622777223587036e-01
-9.323199093341827393e-02
-5.143380537629127502e-02
7.033352740108966827e-03
8.248565346002578735e-02
1.455989480018615723e-01
1.851533055305480957e-01
2.205864489078521729e-01
2.381628304719924927e-01
2.463960647583007812e-01
2.315120100975036621e-01
1.552069783210754395e-01
6.163920089602470398e-02
-9.999000000000000000e+03
-9.999000000000000000e+03
-9.999000000000000000e+03
-2.610084787011146545e-02
-2.937370166182518005e-02
-2.781338244676589966e-02
-1.147671137005090714e-02
-1.023586373776197433e-02
-1.120033115148544312e-02
-7.302907761186361313e-03
9.555392898619174957e-03
4.345579817891120911e-02
1.595572195947170258e-02
2.608410827815532684e-02
1.997453346848487854e-02
1.682960614562034607e-02
2.709045819938182831e-02
3.912968561053276062e-02
-1.032810062170028687e-01
-7.062829285860061646e-02
-2.801204472780227661e-02
1.936263218522071838e-02
7.635039836168289185e-02
1.223315149545669556e-01
1.588292866945266724e-01
1.934211701154708862e-01
2.023894190788269043e-01
1.989289820194244385e-01
1.793053001165390015e-01
1.216032356023788452e-01
4.631962999701499939e-02
-1.473694480955600739e-02
-4.707016795873641968e-02
-5.142816156148910522e-02
-3.718192502856254578e-02
-1.289359759539365768e-02
1.348601770587265491e-03
1.829662546515464783e-02
1.352338679134845734e-02
8.308075368404388428e-03
1.190207991749048233e-02
4.777004942297935486e-03
-5.710414552595466375e-05
-2.279756218194961548e-02
-2.102001756429672241e-02
-2.255530841648578644e-02
-2.009310387074947357e-02
5.821124184876680374e-03
2.677752450108528137e-02
-7.298375666141510010e-02
-5.618713796138763428e-02
-2.613659575581550598e-02
2.176468074321746826e-02
7.363282889127731323e-02
1.041359156370162964e-01
1.178098917007446289e-01
1.413174122571945190e-01
1.451794654130935669e-01
1.505437940359115601e-01
1.338789463043212891e-01
7.621400803327560425e-02
2.868915162980556488e-02
-2.307929098606109619e-02
-4.497659951448440552e-02
-4.478564858436584473e-02
-1.396798342466354370e-02
3.533171489834785461e-02
5.411878973245620728e-02
6.729356944561004639e-02
5.251055210828781128e-02
2.833355776965618134e-02
9.336923831142485142e-04
-2.832040376961231232e-02
-4.999136924743652344e-02
-8.255100995302200317e-02
-7.208940386772155762e-02
-7.544577121734619141e-02
-6.341997534036636353e-02
-3.050698339939117432e-02
6.307382602244615555e-03
-3.926276415586471558e-02
-3.252478688955307007e-02
-8.622963912785053253e-03
2.081759646534919739e-02
5.180108547210693359e-02
7.149972021579742432e-02
7.857480645179748535e-02
9.517423808574676514e-02
8.762541413307189941e-02
9.071251004934310913e-02
8.623235672712326050e-02
5.096613988280296326e-02
2.320783399045467377e-02
-1.808090694248676300e-02
-1.004488021135330200e-02
1.462161913514137268e-02
6.001597270369529724e-02
9.301102161407470703e-02
9.646258503198623657e-02
9.622132778167724609e-02
6.520354747772216797e-02
2.121724933385848999e-02
-2.408285252749919891e-02
-6.577058136463165283e-02
-1.066202744841575623e-01
-1.364997178316116333e-01
-1.315128207206726074e-01
-1.331269592046737671e-01
-1.081700101494789124e-01
-4.853440448641777039e-02
-1.922280155122280121e-02
-2.792472019791603088e-02
-2.136732637882232666e-02
-1.386269577778875828e-03
1.141148339956998825e-02
3.129038959741592407e-02
4.138014465570449829e-02
4.724758118391036987e-02
6.023421138525009155e-02
5.631541088223457336e-02
5.834288522601127625e-02
5.997034534811973572e-02
3.650591894984245300e-02
2.426772750914096832e-02
1.853342540562152863e-02
4.013834521174430847e-02
6.734193116426467896e-02
1.168792545795440674e-01
1.232304051518440247e-01
1.121734604239463806e-01
9.700595587491989136e-02
7.256264984607696533e-02
4.108350723981857300e-02
-5.853436887264251709e-03
-8.012061566114425659e-02
-1.572560667991638184e-01
-1.835914999246597290e-01
-2.042760848999023438e-01
-2.066616117954254150e-01
-1.719882190227508545e-01
-9.147612005472183228e-02
-5.870348215103149414e-02
-1.348841935396194458e-02
-7.186551578342914581e-03
-2.788330893963575363e-03
-6.287996075116097927e-04
1.158597785979509354e-02
1.311907358467578888e-02
2.015262283384799957e-02
2.882508933544158936e-02
2.971422299742698669e-02
4.145813733339309692e-02
5.422193929553031921e-02
4.650400951504707336e-02
5.117876827716827393e-02
6.738459318876266479e-02
1.024373471736907959e-01
1.128110140562057495e-01
1.267497092485427856e-01
1.195493564009666443e-01
1.094615012407302856e-01
9.358799457550048828e-02
5.749062448740005493e-02
2.248308993875980377e-02
-8.136322721838951111e-03
-5.226273462176322937e-02
-7.761729508638381958e-02
-1.690542697906494141e-01
-2.308491170406341553e-01
-2.640910148620605469e-01
-2.244033962488174438e-01
-1.492483019828796387e-01
-9.107578545808792114e-02
-1.956763677299022675e-02
-1.278490386903285980e-02
-4.227115307003259659e-03
9.098690934479236603e-03
1.423306856304407120e-02
1.341219525784254074e-02
8.916950784623622894e-03
6.146803032606840134e-03
-4.353289026767015457e-03
2.755225449800491333e-02
5.221576243638992310e-02
7.707000523805618286e-02
9.576641023159027100e-02
1.094787269830703735e-01
1.246632337570190430e-01
1.247104480862617493e-01
1.188629269599914551e-01
7.836866378784179688e-02
6.823937594890594482e-02
3.406108915805816650e-02
3.225344046950340271e-02
-9.999000000000000000e+03
-9.999000000000000000e+03
-9.999000000000000000e+03
-9.999000000000000000e+03
-9.999000000000000000e+03
-9.999000000000000000e+03
-2.167194038629531860e-01
-2.557613849639892578e-01
-1.874568164348602295e-01
-1.206899359822273254e-01
-4.434894770383834839e-02
-3.339518606662750244e-02
-1.095843687653541565e-02
1.183040067553520203e-02
1.743595860898494720e-02
4.728252999484539032e-03
-7.532269228249788284e-03
-1.493748929351568222e-02
1.304160919971764088e-03
4.698689654469490051e-02
7.458803802728652954e-02
1.206445768475532532e-01
1.272767633199691772e-01
1.283405870199203491e-01
1.155512034893035889e-01
1.043461859226226807e-01
1.139727234840393066e-01
-9.999000000000000000e+03
-9.999000000000000000e+03
-9.999000000000000000e+03
-9.999000000000000000e+03
-9.999000000000000000e+03
-9.999000000000000000e+03
-9.999000000000000000e+03
-9.999000000000000000e+03
-9.999000000000000000e+03
-9.999000000000000000e+03
-1.685931086540222168e-01
-2.242341488599777222e-01
-2.155269235372543335e-01
-1.568860709667205811e-01
-7.249817252159118652e-02
-5.375385284423828125e-02
-2.183380350470542908e-02
-2.239878056570887566e-03
-4.547804419416934252e-04
-1.249115355312824249e-02
-1.246057543903589249e-02
-1.083144173026084900e-02
4.486543312668800354e-02
9.765662997961044312e-02
1.146111339330673218e-01
1.345566511154174805e-01
1.362845301628112793e-01
1.222185194492340088e-01
5.959068238735198975e-02
6.111775338649749756e-02
-9.999000000000000000e+03
-9.999000000000000000e+03
-9.999000000000000000e+03
-9.999000000000000000e+03
-9.999000000000000000e+03
-9.999000000000000000e+03
-9.999000000000000000e+03
-9.999000000000000000e+03
-9.999000000000000000e+03
-9.999000000000000000e+03
-9.999000000000000000e+03
-9.999000000000000000e+03
-1.382984220981597900e-01
-1.766534298658370972e-01
-1.228046864271163940e-01
-8.643955737352371216e-02
-7.211921364068984985e-02
-4.205238446593284607e-02
-8.777000941336154938e-03
1.198869576910510659e-04
5.603616591542959213e-04
5.089604295790195465e-03
3.611056134104728699e-02
9.013339877128601074e-02
1.170800924301147461e-01
1.214171424508094788e-01
1.550809890031814575e-01
1.066647619009017944e-01
1.127929687500000000e-01
-9.999000000000000000e+03
-9.999000000000000000e+03
-9.999000000000000000e+03
-9.999000000000000000e+03
-9.999000000000000000e+03
-9.999000000000000000e+03
-9.999000000000000000e+03
-9.999000000000000000e+03
-9.999000000000000000e+03
-9.999000000000000000e+03
-9.999000000000000000e+03
-9.999000000000000000e+03
-9.999000000000000000e+03
-9.999000000000000000e+03
-9.999000000000000000e+03
-1.210487484931945801e-01
-9.302911907434463501e-02
-9.999000000000000000e+03
-6.548101454973220825e-02
-5.619822442531585693e-02
-2.670365199446678162e-02
7.389630773104727268e-04
1.007685530930757523e-02
2.042473293840885162e-02
9.499203413724899292e-02
1.299986839294433594e-01
1.217263042926788330e-01
1.344927996397018433e-01
1.452554613351821899e-01
8.593050390481948853e-02
-9.999000000000000000e+03
-9.999000000000000000e+03
-9.999000000000000000e+03
-9.999000000000000000e+03
-9.999000000000000000e+03
-9.999000000000000000e+03
-9.999000000000000000e+03
-9.999000000000000000e+03
-9.999000000000000000e+03
-9.999000000000000000e+03
-9.999000000000000000e+03
-9.999000000000000000e+03
-9.999000000000000000e+03
-9.999000000000000000e+03
-9.999000000000000000e+03
-9.999000000000000000e+03
-4.524475708603858948e-02
-3.482561558485031128e-02
-9.999000000000000000e+03
-9.999000000000000000e+03
-7.537852227687835693e-02
-5.021893233060836792e-02
-1.087146438658237457e-02
1.264159008860588074e-02
6.850790977478027344e-02
1.203520372509956360e-01
1.337917745113372803e-01
1.217189952731132507e-01
1.263365596532821655e-01
4.919765144586563110e-02
-9.999000000000000000e+03
-9.999000000000000000e+03
-9.999000000000000000e+03
-9.999000000000000000e+03
-9.999000000000000000e+03
-9.999000000000000000e+03
-9.999000000000000000e+03
-9.999000000000000000e+03
-9.999000000000000000e+03
-9.999000000000000000e+03
-9.999000000000000000e+03
-9.999000000000000000e+03
-9.999000000000000000e+03
-9.999000000000000000e+03
-9.999000000000000000e+03
-9.999000000000000000e+03
-9.999000000000000000e+03
-9.951719082891941071e-03
-2.042183419689536095e-03
-9.999000000000000000e+03
-9.999000000000000000e+03
-5.284274742007255554e-02
-5.220034345984458923e-02
-2.263445407152175903e-02
2.085510082542896271e-02
9.262314438819885254e-02
1.167038306593894958e-01
1.264945119619369507e-01
1.199610307812690735e-01
9.879384934902191162e-02
6.295389682054519653e-02
-9.999000000000000000e+03
-9.999000000000000000e+03
-9.999000000000000000e+03
-9.999000000000000000e+03
-9.999000000000000000e+03
-9.999000000000000000e+03
-9.999000000000000000e+03
-9.999000000000000000e+03
-9.999000000000000000e+03
-9.999000000000000000e+03
-9.999000000000000000e+03
-9.999000000000000000e+03
-9.999000000000000000e+03
-9.999000000000000000e+03
-9.999000000000000000e+03
-9.999000000000000000e+03
-9.999000000000000000e+03
-9.999000000000000000e+03
-9.999000000000000000e+03
-9.999000000000000000e+03
-9.999000000000000000e+03
-3.372851386666297913e-02
-4.949711263179779053e-02
-2.539016865193843842e-02
2.920377440750598907e-02
5.436335876584053040e-02
9.617847204208374023e-02
1.462430208921432495e-01
1.241497769951820374e-01
6.971849501132965088e-02
5.119485408067703247e-02
-9.999000000000000000e+03
-9.999000000000000000e+03
-9.999000000000000000e+03
-9.999000000000000000e+03
-9.999000000000000000e+03
-9.999000000000000000e+03
-9.999000000000000000e+03
-9.999000000000000000e+03
-9.999000000000000000e+03
-9.999000000000000000e+03
-9.999000000000000000e+03
-9.999000000000000000e+03
-9.999000000000000000e+03
-9.999000000000000000e+03
-9.999000000000000000e+03
-9.999000000000000000e+03
-9.999000000000000000e+03
-9.999000000000000000e+03
-9.999000000000000000e+03
-9.999000000000000000e+03
-9.999000000000000000e+03
-9.999000000000000000e+03
-3.931192308664321899e-02
-3.770381212234497070e-02
1.004670280963182449e-02
-4.488975554704666138e-02
6.058077886700630188e-02
1.299422383308410645e-01
1.525984257459640503e-01
1.055205091834068298e-01
-9.999000000000000000e+03
-9.999000000000000000e+03
-9.999000000000000000e+03
-9.999000000000000000e+03
-9.999000000000000000e+03
-9.999000000000000000e+03
-9.999000000000000000e+03
-9.999000000000000000e+03
-9.999000000000000000e+03
-9.999000000000000000e+03
-9.999000000000000000e+03
-9.999000000000000000e+03
-9.999000000000000000e+03
-9.999000000000000000e+03
-9.999000000000000000e+03
-9.999000000000000000e+03
-9.999000000000000000e+03
-9.999000000000000000e+03
-9.999000000000000000e+03
-9.999000000000000000e+03
-9.999000000000000000e+03
-9.999000000000000000e+03
-9.999000000000000000e+03
-3.690594807267189026e-02
-2.688874676823616028e-02
-3.659335151314735413e-02
-7.809811830520629883e-02
3.106276132166385651e-02
1.286993324756622314e-01
2.028062045574188232e-01
1.605121195316314697e-01
1.051309555768966675e-01
-9.999000000000000000e+03
-9.999000000000000000e+03
-9.999000000000000000e+03
-9.999000000000000000e+03
-9.999000000000000000e+03
-9.999000000000000000e+03
-9.999000000000000000e+03
-9.999000000000000000e+03
-9.999000000000000000e+03
-9.999000000000000000e+03
-9.999000000000000000e+03
-9.999000000000000000e+03
-9.999000000000000000e+03
-9.999000000000000000e+03
-9.999000000000000000e+03
-9.999000000000000000e+03
-9.999000000000000000e+03
-9.999000000000000000e+03
-9.999000000000000000e+03
-9.999000000000000000e+03
-9.999000000000000000e+03
-9.999000000000000000e+03
-9.999000000000000000e+03
-3.081726841628551483e-02
-5.658744648098945618e-02
-4.691702872514724731e-02
3.530536219477653503e-02
8.546172827482223511e-02
6.912156194448471069e-02
1.192742139101028442e-01
1.121105328202247620e-01
-9.999000000000000000e+03
-9.999000000000000000e+03
-9.999000000000000000e+03
-9.999000000000000000e+03
-9.999000000000000000e+03
-9.999000000000000000e+03
-9.999000000000000000e+03
-9.999000000000000000e+03
-9.999000000000000000e+03
-9.999000000000000000e+03
-9.999000000000000000e+03
-9.999000000000000000e+03
-9.999000000000000000e+03
-9.999000000000000000e+03
-9.999000000000000000e+03
-9.999000000000000000e+03
-9.999000000000000000e+03
-9.999000000000000000e+03
-9.999000000000000000e+03
-9.999000000000000000e+03
-9.999000000000000000e+03
-9.999000000000000000e+03
-9.999000000000000000e+03
-1.087567675858736038e-02
-4.053758457303047180e-02
-3.529404103755950928e-02
-4.509636759757995605e-02
-8.235541731119155884e-02
-1.118376404047012329e-01
-3.796213120222091675e-02
5.427351966500282288e-02
9.893734008073806763e-02
-9.999000000000000000e+03
-9.999000000000000000e+03
-9.999000000000000000e+03
-9.999000000000000000e+03
-9.999000000000000000e+03
-9.999000000000000000e+03
-9.999000000000000000e+03
-9.999000000000000000e+03
-9.999000000000000000e+03
-9.999000000000000000e+03
-9.999000000000000000e+03
-9.999000000000000000e+03
-9.999000000000000000e+03
-9.999000000000000000e+03
-9.999000000000000000e+03
-9.999000000000000000e+03
-9.999000000000000000e+03
-9.999000000000000000e+03
-9.999000000000000000e+03
-9.999000000000000000e+03
-9.999000000000000000e+03
-9.999000000000000000e+03
6.427881121635437012e-02
6.634120829403400421e-03
-3.619996458292007446e-02
-7.982998341321945190e-02
-1.137899458408355713e-01
-1.551574617624282837e-01
-9.098213911056518555e-02
2.761533297598361969e-02
1.145012006163597107e-01
3.893854096531867981e-02
-4.801237490028142929e-03
2.940679900348186493e-02
2.732548862695693970e-02
-9.999000000000000000e+03
-9.999000000000000000e+03
-9.999000000000000000e+03
-9.999000000000000000e+03
-9.999000000000000000e+03
-9.999000000000000000e+03
-9.999000000000000000e+03
-9.999000000000000000e+03
-9.999000000000000000e+03
-9.999000000000000000e+03
-9.999000000000000000e+03
-9.999000000000000000e+03
-9.999000000000000000e+03
-9.999000000000000000e+03
-9.999000000000000000e+03
-9.999000000000000000e+03
-9.999000000000000000e+03
6.058350205421447754e-02
6.588220596313476562e-02
4.280632361769676208e-02
-1.439305674284696579e-02
-6.284937262535095215e-02
-1.091644540429115295e-01
-1.103810742497444153e-01
-7.556848973035812378e-02
-2.982108620926737785e-03
8.158645033836364746e-02
3.032179176807403564e-02
4.790790751576423645e-02
2.491539902985095978e-02
2.200773358345031738e-02
-9.999000000000000000e+03
-9.999000000000000000e+03
-9.999000000000000000e+03
-9.999000000000000000e+03
-9.999000000000000000e+03
-9.999000000000000000e+03
-9.999000000000000000e+03
-9.999000000000000000e+03
-9.999000000000000000e+03
-9.999000000000000000e+03
-9.999000000000000000e+03
-9.999000000000000000e+03
-9.999000000000000000e+03
-9.999000000000000000e+03
-9.999000000000000000e+03
3.553432971239089966e-02
3.065745159983634949e-02
3.979584574699401855e-02
4.632023349404335022e-02
3.187036886811256409e-02
3.657737746834754944e-03
-2.640251256525516510e-02
-6.876237690448760986e-02
-8.974780142307281494e-02
-8.019407093524932861e-02
-2.856192924082279205e-02
1.537260971963405609e-02
6.796746701002120972e-02
8.032366633415222168e-02
-9.999000000000000000e+03
-9.999000000000000000e+03
-9.999000000000000000e+03
-9.999000000000000000e+03
-9.999000000000000000e+03
-9.999000000000000000e+03
-9.999000000000000000e+03
-9.999000000000000000e+03
-9.999000000000000000e+03
-9.999000000000000000e+03
-9.999000000000000000e+03
-9.999000000000000000e+03
-9.999000000000000000e+03
-9.999000000000000000e+03
-9.999000000000000000e+03
-9.999000000000000000e+03
2.609798684716224670e-02
4.271979629993438721e-02
6.169908121228218079e-02
5.475680157542228699e-02
4.589052870869636536e-02
2.615867182612419128e-02
6.783693679608404636e-04
-1.396557409316301346e-02
-3.217576816678047180e-02
-6.061303615570068359e-02
-8.405800908803939819e-02
-6.439138203859329224e-02
-8.965804241597652435e-03
9.797827899456024170e-02
-9.999000000000000000e+03
-9.999000000000000000e+03
-9.999000000000000000e+03
-9.999000000000000000e+03
-9.999000000000000000e+03
-9.999000000000000000e+03
-9.999000000000000000e+03
-9.999000000000000000e+03
-9.999000000000000000e+03
-9.999000000000000000e+03
-9.999000000000000000e+03
-9.999000000000000000e+03
-9.999000000000000000e+03
-9.999000000000000000e+03
-9.999000000000000000e+03
-9.999000000000000000e+03
-9.999000000000000000e+03
3.629451990127563477e-02
4.300050064921379089e-02
9.098666906356811523e-02
6.359359622001647949e-02
2.488021552562713623e-02
-4.453612957149744034e-03
-2.694394625723361969e-02
-2.983323857188224792e-02
-1.896131224930286407e-02
-5.237063020467758179e-02
-6.286810338497161865e-02
-4.236077144742012024e-02
9.119837544858455658e-03
7.569421827793121338e-02
-9.999000000000000000e+03
-9.999000000000000000e+03
-9.999000000000000000e+03
-9.999000000000000000e+03
-9.999000000000000000e+03
-9.999000000000000000e+03
-9.999000000000000000e+03
-9.999000000000000000e+03
-9.999000000000000000e+03
-9.999000000000000000e+03
-9.999000000000000000e+03
-9.999000000000000000e+03
-9.999000000000000000e+03
-9.999000000000000000e+03
-9.999000000000000000e+03
-9.999000000000000000e+03
-9.999000000000000000e+03
5.026629939675331116e-02
8.504561334848403931e-02
9.254045784473419189e-02
5.761598795652389526e-02
9.284500963985919952e-03
-4.432923719286918640e-02
-6.699965149164199829e-02
-5.032345280051231384e-02
-2.403160743415355682e-02
-2.866014465689659119e-02
-4.546337947249412537e-02
-2.206026017665863037e-02
6.748340092599391937e-03
-9.999000000000000000e+03
-9.999000000000000000e+03
-9.999000000000000000e+03
-9.999000000000000000e+03
-9.999000000000000000e+03
-9.999000000000000000e+03
-9.999000000000000000e+03
-9.999000000000000000e+03
-9.999000000000000000e+03
-9.999000000000000000e+03
-9.999000000000000000e+03
-9.999000000000000000e+03
-9.999000000000000000e+03
-9.999000000000000000e+03
-9.999000000000000000e+03
-9.999000000000000000e+03
-9.999000000000000000e+03
-9.999000000000000000e+03
6.215443089604377747e-02
9.185300767421722412e-02
6.939826160669326782e-02
3.167474269866943359e-02
-2.792866341769695282e-02
-7.121901959180831909e-02
-8.690993487834930420e-02
-7.635276019573211670e-02
-2.908176369965076447e-02
-1.007407531142234802e-02
-1.308193244040012360e-02
-1.880246214568614960e-02
-9.999000000000000000e+03
-9.999000000000000000e+03
-9.999000000000000000e+03
-9.999000000000000000e+03
-9.999000000000000000e+03
-9.999000000000000000e+03
-9.999000000000000000e+03
-9.999000000000000000e+03
-9.999000000000000000e+03
-9.999000000000000000e+03
-9.999000000000000000e+03
-9.999000000000000000e+03
-9.999000000000000000e+03
-9.999000000000000000e+03
-9.999000000000000000e+03
-9.999000000000000000e+03
-9.999000000000000000e+03
-9.999000000000000000e+03
-9.999000000000000000e+03
5.273966491222381592e-02
6.772842258214950562e-02
5.354117974638938904e-02
2.553834021091461182e-02
-7.319676131010055542e-02
-8.475218713283538818e-02
-7.963468879461288452e-02
-5.254095792770385742e-02
-3.214280679821968079e-02
-1.605159789323806763e-02
-9.999000000000000000e+03
-9.999000000000000000e+03
-9.999000000000000000e+03
-9.999000000000000000e+03
-9.999000000000000000e+03
-9.999000000000000000e+03
-9.999000000000000000e+03
-9.999000000000000000e+03
-9.999000000000000000e+03
-9.999000000000000000e+03
-9.999000000000000000e+03
-9.999000000000000000e+03
-9.999000000000000000e+03
-9.999000000000000000e+03
-9.999000000000000000e+03
-9.999000000000000000e+03
-9.999000000000000000e+03
-9.999000000000000000e+03
-9.999000000000000000e+03
-9.999000000000000000e+03
-9.999000000000000000e+03
2.664491720497608185e-02
2.329474128782749176e-02
2.328413166105747223e-02
-3.027785010635852814e-02
-7.072227448225021362e-02
-6.914649158716201782e-02
-9.999000000000000000e+03
-9.999000000000000000e+03
-9.999000000000000000e+03
-9.999000000000000000e+03
-9.999000000000000000e+03
-9.999000000000000000e+03
-9.999000000000000000e+03
-9.999000000000000000e+03
-9.999000000000000000e+03
-9.999000000000000000e+03
-9.999000000000000000e+03
-9.999000000000000000e+03
-9.999000000000000000e+03
-9.999000000000000000e+03
-9.999000000000000000e+03
-9.999000000000000000e+03
-9.999000000000000000e+03
-9.999000000000000000e+03
-9.999000000000000000e+03
-9.999000000000000000e+03
-9.999000000000000000e+03
-9.999000000000000000e+03
-9.999000000000000000e+03
-9.999000000000000000e+03
-9.999000000000000000e+03
-1.334738731384277344e-02
4.108510445803403854e-03
9.454052895307540894e-03
-9.999000000000000000e+03
-9.999000000000000000e+03
-9.999000000000000000e+03
-9.999000000000000000e+03
-9.999000000000000000e+03
-9.999000000000000000e+03
-9.999000000000000000e+03
-9.999000000000000000e+03
-9.999000000000000000e+03
-9.999000000000000000e+03
-9.999000000000000000e+03
-9.999000000000000000e+03
-9.999000000000000000e+03
-9.999000000000000000e+03
-9.999000000000000000e+03
-9.999000000000000000e+03
-9.999000000000000000e+03
-9.999000000000000000e+03
-9.999000000000000000e+03
-9.999000000000000000e+03
-9.999000000000000000e+03
-9.999000000000000000e+03
-9.999000000000000000e+03
-9.999000000000000000e+03
-9.999000000000000000e+03
-9.999000000000000000e+03
-9.999000000000000000e+03
-9.999000000000000000e+03
