8.925329893827438354e-02
9.731767326593399048e-02
7.343090325593948364e-02
4.918981343507766724e-02
4.740393534302711487e-02
2.659275569021701813e-02
1.976007223129272461e-02
1.759360916912555695e-02
-1.407423289492726326e-03
-1.426250487565994263e-02
-5.116327479481697083e-02
-9.999000000000000000e+03
-9.999000000000000000e+03
-9.999000000000000000e+03
-9.999000000000000000e+03
-9.999000000000000000e+03
-9.999000000000000000e+03
-9.999000000000000000e+03
-9.999000000000000000e+03
-9.999000000000000000e+03
-9.999000000000000000e+03
-9.999000000000000000e+03
-9.999000000000000000e+03
-2.861142531037330627e-02
-5.519570410251617432e-02
-1.189396902918815613e-02
2.464752830564975739e-02
6.602483987808227539e-02
9.337864816188812256e-02
1.123022660613059998e-01
1.098133400082588196e-01
1.588426157832145691e-02
2.653463557362556458e-02
1.570789515972137451e-02
-8.303295471705496311e-04
-1.078795175999403000e-02
-2.933777682483196259e-02
-3.235183283686637878e-02
-2.859115786850452423e-02
-4.049272090196609497e-02
-3.853717073798179626e-02
-3.672834485769271851e-02
-1.855666749179363251e-02
-9.999000000000000000e+03
-9.999000000000000000e+03
-9.999000000000000000e+03
-9.999000000000000000e+03
-9.999000000000000000e+03
-9.999000000000000000e+03
-9.999000000000000000e+03
-9.999000000000000000e+03
-9.999000000000000000e+03
8.925542235374450684e-03
1.850937865674495697e-02
-4.301992885302752256e-05
2.391970017924904823e-03
2.632744982838630676e-02
5.821208655834197998e-02
7.735715806484222412e-02
8.840995281934738159e-02
9.030111879110336304e-02
9.565007686614990234e-02
-6.283538043498992920e-02
-4.854046925902366638e-02
-5.259763449430465698e-02
-7.044947147369384766e-02
-6.532827019691467285e-02
-7.741860300302505493e-02
-7.604826241731643677e-02
-6.265477836132049561e-02
-7.378761470317840576e-02
-6.619062274694442749e-02
-4.898887500166893005e-02
-2.557144314050674438e-02
-9.999000000000000000e+03
-9.999000000000000000e+03
-9.999000000000000000e+03
-9.999000000000000000e+03
-9.999000000000000000e+03
-9.999000000000000000e+03
-9.999000000000000000e+03
3.525434806942939758e-02
4.442521184682846069e-02
6.024983897805213928e-02
6.867587566375732422e-02
5.856619775295257568e-02
4.737129434943199158e-02
6.217376515269279480e-02
7.271640747785568237e-02
7.927225530147552490e-02
9.692162275314331055e-02
1.078861802816390991e-01
1.385900080204010010e-01
-1.434943228960037231e-01
-1.310828626155853271e-01
-1.302572935819625854e-01
-1.393183171749114990e-01
-1.330608725547790527e-01
-1.440629959106445312e-01
-1.357952058315277100e-01
-1.129928901791572571e-01
-1.074545308947563171e-01
-8.756867796182632446e-02
-6.716848164796829224e-02
-3.637938201427459717e-02
-2.879461646080017090e-02
-9.999000000000000000e+03
-9.999000000000000000e+03
-9.999000000000000000e+03
-3.035038243979215622e-03
4.759663250297307968e-03
2.585592679679393768e-02
1.681905239820480347e-02
1.794136129319667816e-02
2.802023291587829590e-02
1.887846924364566803e-02
5.049982666969299316e-02
6.519347429275512695e-02
6.208825856447219849e-02
9.337715059518814087e-02
1.206824854016304016e-01
1.351366043090820312e-01
1.470984518527984619e-01
1.600166857242584229e-01
-2.106774151325225830e-01
-2.142536938190460205e-01
-2.172572463750839233e-01
-2.176323235034942627e-01
-1.977292597293853760e-01
-1.933273971080780029e-01
-1.757133603096008301e-01
-1.450346261262893677e-01
-1.261854767799377441e-01
-9.733834117650985718e-02
-6.561049073934555054e-02
-4.656839370727539062e-02
-3.940127417445182800e-02
-4.634590819478034973e-02
-3.368999063968658447e-02
-2.267817035317420959e-02
-3.042880073189735413e-02
-4.958578199148178101e-02
-5.043041333556175232e-02
-8.172996342182159424e-02
-7.330360263586044312e-02
-7.641000300645828247e-02
-8.148752897977828979e-02
-4.339358955621719360e-02
-1.918176375329494476e-02
1.154965534806251526e-02
5.670592933893203735e-02
9.234621375799179077e-02
1.233662143349647522e-01
1.447555273771286011e-01
1.497699320316314697e-01
-2.369606494903564453e-01
-2.551987767219543457e-01
-2.768449783325195312e-01
-2.713746428489685059e-01
-2.446050494909286499e-01
-2.264709919691085815e-01
-1.959658563137054443e-01
-1.586136370897293091e-01
-1.343653053045272827e-01
-9.900185465812683105e-02
-5.464280024170875549e-02
-1.983935385942459106e-02
-2.210424467921257019e-02
-2.720989100635051727e-02
-4.083483666181564331e-02
-5.108311399817466736e-02
-8.326090872287750244e-02
-1.375190764665603638e-01
-1.659318208694458008e-01
-2.055079191923141479e-01
-2.121358960866928101e-01
-1.934786587953567505e-01
-1.957575231790542603e-01
-1.332315504550933838e-01
-9.258148819208145142e-02
-7.421791553497314453e-02
-1.605034689418971539e-03
3.257086127996444702e-02
7.356654852628707886e-02
1.135293841361999512e-01
1.213232055306434631e-01
-2.481898218393325806e-01
-2.650454938411712646e-01
-2.839090526103973389e-01
-2.744373083114624023e-01
-2.541081905364990234e-01
-2.359845638275146484e-01
-1.979165971279144287e-01
-1.520134955644607544e-01
-1.138348057866096497e-01
-8.514846116304397583e-02
-4.896336048841476440e-02
-2.499522268772125244e-02
-1.249313727021217346e-02
-2.186879701912403107e-02
-8.406598120927810669e-02
-1.234128996729850769e-01
-1.747057735919952393e-01
-2.202851176261901855e-01
-2.402422726154327393e-01
-2.782761156558990479e-01
-2.926119863986968994e-01
-3.014155924320220947e-01
-2.995627224445343018e-01
-2.611693739891052246e-01
-2.277329713106155396e-01
-2.002620697021484375e-01
-1.203821301460266113e-01
-7.836782187223434448e-02
-2.334653772413730621e-02
4.439715296030044556e-02
6.166933476924896240e-02
-2.180616408586502075e-01
-2.479561269283294678e-01
-2.667725980281829834e-01
-2.470385879278182983e-01
-2.206418067216873169e-01
-1.939385384321212769e-01
-1.592890918254852295e-01
-1.316466182470321655e-01
-9.560944885015487671e-02
-8.003300428390502930e-02
-6.219618394970893860e-02
-6.044942513108253479e-02
-6.625399738550186157e-02
-9.289614111185073853e-02
-1.449798345565795898e-01
-1.824944913387298584e-01
-2.389205694198608398e-01
-2.639358639717102051e-01
-2.828353941440582275e-01
-2.840828597545623779e-01
-2.747515439987182617e-01
-2.920916974544525146e-01
-2.763993144035339355e-01
-2.937946021556854248e-01
-3.303676247596740723e-01
-3.199175000190734863e-01
-2.286254465579986572e-01
-1.708844304084777832e-01
-1.177506372332572937e-01
-5.338457226753234863e-02
-3.209478035569190979e-02
-1.894374787807464600e-01
-2.148580402135848999e-01
-2.272968888282775879e-01
-2.097827196121215820e-01
-1.910619437694549561e-01
-1.598299443721771240e-01
-1.223097443580627441e-01
-9.841799736022949219e-02
-8.449061214923858643e-02
-7.790597528219223022e-02
-7.842747122049331665e-02
-9.028883278369903564e-02
-1.249987334012985229e-01
-1.716822534799575806e-01
-2.135201394557952881e-01
-2.266939282417297363e-01
-2.425914853811264038e-01
-2.369377464056015015e-01
-2.424310296773910522e-01
-1.979421973228454590e-01
-1.416724324226379395e-01
-1.435664445161819458e-01
-1.185558214783668518e-01
-1.735474169254302979e-01
-1.588102430105209351e-01
-2.654208540916442871e-01
-2.468025237321853638e-01
-2.149287909269332886e-01
-1.620713472366333008e-01
-1.205233111977577209e-01
-1.057154238224029541e-01
-1.681570410728454590e-01
-1.861495822668075562e-01
-1.903982162475585938e-01
-1.785858869552612305e-01
-1.565376073122024536e-01
-1.282199323177337646e-01
-1.021358966827392578e-01
-8.330479264259338379e-02
-7.615207135677337646e-02
-8.346036821603775024e-02
-1.090633347630500793e-01
-1.517931669950485229e-01
-1.872713416814804077e-01
-2.137875556945800781e-01
-2.308292686939239502e-01
-2.271022796630859375e-01
-2.157354205846786499e-01
-1.471909582614898682e-01
-1.501452773809432983e-01
-8.325976878404617310e-02
-5.240204930305480957e-02
-9.999000000000000000e+03
-9.999000000000000000e+03
-9.999000000000000000e+03
-9.999000000000000000e+03
-9.999000000000000000e+03
-9.999000000000000000e+03
-2.600032985210418701e-01
-2.065307646989822388e-01
-1.485531777143478394e-01
-1.311314702033996582e-01
-1.352335959672927856e-01
-1.389618366956710815e-01
-1.578939408063888550e-01
-1.532742083072662354e-01
-1.409718394279479980e-01
-1.114498674869537354e-01
-8.762833476066589355e-02
-7.843492925167083740e-02
-8.835648745298385620e-02
-1.152619495987892151e-01
-1.376174986362457275e-01
-1.960409432649612427e-01
-2.136083990335464478e-01
-2.227570712566375732e-01
-2.041767239570617676e-01
-1.721826642751693726e-01
-1.404632627964019775e-01
-9.999000000000000000e+03
-9.999000000000000000e+03
-9.999000000000000000e+03
-9.999000000000000000e+03
-9.999000000000000000e+03
-9.999000000000000000e+03
-9.999000000000000000e+03
-9.999000000000000000e+03
-9.999000000000000000e+03
-9.999000000000000000e+03
-1.320385038852691650e-01
-1.762653887271881104e-01
-1.887931227684020996e-01
-1.749916374683380127e-01
-1.296155601739883423e-01
-1.113799363374710083e-01
-1.143802478909492493e-01
-1.128620430827140808e-01
-1.124484613537788391e-01
-1.041640639305114746e-01
-9.628425538539886475e-02
-9.594599157571792603e-02
-1.342193633317947388e-01
-1.592100560665130615e-01
-1.734542846679687500e-01
-1.889437139034271240e-01
-1.901523768901824951e-01
-1.952081322669982910e-01
-1.056631356477737427e-01
-1.076272502541542053e-01
-9.999000000000000000e+03
-9.999000000000000000e+03
-9.999000000000000000e+03
-9.999000000000000000e+03
-9.999000000000000000e+03
-9.999000000000000000e+03
-9.999000000000000000e+03
-9.999000000000000000e+03
-9.999000000000000000e+03
-9.999000000000000000e+03
-9.999000000000000000e+03
-9.999000000000000000e+03
-1.051351726055145264e-01
-1.843721121549606323e-01
-2.037833482027053833e-01
-1.538720875978469849e-01
-1.305684447288513184e-01
-1.069575995206832886e-01
-9.276299923658370972e-02
-8.872383087873458862e-02
-9.112579375505447388e-02
-1.019644811749458313e-01
-1.233966723084449768e-01
-1.512028425931930542e-01
-1.556007266044616699e-01
-1.595887392759323120e-01
-1.588501036167144775e-01
-1.103702336549758911e-01
-1.252922862768173218e-01
-9.999000000000000000e+03
-9.999000000000000000e+03
-9.999000000000000000e+03
-9.999000000000000000e+03
-9.999000000000000000e+03
-9.999000000000000000e+03
-9.999000000000000000e+03
-9.999000000000000000e+03
-9.999000000000000000e+03
-9.999000000000000000e+03
-9.999000000000000000e+03
-9.999000000000000000e+03
-9.999000000000000000e+03
-9.999000000000000000e+03
-9.999000000000000000e+03
-1.619714498519897461e-01
-2.121278047561645508e-01
-9.999000000000000000e+03
-8.888642489910125732e-02
-1.020491048693656921e-01
-8.637309074401855469e-02
-7.421337813138961792e-02
-7.801368087530136108e-02
-9.548687189817428589e-02
-1.299708187580108643e-01
-1.331308931112289429e-01
-1.274546533823013306e-01
-1.242658346891403198e-01
-1.058122515678405762e-01
-7.915837317705154419e-02
-9.999000000000000000e+03
-9.999000000000000000e+03
-9.999000000000000000e+03
-9.999000000000000000e+03
-9.999000000000000000e+03
-9.999000000000000000e+03
-9.999000000000000000e+03
-9.999000000000000000e+03
-9.999000000000000000e+03
-9.999000000000000000e+03
-9.999000000000000000e+03
-9.999000000000000000e+03
-9.999000000000000000e+03
-9.999000000000000000e+03
-9.999000000000000000e+03
-9.999000000000000000e+03
-1.380737423896789551e-01
-2.055089771747589111e-01
-9.999000000000000000e+03
-9.999000000000000000e+03
-9.380613267421722412e-02
-8.764306455850601196e-02
-7.100145518779754639e-02
-6.984547525644302368e-02
-8.926235139369964600e-02
-1.068582013249397278e-01
-9.826697409152984619e-02
-9.558595716953277588e-02
-8.428198844194412231e-02
-2.837492898106575012e-02
-9.999000000000000000e+03
-9.999000000000000000e+03
-9.999000000000000000e+03
-9.999000000000000000e+03
-9.999000000000000000e+03
-9.999000000000000000e+03
-9.999000000000000000e+03
-9.999000000000000000e+03
-9.999000000000000000e+03
-9.999000000000000000e+03
-9.999000000000000000e+03
-9.999000000000000000e+03
-9.999000000000000000e+03
-9.999000000000000000e+03
-9.999000000000000000e+03
-9.999000000000000000e+03
-9.999000000000000000e+03
-8.519721031188964844e-02
-1.622992306947708130e-01
-9.999000000000000000e+03
-9.999000000000000000e+03
-6.220151111483573914e-02
-7.702229171991348267e-02
-7.328978925943374634e-02
-6.219569593667984009e-02
-6.371378898620605469e-02
-5.851489305496215820e-02
-6.658533215522766113e-02
-6.140921637415885925e-02
-4.859947040677070618e-02
-1.855051331222057343e-02
-9.999000000000000000e+03
-9.999000000000000000e+03
-9.999000000000000000e+03
-9.999000000000000000e+03
-9.999000000000000000e+03
-9.999000000000000000e+03
-9.999000000000000000e+03
-9.999000000000000000e+03
-9.999000000000000000e+03
-9.999000000000000000e+03
-9.999000000000000000e+03
-9.999000000000000000e+03
-9.999000000000000000e+03
-9.999000000000000000e+03
-9.999000000000000000e+03
-9.999000000000000000e+03
-9.999000000000000000e+03
-9.999000000000000000e+03
-9.999000000000000000e+03
-9.999000000000000000e+03
-9.999000000000000000e+03
-4.270493611693382263e-02
-5.556913092732429504e-02
-5.858866870403289795e-02
-6.080339103937149048e-02
-3.484933823347091675e-02
-1.988196931779384613e-02
-2.196277678012847900e-02
-3.228812292218208313e-02
-3.360227122902870178e-02
-2.835596166551113129e-02
-9.999000000000000000e+03
-9.999000000000000000e+03
-9.999000000000000000e+03
-9.999000000000000000e+03
-9.999000000000000000e+03
-9.999000000000000000e+03
-9.999000000000000000e+03
-9.999000000000000000e+03
-9.999000000000000000e+03
-9.999000000000000000e+03
-9.999000000000000000e+03
-9.999000000000000000e+03
-9.999000000000000000e+03
-9.999000000000000000e+03
-9.999000000000000000e+03
-9.999000000000000000e+03
-9.999000000000000000e+03
-9.999000000000000000e+03
-9.999000000000000000e+03
-9.999000000000000000e+03
-9.999000000000000000e+03
-9.999000000000000000e+03
-3.947843611240386963e-02
-5.068697407841682434e-02
-6.161469593644142151e-02
2.664853073656558990e-02
1.207544561475515366e-02
4.488341510295867920e-03
1.467751525342464447e-02
-1.208487059921026230e-02
-9.999000000000000000e+03
-9.999000000000000000e+03
-9.999000000000000000e+03
-9.999000000000000000e+03
-9.999000000000000000e+03
-9.999000000000000000e+03
-9.999000000000000000e+03
-9.999000000000000000e+03
-9.999000000000000000e+03
-9.999000000000000000e+03
-9.999000000000000000e+03
-9.999000000000000000e+03
-9.999000000000000000e+03
-9.999000000000000000e+03
-9.999000000000000000e+03
-9.999000000000000000e+03
-9.999000000000000000e+03
-9.999000000000000000e+03
-9.999000000000000000e+03
-9.999000000000000000e+03
-9.999000000000000000e+03
-9.999000000000000000e+03
-9.999000000000000000e+03
-2.962166629731655121e-02
-5.343149229884147644e-02
-3.335260599851608276e-02
-1.924643409438431263e-03
2.143217134289443493e-04
-1.205577608197927475e-02
8.569727838039398193e-02
1.409606784582138062e-01
9.768766909837722778e-02
-9.999000000000000000e+03
-9.999000000000000000e+03
-9.999000000000000000e+03
-9.999000000000000000e+03
-9.999000000000000000e+03
-9.999000000000000000e+03
-9.999000000000000000e+03
-9.999000000000000000e+03
-9.999000000000000000e+03
-9.999000000000000000e+03
-9.999000000000000000e+03
-9.999000000000000000e+03
-9.999000000000000000e+03
-9.999000000000000000e+03
-9.999000000000000000e+03
-9.999000000000000000e+03
-9.999000000000000000e+03
-9.999000000000000000e+03
-9.999000000000000000e+03
-9.999000000000000000e+03
-9.999000000000000000e+03
-9.999000000000000000e+03
-9.999000000000000000e+03
-7.037655264139175415e-02
-4.416043311357498169e-02
-6.348460167646408081e-02
-6.145627424120903015e-02
-2.302134223282337189e-02
-2.335099503397941589e-03
1.441684216260910034e-01
1.770339310169219971e-01
-9.999000000000000000e+03
-9.999000000000000000e+03
-9.999000000000000000e+03
-9.999000000000000000e+03
-9.999000000000000000e+03
-9.999000000000000000e+03
-9.999000000000000000e+03
-9.999000000000000000e+03
-9.999000000000000000e+03
-9.999000000000000000e+03
-9.999000000000000000e+03
-9.999000000000000000e+03
-9.999000000000000000e+03
-9.999000000000000000e+03
-9.999000000000000000e+03
-9.999000000000000000e+03
-9.999000000000000000e+03
-9.999000000000000000e+03
-9.999000000000000000e+03
-9.999000000000000000e+03
-9.999000000000000000e+03
-9.999000000000000000e+03
-9.999000000000000000e+03
-9.692373871803283691e-02
-1.357395052909851074e-01
-1.772657334804534912e-01
-1.583134531974792480e-01
-1.391968727111816406e-01
-1.209213882684707642e-01
-4.782516509294509888e-02
5.931632965803146362e-02
7.042624801397323608e-02
-9.999000000000000000e+03
-9.999000000000000000e+03
-9.999000000000000000e+03
-9.999000000000000000e+03
-9.999000000000000000e+03
-9.999000000000000000e+03
-9.999000000000000000e+03
-9.999000000000000000e+03
-9.999000000000000000e+03
-9.999000000000000000e+03
-9.999000000000000000e+03
-9.999000000000000000e+03
-9.999000000000000000e+03
-9.999000000000000000e+03
-9.999000000000000000e+03
-9.999000000000000000e+03
-9.999000000000000000e+03
-9.999000000000000000e+03
-9.999000000000000000e+03
-9.999000000000000000e+03
-9.999000000000000000e+03
-9.999000000000000000e+03
-6.225121766328811646e-02
-1.275774240493774414e-01
-1.447174698114395142e-01
-1.484061330556869507e-01
-1.359380930662155151e-01
-1.306329667568206787e-01
-1.194078475236892700e-01
-9.577509760856628418e-02
-7.706536352634429932e-02
-2.747697383165359497e-02
-2.524476125836372375e-02
-5.008840188384056091e-02
-3.510655090212821960e-02
-9.999000000000000000e+03
-9.999000000000000000e+03
-9.999000000000000000e+03
-9.999000000000000000e+03
-9.999000000000000000e+03
-9.999000000000000000e+03
-9.999000000000000000e+03
-9.999000000000000000e+03
-9.999000000000000000e+03
-9.999000000000000000e+03
-9.999000000000000000e+03
-9.999000000000000000e+03
-9.999000000000000000e+03
-9.999000000000000000e+03
-9.999000000000000000e+03
-9.999000000000000000e+03
-9.999000000000000000e+03
-4.012107104063034058e-02
-4.109484702348709106e-02
-5.837201699614524841e-02
-6.804930418729782104e-02
-1.088486090302467346e-01
-1.304702758789062500e-01
-1.218484565615653992e-01
-1.141793876886367798e-01
-1.050305888056755066e-01
-5.871642380952835083e-02
-3.246188536286354065e-02
-3.433535620570182800e-02
-3.754432871937751770e-02
-4.392273351550102234e-02
-9.999000000000000000e+03
-9.999000000000000000e+03
-9.999000000000000000e+03
-9.999000000000000000e+03
-9.999000000000000000e+03
-9.999000000000000000e+03
-9.999000000000000000e+03
-9.999000000000000000e+03
-9.999000000000000000e+03
-9.999000000000000000e+03
-9.999000000000000000e+03
-9.999000000000000000e+03
-9.999000000000000000e+03
-9.999000000000000000e+03
-9.999000000000000000e+03
-2.030820772051811218e-02
-3.447395935654640198e-02
-6.620593369007110596e-02
-6.663048267364501953e-02
-6.021535024046897888e-02
-5.847087129950523376e-02
-6.080072373151779175e-02
-9.118602424860000610e-02
-1.073651686310768127e-01
-9.281675517559051514e-02
-6.366859376430511475e-02
-2.602738700807094574e-02
3.882479388266801834e-03
2.643097192049026489e-03
-9.999000000000000000e+03
-9.999000000000000000e+03
-9.999000000000000000e+03
-9.999000000000000000e+03
-9.999000000000000000e+03
-9.999000000000000000e+03
-9.999000000000000000e+03
-9.999000000000000000e+03
-9.999000000000000000e+03
-9.999000000000000000e+03
-9.999000000000000000e+03
-9.999000000000000000e+03
-9.999000000000000000e+03
-9.999000000000000000e+03
-9.999000000000000000e+03
-9.999000000000000000e+03
-2.098777890205383301e-02
-2.385522983968257904e-02
-3.637675940990447998e-02
-6.010014563798904419e-02
-8.245309442281723022e-02
-7.616651058197021484e-02
-4.940154403448104858e-02
-2.750370092689990997e-02
-4.068284854292869568e-02
-5.349335819482803345e-02
-8.057759702205657959e-02
-1.010555401444435120e-01
-1.105604991316795349e-01
-6.582544744014739990e-02
-9.999000000000000000e+03
-9.999000000000000000e+03
-9.999000000000000000e+03
-9.999000000000000000e+03
-9.999000000000000000e+03
-9.999000000000000000e+03
-9.999000000000000000e+03
-9.999000000000000000e+03
-9.999000000000000000e+03
-9.999000000000000000e+03
-9.999000000000000000e+03
-9.999000000000000000e+03
-9.999000000000000000e+03
-9.999000000000000000e+03
-9.999000000000000000e+03
-9.999000000000000000e+03
-9.999000000000000000e+03
-5.045436695218086243e-02
-7.038741558790206909e-02
-9.015951305627822876e-02
-9.982956200838088989e-02
-9.165211766958236694e-02
-7.276833057403564453e-02
-4.709799960255622864e-02
-2.411250025033950806e-02
-1.444477681070566177e-02
-8.361627347767353058e-03
-3.339080885052680969e-02
-8.354359865188598633e-02
-8.741453289985656738e-02
-8.916789293289184570e-02
-9.999000000000000000e+03
-9.999000000000000000e+03
-9.999000000000000000e+03
-9.999000000000000000e+03
-9.999000000000000000e+03
-9.999000000000000000e+03
-9.999000000000000000e+03
-9.999000000000000000e+03
-9.999000000000000000e+03
-9.999000000000000000e+03
-9.999000000000000000e+03
-9.999000000000000000e+03
-9.999000000000000000e+03
-9.999000000000000000e+03
-9.999000000000000000e+03
-9.999000000000000000e+03
-9.999000000000000000e+03
-1.017599999904632568e-01
-1.136843636631965637e-01
-1.138076856732368469e-01
-1.057270169258117676e-01
-8.222897350788116455e-02
-4.712861776351928711e-02
-2.696741744875907898e-02
-1.192247122526168823e-02
-5.824871361255645752e-03
-8.911860175430774689e-03
-2.595853246748447418e-02
-4.485388845205307007e-02
-3.023086115717887878e-02
-9.999000000000000000e+03
-9.999000000000000000e+03
-9.999000000000000000e+03
-9.999000000000000000e+03
-9.999000000000000000e+03
-9.999000000000000000e+03
-9.999000000000000000e+03
-9.999000000000000000e+03
-9.999000000000000000e+03
-9.999000000000000000e+03
-9.999000000000000000e+03
-9.999000000000000000e+03
-9.999000000000000000e+03
-9.999000000000000000e+03
-9.999000000000000000e+03
-9.999000000000000000e+03
-9.999000000000000000e+03
-9.999000000000000000e+03
-9.751353412866592407e-02
-9.203378111124038696e-02
-7.001681625843048096e-02
-5.620564892888069153e-02
-1.752872392535209656e-02
1.193717820569872856e-03
4.802515730261802673e-03
1.910265721380710602e-02
9.291437454521656036e-03
2.982066757977008820e-02
4.055288154631853104e-03
-2.765716239809989929e-02
-9.999000000000000000e+03
-9.999000000000000000e+03
-9.999000000000000000e+03
-9.999000000000000000e+03
-9.999000000000000000e+03
-9.999000000000000000e+03
-9.999000000000000000e+03
-9.999000000000000000e+03
-9.999000000000000000e+03
-9.999000000000000000e+03
-9.999000000000000000e+03
-9.999000000000000000e+03
-9.999000000000000000e+03
-9.999000000000000000e+03
-9.999000000000000000e+03
-9.999000000000000000e+03
-9.999000000000000000e+03
-9.999000000000000000e+03
-9.999000000000000000e+03
-7.676727324724197388e-02
-5.519885942339897156e-02
-2.804472669959068298e-02
2.927347319200634956e-03
7.287550717592239380e-02
7.443632185459136963e-02
6.202654913067817688e-02
3.653433173894882202e-02
2.135592140257358551e-02
1.581728272140026093e-02
-9.999000000000000000e+03
-9.999000000000000000e+03
-9.999000000000000000e+03
-9.999000000000000000e+03
-9.999000000000000000e+03
-9.999000000000000000e+03
-9.999000000000000000e+03
-9.999000000000000000e+03
-9.999000000000000000e+03
-9.999000000000000000e+03
-9.999000000000000000e+03
-9.999000000000000000e+03
-9.999000000000000000e+03
-9.999000000000000000e+03
-9.999000000000000000e+03
-9.999000000000000000e+03
-9.999000000000000000e+03
-9.999000000000000000e+03
-9.999000000000000000e+03
-9.999000000000000000e+03
-9.999000000000000000e+03
-4.846734553575515747e-02
-1.946167787536978722e-03
4.547671601176261902e-02
8.332259207963943481e-02
1.086289733648300171e-01
8.922373503446578979e-02
-9.999000000000000000e+03
-9.999000000000000000e+03
-9.999000000000000000e+03
-9.999000000000000000e+03
-9.999000000000000000e+03
-9.999000000000000000e+03
-9.999000000000000000e+03
-9.999000000000000000e+03
-9.999000000000000000e+03
-9.999000000000000000e+03
-9.999000000000000000e+03
-9.999000000000000000e+03
-9.999000000000000000e+03
-9.999000000000000000e+03
-9.999000000000000000e+03
-9.999000000000000000e+03
-9.999000000000000000e+03
-9.999000000000000000e+03
-9.999000000000000000e+03
-9.999000000000000000e+03
-9.999000000000000000e+03
-9.999000000000000000e+03
-9.999000000000000000e+03
-9.999000000000000000e+03
-9.999000000000000000e+03
-2.453068457543849945e-02
5.934920045547187328e-04
6.228522956371307373e-02
-9.999000000000000000e+03
-9.999000000000000000e+03
-9.999000000000000000e+03
-9.999000000000000000e+03
-9.999000000000000000e+03
-9.999000000000000000e+03
-9.999000000000000000e+03
-9.999000000000000000e+03
-9.999000000000000000e+03
-9.999000000000000000e+03
-9.999000000000000000e+03
-9.999000000000000000e+03
-9.999000000000000000e+03
-9.999000000000000000e+03
-9.999000000000000000e+03
-9.999000000000000000e+03
-9.999000000000000000e+03
-9.999000000000000000e+03
-9.999000000000000000e+03
-9.999000000000000000e+03
-9.999000000000000000e+03
-9.999000000000000000e+03
-9.999000000000000000e+03
-9.999000000000000000e+03
-9.999000000000000000e+03
-9.999000000000000000e+03
-9.999000000000000000e+03
-9.999000000000000000e+03
