-1.149712055921554565e-01
-7.047320902347564697e-02
-2.822437509894371033e-02
3.789651021361351013e-02
1.045811176300048828e-01
1.650066077709197998e-01
2.151276022195816040e-01
2.449743896722793579e-01
2.641491293907165527e-01
2.796246111392974854e-01
2.722057402133941650e-01
-9.999000000000000000e+03
-9.999000000000000000e+03
-9.999000000000000000e+03
-9.999000000000000000e+03
-9.999000000000000000e+03
-9.999000000000000000e+03
-9.999000000000000000e+03
-9.999000000000000000e+03
-9.999000000000000000e+03
-9.999000000000000000e+03
-9.999000000000000000e+03
-9.999000000000000000e+03
1.569613814353942871e-02
-1.337654981762170792e-02
2.334176003932952881e-02
5.410058796405792236e-02
5.282762274146080017e-02
5.932318419218063354e-02
5.899302288889884949e-02
6.734886765480041504e-02
-9.487445652484893799e-02
-5.897154659032821655e-02
-1.456565503031015396e-02
4.320942610502243042e-02
1.166341453790664673e-01
1.816397458314895630e-01
2.267034649848937988e-01
2.512874603271484375e-01
2.583252191543579102e-01
2.673839330673217773e-01
2.608590424060821533e-01
1.485315263271331787e-01
-9.999000000000000000e+03
-9.999000000000000000e+03
-9.999000000000000000e+03
-9.999000000000000000e+03
-9.999000000000000000e+03
-9.999000000000000000e+03
-9.999000000000000000e+03
-9.999000000000000000e+03
-9.999000000000000000e+03
-6.355161778628826141e-03
1.301800948567688465e-03
1.197484787553548813e-02
1.326881465502083302e-03
1.994338631629943848e-02
3.163102269172668457e-02
4.071218520402908325e-02
4.663240164518356323e-02
5.766560882329940796e-02
6.584072113037109375e-02
-9.561768919229507446e-02
-4.061254113912582397e-02
1.000022981315851212e-02
7.317025214433670044e-02
1.351308226585388184e-01
1.884239464998245239e-01
2.261103689670562744e-01
2.487127929925918579e-01
2.494863718748092651e-01
2.503733336925506592e-01
2.286101132631301880e-01
1.507599502801895142e-01
-9.999000000000000000e+03
-9.999000000000000000e+03
-9.999000000000000000e+03
-9.999000000000000000e+03
-9.999000000000000000e+03
-9.999000000000000000e+03
-9.999000000000000000e+03
-4.375948384404182434e-02
-2.649576216936111450e-02
-1.001851446926593781e-02
-8.466940373182296753e-03
8.743802085518836975e-03
2.654182352125644684e-02
2.982421405613422394e-02
2.211596630513668060e-02
1.140906009823083878e-02
2.251678518950939178e-02
3.977775201201438904e-02
3.431457653641700745e-02
-7.686794549226760864e-02
-2.457480318844318390e-02
1.805639825761318207e-02
7.567714899778366089e-02
1.480948030948638916e-01
2.023489475250244141e-01
2.260047048330307007e-01
2.399114370346069336e-01
2.371605634689331055e-01
2.326861172914505005e-01
2.130306661128997803e-01
1.551957428455352783e-01
7.314682006835937500e-02
-9.999000000000000000e+03
-9.999000000000000000e+03
-9.999000000000000000e+03
-5.589041486382484436e-02
-7.478960603475570679e-02
-8.035004884004592896e-02
-4.223539680242538452e-02
-1.120638661086559296e-02
3.087080782279372215e-03
2.075171098113059998e-02
2.602794393897056580e-02
3.962902724742889404e-02
2.831866219639778137e-02
-1.531778398202732205e-04
-1.764363981783390045e-02
-2.939223684370517731e-02
-1.846516877412796021e-02
-1.609605737030506134e-02
-6.920047104358673096e-02
-2.316548721864819527e-03
5.032018199563026428e-02
9.389079362154006958e-02
1.457769870758056641e-01
1.855830699205398560e-01
2.084947526454925537e-01
2.251011431217193604e-01
2.139352858066558838e-01
2.115874290466308594e-01
1.808597743511199951e-01
1.190652921795845032e-01
5.336956307291984558e-02
1.218849141150712967e-02
-3.180778771638870239e-02
-6.173310056328773499e-02
-6.801910698413848877e-02
-6.564056128263473511e-02
-5.383667349815368652e-02
-1.739743351936340332e-02
1.921043358743190765e-02
5.135438963770866394e-02
8.393792808055877686e-02
6.613292545080184937e-02
4.760889336466789246e-02
1.061707362532615662e-02
-2.047861739993095398e-02
-5.292998999357223511e-02
-7.863335311412811279e-02
-7.088913768529891968e-02
-6.336593627929687500e-02
-5.158778652548789978e-02
-2.152305096387863159e-03
4.867083951830863953e-02
9.490535408258438110e-02
1.451737433671951294e-01
1.708990335464477539e-01
1.804705411195755005e-01
1.940786093473434448e-01
1.985309422016143799e-01
1.963693052530288696e-01
1.412789672613143921e-01
6.659729033708572388e-02
2.772948890924453735e-02
-4.353256896138191223e-03
-2.497902698814868927e-02
-4.017904773354530334e-02
-4.025799036026000977e-02
-2.205508388578891754e-02
-7.920228876173496246e-03
3.823589161038398743e-02
6.921427696943283081e-02
9.075037389993667603e-02
1.012888625264167786e-01
7.614150643348693848e-02
2.990868687629699707e-02
-3.049293346703052521e-02
-6.714845448732376099e-02
-1.047856211662292480e-01
-1.248904690146446228e-01
-1.183775588870048523e-01
-1.090508773922920227e-01
-2.655808068811893463e-02
1.729803532361984253e-02
6.399501860141754150e-02
1.010432317852973938e-01
1.324516087770462036e-01
1.533210277557373047e-01
1.691123396158218384e-01
1.857038140296936035e-01
1.908028423786163330e-01
1.509411185979843140e-01
9.932403266429901123e-02
4.832448065280914307e-02
1.829047128558158875e-02
-7.460773456841707230e-03
-2.810144331306219101e-03
-4.672315437346696854e-03
1.090339384973049164e-02
3.054736182093620300e-02
3.665957599878311157e-02
6.874800473451614380e-02
9.065516293048858643e-02
1.025008857250213623e-01
7.308131456375122070e-02
3.914001584053039551e-02
-1.242534909397363663e-02
-5.621340870857238770e-02
-9.727349877357482910e-02
-1.394568979740142822e-01
-1.566241830587387085e-01
-1.462299823760986328e-01
-1.283446550369262695e-01
-4.466440528631210327e-03
3.003094531595706940e-02
8.173546195030212402e-02
1.057362332940101624e-01
1.249092668294906616e-01
1.457047760486602783e-01
1.669922620058059692e-01
1.813101917505264282e-01
1.735002994537353516e-01
1.131442338228225708e-01
5.816967412829399109e-02
1.750844158232212067e-02
1.884019933640956879e-02
2.300656773149967194e-02
3.413147106766700745e-02
3.612825274467468262e-02
5.813804268836975098e-02
7.106194645166397095e-02
7.142256945371627808e-02
7.571228593587875366e-02
7.750548422336578369e-02
7.790258526802062988e-02
4.915233328938484192e-02
6.688504945486783981e-03
-4.475020244717597961e-02
-8.597102016210556030e-02
-1.198047101497650146e-01
-1.505252271890640259e-01
-1.683072894811630249e-01
-1.626023650169372559e-01
-1.438568085432052612e-01
2.910736575722694397e-02
5.936456844210624695e-02
8.384226262569427490e-02
8.968628197908401489e-02
1.093475595116615295e-01
1.280419081449508667e-01
1.618350893259048462e-01
1.534558087587356567e-01
1.253368109464645386e-01
8.187495917081832886e-02
4.905211925506591797e-02
2.413701824843883514e-02
4.770113155245780945e-02
6.451293081045150757e-02
7.250277698040008545e-02
7.251131534576416016e-02
7.879221439361572266e-02
7.287523895502090454e-02
6.471690535545349121e-02
5.552855134010314941e-02
4.757690802216529846e-02
4.415489733219146729e-02
2.790137380361557007e-02
6.870898418128490448e-03
-1.868818514049053192e-02
-7.802195847034454346e-02
-1.202505156397819519e-01
-1.665137410163879395e-01
-1.831172257661819458e-01
-1.736456304788589478e-01
-1.505223959684371948e-01
4.459731280803680420e-02
4.908427223563194275e-02
6.093961745500564575e-02
6.515637040138244629e-02
9.221720695495605469e-02
1.249854564666748047e-01
1.385759115219116211e-01
1.277742385864257812e-01
1.065971702337265015e-01
6.467179208993911743e-02
4.701932892203330994e-02
6.824298202991485596e-02
8.219983428716659546e-02
8.511316031217575073e-02
8.447872847318649292e-02
8.392790704965591431e-02
7.924734801054000854e-02
4.235790669918060303e-02
3.122000209987163544e-02
1.655578613281250000e-02
2.704275585711002350e-02
-9.999000000000000000e+03
-9.999000000000000000e+03
-9.999000000000000000e+03
-9.999000000000000000e+03
-9.999000000000000000e+03
-9.999000000000000000e+03
-1.343908309936523438e-01
-1.834523826837539673e-01
-1.856351643800735474e-01
-1.574499309062957764e-01
-1.573005877435207367e-02
1.655836938880383968e-03
2.699433639645576477e-02
4.901361465454101562e-02
7.895750552415847778e-02
9.892383217811584473e-02
1.137761771678924561e-01
1.088247522711753845e-01
9.010662138462066650e-02
7.579306513071060181e-02
6.990753114223480225e-02
1.114316061139106750e-01
9.915361553430557251e-02
8.924922347068786621e-02
8.431118726730346680e-02
7.543425261974334717e-02
8.149462193250656128e-02
-9.999000000000000000e+03
-9.999000000000000000e+03
-9.999000000000000000e+03
-9.999000000000000000e+03
-9.999000000000000000e+03
-9.999000000000000000e+03
-9.999000000000000000e+03
-9.999000000000000000e+03
-9.999000000000000000e+03
-9.999000000000000000e+03
-1.113936007022857666e-01
-1.705646663904190063e-01
-1.899577230215072632e-01
-1.626337170600891113e-01
-4.733130335807800293e-02
-2.508846297860145569e-02
1.220054179430007935e-02
4.401959106326103210e-02
6.518374383449554443e-02
8.343130350112915039e-02
1.044254899024963379e-01
9.935531765222549438e-02
9.028091281652450562e-02
1.206327378749847412e-01
1.246101409196853638e-01
1.262930482625961304e-01
1.119852587580680847e-01
9.390456229448318481e-02
4.851795360445976257e-02
4.620426148176193237e-02
-9.999000000000000000e+03
-9.999000000000000000e+03
-9.999000000000000000e+03
-9.999000000000000000e+03
-9.999000000000000000e+03
-9.999000000000000000e+03
-9.999000000000000000e+03
-9.999000000000000000e+03
-9.999000000000000000e+03
-9.999000000000000000e+03
-9.999000000000000000e+03
-9.999000000000000000e+03
-1.086548939347267151e-01
-1.559321731328964233e-01
-1.213867664337158203e-01
-4.965606704354286194e-02
-4.649321734905242920e-02
-1.859501563012599945e-02
1.501321513205766678e-02
4.833741486072540283e-02
8.417772501707077026e-02
9.150271117687225342e-02
1.055057644844055176e-01
1.262585520744323730e-01
1.585339456796646118e-01
1.575896739959716797e-01
1.345165669918060303e-01
9.938575327396392822e-02
1.012635529041290283e-01
-9.999000000000000000e+03
-9.999000000000000000e+03
-9.999000000000000000e+03
-9.999000000000000000e+03
-9.999000000000000000e+03
-9.999000000000000000e+03
-9.999000000000000000e+03
-9.999000000000000000e+03
-9.999000000000000000e+03
-9.999000000000000000e+03
-9.999000000000000000e+03
-9.999000000000000000e+03
-9.999000000000000000e+03
-9.999000000000000000e+03
-9.999000000000000000e+03
-1.131494790315628052e-01
-8.969847857952117920e-02
-9.999000000000000000e+03
-4.924805834889411926e-02
-4.132725670933723450e-02
-1.268139481544494629e-02
3.128633275628089905e-02
6.516730040311813354e-02
8.324752748012542725e-02
1.318795979022979736e-01
1.772275120019912720e-01
1.746379137039184570e-01
1.535942554473876953e-01
1.249631643295288086e-01
8.428866416215896606e-02
-9.999000000000000000e+03
-9.999000000000000000e+03
-9.999000000000000000e+03
-9.999000000000000000e+03
-9.999000000000000000e+03
-9.999000000000000000e+03
-9.999000000000000000e+03
-9.999000000000000000e+03
-9.999000000000000000e+03
-9.999000000000000000e+03
-9.999000000000000000e+03
-9.999000000000000000e+03
-9.999000000000000000e+03
-9.999000000000000000e+03
-9.999000000000000000e+03
-9.999000000000000000e+03
-6.038302928209304810e-02
-4.647240787744522095e-02
-9.999000000000000000e+03
-9.999000000000000000e+03
-5.482693016529083252e-02
-2.666866220533847809e-02
2.763598971068859100e-02
7.020010799169540405e-02
1.104725077748298645e-01
1.411651819944381714e-01
1.619054377079010010e-01
1.475756615400314331e-01
1.205545142292976379e-01
6.709337979555130005e-02
-9.999000000000000000e+03
-9.999000000000000000e+03
-9.999000000000000000e+03
-9.999000000000000000e+03
-9.999000000000000000e+03
-9.999000000000000000e+03
-9.999000000000000000e+03
-9.999000000000000000e+03
-9.999000000000000000e+03
-9.999000000000000000e+03
-9.999000000000000000e+03
-9.999000000000000000e+03
-9.999000000000000000e+03
-9.999000000000000000e+03
-9.999000000000000000e+03
-9.999000000000000000e+03
-9.999000000000000000e+03
-3.780515864491462708e-02
-4.573286324739456177e-02
-9.999000000000000000e+03
-9.999000000000000000e+03
-3.350192308425903320e-02
-1.609920337796211243e-02
2.539159543812274933e-02
7.819881290197372437e-02
1.367324143648147583e-01
1.354428976774215698e-01
1.258288770914077759e-01
1.140969991683959961e-01
1.062810197472572327e-01
1.068453267216682434e-01
-9.999000000000000000e+03
-9.999000000000000000e+03
-9.999000000000000000e+03
-9.999000000000000000e+03
-9.999000000000000000e+03
-9.999000000000000000e+03
-9.999000000000000000e+03
-9.999000000000000000e+03
-9.999000000000000000e+03
-9.999000000000000000e+03
-9.999000000000000000e+03
-9.999000000000000000e+03
-9.999000000000000000e+03
-9.999000000000000000e+03
-9.999000000000000000e+03
-9.999000000000000000e+03
-9.999000000000000000e+03
-9.999000000000000000e+03
-9.999000000000000000e+03
-9.999000000000000000e+03
-9.999000000000000000e+03
-1.814137399196624756e-02
5.856083225808106363e-05
3.133575245738029480e-02
8.086952567100524902e-02
1.182546690106391907e-01
1.315697729587554932e-01
1.305164098739624023e-01
1.134501546621322632e-01
8.340089768171310425e-02
6.915460526943206787e-02
-9.999000000000000000e+03
-9.999000000000000000e+03
-9.999000000000000000e+03
-9.999000000000000000e+03
-9.999000000000000000e+03
-9.999000000000000000e+03
-9.999000000000000000e+03
-9.999000000000000000e+03
-9.999000000000000000e+03
-9.999000000000000000e+03
-9.999000000000000000e+03
-9.999000000000000000e+03
-9.999000000000000000e+03
-9.999000000000000000e+03
-9.999000000000000000e+03
-9.999000000000000000e+03
-9.999000000000000000e+03
-9.999000000000000000e+03
-9.999000000000000000e+03
-9.999000000000000000e+03
-9.999000000000000000e+03
-9.999000000000000000e+03
-1.254144683480262756e-02
1.708616316318511963e-02
6.634720414876937866e-02
1.049786582589149475e-01
1.189434379339218140e-01
1.392464041709899902e-01
1.310613751411437988e-01
7.048943638801574707e-02
-9.999000000000000000e+03
-9.999000000000000000e+03
-9.999000000000000000e+03
-9.999000000000000000e+03
-9.999000000000000000e+03
-9.999000000000000000e+03
-9.999000000000000000e+03
-9.999000000000000000e+03
-9.999000000000000000e+03
-9.999000000000000000e+03
-9.999000000000000000e+03
-9.999000000000000000e+03
-9.999000000000000000e+03
-9.999000000000000000e+03
-9.999000000000000000e+03
-9.999000000000000000e+03
-9.999000000000000000e+03
-9.999000000000000000e+03
-9.999000000000000000e+03
-9.999000000000000000e+03
-9.999000000000000000e+03
-9.999000000000000000e+03
-9.999000000000000000e+03
-7.691713515669107437e-03
8.292817510664463043e-03
4.182820394635200500e-02
6.450239568948745728e-02
9.512569755315780640e-02
1.363780051469802856e-01
1.248509734869003296e-01
6.348685920238494873e-02
2.769764326512813568e-02
-9.999000000000000000e+03
-9.999000000000000000e+03
-9.999000000000000000e+03
-9.999000000000000000e+03
-9.999000000000000000e+03
-9.999000000000000000e+03
-9.999000000000000000e+03
-9.999000000000000000e+03
-9.999000000000000000e+03
-9.999000000000000000e+03
-9.999000000000000000e+03
-9.999000000000000000e+03
-9.999000000000000000e+03
-9.999000000000000000e+03
-9.999000000000000000e+03
-9.999000000000000000e+03
-9.999000000000000000e+03
-9.999000000000000000e+03
-9.999000000000000000e+03
-9.999000000000000000e+03
-9.999000000000000000e+03
-9.999000000000000000e+03
-9.999000000000000000e+03
-2.926999703049659729e-03
9.626775048673152924e-03
2.111162990331649780e-02
4.928023368120193481e-02
8.379799127578735352e-02
4.443550109863281250e-02
3.776747360825538635e-02
6.355349719524383545e-02
-9.999000000000000000e+03
-9.999000000000000000e+03
-9.999000000000000000e+03
-9.999000000000000000e+03
-9.999000000000000000e+03
-9.999000000000000000e+03
-9.999000000000000000e+03
-9.999000000000000000e+03
-9.999000000000000000e+03
-9.999000000000000000e+03
-9.999000000000000000e+03
-9.999000000000000000e+03
-9.999000000000000000e+03
-9.999000000000000000e+03
-9.999000000000000000e+03
-9.999000000000000000e+03
-9.999000000000000000e+03
-9.999000000000000000e+03
-9.999000000000000000e+03
-9.999000000000000000e+03
-9.999000000000000000e+03
-9.999000000000000000e+03
-9.999000000000000000e+03
-1.399313472211360931e-02
-1.825802214443683624e-02
-1.559037435799837112e-02
-1.626539044082164764e-02
-1.600311137735843658e-02
-4.739276692271232605e-02
-3.951503708958625793e-02
2.297439426183700562e-02
7.367303967475891113e-02
-9.999000000000000000e+03
-9.999000000000000000e+03
-9.999000000000000000e+03
-9.999000000000000000e+03
-9.999000000000000000e+03
-9.999000000000000000e+03
-9.999000000000000000e+03
-9.999000000000000000e+03
-9.999000000000000000e+03
-9.999000000000000000e+03
-9.999000000000000000e+03
-9.999000000000000000e+03
-9.999000000000000000e+03
-9.999000000000000000e+03
-9.999000000000000000e+03
-9.999000000000000000e+03
-9.999000000000000000e+03
-9.999000000000000000e+03
-9.999000000000000000e+03
-9.999000000000000000e+03
-9.999000000000000000e+03
-9.999000000000000000e+03
6.604629568755626678e-03
-9.181521832942962646e-03
-1.796397753059864044e-02
-3.056518547236919403e-02
-3.539242967963218689e-02
-7.787049561738967896e-02
-7.382595539093017578e-02
-8.386672474443912506e-03
4.873530939221382141e-02
4.072987660765647888e-02
1.834729313850402832e-02
2.412458881735801697e-02
3.511843457818031311e-02
-9.999000000000000000e+03
-9.999000000000000000e+03
-9.999000000000000000e+03
-9.999000000000000000e+03
-9.999000000000000000e+03
-9.999000000000000000e+03
-9.999000000000000000e+03
-9.999000000000000000e+03
-9.999000000000000000e+03
-9.999000000000000000e+03
-9.999000000000000000e+03
-9.999000000000000000e+03
-9.999000000000000000e+03
-9.999000000000000000e+03
-9.999000000000000000e+03
-9.999000000000000000e+03
-9.999000000000000000e+03
2.771631255745887756e-02
2.842364460229873657e-02
1.247478276491165161e-02
-3.586494550108909607e-02
-5.922835692763328552e-02
-7.012727856636047363e-02
-7.297426462173461914e-02
-6.398206949234008789e-02
-3.243561834096908569e-02
-7.549079600721597672e-04
7.511890144087374210e-04
1.624053902924060822e-02
2.541183680295944214e-02
3.430436551570892334e-02
-9.999000000000000000e+03
-9.999000000000000000e+03
-9.999000000000000000e+03
-9.999000000000000000e+03
-9.999000000000000000e+03
-9.999000000000000000e+03
-9.999000000000000000e+03
-9.999000000000000000e+03
-9.999000000000000000e+03
-9.999000000000000000e+03
-9.999000000000000000e+03
-9.999000000000000000e+03
-9.999000000000000000e+03
-9.999000000000000000e+03
-9.999000000000000000e+03
2.655639313161373138e-02
2.474958077073097229e-02
3.279000520706176758e-02
2.393046580255031586e-02
-1.331884786486625671e-02
-5.293643847107887268e-02
-6.721106916666030884e-02
-6.809010356664657593e-02
-6.428559869527816772e-02
-6.808803975582122803e-02
-5.432368069887161255e-02
-3.463070094585418701e-02
7.259613834321498871e-03
2.632670104503631592e-02
-9.999000000000000000e+03
-9.999000000000000000e+03
-9.999000000000000000e+03
-9.999000000000000000e+03
-9.999000000000000000e+03
-9.999000000000000000e+03
-9.999000000000000000e+03
-9.999000000000000000e+03
-9.999000000000000000e+03
-9.999000000000000000e+03
-9.999000000000000000e+03
-9.999000000000000000e+03
-9.999000000000000000e+03
-9.999000000000000000e+03
-9.999000000000000000e+03
-9.999000000000000000e+03
2.975924313068389893e-02
4.326469078660011292e-02
6.141747906804084778e-02
5.238115787506103516e-02
1.505038142204284668e-02
-4.003475233912467957e-02
-7.352586835622787476e-02
-6.371025741100311279e-02
-4.197680577635765076e-02
-3.609411790966987610e-02
-5.425145849585533142e-02
-6.543611735105514526e-02
-8.283167332410812378e-02
1.021956000477075577e-02
-9.999000000000000000e+03
-9.999000000000000000e+03
-9.999000000000000000e+03
-9.999000000000000000e+03
-9.999000000000000000e+03
-9.999000000000000000e+03
-9.999000000000000000e+03
-9.999000000000000000e+03
-9.999000000000000000e+03
-9.999000000000000000e+03
-9.999000000000000000e+03
-9.999000000000000000e+03
-9.999000000000000000e+03
-9.999000000000000000e+03
-9.999000000000000000e+03
-9.999000000000000000e+03
-9.999000000000000000e+03
7.146100699901580811e-02
9.212829172611236572e-02
1.046903282403945923e-01
5.455678701400756836e-02
-9.248547255992889404e-03
-5.012306571006774902e-02
-6.831671297550201416e-02
-6.047659739851951599e-02
-2.315058000385761261e-02
-6.205367855727672577e-03
-1.685827970504760742e-02
-5.733986943960189819e-02
-5.333139002323150635e-02
-1.719064451754093170e-02
-9.999000000000000000e+03
-9.999000000000000000e+03
-9.999000000000000000e+03
-9.999000000000000000e+03
-9.999000000000000000e+03
-9.999000000000000000e+03
-9.999000000000000000e+03
-9.999000000000000000e+03
-9.999000000000000000e+03
-9.999000000000000000e+03
-9.999000000000000000e+03
-9.999000000000000000e+03
-9.999000000000000000e+03
-9.999000000000000000e+03
-9.999000000000000000e+03
-9.999000000000000000e+03
-9.999000000000000000e+03
1.145446300506591797e-01
1.351810395717620850e-01
1.170709505677223206e-01
6.443945318460464478e-02
-3.278282238170504570e-03
-4.508779942989349365e-02
-6.111146137118339539e-02
-5.911932140588760376e-02
-3.343531861901283264e-02
-6.252158898860216141e-03
7.231883239001035690e-03
-3.325794637203216553e-02
-2.680252492427825928e-02
-9.999000000000000000e+03
-9.999000000000000000e+03
-9.999000000000000000e+03
-9.999000000000000000e+03
-9.999000000000000000e+03
-9.999000000000000000e+03
-9.999000000000000000e+03
-9.999000000000000000e+03
-9.999000000000000000e+03
-9.999000000000000000e+03
-9.999000000000000000e+03
-9.999000000000000000e+03
-9.999000000000000000e+03
-9.999000000000000000e+03
-9.999000000000000000e+03
-9.999000000000000000e+03
-9.999000000000000000e+03
-9.999000000000000000e+03
1.351117491722106934e-01
1.689248979091644287e-01
1.229758411645889282e-01
5.757058039307594299e-02
3.947958466596901417e-04
-4.375170171260833740e-02
-6.149814277887344360e-02
-5.711195990443229675e-02
-2.203381247818470001e-02
4.329508915543556213e-02
3.342691808938980103e-02
-1.454592333175241947e-03
-9.999000000000000000e+03
-9.999000000000000000e+03
-9.999000000000000000e+03
-9.999000000000000000e+03
-9.999000000000000000e+03
-9.999000000000000000e+03
-9.999000000000000000e+03
-9.999000000000000000e+03
-9.999000000000000000e+03
-9.999000000000000000e+03
-9.999000000000000000e+03
-9.999000000000000000e+03
-9.999000000000000000e+03
-9.999000000000000000e+03
-9.999000000000000000e+03
-9.999000000000000000e+03
-9.999000000000000000e+03
-9.999000000000000000e+03
-9.999000000000000000e+03
1.250382214784622192e-01
1.477809399366378784e-01
1.269209235906600952e-01
7.292293012142181396e-02
-2.299322560429573059e-02
-5.212006717920303345e-02
-4.388942942023277283e-02
-2.131427079439163208e-02
1.365131698548793793e-03
3.271424397826194763e-02
-9.999000000000000000e+03
-9.999000000000000000e+03
-9.999000000000000000e+03
-9.999000000000000000e+03
-9.999000000000000000e+03
-9.999000000000000000e+03
-9.999000000000000000e+03
-9.999000000000000000e+03
-9.999000000000000000e+03
-9.999000000000000000e+03
-9.999000000000000000e+03
-9.999000000000000000e+03
-9.999000000000000000e+03
-9.999000000000000000e+03
-9.999000000000000000e+03
-9.999000000000000000e+03
-9.999000000000000000e+03
-9.999000000000000000e+03
-9.999000000000000000e+03
-9.999000000000000000e+03
-9.999000000000000000e+03
9.747547656297683716e-02
1.191032975912094116e-01
7.000227272510528564e-02
2.292729541659355164e-02
-2.336956746876239777e-02
-4.149693995714187622e-02
-9.999000000000000000e+03
-9.999000000000000000e+03
-9.999000000000000000e+03
-9.999000000000000000e+03
-9.999000000000000000e+03
-9.999000000000000000e+03
-9.999000000000000000e+03
-9.999000000000000000e+03
-9.999000000000000000e+03
-9.999000000000000000e+03
-9.999000000000000000e+03
-9.999000000000000000e+03
-9.999000000000000000e+03
-9.999000000000000000e+03
-9.999000000000000000e+03
-9.999000000000000000e+03
-9.999000000000000000e+03
-9.999000000000000000e+03
-9.999000000000000000e+03
-9.999000000000000000e+03
-9.999000000000000000e+03
-9.999000000000000000e+03
-9.999000000000000000e+03
-9.999000000000000000e+03
-9.999000000000000000e+03
4.751893505454063416e-02
5.169249325990676880e-02
4.210919141769409180e-02
-9.999000000000000000e+03
-9.999000000000000000e+03
-9.999000000000000000e+03
-9.999000000000000000e+03
-9.999000000000000000e+03
-9.999000000000000000e+03
-9.999000000000000000e+03
-9.999000000000000000e+03
-9.999000000000000000e+03
-9.999000000000000000e+03
-9.999000000000000000e+03
-9.999000000000000000e+03
-9.999000000000000000e+03
-9.999000000000000000e+03
-9.999000000000000000e+03
-9.999000000000000000e+03
-9.999000000000000000e+03
-9.999000000000000000e+03
-9.999000000000000000e+03
-9.999000000000000000e+03
-9.999000000000000000e+03
-9.999000000000000000e+03
-9.999000000000000000e+03
-9.999000000000000000e+03
-9.999000000000000000e+03
-9.999000000000000000e+03
-9.999000000000000000e+03
-9.999000000000000000e+03
