-1.338517665863037109e-01
-9.334510564804077148e-02
-3.213356062769889832e-02
2.985699847340583801e-02
7.767360657453536987e-02
1.072447076439857483e-01
1.397945284843444824e-01
1.726338267326354980e-01
2.141536325216293335e-01
2.439801692962646484e-01
2.307433634996414185e-01
-9.999000000000000000e+03
-9.999000000000000000e+03
-9.999000000000000000e+03
-9.999000000000000000e+03
-9.999000000000000000e+03
-9.999000000000000000e+03
-9.999000000000000000e+03
-9.999000000000000000e+03
-9.999000000000000000e+03
-9.999000000000000000e+03
-9.999000000000000000e+03
-9.999000000000000000e+03
2.011924237012863159e-02
6.474761664867401123e-02
8.263185620307922363e-02
9.660603851079940796e-02
8.302894979715347290e-02
8.244561403989791870e-02
6.292939931154251099e-02
5.139971897006034851e-02
-1.353390067815780640e-01
-9.594063460826873779e-02
-3.806586936116218567e-02
1.661794818937778473e-02
7.310660928487777710e-02
1.076895445585250854e-01
1.568940728902816772e-01
1.957790702581405640e-01
2.297556847333908081e-01
2.498270422220230103e-01
2.406655251979827881e-01
1.332169473171234131e-01
-9.999000000000000000e+03
-9.999000000000000000e+03
-9.999000000000000000e+03
-9.999000000000000000e+03
-9.999000000000000000e+03
-9.999000000000000000e+03
-9.999000000000000000e+03
-9.999000000000000000e+03
-9.999000000000000000e+03
-5.185358459129929543e-04
2.066912129521369934e-03
1.861215196549892426e-02
2.572653070092201233e-02
5.467996746301651001e-02
6.215295568108558655e-02
5.394112318754196167e-02
4.729674383997917175e-02
4.108802601695060730e-02
4.547014087438583374e-02
-1.445973366498947144e-01
-9.716686606407165527e-02
-3.789988532662391663e-02
1.532465219497680664e-02
6.826726347208023071e-02
1.160543188452720642e-01
1.656563282012939453e-01
2.093529105186462402e-01
2.407907247543334961e-01
2.476131767034530640e-01
2.159755378961563110e-01
1.387252658605575562e-01
-9.999000000000000000e+03
-9.999000000000000000e+03
-9.999000000000000000e+03
-9.999000000000000000e+03
-9.999000000000000000e+03
-9.999000000000000000e+03
-9.999000000000000000e+03
-1.841772720217704773e-02
-1.366595830768346786e-02
1.872668508440256119e-04
-1.966355927288532257e-02
3.923567710444331169e-04
3.133956342935562134e-02
3.590771183371543884e-02
3.967350721359252930e-02
3.536470979452133179e-02
3.891687840223312378e-02
3.767475858330726624e-02
4.974502697587013245e-02
-1.292254775762557983e-01
-9.885500371456146240e-02
-5.694184452295303345e-02
-1.795654243323951960e-04
7.185739278793334961e-02
1.355587542057037354e-01
1.753180921077728271e-01
2.103148996829986572e-01
2.286633402109146118e-01
2.379770278930664062e-01
2.238939851522445679e-01
1.469011455774307251e-01
5.830980092287063599e-02
-9.999000000000000000e+03
-9.999000000000000000e+03
-9.999000000000000000e+03
-2.576665394008159637e-02
-3.013985231518745422e-02
-2.762640640139579773e-02
-1.089420728385448456e-02
-9.315932169556617737e-03
-1.075174473226070404e-02
-7.495717145502567291e-03
9.581552818417549133e-03
4.706835001707077026e-02
1.796030998229980469e-02
2.829458564519882202e-02
2.213109098374843597e-02
1.915002614259719849e-02
2.869385853409767151e-02
4.021558165550231934e-02
-1.132988184690475464e-01
-7.768346369266510010e-02
-3.417699784040451050e-02
1.359752658754587173e-02
6.884126365184783936e-02
1.152690947055816650e-01
1.531176418066024780e-01
1.870535165071487427e-01
1.985815912485122681e-01
1.972740739583969116e-01
1.772425919771194458e-01
1.201446354389190674e-01
4.561709612607955933e-02
-1.432989165186882019e-02
-4.001628234982490540e-02
-4.785633459687232971e-02
-3.828178718686103821e-02
-1.536915637552738190e-02
-7.710927166044712067e-04
1.674610748887062073e-02
1.307569909840822220e-02
1.099128555506467819e-02
1.333952974528074265e-02
6.226951256394386292e-03
1.276643481105566025e-03
-2.080139517784118652e-02
-1.756309345364570618e-02
-1.835018955171108246e-02
-1.547419838607311249e-02
8.724094368517398834e-03
2.858523093163967133e-02
-8.222419023513793945e-02
-6.251043826341629028e-02
-3.013957664370536804e-02
1.976612582802772522e-02
7.076563686132431030e-02
1.027577742934226990e-01
1.174091398715972900e-01
1.410645991563796997e-01
1.467257887125015259e-01
1.532453447580337524e-01
1.380698829889297485e-01
7.864166796207427979e-02
3.071943856775760651e-02
-1.977377384901046753e-02
-4.107963293790817261e-02
-4.205368086695671082e-02
-1.516289170831441879e-02
3.172814100980758667e-02
4.970974102616310120e-02
6.371664255857467651e-02
4.935353994369506836e-02
2.729325741529464722e-02
7.159502711147069931e-04
-2.869180589914321899e-02
-5.060096085071563721e-02
-7.956784963607788086e-02
-6.692831218242645264e-02
-7.012091577053070068e-02
-5.940879881381988525e-02
-2.789328247308731079e-02
5.941798444837331772e-03
-4.352376610040664673e-02
-3.237535804510116577e-02
-7.162774913012981415e-03
2.269010804593563080e-02
5.232369527220726013e-02
7.235340029001235962e-02
7.971894741058349609e-02
9.669276326894760132e-02
8.902730792760848999e-02
9.228562563657760620e-02
8.797615766525268555e-02
5.237471684813499451e-02
2.465052530169487000e-02
-1.736133359372615814e-02
-8.815840817987918854e-03
1.396068930625915527e-02
5.672603845596313477e-02
8.788153529167175293e-02
9.096383303403854370e-02
9.153700619935989380e-02
6.082199513912200928e-02
1.822817325592041016e-02
-2.786566503345966339e-02
-6.895945966243743896e-02
-1.082262173295021057e-01
-1.343139708042144775e-01
-1.264112889766693115e-01
-1.306914985179901123e-01
-1.074541956186294556e-01
-4.896829277276992798e-02
-2.191204577684402466e-02
-2.920206077396869659e-02
-1.831959560513496399e-02
4.689095076173543930e-03
1.665216870605945587e-02
3.452650457620620728e-02
4.365759715437889099e-02
4.840452596545219421e-02
5.963249132037162781e-02
5.235545337200164795e-02
5.750476568937301636e-02
5.984906107187271118e-02
3.517743572592735291e-02
2.382036484777927399e-02
1.840929687023162842e-02
4.041758179664611816e-02
6.637049466371536255e-02
1.125838905572891235e-01
1.180400252342224121e-01
1.066895052790641785e-01
9.214282780885696411e-02
6.692298501729965210e-02
3.450264781713485718e-02
-1.497055497020483017e-02
-8.799250423908233643e-02
-1.647570431232452393e-01
-1.837629079818725586e-01
-2.022384852170944214e-01
-2.048164904117584229e-01
-1.707674711942672729e-01
-9.279807657003402710e-02
-6.100812554359436035e-02
-1.192353758960962296e-02
-3.325040685012936592e-03
8.349424460902810097e-04
1.471309922635555267e-03
1.439406815916299820e-02
1.690184324979782104e-02
1.787785999476909637e-02
2.544826269149780273e-02
2.787821181118488312e-02
4.233244061470031738e-02
5.444364994764328003e-02
4.470195621252059937e-02
4.904033616185188293e-02
6.430032849311828613e-02
9.884335100650787354e-02
1.099774390459060669e-01
1.235181465744972229e-01
1.168225184082984924e-01
1.061041727662086487e-01
9.021981060504913330e-02
5.249624699354171753e-02
1.429296564310789108e-02
-1.550581492483615875e-02
-6.037041172385215759e-02
-8.556940406560897827e-02
-1.718259155750274658e-01
-2.321745157241821289e-01
-2.624343037605285645e-01
-2.225417047739028931e-01
-1.478836238384246826e-01
-8.970919251441955566e-02
-1.519704889506101608e-02
-8.985859341919422150e-03
-5.768103525042533875e-03
2.968711778521537781e-03
6.766101345419883728e-03
5.036643240600824356e-03
1.172976917587220669e-03
3.699057735502719879e-03
-4.665352753363549709e-04
3.012675233185291290e-02
5.003268644213676453e-02
7.091891765594482422e-02
8.797031641006469727e-02
1.011889502406120300e-01
1.173707097768783569e-01
1.203616708517074585e-01
1.173105910420417786e-01
7.793880999088287354e-02
6.872665882110595703e-02
3.490673378109931946e-02
3.035486862063407898e-02
-9.999000000000000000e+03
-9.999000000000000000e+03
-9.999000000000000000e+03
-9.999000000000000000e+03
-9.999000000000000000e+03
-9.999000000000000000e+03
-2.181318700313568115e-01
-2.564085125923156738e-01
-1.872694492340087891e-01
-1.213674321770668030e-01
-3.863552585244178772e-02
-2.830938808619976044e-02
-8.524058386683464050e-03
1.096785813570022583e-02
9.703801944851875305e-03
-4.559715744107961655e-03
-1.310625113546848297e-02
-1.487737242132425308e-02
2.628418151289224625e-03
4.433964192867279053e-02
6.774938106536865234e-02
1.084077060222625732e-01
1.147683188319206238e-01
1.175994649529457092e-01
1.079117208719253540e-01
9.988177567720413208e-02
1.099867597222328186e-01
-9.999000000000000000e+03
-9.999000000000000000e+03
-9.999000000000000000e+03
-9.999000000000000000e+03
-9.999000000000000000e+03
-9.999000000000000000e+03
-9.999000000000000000e+03
-9.999000000000000000e+03
-9.999000000000000000e+03
-9.999000000000000000e+03
-1.692246645689010620e-01
-2.248575240373611450e-01
-2.163231819868087769e-01
-1.573476046323776245e-01
-6.818871200084686279e-02
-5.197048187255859375e-02
-2.090909704566001892e-02
-5.400717724114656448e-03
-6.904960609972476959e-03
-2.085986547172069550e-02
-2.103754319250583649e-02
-1.447633001953363419e-02
3.755660727620124817e-02
8.889754116535186768e-02
1.037820726633071899e-01
1.225993856787681580e-01
1.237549856305122375e-01
1.105455085635185242e-01
5.476562678813934326e-02
5.885455384850502014e-02
-9.999000000000000000e+03
-9.999000000000000000e+03
-9.999000000000000000e+03
-9.999000000000000000e+03
-9.999000000000000000e+03
-9.999000000000000000e+03
-9.999000000000000000e+03
-9.999000000000000000e+03
-9.999000000000000000e+03
-9.999000000000000000e+03
-9.999000000000000000e+03
-9.999000000000000000e+03
-1.389209032058715820e-01
-1.780295222997665405e-01
-1.223473772406578064e-01
-8.632613718509674072e-02
-7.648227363824844360e-02
-4.975008592009544373e-02
-1.772034540772438049e-02
-1.177034620195627213e-02
-1.360558159649372101e-02
-6.472731940448284149e-03
2.662460133433341980e-02
7.952401787042617798e-02
1.060406640172004700e-01
1.102986857295036316e-01
1.439950168132781982e-01
9.675684571266174316e-02
1.019394099712371826e-01
-9.999000000000000000e+03
-9.999000000000000000e+03
-9.999000000000000000e+03
-9.999000000000000000e+03
-9.999000000000000000e+03
-9.999000000000000000e+03
-9.999000000000000000e+03
-9.999000000000000000e+03
-9.999000000000000000e+03
-9.999000000000000000e+03
-9.999000000000000000e+03
-9.999000000000000000e+03
-9.999000000000000000e+03
-9.999000000000000000e+03
-9.999000000000000000e+03
-1.238483488559722900e-01
-9.511616826057434082e-02
-9.999000000000000000e+03
-7.217290252447128296e-02
-6.634750962257385254e-02
-3.662709891796112061e-02
-1.095232926309108734e-02
-3.675146494060754776e-03
8.340824395418167114e-03
8.272086083889007568e-02
1.168243959546089172e-01
1.096910014748573303e-01
1.238652691245079041e-01
1.349522620439529419e-01
7.736740261316299438e-02
-9.999000000000000000e+03
-9.999000000000000000e+03
-9.999000000000000000e+03
-9.999000000000000000e+03
-9.999000000000000000e+03
-9.999000000000000000e+03
-9.999000000000000000e+03
-9.999000000000000000e+03
-9.999000000000000000e+03
-9.999000000000000000e+03
-9.999000000000000000e+03
-9.999000000000000000e+03
-9.999000000000000000e+03
-9.999000000000000000e+03
-9.999000000000000000e+03
-9.999000000000000000e+03
-4.973373934626579285e-02
-3.981658816337585449e-02
-9.999000000000000000e+03
-9.999000000000000000e+03
-8.554825931787490845e-02
-5.658522993326187134e-02
-1.923444494605064392e-02
2.681829268112778664e-03
5.788206681609153748e-02
1.078927442431449890e-01
1.198961511254310608e-01
1.077934652566909790e-01
1.151337996125221252e-01
3.884936496615409851e-02
-9.999000000000000000e+03
-9.999000000000000000e+03
-9.999000000000000000e+03
-9.999000000000000000e+03
-9.999000000000000000e+03
-9.999000000000000000e+03
-9.999000000000000000e+03
-9.999000000000000000e+03
-9.999000000000000000e+03
-9.999000000000000000e+03
-9.999000000000000000e+03
-9.999000000000000000e+03
-9.999000000000000000e+03
-9.999000000000000000e+03
-9.999000000000000000e+03
-9.999000000000000000e+03
-9.999000000000000000e+03
-1.513160578906536102e-02
-1.168948970735073090e-02
-9.999000000000000000e+03
-9.999000000000000000e+03
-6.222961470484733582e-02
-6.084114685654640198e-02
-2.831738628447055817e-02
1.263588294386863708e-02
8.149010688066482544e-02
1.032933369278907776e-01
1.124600470066070557e-01
1.057899072766304016e-01
8.470211923122406006e-02
4.606003314256668091e-02
-9.999000000000000000e+03
-9.999000000000000000e+03
-9.999000000000000000e+03
-9.999000000000000000e+03
-9.999000000000000000e+03
-9.999000000000000000e+03
-9.999000000000000000e+03
-9.999000000000000000e+03
-9.999000000000000000e+03
-9.999000000000000000e+03
-9.999000000000000000e+03
-9.999000000000000000e+03
-9.999000000000000000e+03
-9.999000000000000000e+03
-9.999000000000000000e+03
-9.999000000000000000e+03
-9.999000000000000000e+03
-9.999000000000000000e+03
-9.999000000000000000e+03
-9.999000000000000000e+03
-9.999000000000000000e+03
-4.282431676983833313e-02
-5.664217099547386169e-02
-2.692278474569320679e-02
2.551813051104545593e-02
4.664139822125434875e-02
8.432327210903167725e-02
1.338400244712829590e-01
1.113483235239982605e-01
5.666186660528182983e-02
3.943743929266929626e-02
-9.999000000000000000e+03
-9.999000000000000000e+03
-9.999000000000000000e+03
-9.999000000000000000e+03
-9.999000000000000000e+03
-9.999000000000000000e+03
-9.999000000000000000e+03
-9.999000000000000000e+03
-9.999000000000000000e+03
-9.999000000000000000e+03
-9.999000000000000000e+03
-9.999000000000000000e+03
-9.999000000000000000e+03
-9.999000000000000000e+03
-9.999000000000000000e+03
-9.999000000000000000e+03
-9.999000000000000000e+03
-9.999000000000000000e+03
-9.999000000000000000e+03
-9.999000000000000000e+03
-9.999000000000000000e+03
-9.999000000000000000e+03
-4.471206665039062500e-02
-3.825260326266288757e-02
1.187744829803705215e-02
-5.162928998470306396e-02
5.165434628725051880e-02
1.216427162289619446e-01
1.434812247753143311e-01
9.641050547361373901e-02
-9.999000000000000000e+03
-9.999000000000000000e+03
-9.999000000000000000e+03
-9.999000000000000000e+03
-9.999000000000000000e+03
-9.999000000000000000e+03
-9.999000000000000000e+03
-9.999000000000000000e+03
-9.999000000000000000e+03
-9.999000000000000000e+03
-9.999000000000000000e+03
-9.999000000000000000e+03
-9.999000000000000000e+03
-9.999000000000000000e+03
-9.999000000000000000e+03
-9.999000000000000000e+03
-9.999000000000000000e+03
-9.999000000000000000e+03
-9.999000000000000000e+03
-9.999000000000000000e+03
-9.999000000000000000e+03
-9.999000000000000000e+03
-9.999000000000000000e+03
-4.028847441077232361e-02
-3.044852055609226227e-02
-3.680076822638511658e-02
-8.064801990985870361e-02
2.380571700632572174e-02
1.225376203656196594e-01
1.906266659498214722e-01
1.538304537534713745e-01
1.006654649972915649e-01
-9.999000000000000000e+03
-9.999000000000000000e+03
-9.999000000000000000e+03
-9.999000000000000000e+03
-9.999000000000000000e+03
-9.999000000000000000e+03
-9.999000000000000000e+03
-9.999000000000000000e+03
-9.999000000000000000e+03
-9.999000000000000000e+03
-9.999000000000000000e+03
-9.999000000000000000e+03
-9.999000000000000000e+03
-9.999000000000000000e+03
-9.999000000000000000e+03
-9.999000000000000000e+03
-9.999000000000000000e+03
-9.999000000000000000e+03
-9.999000000000000000e+03
-9.999000000000000000e+03
-9.999000000000000000e+03
-9.999000000000000000e+03
-9.999000000000000000e+03
-4.085591807961463928e-02
-6.481205672025680542e-02
-5.623316764831542969e-02
2.193706296384334564e-02
7.184832543134689331e-02
5.427582561969757080e-02
1.110714375972747803e-01
1.035035774111747742e-01
-9.999000000000000000e+03
-9.999000000000000000e+03
-9.999000000000000000e+03
-9.999000000000000000e+03
-9.999000000000000000e+03
-9.999000000000000000e+03
-9.999000000000000000e+03
-9.999000000000000000e+03
-9.999000000000000000e+03
-9.999000000000000000e+03
-9.999000000000000000e+03
-9.999000000000000000e+03
-9.999000000000000000e+03
-9.999000000000000000e+03
-9.999000000000000000e+03
-9.999000000000000000e+03
-9.999000000000000000e+03
-9.999000000000000000e+03
-9.999000000000000000e+03
-9.999000000000000000e+03
-9.999000000000000000e+03
-9.999000000000000000e+03
-9.999000000000000000e+03
-2.838370576500892639e-02
-6.061688438057899475e-02
-5.066569149494171143e-02
-6.300538033246994019e-02
-9.646769613027572632e-02
-1.203358992934226990e-01
-4.682038351893424988e-02
4.749441519379615784e-02
9.789200872182846069e-02
-9.999000000000000000e+03
-9.999000000000000000e+03
-9.999000000000000000e+03
-9.999000000000000000e+03
-9.999000000000000000e+03
-9.999000000000000000e+03
-9.999000000000000000e+03
-9.999000000000000000e+03
-9.999000000000000000e+03
-9.999000000000000000e+03
-9.999000000000000000e+03
-9.999000000000000000e+03
-9.999000000000000000e+03
-9.999000000000000000e+03
-9.999000000000000000e+03
-9.999000000000000000e+03
-9.999000000000000000e+03
-9.999000000000000000e+03
-9.999000000000000000e+03
-9.999000000000000000e+03
-9.999000000000000000e+03
-9.999000000000000000e+03
4.956598579883575439e-02
-8.437081240117549896e-03
-4.917942732572555542e-02
-9.295220673084259033e-02
-1.262599825859069824e-01
-1.649665385484695435e-01
-1.011477336287498474e-01
2.128924615681171417e-02
1.077582612633705139e-01
3.704919666051864624e-02
-3.690667683258652687e-03
2.801816724240779877e-02
2.551477588713169098e-02
-9.999000000000000000e+03
-9.999000000000000000e+03
-9.999000000000000000e+03
-9.999000000000000000e+03
-9.999000000000000000e+03
-9.999000000000000000e+03
-9.999000000000000000e+03
-9.999000000000000000e+03
-9.999000000000000000e+03
-9.999000000000000000e+03
-9.999000000000000000e+03
-9.999000000000000000e+03
-9.999000000000000000e+03
-9.999000000000000000e+03
-9.999000000000000000e+03
-9.999000000000000000e+03
-9.999000000000000000e+03
4.827385023236274719e-02
5.246378853917121887e-02
3.093535080552101135e-02
-2.619202248752117157e-02
-7.415773719549179077e-02
-1.209517940878868103e-01
-1.229816824197769165e-01
-8.706394582986831665e-02
-1.169883273541927338e-02
7.590933889150619507e-02
2.522647939622402191e-02
4.328213632106781006e-02
2.204604819416999817e-02
1.806497760117053986e-02
-9.999000000000000000e+03
-9.999000000000000000e+03
-9.999000000000000000e+03
-9.999000000000000000e+03
-9.999000000000000000e+03
-9.999000000000000000e+03
-9.999000000000000000e+03
-9.999000000000000000e+03
-9.999000000000000000e+03
-9.999000000000000000e+03
-9.999000000000000000e+03
-9.999000000000000000e+03
-9.999000000000000000e+03
-9.999000000000000000e+03
-9.999000000000000000e+03
3.072121553122997284e-02
2.438787184655666351e-02
3.104363195598125458e-02
3.581092134118080139e-02
1.965242810547351837e-02
-9.920628741383552551e-03
-4.080429673194885254e-02
-8.387883752584457397e-02
-1.054655238986015320e-01
-9.090354293584823608e-02
-3.421239182353019714e-02
1.005091518163681030e-02
6.242477893829345703e-02
7.606489956378936768e-02
-9.999000000000000000e+03
-9.999000000000000000e+03
-9.999000000000000000e+03
-9.999000000000000000e+03
-9.999000000000000000e+03
-9.999000000000000000e+03
-9.999000000000000000e+03
-9.999000000000000000e+03
-9.999000000000000000e+03
-9.999000000000000000e+03
-9.999000000000000000e+03
-9.999000000000000000e+03
-9.999000000000000000e+03
-9.999000000000000000e+03
-9.999000000000000000e+03
-9.999000000000000000e+03
2.723353542387485504e-02
4.145332798361778259e-02
6.036488711833953857e-02
5.306554585695266724e-02
3.987893834710121155e-02
1.512952148914337158e-02
-1.611579395830631256e-02
-2.746948227286338806e-02
-4.653687775135040283e-02
-7.357292622327804565e-02
-9.413026273250579834e-02
-7.047514617443084717e-02
-1.613342948257923126e-02
8.883162587881088257e-02
-9.999000000000000000e+03
-9.999000000000000000e+03
-9.999000000000000000e+03
-9.999000000000000000e+03
-9.999000000000000000e+03
-9.999000000000000000e+03
-9.999000000000000000e+03
-9.999000000000000000e+03
-9.999000000000000000e+03
-9.999000000000000000e+03
-9.999000000000000000e+03
-9.999000000000000000e+03
-9.999000000000000000e+03
-9.999000000000000000e+03
-9.999000000000000000e+03
-9.999000000000000000e+03
-9.999000000000000000e+03
3.664486855268478394e-02
4.556733742356300354e-02
9.677875041961669922e-02
6.499353051185607910e-02
2.382552064955234528e-02
-9.984336793422698975e-03
-3.515524417161941528e-02
-3.587840870022773743e-02
-2.678300999104976654e-02
-5.941598862409591675e-02
-6.823254376649856567e-02
-4.826236143708229065e-02
-9.041095618158578873e-04
6.190434470772743225e-02
-9.999000000000000000e+03
-9.999000000000000000e+03
-9.999000000000000000e+03
-9.999000000000000000e+03
-9.999000000000000000e+03
-9.999000000000000000e+03
-9.999000000000000000e+03
-9.999000000000000000e+03
-9.999000000000000000e+03
-9.999000000000000000e+03
-9.999000000000000000e+03
-9.999000000000000000e+03
-9.999000000000000000e+03
-9.999000000000000000e+03
-9.999000000000000000e+03
-9.999000000000000000e+03
-9.999000000000000000e+03
5.452965199947357178e-02
9.041675180196762085e-02
9.834991395473480225e-02
6.156671047210693359e-02
1.110007241368293762e-02
-4.457568749785423279e-02
-6.641978025436401367e-02
-5.174725130200386047e-02
-2.644879929721355438e-02
-3.090214356780052185e-02
-4.581416025757789612e-02
-2.471677586436271667e-02
-3.191201249137520790e-03
-9.999000000000000000e+03
-9.999000000000000000e+03
-9.999000000000000000e+03
-9.999000000000000000e+03
-9.999000000000000000e+03
-9.999000000000000000e+03
-9.999000000000000000e+03
-9.999000000000000000e+03
-9.999000000000000000e+03
-9.999000000000000000e+03
-9.999000000000000000e+03
-9.999000000000000000e+03
-9.999000000000000000e+03
-9.999000000000000000e+03
-9.999000000000000000e+03
-9.999000000000000000e+03
-9.999000000000000000e+03
-9.999000000000000000e+03
6.608250737190246582e-02
9.424832463264465332e-02
7.152269035577774048e-02
3.476494550704956055e-02
-2.553367242217063904e-02
-6.971900910139083862e-02
-8.575593680143356323e-02
-7.597490400075912476e-02
-2.704536728560924530e-02
-5.299224052578210831e-03
-8.867326192557811737e-03
-1.943027600646018982e-02
-9.999000000000000000e+03
-9.999000000000000000e+03
-9.999000000000000000e+03
-9.999000000000000000e+03
-9.999000000000000000e+03
-9.999000000000000000e+03
-9.999000000000000000e+03
-9.999000000000000000e+03
-9.999000000000000000e+03
-9.999000000000000000e+03
-9.999000000000000000e+03
-9.999000000000000000e+03
-9.999000000000000000e+03
-9.999000000000000000e+03
-9.999000000000000000e+03
-9.999000000000000000e+03
-9.999000000000000000e+03
-9.999000000000000000e+03
-9.999000000000000000e+03
5.091248825192451477e-02
6.863545626401901245e-02
5.662094801664352417e-02
3.051044233143329620e-02
-7.127752155065536499e-02
-8.163429796695709229e-02
-7.652328163385391235e-02
-4.788229241967201233e-02
-2.602867968380451202e-02
-1.266779005527496338e-02
-9.999000000000000000e+03
-9.999000000000000000e+03
-9.999000000000000000e+03
-9.999000000000000000e+03
-9.999000000000000000e+03
-9.999000000000000000e+03
-9.999000000000000000e+03
-9.999000000000000000e+03
-9.999000000000000000e+03
-9.999000000000000000e+03
-9.999000000000000000e+03
-9.999000000000000000e+03
-9.999000000000000000e+03
-9.999000000000000000e+03
-9.999000000000000000e+03
-9.999000000000000000e+03
-9.999000000000000000e+03
-9.999000000000000000e+03
-9.999000000000000000e+03
-9.999000000000000000e+03
-9.999000000000000000e+03
2.233155257999897003e-02
2.745274081826210022e-02
2.638021484017372131e-02
-2.654829621315002441e-02
-6.675367057323455811e-02
-6.473405659198760986e-02
-9.999000000000000000e+03
-9.999000000000000000e+03
-9.999000000000000000e+03
-9.999000000000000000e+03
-9.999000000000000000e+03
-9.999000000000000000e+03
-9.999000000000000000e+03
-9.999000000000000000e+03
-9.999000000000000000e+03
-9.999000000000000000e+03
-9.999000000000000000e+03
-9.999000000000000000e+03
-9.999000000000000000e+03
-9.999000000000000000e+03
-9.999000000000000000e+03
-9.999000000000000000e+03
-9.999000000000000000e+03
-9.999000000000000000e+03
-9.999000000000000000e+03
-9.999000000000000000e+03
-9.999000000000000000e+03
-9.999000000000000000e+03
-9.999000000000000000e+03
-9.999000000000000000e+03
-9.999000000000000000e+03
-1.372016686946153641e-02
6.430456880480051041e-03
1.191735174506902695e-02
-9.999000000000000000e+03
-9.999000000000000000e+03
-9.999000000000000000e+03
-9.999000000000000000e+03
-9.999000000000000000e+03
-9.999000000000000000e+03
-9.999000000000000000e+03
-9.999000000000000000e+03
-9.999000000000000000e+03
-9.999000000000000000e+03
-9.999000000000000000e+03
-9.999000000000000000e+03
-9.999000000000000000e+03
-9.999000000000000000e+03
-9.999000000000000000e+03
-9.999000000000000000e+03
-9.999000000000000000e+03
-9.999000000000000000e+03
-9.999000000000000000e+03
-9.999000000000000000e+03
-9.999000000000000000e+03
-9.999000000000000000e+03
-9.999000000000000000e+03
-9.999000000000000000e+03
-9.999000000000000000e+03
-9.999000000000000000e+03
-9.999000000000000000e+03
-9.999000000000000000e+03
