8.657760173082351685e-02
8.928590267896652222e-02
7.809153199195861816e-02
5.945593118667602539e-02
6.145080924034118652e-02
4.330666363239288330e-02
3.598580136895179749e-02
3.023062646389007568e-02
1.092213485389947891e-02
9.949308820068836212e-03
-3.432972729206085205e-02
-9.999000000000000000e+03
-9.999000000000000000e+03
-9.999000000000000000e+03
-9.999000000000000000e+03
-9.999000000000000000e+03
-9.999000000000000000e+03
-9.999000000000000000e+03
-9.999000000000000000e+03
-9.999000000000000000e+03
-9.999000000000000000e+03
-9.999000000000000000e+03
-9.999000000000000000e+03
1.223658118396997452e-02
4.755408689379692078e-02
6.815603375434875488e-02
1.085087060928344727e-01
1.586939841508865356e-01
1.873385757207870483e-01
2.060622870922088623e-01
1.937967985868453979e-01
2.253067120909690857e-02
3.040948323905467987e-02
2.588527649641036987e-02
1.410917006433010101e-02
5.313567817211151123e-03
-2.561560086905956268e-02
-3.337984904646873474e-02
-2.793523855507373810e-02
-2.791379950940608978e-02
-1.047382410615682602e-02
-6.120828911662101746e-04
9.607946500182151794e-03
-9.999000000000000000e+03
-9.999000000000000000e+03
-9.999000000000000000e+03
-9.999000000000000000e+03
-9.999000000000000000e+03
-9.999000000000000000e+03
-9.999000000000000000e+03
-9.999000000000000000e+03
-9.999000000000000000e+03
7.012208551168441772e-02
8.862893283367156982e-02
7.075706869363784790e-02
9.713025391101837158e-02
9.850078076124191284e-02
1.251931190490722656e-01
1.501987427473068237e-01
1.601841002702713013e-01
1.779758185148239136e-01
1.842160522937774658e-01
-2.712486870586872101e-02
-2.538454718887805939e-02
-3.078322671353816986e-02
-4.833561927080154419e-02
-5.215831845998764038e-02
-7.353416830301284790e-02
-7.673583924770355225e-02
-6.383159011602401733e-02
-5.189376324415206909e-02
-2.585294656455516815e-02
3.727153176441788673e-03
1.549377106130123138e-02
-9.999000000000000000e+03
-9.999000000000000000e+03
-9.999000000000000000e+03
-9.999000000000000000e+03
-9.999000000000000000e+03
-9.999000000000000000e+03
-9.999000000000000000e+03
1.081304624676704407e-01
1.066223382949829102e-01
1.276902258396148682e-01
1.240203678607940674e-01
1.103479489684104919e-01
9.507439285516738892e-02
7.750871032476425171e-02
9.014777094125747681e-02
8.833294361829757690e-02
1.061752066016197205e-01
1.449275761842727661e-01
1.589669287204742432e-01
-6.701414287090301514e-02
-7.217714190483093262e-02
-8.113056421279907227e-02
-9.509778022766113281e-02
-1.014956980943679810e-01
-1.129527390003204346e-01
-1.040235236287117004e-01
-8.786661922931671143e-02
-7.112568616867065430e-02
-4.345039278268814087e-02
-2.130134962499141693e-02
5.128524731844663620e-03
3.166528418660163879e-02
-9.999000000000000000e+03
-9.999000000000000000e+03
-9.999000000000000000e+03
6.817499548196792603e-02
1.068372055888175964e-01
1.470032185316085815e-01
1.412134021520614624e-01
1.267223209142684937e-01
1.052502319216728210e-01
6.936129927635192871e-02
6.896957755088806152e-02
3.771463036537170410e-02
-1.494033634662628174e-02
1.300340169109404087e-03
3.241505008190870285e-03
3.307605534791946411e-02
7.812802493572235107e-02
1.062581390142440796e-01
-9.530618786811828613e-02
-1.043819412589073181e-01
-1.176676526665687561e-01
-1.246981695294380188e-01
-1.260637789964675903e-01
-1.249303221702575684e-01
-1.101546287536621094e-01
-9.339682012796401978e-02
-7.556782662868499756e-02
-5.477477237582206726e-02
-2.214065007865428925e-02
8.690683171153068542e-03
3.803204745054244995e-02
5.425252765417098999e-02
7.765156030654907227e-02
9.195590764284133911e-02
9.768140316009521484e-02
8.522277325391769409e-02
9.227684885263442993e-02
6.427881866693496704e-02
5.498960614204406738e-02
1.576897874474525452e-02
-5.853958800435066223e-02
-4.925184324383735657e-02
-8.175231516361236572e-02
-9.281684458255767822e-02
-6.917831301689147949e-02
-4.472316429018974304e-02
-1.864635967649519444e-03
4.584693163633346558e-02
7.662388682365417480e-02
-1.093502119183540344e-01
-1.163063123822212219e-01
-1.213305294513702393e-01
-1.261956244707107544e-01
-1.296523213386535645e-01
-1.206280514597892761e-01
-1.041209250688552856e-01
-8.750132471323013306e-02
-7.569219917058944702e-02
-5.699572339653968811e-02
-2.093854546546936035e-02
3.222188353538513184e-02
5.871382355690002441e-02
7.769496738910675049e-02
8.067670464515686035e-02
8.075746148824691772e-02
5.187920108437538147e-02
-8.453473448753356934e-03
-3.849247097969055176e-02
-8.636941015720367432e-02
-9.584594517946243286e-02
-1.049382537603378296e-01
-1.360878646373748779e-01
-1.282540261745452881e-01
-1.306603699922561646e-01
-1.095175221562385559e-01
-8.287049084901809692e-02
-5.720860883593559265e-02
-2.689147926867008209e-02
8.846398442983627319e-03
3.672345727682113647e-02
-1.114856079220771790e-01
-1.240339949727058411e-01
-1.292436569929122925e-01
-1.258239895105361938e-01
-1.206815838813781738e-01
-1.176410019397735596e-01
-1.032106131315231323e-01
-8.640185743570327759e-02
-6.956609338521957397e-02
-3.674311935901641846e-02
4.377719946205615997e-03
4.549335315823554993e-02
6.791774183511734009e-02
7.429314404726028442e-02
3.557761386036872864e-02
8.634964004158973694e-03
-4.222313687205314636e-02
-9.549714624881744385e-02
-1.189419403672218323e-01
-1.560786962509155273e-01
-1.564792394638061523e-01
-1.586494147777557373e-01
-1.563541144132614136e-01
-1.507248431444168091e-01
-1.409088522195816040e-01
-1.268210262060165405e-01
-9.286386519670486450e-02
-6.494367867708206177e-02
-4.514599591493606567e-02
-1.052344869822263718e-02
1.293330453336238861e-02
-7.497602701187133789e-02
-1.105305776000022888e-01
-1.424973905086517334e-01
-1.310440152883529663e-01
-1.092865616083145142e-01
-9.723215550184249878e-02
-9.052584320306777954e-02
-8.494776487350463867e-02
-6.634881347417831421e-02
-2.128543332219123840e-02
1.853691041469573975e-02
3.159365430474281311e-02
2.699021995067596436e-02
6.893274374306201935e-03
-3.514588624238967896e-02
-5.666211247444152832e-02
-1.088911890983581543e-01
-1.537444740533828735e-01
-1.697346121072769165e-01
-1.682930290699005127e-01
-1.561554074287414551e-01
-1.492059230804443359e-01
-1.476042568683624268e-01
-1.555926799774169922e-01
-1.657824814319610596e-01
-1.636811345815658569e-01
-1.270398348569869995e-01
-1.017834469676017761e-01
-7.727204263210296631e-02
-3.966672718524932861e-02
-2.772033587098121643e-02
-4.253353923559188843e-02
-8.513245731592178345e-02
-1.188777461647987366e-01
-1.114098131656646729e-01
-1.001339927315711975e-01
-8.712223172187805176e-02
-7.480440288782119751e-02
-5.700958520174026489e-02
-3.179061785340309143e-02
-7.872175425291061401e-03
3.054222557693719864e-03
-2.190283033996820450e-03
-4.287018999457359314e-02
-8.610972017049789429e-02
-1.179374009370803833e-01
-1.253925710916519165e-01
-1.492756754159927368e-01
-1.627997457981109619e-01
-1.697259545326232910e-01
-1.539554297924041748e-01
-1.350572556257247925e-01
-1.310764700174331665e-01
-1.091792508959770203e-01
-1.221576854586601257e-01
-1.033668369054794312e-01
-1.407905071973800659e-01
-1.374114155769348145e-01
-1.328628212213516235e-01
-1.127692088484764099e-01
-8.568242192268371582e-02
-7.690259069204330444e-02
-6.533819437026977539e-02
-7.423308491706848145e-02
-8.087656646966934204e-02
-6.448458135128021240e-02
-7.042354345321655273e-02
-6.353158503770828247e-02
-4.823794960975646973e-02
-4.048141464591026306e-02
-2.224987559020519257e-02
-2.931973198428750038e-03
-2.070093713700771332e-02
-6.523376703262329102e-02
-1.056667864322662354e-01
-1.311473697423934937e-01
-1.480074524879455566e-01
-1.510700136423110962e-01
-1.569384932518005371e-01
-1.100284308195114136e-01
-1.323900073766708374e-01
-1.083494871854782104e-01
-9.587783366441726685e-02
-9.999000000000000000e+03
-9.999000000000000000e+03
-9.999000000000000000e+03
-9.999000000000000000e+03
-9.999000000000000000e+03
-9.999000000000000000e+03
-1.428557634353637695e-01
-1.273850798606872559e-01
-1.227553710341453552e-01
-1.280874162912368774e-01
-1.074590608477592468e-01
-8.058722317218780518e-02
-6.572765856981277466e-02
-5.464907735586166382e-02
-5.493569746613502502e-02
-4.084945470094680786e-02
-3.050166554749011993e-02
-2.897729538381099701e-02
-1.942201890051364899e-02
-1.788807474076747894e-02
-3.796176612377166748e-02
-1.045832335948944092e-01
-1.315490007400512695e-01
-1.458591818809509277e-01
-1.412779390811920166e-01
-1.219317018985748291e-01
-1.012154892086982727e-01
-9.999000000000000000e+03
-9.999000000000000000e+03
-9.999000000000000000e+03
-9.999000000000000000e+03
-9.999000000000000000e+03
-9.999000000000000000e+03
-9.999000000000000000e+03
-9.999000000000000000e+03
-9.999000000000000000e+03
-9.999000000000000000e+03
-8.395002782344818115e-02
-1.185877174139022827e-01
-1.466467082500457764e-01
-1.624370366334915161e-01
-1.100966036319732666e-01
-8.778463304042816162e-02
-7.091182470321655273e-02
-6.153403222560882568e-02
-5.301021784543991089e-02
-4.599992185831069946e-02
-4.173912107944488525e-02
-2.802117727696895599e-02
-2.281584031879901886e-02
-6.126858294010162354e-02
-8.917956799268722534e-02
-1.146826371550559998e-01
-1.194526106119155884e-01
-1.286518126726150513e-01
-7.513444870710372925e-02
-7.877805083990097046e-02
-9.999000000000000000e+03
-9.999000000000000000e+03
-9.999000000000000000e+03
-9.999000000000000000e+03
-9.999000000000000000e+03
-9.999000000000000000e+03
-9.999000000000000000e+03
-9.999000000000000000e+03
-9.999000000000000000e+03
-9.999000000000000000e+03
-9.999000000000000000e+03
-9.999000000000000000e+03
-7.150181382894515991e-02
-1.425092071294784546e-01
-1.761682033538818359e-01
-1.265957355499267578e-01
-1.138837337493896484e-01
-9.324389696121215820e-02
-7.474835216999053955e-02
-6.482499092817306519e-02
-6.108732521533966064e-02
-5.604042112827301025e-02
-5.140215903520584106e-02
-6.533843278884887695e-02
-9.521124511957168579e-02
-1.077906787395477295e-01
-9.897188842296600342e-02
-7.257062196731567383e-02
-8.384926617145538330e-02
-9.999000000000000000e+03
-9.999000000000000000e+03
-9.999000000000000000e+03
-9.999000000000000000e+03
-9.999000000000000000e+03
-9.999000000000000000e+03
-9.999000000000000000e+03
-9.999000000000000000e+03
-9.999000000000000000e+03
-9.999000000000000000e+03
-9.999000000000000000e+03
-9.999000000000000000e+03
-9.999000000000000000e+03
-9.999000000000000000e+03
-9.999000000000000000e+03
-1.044251397252082825e-01
-1.540424972772598267e-01
-9.999000000000000000e+03
-8.779694885015487671e-02
-1.071488931775093079e-01
-9.681091457605361938e-02
-8.728279918432235718e-02
-9.046421945095062256e-02
-1.024170815944671631e-01
-1.033264249563217163e-01
-1.236159354448318481e-01
-1.086982190608978271e-01
-9.025050699710845947e-02
-6.851840764284133911e-02
-5.338717997074127197e-02
-9.999000000000000000e+03
-9.999000000000000000e+03
-9.999000000000000000e+03
-9.999000000000000000e+03
-9.999000000000000000e+03
-9.999000000000000000e+03
-9.999000000000000000e+03
-9.999000000000000000e+03
-9.999000000000000000e+03
-9.999000000000000000e+03
-9.999000000000000000e+03
-9.999000000000000000e+03
-9.999000000000000000e+03
-9.999000000000000000e+03
-9.999000000000000000e+03
-9.999000000000000000e+03
-6.240833178162574768e-02
-1.060982346534729004e-01
-9.999000000000000000e+03
-9.999000000000000000e+03
-1.009568423032760620e-01
-1.067148894071578979e-01
-1.055067926645278931e-01
-1.110776066780090332e-01
-1.224170625209808350e-01
-1.248507425189018250e-01
-1.153876557946205139e-01
-7.144236564636230469e-02
-4.125848785042762756e-02
-1.584503427147865295e-02
-9.999000000000000000e+03
-9.999000000000000000e+03
-9.999000000000000000e+03
-9.999000000000000000e+03
-9.999000000000000000e+03
-9.999000000000000000e+03
-9.999000000000000000e+03
-9.999000000000000000e+03
-9.999000000000000000e+03
-9.999000000000000000e+03
-9.999000000000000000e+03
-9.999000000000000000e+03
-9.999000000000000000e+03
-9.999000000000000000e+03
-9.999000000000000000e+03
-9.999000000000000000e+03
-9.999000000000000000e+03
-2.590799145400524139e-02
-5.304934084415435791e-02
-9.999000000000000000e+03
-9.999000000000000000e+03
-7.083037495613098145e-02
-9.349562227725982666e-02
-9.788187593221664429e-02
-9.714999049901962280e-02
-9.715329110622406006e-02
-9.003837406635284424e-02
-7.516676932573318481e-02
-5.149554833769798279e-02
-1.961090229451656342e-02
-1.649773865938186646e-02
-9.999000000000000000e+03
-9.999000000000000000e+03
-9.999000000000000000e+03
-9.999000000000000000e+03
-9.999000000000000000e+03
-9.999000000000000000e+03
-9.999000000000000000e+03
-9.999000000000000000e+03
-9.999000000000000000e+03
-9.999000000000000000e+03
-9.999000000000000000e+03
-9.999000000000000000e+03
-9.999000000000000000e+03
-9.999000000000000000e+03
-9.999000000000000000e+03
-9.999000000000000000e+03
-9.999000000000000000e+03
-9.999000000000000000e+03
-9.999000000000000000e+03
-9.999000000000000000e+03
-9.999000000000000000e+03
-3.831071034073829651e-02
-5.705567449331283569e-02
-5.978786200284957886e-02
-5.823478475213050842e-02
-4.371751472353935242e-02
-5.212117359042167664e-02
-6.692274659872055054e-02
-9.373599290847778320e-02
-7.038537412881851196e-02
-5.710417777299880981e-02
-9.999000000000000000e+03
-9.999000000000000000e+03
-9.999000000000000000e+03
-9.999000000000000000e+03
-9.999000000000000000e+03
-9.999000000000000000e+03
-9.999000000000000000e+03
-9.999000000000000000e+03
-9.999000000000000000e+03
-9.999000000000000000e+03
-9.999000000000000000e+03
-9.999000000000000000e+03
-9.999000000000000000e+03
-9.999000000000000000e+03
-9.999000000000000000e+03
-9.999000000000000000e+03
-9.999000000000000000e+03
-9.999000000000000000e+03
-9.999000000000000000e+03
-9.999000000000000000e+03
-9.999000000000000000e+03
-9.999000000000000000e+03
-4.575245827436447144e-02
-5.851823091506958008e-02
-2.833097800612449646e-02
8.078245446085929871e-03
1.257435535080730915e-03
-2.874371036887168884e-02
-3.158499673008918762e-02
-7.000663131475448608e-02
-9.999000000000000000e+03
-9.999000000000000000e+03
-9.999000000000000000e+03
-9.999000000000000000e+03
-9.999000000000000000e+03
-9.999000000000000000e+03
-9.999000000000000000e+03
-9.999000000000000000e+03
-9.999000000000000000e+03
-9.999000000000000000e+03
-9.999000000000000000e+03
-9.999000000000000000e+03
-9.999000000000000000e+03
-9.999000000000000000e+03
-9.999000000000000000e+03
-9.999000000000000000e+03
-9.999000000000000000e+03
-9.999000000000000000e+03
-9.999000000000000000e+03
-9.999000000000000000e+03
-9.999000000000000000e+03
-9.999000000000000000e+03
-9.999000000000000000e+03
-5.478603765368461609e-02
-8.097922801971435547e-02
-4.761876910924911499e-02
-3.054928500205278397e-03
4.268449917435646057e-02
1.370113901793956757e-02
1.077450737357139587e-01
1.326319426298141479e-01
8.617044240236282349e-02
-9.999000000000000000e+03
-9.999000000000000000e+03
-9.999000000000000000e+03
-9.999000000000000000e+03
-9.999000000000000000e+03
-9.999000000000000000e+03
-9.999000000000000000e+03
-9.999000000000000000e+03
-9.999000000000000000e+03
-9.999000000000000000e+03
-9.999000000000000000e+03
-9.999000000000000000e+03
-9.999000000000000000e+03
-9.999000000000000000e+03
-9.999000000000000000e+03
-9.999000000000000000e+03
-9.999000000000000000e+03
-9.999000000000000000e+03
-9.999000000000000000e+03
-9.999000000000000000e+03
-9.999000000000000000e+03
-9.999000000000000000e+03
-9.999000000000000000e+03
-7.495564222335815430e-02
-7.222441583871841431e-02
-3.589524701237678528e-02
2.403141744434833527e-02
6.815928220748901367e-02
7.017122209072113037e-02
1.550148129463195801e-01
1.416600495576858521e-01
-9.999000000000000000e+03
-9.999000000000000000e+03
-9.999000000000000000e+03
-9.999000000000000000e+03
-9.999000000000000000e+03
-9.999000000000000000e+03
-9.999000000000000000e+03
-9.999000000000000000e+03
-9.999000000000000000e+03
-9.999000000000000000e+03
-9.999000000000000000e+03
-9.999000000000000000e+03
-9.999000000000000000e+03
-9.999000000000000000e+03
-9.999000000000000000e+03
-9.999000000000000000e+03
-9.999000000000000000e+03
-9.999000000000000000e+03
-9.999000000000000000e+03
-9.999000000000000000e+03
-9.999000000000000000e+03
-9.999000000000000000e+03
-9.999000000000000000e+03
-7.940998673439025879e-02
-9.630943834781646729e-02
-8.744221180677413940e-02
-1.057537198066711426e-01
-1.010276824235916138e-01
-1.151834651827812195e-01
-4.788330197334289551e-02
4.635107889771461487e-02
6.617890298366546631e-02
-9.999000000000000000e+03
-9.999000000000000000e+03
-9.999000000000000000e+03
-9.999000000000000000e+03
-9.999000000000000000e+03
-9.999000000000000000e+03
-9.999000000000000000e+03
-9.999000000000000000e+03
-9.999000000000000000e+03
-9.999000000000000000e+03
-9.999000000000000000e+03
-9.999000000000000000e+03
-9.999000000000000000e+03
-9.999000000000000000e+03
-9.999000000000000000e+03
-9.999000000000000000e+03
-9.999000000000000000e+03
-9.999000000000000000e+03
-9.999000000000000000e+03
-9.999000000000000000e+03
-9.999000000000000000e+03
-9.999000000000000000e+03
-7.093335688114166260e-02
-1.329961717128753662e-01
-1.429222673177719116e-01
-1.410886347293853760e-01
-1.535597145557403564e-01
-1.451902687549591064e-01
-1.290632784366607666e-01
-1.462980806827545166e-01
-8.232014626264572144e-02
1.517848111689090729e-03
1.678056642413139343e-02
1.121260877698659897e-02
7.011760491877794266e-03
-9.999000000000000000e+03
-9.999000000000000000e+03
-9.999000000000000000e+03
-9.999000000000000000e+03
-9.999000000000000000e+03
-9.999000000000000000e+03
-9.999000000000000000e+03
-9.999000000000000000e+03
-9.999000000000000000e+03
-9.999000000000000000e+03
-9.999000000000000000e+03
-9.999000000000000000e+03
-9.999000000000000000e+03
-9.999000000000000000e+03
-9.999000000000000000e+03
-9.999000000000000000e+03
-9.999000000000000000e+03
-5.068905279040336609e-02
-6.881038099527359009e-02
-1.117508783936500549e-01
-1.135695278644561768e-01
-1.108735799789428711e-01
-1.204676181077957153e-01
-1.040602475404739380e-01
-9.215676039457321167e-02
-1.005980968475341797e-01
-7.701610773801803589e-02
-3.299888595938682556e-02
-1.455586962401866913e-02
-6.884902715682983398e-03
-1.207454828545451164e-03
-9.999000000000000000e+03
-9.999000000000000000e+03
-9.999000000000000000e+03
-9.999000000000000000e+03
-9.999000000000000000e+03
-9.999000000000000000e+03
-9.999000000000000000e+03
-9.999000000000000000e+03
-9.999000000000000000e+03
-9.999000000000000000e+03
-9.999000000000000000e+03
-9.999000000000000000e+03
-9.999000000000000000e+03
-9.999000000000000000e+03
-9.999000000000000000e+03
-3.561760112643241882e-02
-3.783048689365386963e-02
-6.999957561492919922e-02
-9.432074427604675293e-02
-9.624487161636352539e-02
-8.751749992370605469e-02
-7.907278835773468018e-02
-7.889433950185775757e-02
-6.762784719467163086e-02
-6.874088943004608154e-02
-6.937623023986816406e-02
-5.010477825999259949e-02
-2.792763151228427887e-02
-3.497488796710968018e-02
-9.999000000000000000e+03
-9.999000000000000000e+03
-9.999000000000000000e+03
-9.999000000000000000e+03
-9.999000000000000000e+03
-9.999000000000000000e+03
-9.999000000000000000e+03
-9.999000000000000000e+03
-9.999000000000000000e+03
-9.999000000000000000e+03
-9.999000000000000000e+03
-9.999000000000000000e+03
-9.999000000000000000e+03
-9.999000000000000000e+03
-9.999000000000000000e+03
-9.999000000000000000e+03
-3.884224593639373779e-02
-5.632174760103225708e-02
-6.997055560350418091e-02
-9.335905313491821289e-02
-1.099951267242431641e-01
-1.085810437798500061e-01
-9.796013683080673218e-02
-7.849340885877609253e-02
-6.588807702064514160e-02
-6.710007041692733765e-02
-8.328652381896972656e-02
-9.733193367719650269e-02
-9.234086424112319946e-02
-4.016271978616714478e-02
-9.999000000000000000e+03
-9.999000000000000000e+03
-9.999000000000000000e+03
-9.999000000000000000e+03
-9.999000000000000000e+03
-9.999000000000000000e+03
-9.999000000000000000e+03
-9.999000000000000000e+03
-9.999000000000000000e+03
-9.999000000000000000e+03
-9.999000000000000000e+03
-9.999000000000000000e+03
-9.999000000000000000e+03
-9.999000000000000000e+03
-9.999000000000000000e+03
-9.999000000000000000e+03
-9.999000000000000000e+03
-5.858287215232849121e-02
-9.110892564058303833e-02
-1.130387112498283386e-01
-1.105835139751434326e-01
-1.007050946354866028e-01
-1.048455014824867249e-01
-1.027730256319046021e-01
-8.556357771158218384e-02
-6.195439025759696960e-02
-3.413827344775199890e-02
-3.501502797007560730e-02
-5.621282383799552917e-02
-4.418806731700897217e-02
-4.859887808561325073e-02
-9.999000000000000000e+03
-9.999000000000000000e+03
-9.999000000000000000e+03
-9.999000000000000000e+03
-9.999000000000000000e+03
-9.999000000000000000e+03
-9.999000000000000000e+03
-9.999000000000000000e+03
-9.999000000000000000e+03
-9.999000000000000000e+03
-9.999000000000000000e+03
-9.999000000000000000e+03
-9.999000000000000000e+03
-9.999000000000000000e+03
-9.999000000000000000e+03
-9.999000000000000000e+03
-9.999000000000000000e+03
-1.002499386668205261e-01
-1.248073354363441467e-01
-1.238638460636138916e-01
-1.069046109914779663e-01
-7.847242802381515503e-02
-7.505747675895690918e-02
-7.471595704555511475e-02
-6.432940810918807983e-02
-5.270929262042045593e-02
-2.945758961141109467e-02
-8.149053901433944702e-03
1.402277033776044846e-02
6.810290273278951645e-03
-9.999000000000000000e+03
-9.999000000000000000e+03
-9.999000000000000000e+03
-9.999000000000000000e+03
-9.999000000000000000e+03
-9.999000000000000000e+03
-9.999000000000000000e+03
-9.999000000000000000e+03
-9.999000000000000000e+03
-9.999000000000000000e+03
-9.999000000000000000e+03
-9.999000000000000000e+03
-9.999000000000000000e+03
-9.999000000000000000e+03
-9.999000000000000000e+03
-9.999000000000000000e+03
-9.999000000000000000e+03
-9.999000000000000000e+03
-9.629525244235992432e-02
-1.105523332953453064e-01
-8.481347560882568359e-02
-6.566868722438812256e-02
-3.888503462076187134e-02
-2.838294021785259247e-02
-2.583721838891506195e-02
-1.046325638890266418e-02
-2.013708278536796570e-02
-7.226820569485425949e-03
1.400441746227443218e-03
6.297154817730188370e-03
-9.999000000000000000e+03
-9.999000000000000000e+03
-9.999000000000000000e+03
-9.999000000000000000e+03
-9.999000000000000000e+03
-9.999000000000000000e+03
-9.999000000000000000e+03
-9.999000000000000000e+03
-9.999000000000000000e+03
-9.999000000000000000e+03
-9.999000000000000000e+03
-9.999000000000000000e+03
-9.999000000000000000e+03
-9.999000000000000000e+03
-9.999000000000000000e+03
-9.999000000000000000e+03
-9.999000000000000000e+03
-9.999000000000000000e+03
-9.999000000000000000e+03
-7.381305843591690063e-02
-6.471814215183258057e-02
-5.218172818422317505e-02
-3.562119603157043457e-02
1.492279395461082458e-02
3.392801806330680847e-02
4.000946134328842163e-02
2.844742126762866974e-02
1.729045622050762177e-02
8.731651119887828827e-03
-9.999000000000000000e+03
-9.999000000000000000e+03
-9.999000000000000000e+03
-9.999000000000000000e+03
-9.999000000000000000e+03
-9.999000000000000000e+03
-9.999000000000000000e+03
-9.999000000000000000e+03
-9.999000000000000000e+03
-9.999000000000000000e+03
-9.999000000000000000e+03
-9.999000000000000000e+03
-9.999000000000000000e+03
-9.999000000000000000e+03
-9.999000000000000000e+03
-9.999000000000000000e+03
-9.999000000000000000e+03
-9.999000000000000000e+03
-9.999000000000000000e+03
-9.999000000000000000e+03
-9.999000000000000000e+03
-6.163622811436653137e-02
-3.529461473226547241e-02
-3.325225785374641418e-03
1.453127153217792511e-02
3.740246221423149109e-02
4.423765838146209717e-02
-9.999000000000000000e+03
-9.999000000000000000e+03
-9.999000000000000000e+03
-9.999000000000000000e+03
-9.999000000000000000e+03
-9.999000000000000000e+03
-9.999000000000000000e+03
-9.999000000000000000e+03
-9.999000000000000000e+03
-9.999000000000000000e+03
-9.999000000000000000e+03
-9.999000000000000000e+03
-9.999000000000000000e+03
-9.999000000000000000e+03
-9.999000000000000000e+03
-9.999000000000000000e+03
-9.999000000000000000e+03
-9.999000000000000000e+03
-9.999000000000000000e+03
-9.999000000000000000e+03
-9.999000000000000000e+03
-9.999000000000000000e+03
-9.999000000000000000e+03
-9.999000000000000000e+03
-9.999000000000000000e+03
-5.850894749164581299e-02
-2.995660714805126190e-02
7.570151239633560181e-03
-9.999000000000000000e+03
-9.999000000000000000e+03
-9.999000000000000000e+03
-9.999000000000000000e+03
-9.999000000000000000e+03
-9.999000000000000000e+03
-9.999000000000000000e+03
-9.999000000000000000e+03
-9.999000000000000000e+03
-9.999000000000000000e+03
-9.999000000000000000e+03
-9.999000000000000000e+03
-9.999000000000000000e+03
-9.999000000000000000e+03
-9.999000000000000000e+03
-9.999000000000000000e+03
-9.999000000000000000e+03
-9.999000000000000000e+03
-9.999000000000000000e+03
-9.999000000000000000e+03
-9.999000000000000000e+03
-9.999000000000000000e+03
-9.999000000000000000e+03
-9.999000000000000000e+03
-9.999000000000000000e+03
-9.999000000000000000e+03
-9.999000000000000000e+03
-9.999000000000000000e+03
