1.040294617414474487e-01
1.052733063697814941e-01
9.219709783792495728e-02
8.889485895633697510e-02
1.114754304289817810e-01
1.030212566256523132e-01
9.723676741123199463e-02
8.939951658248901367e-02
6.843797862529754639e-02
6.042754277586936951e-02
3.424350637942552567e-03
-9.999000000000000000e+03
-9.999000000000000000e+03
-9.999000000000000000e+03
-9.999000000000000000e+03
-9.999000000000000000e+03
-9.999000000000000000e+03
-9.999000000000000000e+03
-9.999000000000000000e+03
-9.999000000000000000e+03
-9.999000000000000000e+03
-9.999000000000000000e+03
-9.999000000000000000e+03
-2.350117312744259834e-03
1.921869441866874695e-02
4.447530210018157959e-02
8.024076372385025024e-02
1.262583434581756592e-01
1.495963782072067261e-01
1.568044573068618774e-01
1.596110165119171143e-01
4.588624089956283569e-02
4.463587328791618347e-02
3.237326070666313171e-02
2.302288450300693512e-02
4.234168678522109985e-02
2.508945204317569733e-02
1.314411498606204987e-02
2.229416929185390472e-02
1.946788281202316284e-02
3.505751863121986389e-02
3.631144762039184570e-02
2.705573104321956635e-02
-9.999000000000000000e+03
-9.999000000000000000e+03
-9.999000000000000000e+03
-9.999000000000000000e+03
-9.999000000000000000e+03
-9.999000000000000000e+03
-9.999000000000000000e+03
-9.999000000000000000e+03
-9.999000000000000000e+03
4.031675681471824646e-02
5.727236717939376831e-02
5.482595413923263550e-02
9.107898175716400146e-02
9.189253300428390503e-02
1.010015830397605896e-01
1.227610781788825989e-01
1.406867951154708862e-01
1.535266041755676270e-01
1.569927632808685303e-01
3.092365572229027748e-03
-5.852367728948593140e-03
-3.252248093485832214e-02
-6.237528473138809204e-02
-4.999673739075660706e-02
-5.977733805775642395e-02
-5.150712653994560242e-02
-2.971661649644374847e-02
-1.899322122335433960e-02
9.010378271341323853e-03
2.908223494887351990e-02
3.299731761217117310e-02
-9.999000000000000000e+03
-9.999000000000000000e+03
-9.999000000000000000e+03
-9.999000000000000000e+03
-9.999000000000000000e+03
-9.999000000000000000e+03
-9.999000000000000000e+03
9.557119011878967285e-02
8.385796844959259033e-02
9.364455938339233398e-02
9.582486003637313843e-02
9.321116656064987183e-02
9.474413841962814331e-02
9.158474951982498169e-02
1.015087962150573730e-01
1.013654246926307678e-01
1.145120635628700256e-01
1.401858925819396973e-01
1.514182686805725098e-01
-4.470602050423622131e-02
-5.252689868211746216e-02
-7.858256250619888306e-02
-1.175370886921882629e-01
-1.272523850202560425e-01
-1.297123730182647705e-01
-1.136785298585891724e-01
-7.745918631553649902e-02
-5.212549492716789246e-02
-1.139034889638423920e-02
1.727541908621788025e-02
5.781875923275947571e-02
8.469671756029129028e-02
-9.999000000000000000e+03
-9.999000000000000000e+03
-9.999000000000000000e+03
8.540555089712142944e-02
1.213302314281463623e-01
1.451396644115447998e-01
1.220226287841796875e-01
9.163241088390350342e-02
7.189363986253738403e-02
3.714314103126525879e-02
4.429075494408607483e-02
3.214696794748306274e-02
3.365989774465560913e-03
4.060271009802818298e-02
5.315343290567398071e-02
8.312372863292694092e-02
1.127361506223678589e-01
1.319934427738189697e-01
-9.145490825176239014e-02
-1.079184785485267639e-01
-1.390196382999420166e-01
-1.654527187347412109e-01
-1.724368929862976074e-01
-1.690068691968917847e-01
-1.490579396486282349e-01
-1.137546598911285400e-01
-8.488444983959197998e-02
-4.117754474282264709e-02
6.057986989617347717e-03
4.251020774245262146e-02
9.041032195091247559e-02
1.032962203025817871e-01
1.044503152370452881e-01
1.159317046403884888e-01
1.166981458663940430e-01
1.003741249442100525e-01
9.176450222730636597e-02
4.440488293766975403e-02
1.253865007311105728e-02
-3.822172060608863831e-02
-9.268905222415924072e-02
-7.542456686496734619e-02
-8.311969786882400513e-02
-6.650920212268829346e-02
-2.756807208061218262e-02
1.490335352718830109e-02
6.659597158432006836e-02
1.105110198259353638e-01
1.291124969720840454e-01
-1.202872768044471741e-01
-1.382547616958618164e-01
-1.665266007184982300e-01
-1.890421211719512939e-01
-1.953387707471847534e-01
-1.889996081590652466e-01
-1.645177006721496582e-01
-1.330813169479370117e-01
-1.113539785146713257e-01
-6.795980036258697510e-02
-2.002903260290622711e-02
1.384895481169223785e-02
5.948696658015251160e-02
7.907976210117340088e-02
7.945609837770462036e-02
8.794278651475906372e-02
6.110341101884841919e-02
-6.028028670698404312e-03
-4.636364430189132690e-02
-1.155463233590126038e-01
-1.330492943525314331e-01
-1.409347802400588989e-01
-1.593410372734069824e-01
-1.394252479076385498e-01
-1.198763623833656311e-01
-9.429596364498138428e-02
-4.285802692174911499e-02
-5.381947848945856094e-03
3.711200878024101257e-02
8.135646581649780273e-02
1.011103317141532898e-01
-1.501392722129821777e-01
-1.651513129472732544e-01
-1.780624836683273315e-01
-1.847389936447143555e-01
-1.901517063379287720e-01
-1.888382434844970703e-01
-1.647775620222091675e-01
-1.368655860424041748e-01
-1.087235435843467712e-01
-7.270233333110809326e-02
-3.030757233500480652e-02
2.567437011748552322e-03
3.846910595893859863e-02
5.155234783887863159e-02
1.605390198528766632e-02
-7.237637415528297424e-03
-6.198420748114585876e-02
-1.183485090732574463e-01
-1.447917222976684570e-01
-1.914485692977905273e-01
-1.903506666421890259e-01
-1.931663155555725098e-01
-2.033911496400833130e-01
-1.931020319461822510e-01
-1.809971928596496582e-01
-1.675538867712020874e-01
-1.028439030051231384e-01
-6.641952693462371826e-02
-2.544189617037773132e-02
3.416433557868003845e-02
5.453476682305335999e-02
-1.640870124101638794e-01
-1.762350946664810181e-01
-1.750945150852203369e-01
-1.651992648839950562e-01
-1.617812961339950562e-01
-1.547966897487640381e-01
-1.453152447938919067e-01
-1.327537447214126587e-01
-1.101501137018203735e-01
-6.787652522325515747e-02
-2.483742870390415192e-02
-4.778478760272264481e-03
-3.006804734468460083e-03
-1.703620888292789459e-02
-6.193896755576133728e-02
-8.822344243526458740e-02
-1.521800309419631958e-01
-1.842752993106842041e-01
-1.914874017238616943e-01
-1.881455928087234497e-01
-1.822733283042907715e-01
-1.888920962810516357e-01
-2.061917781829833984e-01
-2.243053019046783447e-01
-2.394376546144485474e-01
-2.427365779876708984e-01
-1.818749606609344482e-01
-1.410440355539321899e-01
-9.676016867160797119e-02
-3.232207149267196655e-02
-1.623141393065452576e-02
-1.636069267988204956e-01
-1.763978004455566406e-01
-1.700094789266586304e-01
-1.482201218605041504e-01
-1.400436758995056152e-01
-1.369883567094802856e-01
-1.284201592206954956e-01
-1.120085790753364563e-01
-8.562103658914566040e-02
-5.680682510137557983e-02
-3.615605831146240234e-02
-3.460923209786415100e-02
-7.130421698093414307e-02
-1.150488406419754028e-01
-1.614693850278854370e-01
-1.706991642713546753e-01
-1.885935664176940918e-01
-1.836821287870407104e-01
-1.785717308521270752e-01
-1.595319658517837524e-01
-1.440149992704391479e-01
-1.526421308517456055e-01
-1.333364397287368774e-01
-1.612208336591720581e-01
-1.318119168281555176e-01
-1.984358429908752441e-01
-1.900386512279510498e-01
-1.871008872985839844e-01
-1.523744016885757446e-01
-1.045877635478973389e-01
-9.343153983354568481e-02
-1.525856107473373413e-01
-1.563627719879150391e-01
-1.476697772741317749e-01
-1.210122630000114441e-01
-1.125730872154235840e-01
-1.128070726990699768e-01
-1.037977263331413269e-01
-9.339401870965957642e-02
-6.566887348890304565e-02
-5.591754242777824402e-02
-7.214244455099105835e-02
-1.130961403250694275e-01
-1.461651325225830078e-01
-1.704821437597274780e-01
-1.940766572952270508e-01
-1.951829046010971069e-01
-1.856278926134109497e-01
-1.249373927712440491e-01
-1.364835053682327271e-01
-1.053555607795715332e-01
-9.222968667745590210e-02
-9.999000000000000000e+03
-9.999000000000000000e+03
-9.999000000000000000e+03
-9.999000000000000000e+03
-9.999000000000000000e+03
-9.999000000000000000e+03
-2.042998522520065308e-01
-1.814232617616653442e-01
-1.599443256855010986e-01
-1.596848368644714355e-01
-1.503411084413528442e-01
-1.320151835680007935e-01
-1.199280023574829102e-01
-1.017215922474861145e-01
-8.903176337480545044e-02
-6.833322346210479736e-02
-7.414246350526809692e-02
-7.012076675891876221e-02
-5.975665897130966187e-02
-7.267189770936965942e-02
-1.030614450573921204e-01
-1.580229550600051880e-01
-1.726901680231094360e-01
-1.840107887983322144e-01
-1.717028468847274780e-01
-1.500678509473800659e-01
-1.246852353215217590e-01
-9.999000000000000000e+03
-9.999000000000000000e+03
-9.999000000000000000e+03
-9.999000000000000000e+03
-9.999000000000000000e+03
-9.999000000000000000e+03
-9.999000000000000000e+03
-9.999000000000000000e+03
-9.999000000000000000e+03
-9.999000000000000000e+03
-1.112119033932685852e-01
-1.587904393672943115e-01
-1.864156424999237061e-01
-1.923679113388061523e-01
-1.734997928142547607e-01
-1.471709460020065308e-01
-1.022243276238441467e-01
-8.307983726263046265e-02
-7.071377336978912354e-02
-6.448224186897277832e-02
-6.311567872762680054e-02
-5.856772512197494507e-02
-5.695827305316925049e-02
-9.717946499586105347e-02
-1.309405118227005005e-01
-1.462890207767486572e-01
-1.467348039150238037e-01
-1.525025814771652222e-01
-8.532121032476425171e-02
-9.101746976375579834e-02
-9.999000000000000000e+03
-9.999000000000000000e+03
-9.999000000000000000e+03
-9.999000000000000000e+03
-9.999000000000000000e+03
-9.999000000000000000e+03
-9.999000000000000000e+03
-9.999000000000000000e+03
-9.999000000000000000e+03
-9.999000000000000000e+03
-9.999000000000000000e+03
-9.999000000000000000e+03
-9.701927751302719116e-02
-1.747837215662002563e-01
-2.039726376533508301e-01
-2.387538999319076538e-01
-1.890308260917663574e-01
-1.354537904262542725e-01
-1.013680621981620789e-01
-7.202100753784179688e-02
-5.923331528902053833e-02
-4.227190837264060974e-02
-4.670413956046104431e-02
-6.255141645669937134e-02
-9.332732856273651123e-02
-1.166438385844230652e-01
-1.074628382921218872e-01
-8.367887884378433228e-02
-9.742538630962371826e-02
-9.999000000000000000e+03
-9.999000000000000000e+03
-9.999000000000000000e+03
-9.999000000000000000e+03
-9.999000000000000000e+03
-9.999000000000000000e+03
-9.999000000000000000e+03
-9.999000000000000000e+03
-9.999000000000000000e+03
-9.999000000000000000e+03
-9.999000000000000000e+03
-9.999000000000000000e+03
-9.999000000000000000e+03
-9.999000000000000000e+03
-9.999000000000000000e+03
-1.374142318964004517e-01
-1.816333234310150146e-01
-9.999000000000000000e+03
-1.129912883043289185e-01
-1.381436288356781006e-01
-1.161572262644767761e-01
-8.583482354879379272e-02
-6.568670272827148438e-02
-5.289350077509880066e-02
-6.283721327781677246e-02
-9.056844562292098999e-02
-9.412460774183273315e-02
-8.680770546197891235e-02
-6.546627730131149292e-02
-5.802760645747184753e-02
-9.999000000000000000e+03
-9.999000000000000000e+03
-9.999000000000000000e+03
-9.999000000000000000e+03
-9.999000000000000000e+03
-9.999000000000000000e+03
-9.999000000000000000e+03
-9.999000000000000000e+03
-9.999000000000000000e+03
-9.999000000000000000e+03
-9.999000000000000000e+03
-9.999000000000000000e+03
-9.999000000000000000e+03
-9.999000000000000000e+03
-9.999000000000000000e+03
-9.999000000000000000e+03
-8.457402884960174561e-02
-1.294703334569931030e-01
-9.999000000000000000e+03
-9.999000000000000000e+03
-1.093939319252967834e-01
-1.136830598115921021e-01
-8.869492262601852417e-02
-7.125631719827651978e-02
-7.267253100872039795e-02
-8.141683787107467651e-02
-8.420784771442413330e-02
-7.338362187147140503e-02
-5.973573774099349976e-02
-2.130087837576866150e-02
-9.999000000000000000e+03
-9.999000000000000000e+03
-9.999000000000000000e+03
-9.999000000000000000e+03
-9.999000000000000000e+03
-9.999000000000000000e+03
-9.999000000000000000e+03
-9.999000000000000000e+03
-9.999000000000000000e+03
-9.999000000000000000e+03
-9.999000000000000000e+03
-9.999000000000000000e+03
-9.999000000000000000e+03
-9.999000000000000000e+03
-9.999000000000000000e+03
-9.999000000000000000e+03
-9.999000000000000000e+03
-3.220413252711296082e-02
-4.719164595007896423e-02
-9.999000000000000000e+03
-9.999000000000000000e+03
-5.171618983149528503e-02
-6.970500200986862183e-02
-6.968351453542709351e-02
-5.540412291884422302e-02
-4.417955502867698669e-02
-4.995117709040641785e-02
-4.547291621565818787e-02
-2.628126740455627441e-02
-2.150682173669338226e-02
-6.862553302198648453e-03
-9.999000000000000000e+03
-9.999000000000000000e+03
-9.999000000000000000e+03
-9.999000000000000000e+03
-9.999000000000000000e+03
-9.999000000000000000e+03
-9.999000000000000000e+03
-9.999000000000000000e+03
-9.999000000000000000e+03
-9.999000000000000000e+03
-9.999000000000000000e+03
-9.999000000000000000e+03
-9.999000000000000000e+03
-9.999000000000000000e+03
-9.999000000000000000e+03
-9.999000000000000000e+03
-9.999000000000000000e+03
-9.999000000000000000e+03
-9.999000000000000000e+03
-9.999000000000000000e+03
-9.999000000000000000e+03
-4.832576494663953781e-03
-1.755896396934986115e-02
-2.585607767105102539e-02
-2.205635979771614075e-02
-6.873758044093847275e-03
-6.069528404623270035e-03
2.270491560921072960e-03
-3.291471395641565323e-03
-9.445462375879287720e-03
-8.749446831643581390e-03
-9.999000000000000000e+03
-9.999000000000000000e+03
-9.999000000000000000e+03
-9.999000000000000000e+03
-9.999000000000000000e+03
-9.999000000000000000e+03
-9.999000000000000000e+03
-9.999000000000000000e+03
-9.999000000000000000e+03
-9.999000000000000000e+03
-9.999000000000000000e+03
-9.999000000000000000e+03
-9.999000000000000000e+03
-9.999000000000000000e+03
-9.999000000000000000e+03
-9.999000000000000000e+03
-9.999000000000000000e+03
-9.999000000000000000e+03
-9.999000000000000000e+03
-9.999000000000000000e+03
-9.999000000000000000e+03
-9.999000000000000000e+03
-7.608422543853521347e-03
-2.054771967232227325e-02
-1.146614085882902145e-02
2.307843416929244995e-02
2.340362221002578735e-02
1.590211316943168640e-02
2.569147571921348572e-02
8.113406598567962646e-03
-9.999000000000000000e+03
-9.999000000000000000e+03
-9.999000000000000000e+03
-9.999000000000000000e+03
-9.999000000000000000e+03
-9.999000000000000000e+03
-9.999000000000000000e+03
-9.999000000000000000e+03
-9.999000000000000000e+03
-9.999000000000000000e+03
-9.999000000000000000e+03
-9.999000000000000000e+03
-9.999000000000000000e+03
-9.999000000000000000e+03
-9.999000000000000000e+03
-9.999000000000000000e+03
-9.999000000000000000e+03
-9.999000000000000000e+03
-9.999000000000000000e+03
-9.999000000000000000e+03
-9.999000000000000000e+03
-9.999000000000000000e+03
-9.999000000000000000e+03
-1.138247456401586533e-02
-3.697822988033294678e-02
-4.369755461812019348e-02
-3.086173906922340393e-02
1.790889352560043335e-02
4.719060380011796951e-03
8.906578272581100464e-02
1.517599970102310181e-01
1.173225194215774536e-01
-9.999000000000000000e+03
-9.999000000000000000e+03
-9.999000000000000000e+03
-9.999000000000000000e+03
-9.999000000000000000e+03
-9.999000000000000000e+03
-9.999000000000000000e+03
-9.999000000000000000e+03
-9.999000000000000000e+03
-9.999000000000000000e+03
-9.999000000000000000e+03
-9.999000000000000000e+03
-9.999000000000000000e+03
-9.999000000000000000e+03
-9.999000000000000000e+03
-9.999000000000000000e+03
-9.999000000000000000e+03
-9.999000000000000000e+03
-9.999000000000000000e+03
-9.999000000000000000e+03
-9.999000000000000000e+03
-9.999000000000000000e+03
-9.999000000000000000e+03
-4.148134216666221619e-02
-4.117464646697044373e-02
-3.619692847132682800e-02
-1.430441904813051224e-02
1.484222430735826492e-02
2.177125774323940277e-02
1.270840913057327271e-01
1.245033964514732361e-01
-9.999000000000000000e+03
-9.999000000000000000e+03
-9.999000000000000000e+03
-9.999000000000000000e+03
-9.999000000000000000e+03
-9.999000000000000000e+03
-9.999000000000000000e+03
-9.999000000000000000e+03
-9.999000000000000000e+03
-9.999000000000000000e+03
-9.999000000000000000e+03
-9.999000000000000000e+03
-9.999000000000000000e+03
-9.999000000000000000e+03
-9.999000000000000000e+03
-9.999000000000000000e+03
-9.999000000000000000e+03
-9.999000000000000000e+03
-9.999000000000000000e+03
-9.999000000000000000e+03
-9.999000000000000000e+03
-9.999000000000000000e+03
-9.999000000000000000e+03
-4.480591416358947754e-02
-5.863029137253761292e-02
-5.689955502748489380e-02
-8.934938907623291016e-02
-1.251376569271087646e-01
-1.445971429347991943e-01
-8.113808184862136841e-02
2.048769034445285797e-03
-1.438224222511053085e-02
-9.999000000000000000e+03
-9.999000000000000000e+03
-9.999000000000000000e+03
-9.999000000000000000e+03
-9.999000000000000000e+03
-9.999000000000000000e+03
-9.999000000000000000e+03
-9.999000000000000000e+03
-9.999000000000000000e+03
-9.999000000000000000e+03
-9.999000000000000000e+03
-9.999000000000000000e+03
-9.999000000000000000e+03
-9.999000000000000000e+03
-9.999000000000000000e+03
-9.999000000000000000e+03
-9.999000000000000000e+03
-9.999000000000000000e+03
-9.999000000000000000e+03
-9.999000000000000000e+03
-9.999000000000000000e+03
-9.999000000000000000e+03
-3.523958846926689148e-02
-7.590758055448532104e-02
-9.557782113552093506e-02
-1.067643985152244568e-01
-1.354909092187881470e-01
-1.362664997577667236e-01
-1.301248222589492798e-01
-1.354435682296752930e-01
-9.244243055582046509e-02
-5.434890091419219971e-02
-3.717928007245063782e-02
-3.065003082156181335e-02
-2.669533342123031616e-02
-9.999000000000000000e+03
-9.999000000000000000e+03
-9.999000000000000000e+03
-9.999000000000000000e+03
-9.999000000000000000e+03
-9.999000000000000000e+03
-9.999000000000000000e+03
-9.999000000000000000e+03
-9.999000000000000000e+03
-9.999000000000000000e+03
-9.999000000000000000e+03
-9.999000000000000000e+03
-9.999000000000000000e+03
-9.999000000000000000e+03
-9.999000000000000000e+03
-9.999000000000000000e+03
-9.999000000000000000e+03
-6.241813302040100098e-02
-5.973152816295623779e-02
-6.104109436273574829e-02
-6.720422953367233276e-02
-7.192157953977584839e-02
-7.425135374069213867e-02
-6.031394749879837036e-02
-7.023156434297561646e-02
-8.709008246660232544e-02
-4.185470938682556152e-02
-1.941857300698757172e-02
-2.364440821111202240e-02
-3.102012909948825836e-02
-3.240374848246574402e-02
-9.999000000000000000e+03
-9.999000000000000000e+03
-9.999000000000000000e+03
-9.999000000000000000e+03
-9.999000000000000000e+03
-9.999000000000000000e+03
-9.999000000000000000e+03
-9.999000000000000000e+03
-9.999000000000000000e+03
-9.999000000000000000e+03
-9.999000000000000000e+03
-9.999000000000000000e+03
-9.999000000000000000e+03
-9.999000000000000000e+03
-9.999000000000000000e+03
-6.703593581914901733e-02
-7.315992563962936401e-02
-1.165266484022140503e-01
-1.078310087323188782e-01
-8.289485424757003784e-02
-6.078254804015159607e-02
-4.123859107494354248e-02
-3.634833917021751404e-02
-3.628683090209960938e-02
-6.141949072480201721e-02
-5.179471150040626526e-02
-4.629031568765640259e-02
-3.738889470696449280e-02
-5.954164639115333557e-02
-9.999000000000000000e+03
-9.999000000000000000e+03
-9.999000000000000000e+03
-9.999000000000000000e+03
-9.999000000000000000e+03
-9.999000000000000000e+03
-9.999000000000000000e+03
-9.999000000000000000e+03
-9.999000000000000000e+03
-9.999000000000000000e+03
-9.999000000000000000e+03
-9.999000000000000000e+03
-9.999000000000000000e+03
-9.999000000000000000e+03
-9.999000000000000000e+03
-9.999000000000000000e+03
-5.756159126758575439e-02
-8.282721042633056641e-02
-9.546817839145660400e-02
-1.194762438535690308e-01
-1.207289919257164001e-01
-9.373407810926437378e-02
-5.840123817324638367e-02
-3.612241148948669434e-02
-2.343123592436313629e-02
-2.858907543122768402e-02
-6.926013529300689697e-02
-1.030307337641716003e-01
-9.733077883720397949e-02
-6.543484330177307129e-02
-9.999000000000000000e+03
-9.999000000000000000e+03
-9.999000000000000000e+03
-9.999000000000000000e+03
-9.999000000000000000e+03
-9.999000000000000000e+03
-9.999000000000000000e+03
-9.999000000000000000e+03
-9.999000000000000000e+03
-9.999000000000000000e+03
-9.999000000000000000e+03
-9.999000000000000000e+03
-9.999000000000000000e+03
-9.999000000000000000e+03
-9.999000000000000000e+03
-9.999000000000000000e+03
-9.999000000000000000e+03
-6.548620015382766724e-02
-9.266924113035202026e-02
-1.154678389430046082e-01
-1.216180920600891113e-01
-1.139390096068382263e-01
-9.664838016033172607e-02
-7.003822922706604004e-02
-4.498157277703285217e-02
-2.074772678315639496e-02
1.396310981363058090e-02
-4.452462773770093918e-03
-4.519852995872497559e-02
-4.254728555679321289e-02
-5.540513992309570312e-02
-9.999000000000000000e+03
-9.999000000000000000e+03
-9.999000000000000000e+03
-9.999000000000000000e+03
-9.999000000000000000e+03
-9.999000000000000000e+03
-9.999000000000000000e+03
-9.999000000000000000e+03
-9.999000000000000000e+03
-9.999000000000000000e+03
-9.999000000000000000e+03
-9.999000000000000000e+03
-9.999000000000000000e+03
-9.999000000000000000e+03
-9.999000000000000000e+03
-9.999000000000000000e+03
-9.999000000000000000e+03
-1.048420593142509460e-01
-1.141111627221107483e-01
-1.122333705425262451e-01
-1.095760315656661987e-01
-9.861653298139572144e-02
-8.163633197546005249e-02
-5.002606660127639771e-02
-2.306690812110900879e-02
-5.646329838782548904e-03
1.358779706060886383e-02
6.664232350885868073e-03
1.009113248437643051e-02
-2.286267932504415512e-03
-9.999000000000000000e+03
-9.999000000000000000e+03
-9.999000000000000000e+03
-9.999000000000000000e+03
-9.999000000000000000e+03
-9.999000000000000000e+03
-9.999000000000000000e+03
-9.999000000000000000e+03
-9.999000000000000000e+03
-9.999000000000000000e+03
-9.999000000000000000e+03
-9.999000000000000000e+03
-9.999000000000000000e+03
-9.999000000000000000e+03
-9.999000000000000000e+03
-9.999000000000000000e+03
-9.999000000000000000e+03
-9.999000000000000000e+03
-7.970297336578369141e-02
-7.958232611417770386e-02
-6.748427450656890869e-02
-6.665392220020294189e-02
-4.752835631370544434e-02
-3.508651629090309143e-02
-1.144488621503114700e-02
8.927465416491031647e-03
1.355829555541276932e-02
3.149351477622985840e-02
1.162645593285560608e-02
-2.043060958385467529e-02
-9.999000000000000000e+03
-9.999000000000000000e+03
-9.999000000000000000e+03
-9.999000000000000000e+03
-9.999000000000000000e+03
-9.999000000000000000e+03
-9.999000000000000000e+03
-9.999000000000000000e+03
-9.999000000000000000e+03
-9.999000000000000000e+03
-9.999000000000000000e+03
-9.999000000000000000e+03
-9.999000000000000000e+03
-9.999000000000000000e+03
-9.999000000000000000e+03
-9.999000000000000000e+03
-9.999000000000000000e+03
-9.999000000000000000e+03
-9.999000000000000000e+03
-4.162613302469253540e-02
-3.580057993531227112e-02
-3.068304620683193207e-02
-2.582870982587337494e-02
1.477099303156137466e-02
2.190918847918510437e-02
2.037889510393142700e-02
1.688976213335990906e-02
1.752412319183349609e-02
1.263593789190053940e-02
-9.999000000000000000e+03
-9.999000000000000000e+03
-9.999000000000000000e+03
-9.999000000000000000e+03
-9.999000000000000000e+03
-9.999000000000000000e+03
-9.999000000000000000e+03
-9.999000000000000000e+03
-9.999000000000000000e+03
-9.999000000000000000e+03
-9.999000000000000000e+03
-9.999000000000000000e+03
-9.999000000000000000e+03
-9.999000000000000000e+03
-9.999000000000000000e+03
-9.999000000000000000e+03
-9.999000000000000000e+03
-9.999000000000000000e+03
-9.999000000000000000e+03
-9.999000000000000000e+03
-9.999000000000000000e+03
-1.224404480308294296e-02
1.305838767439126968e-02
3.002244979143142700e-02
4.586316645145416260e-02
6.153395771980285645e-02
3.933912888169288635e-02
-9.999000000000000000e+03
-9.999000000000000000e+03
-9.999000000000000000e+03
-9.999000000000000000e+03
-9.999000000000000000e+03
-9.999000000000000000e+03
-9.999000000000000000e+03
-9.999000000000000000e+03
-9.999000000000000000e+03
-9.999000000000000000e+03
-9.999000000000000000e+03
-9.999000000000000000e+03
-9.999000000000000000e+03
-9.999000000000000000e+03
-9.999000000000000000e+03
-9.999000000000000000e+03
-9.999000000000000000e+03
-9.999000000000000000e+03
-9.999000000000000000e+03
-9.999000000000000000e+03
-9.999000000000000000e+03
-9.999000000000000000e+03
-9.999000000000000000e+03
-9.999000000000000000e+03
-9.999000000000000000e+03
-1.440835651010274887e-02
7.033268921077251434e-03
4.462911188602447510e-02
-9.999000000000000000e+03
-9.999000000000000000e+03
-9.999000000000000000e+03
-9.999000000000000000e+03
-9.999000000000000000e+03
-9.999000000000000000e+03
-9.999000000000000000e+03
-9.999000000000000000e+03
-9.999000000000000000e+03
-9.999000000000000000e+03
-9.999000000000000000e+03
-9.999000000000000000e+03
-9.999000000000000000e+03
-9.999000000000000000e+03
-9.999000000000000000e+03
-9.999000000000000000e+03
-9.999000000000000000e+03
-9.999000000000000000e+03
-9.999000000000000000e+03
-9.999000000000000000e+03
-9.999000000000000000e+03
-9.999000000000000000e+03
-9.999000000000000000e+03
-9.999000000000000000e+03
-9.999000000000000000e+03
-9.999000000000000000e+03
-9.999000000000000000e+03
-9.999000000000000000e+03
