6.947779655456542969e-02
8.297109603881835938e-02
7.031325250864028931e-02
4.429613053798675537e-02
4.896644875407218933e-02
2.613484673202037811e-02
2.033421583473682404e-02
1.759845390915870667e-02
-2.272963291034102440e-03
-1.222482882440090179e-02
-5.254929885268211365e-02
-9.999000000000000000e+03
-9.999000000000000000e+03
-9.999000000000000000e+03
-9.999000000000000000e+03
-9.999000000000000000e+03
-9.999000000000000000e+03
-9.999000000000000000e+03
-9.999000000000000000e+03
-9.999000000000000000e+03
-9.999000000000000000e+03
-9.999000000000000000e+03
-9.999000000000000000e+03
-4.050537571310997009e-02
-7.068244367837905884e-02
-3.935062140226364136e-02
4.658678546547889709e-03
4.077976197004318237e-02
5.875574424862861633e-02
7.238718867301940918e-02
6.754181534051895142e-02
-2.991075068712234497e-02
-1.392024941742420197e-02
-1.980742625892162323e-02
-3.369582816958427429e-02
-2.941651456058025360e-02
-4.823954403400421143e-02
-4.674798995256423950e-02
-3.663300350308418274e-02
-3.892083093523979187e-02
-3.002909757196903229e-02
-2.844257093966007233e-02
-1.492817793041467667e-02
-9.999000000000000000e+03
-9.999000000000000000e+03
-9.999000000000000000e+03
-9.999000000000000000e+03
-9.999000000000000000e+03
-9.999000000000000000e+03
-9.999000000000000000e+03
-9.999000000000000000e+03
-9.999000000000000000e+03
-1.500918995589017868e-02
-1.355219539254903793e-02
-3.236365318298339844e-02
-4.225721210241317749e-02
-3.122008033096790314e-02
8.252680301666259766e-03
3.159989416599273682e-02
4.148753732442855835e-02
4.678144305944442749e-02
4.616409912705421448e-02
-1.140501052141189575e-01
-9.968731552362442017e-02
-1.056852936744689941e-01
-1.122488453984260559e-01
-9.492558985948562622e-02
-9.494989365339279175e-02
-8.604858070611953735e-02
-7.093669474124908447e-02
-6.616111099720001221e-02
-4.616694897413253784e-02
-2.766474336385726929e-02
-1.133120991289615631e-02
-9.999000000000000000e+03
-9.999000000000000000e+03
-9.999000000000000000e+03
-9.999000000000000000e+03
-9.999000000000000000e+03
-9.999000000000000000e+03
-9.999000000000000000e+03
-1.368993544019758701e-04
1.956792548298835754e-03
3.832791233435273170e-03
2.980388328433036804e-02
1.242205593734979630e-02
-9.861744940280914307e-03
-7.610192056745290756e-03
6.118047516793012619e-03
1.946495100855827332e-02
3.249920532107353210e-02
3.750439733266830444e-02
5.524135753512382507e-02
-1.842750608921051025e-01
-1.642306596040725708e-01
-1.574835032224655151e-01
-1.599897891283035278e-01
-1.456326693296432495e-01
-1.409108638763427734e-01
-1.298433244228363037e-01
-1.052044779062271118e-01
-9.118489921092987061e-02
-6.272004544734954834e-02
-3.700060397386550903e-02
-6.553387502208352089e-04
4.239264130592346191e-02
-9.999000000000000000e+03
-9.999000000000000000e+03
-9.999000000000000000e+03
-7.805869914591312408e-03
-1.591796614229679108e-02
-1.292518712580204010e-02
-2.307632192969322205e-02
-2.170400694012641907e-02
-7.221926003694534302e-03
-4.374666139483451843e-03
1.658382080495357513e-02
1.196615956723690033e-02
4.857271444052457809e-03
2.830773778259754181e-02
5.461314693093299866e-02
7.044431567192077637e-02
7.745210826396942139e-02
9.422278404235839844e-02
-2.396452277898788452e-01
-2.188084870576858521e-01
-2.066068500280380249e-01
-2.037689536809921265e-01
-1.879794895648956299e-01
-1.789247691631317139e-01
-1.609547734260559082e-01
-1.307302117347717285e-01
-1.064023301005363464e-01
-7.743865996599197388e-02
-3.835438936948776245e-02
-1.756826764903962612e-03
4.258327931165695190e-02
4.882879927754402161e-02
1.973927952349185944e-02
-6.066090427339076996e-03
-4.236204177141189575e-02
-7.474809139966964722e-02
-8.085475116968154907e-02
-1.091561689972877502e-01
-9.572399407625198364e-02
-8.487503230571746826e-02
-9.038762748241424561e-02
-6.094120070338249207e-02
-4.952262341976165771e-02
-2.662428468465805054e-02
1.627352461218833923e-02
5.358307063579559326e-02
8.787382394075393677e-02
1.167884469032287598e-01
1.281125545501708984e-01
-2.581776082515716553e-01
-2.510143816471099854e-01
-2.437848895788192749e-01
-2.363092154264450073e-01
-2.177710831165313721e-01
-2.021678239107131958e-01
-1.756223142147064209e-01
-1.416532546281814575e-01
-1.185550913214683533e-01
-8.659485727548599243e-02
-4.545384272933006287e-02
-1.346209924668073654e-02
9.564645588397979736e-03
1.227809954434633255e-02
-1.140887103974819183e-02
-3.777032718062400818e-02
-9.988832473754882812e-02
-1.642650365829467773e-01
-1.984680294990539551e-01
-2.464322149753570557e-01
-2.557511329650878906e-01
-2.307299077510833740e-01
-2.366325259208679199e-01
-1.656350195407867432e-01
-1.302640736103057861e-01
-1.105153486132621765e-01
-2.793561853468418121e-02
8.371453732252120972e-03
4.923987388610839844e-02
8.914355188608169556e-02
9.588005393743515015e-02
-2.607824802398681641e-01
-2.528930306434631348e-01
-2.502771317958831787e-01
-2.408000379800796509e-01
-2.269956916570663452e-01
-2.072199434041976929e-01
-1.789378374814987183e-01
-1.456458568572998047e-01
-1.168809458613395691e-01
-8.573097735643386841e-02
-4.985257610678672791e-02
-2.916597761213779449e-02
-7.796774618327617645e-03
-7.336785551160573959e-03
-8.080571889877319336e-02
-1.287280619144439697e-01
-1.897565871477127075e-01
-2.425451278686523438e-01
-2.743545174598693848e-01
-3.341761827468872070e-01
-3.585747182369232178e-01
-3.723930418491363525e-01
-3.652145564556121826e-01
-3.250515758991241455e-01
-2.900084853172302246e-01
-2.506917715072631836e-01
-1.506065875291824341e-01
-9.947308897972106934e-02
-3.807219117879867554e-02
2.960290201008319855e-02
4.501432552933692932e-02
-2.254038155078887939e-01
-2.353655248880386353e-01
-2.272366434335708618e-01
-2.167170494794845581e-01
-2.018933892250061035e-01
-1.759669780731201172e-01
-1.517991423606872559e-01
-1.392564922571182251e-01
-1.171874254941940308e-01
-9.717330336570739746e-02
-6.930898874998092651e-02
-7.429922372102737427e-02
-7.619161158800125122e-02
-9.814321249723434448e-02
-1.506476253271102905e-01
-1.902137994766235352e-01
-2.474333196878433228e-01
-2.791864275932312012e-01
-3.140129148960113525e-01
-3.151351213455200195e-01
-3.024585843086242676e-01
-3.320447802543640137e-01
-3.167580068111419678e-01
-3.555206656455993652e-01
-3.899421691894531250e-01
-3.690465688705444336e-01
-2.682286798954010010e-01
-1.993717849254608154e-01
-1.338310688734054565e-01
-5.364065244793891907e-02
-2.851926907896995544e-02
-1.856289803981781006e-01
-1.963409930467605591e-01
-1.960223615169525146e-01
-1.789987981319427490e-01
-1.700732409954071045e-01
-1.399979740381240845e-01
-1.260451972484588623e-01
-1.257080435752868652e-01
-1.213650256395339966e-01
-1.177694797515869141e-01
-1.102171689271926880e-01
-1.179521530866622925e-01
-1.399497687816619873e-01
-1.782999634742736816e-01
-2.167043834924697876e-01
-2.295221090316772461e-01
-2.430161386728286743e-01
-2.330717891454696655e-01
-2.405088692903518677e-01
-1.729347705841064453e-01
-1.161670833826065063e-01
-1.488949060440063477e-01
-1.432079076766967773e-01
-2.204326987266540527e-01
-2.048463523387908936e-01
-3.075319528579711914e-01
-2.872213721275329590e-01
-2.594113051891326904e-01
-1.922491937875747681e-01
-1.329522579908370972e-01
-1.145287081599235535e-01
-1.567326635122299194e-01
-1.578136086463928223e-01
-1.639950722455978394e-01
-1.560815870761871338e-01
-1.408583521842956543e-01
-1.234235242009162903e-01
-1.138362586498260498e-01
-1.195499598979949951e-01
-1.249323636293411255e-01
-1.419448703527450562e-01
-1.544883996248245239e-01
-1.829614937305450439e-01
-2.025453448295593262e-01
-2.204033881425857544e-01
-2.341341227293014526e-01
-2.247379273176193237e-01
-2.012150734663009644e-01
-1.297607570886611938e-01
-1.206567734479904175e-01
-4.446475207805633545e-02
-1.801231876015663147e-02
-9.999000000000000000e+03
-9.999000000000000000e+03
-9.999000000000000000e+03
-9.999000000000000000e+03
-9.999000000000000000e+03
-9.999000000000000000e+03
-2.924484312534332275e-01
-2.384050488471984863e-01
-1.709908545017242432e-01
-1.490720808506011963e-01
-1.240183338522911072e-01
-1.184861063957214355e-01
-1.332716047763824463e-01
-1.374055594205856323e-01
-1.366286575794219971e-01
-1.161920130252838135e-01
-1.084004417061805725e-01
-1.168578341603279114e-01
-1.406242549419403076e-01
-1.722989231348037720e-01
-1.886346787214279175e-01
-2.267852872610092163e-01
-2.329222410917282104e-01
-2.299960553646087646e-01
-2.021896690130233765e-01
-1.653172969818115234e-01
-1.296658366918563843e-01
-9.999000000000000000e+03
-9.999000000000000000e+03
-9.999000000000000000e+03
-9.999000000000000000e+03
-9.999000000000000000e+03
-9.999000000000000000e+03
-9.999000000000000000e+03
-9.999000000000000000e+03
-9.999000000000000000e+03
-9.999000000000000000e+03
-1.536912471055984497e-01
-2.066809684038162231e-01
-2.146169245243072510e-01
-1.910180151462554932e-01
-1.367532014846801758e-01
-1.110868826508522034e-01
-1.097589433193206787e-01
-1.137567609548568726e-01
-1.276157349348068237e-01
-1.341846138238906860e-01
-1.337000131607055664e-01
-1.369785219430923462e-01
-1.786075830459594727e-01
-2.016777545213699341e-01
-2.116543054580688477e-01
-2.198520004749298096e-01
-2.110691964626312256e-01
-2.035937756299972534e-01
-1.037054732441902161e-01
-9.801373630762100220e-02
-9.999000000000000000e+03
-9.999000000000000000e+03
-9.999000000000000000e+03
-9.999000000000000000e+03
-9.999000000000000000e+03
-9.999000000000000000e+03
-9.999000000000000000e+03
-9.999000000000000000e+03
-9.999000000000000000e+03
-9.999000000000000000e+03
-9.999000000000000000e+03
-9.999000000000000000e+03
-1.278330683708190918e-01
-2.114280313253402710e-01
-2.235039174556732178e-01
-1.459710001945495605e-01
-1.292962878942489624e-01
-1.054266914725303650e-01
-9.315036237239837646e-02
-1.068883165717124939e-01
-1.305391937494277954e-01
-1.488198637962341309e-01
-1.656236648559570312e-01
-1.850706040859222412e-01
-1.857295781373977661e-01
-1.934936344623565674e-01
-1.948231905698776245e-01
-1.264576464891433716e-01
-1.335747987031936646e-01
-9.999000000000000000e+03
-9.999000000000000000e+03
-9.999000000000000000e+03
-9.999000000000000000e+03
-9.999000000000000000e+03
-9.999000000000000000e+03
-9.999000000000000000e+03
-9.999000000000000000e+03
-9.999000000000000000e+03
-9.999000000000000000e+03
-9.999000000000000000e+03
-9.999000000000000000e+03
-9.999000000000000000e+03
-9.999000000000000000e+03
-9.999000000000000000e+03
-1.872383952140808105e-01
-2.351246774196624756e-01
-9.999000000000000000e+03
-9.511042386293411255e-02
-1.072026714682579041e-01
-9.273777157068252563e-02
-8.665953576564788818e-02
-1.012958809733390808e-01
-1.283109337091445923e-01
-1.617554128170013428e-01
-1.553915292024612427e-01
-1.547398716211318970e-01
-1.535049080848693848e-01
-1.298093348741531372e-01
-9.504222124814987183e-02
-9.999000000000000000e+03
-9.999000000000000000e+03
-9.999000000000000000e+03
-9.999000000000000000e+03
-9.999000000000000000e+03
-9.999000000000000000e+03
-9.999000000000000000e+03
-9.999000000000000000e+03
-9.999000000000000000e+03
-9.999000000000000000e+03
-9.999000000000000000e+03
-9.999000000000000000e+03
-9.999000000000000000e+03
-9.999000000000000000e+03
-9.999000000000000000e+03
-9.999000000000000000e+03
-1.511274427175521851e-01
-2.227236330509185791e-01
-9.999000000000000000e+03
-9.999000000000000000e+03
-1.031497418880462646e-01
-9.092708677053451538e-02
-7.802708446979522705e-02
-8.039210736751556396e-02
-9.774423390626907349e-02
-1.188441738486289978e-01
-1.134541779756546021e-01
-1.152644306421279907e-01
-1.056423559784889221e-01
-4.091963544487953186e-02
-9.999000000000000000e+03
-9.999000000000000000e+03
-9.999000000000000000e+03
-9.999000000000000000e+03
-9.999000000000000000e+03
-9.999000000000000000e+03
-9.999000000000000000e+03
-9.999000000000000000e+03
-9.999000000000000000e+03
-9.999000000000000000e+03
-9.999000000000000000e+03
-9.999000000000000000e+03
-9.999000000000000000e+03
-9.999000000000000000e+03
-9.999000000000000000e+03
-9.999000000000000000e+03
-9.999000000000000000e+03
-8.969645202159881592e-02
-1.675666123628616333e-01
-9.999000000000000000e+03
-9.999000000000000000e+03
-7.112599164247512817e-02
-8.299002051353454590e-02
-7.281468063592910767e-02
-5.843013525009155273e-02
-6.192442402243614197e-02
-5.017922073602676392e-02
-6.495875120162963867e-02
-6.126378104090690613e-02
-5.645190551877021790e-02
-2.845420688390731812e-02
-9.999000000000000000e+03
-9.999000000000000000e+03
-9.999000000000000000e+03
-9.999000000000000000e+03
-9.999000000000000000e+03
-9.999000000000000000e+03
-9.999000000000000000e+03
-9.999000000000000000e+03
-9.999000000000000000e+03
-9.999000000000000000e+03
-9.999000000000000000e+03
-9.999000000000000000e+03
-9.999000000000000000e+03
-9.999000000000000000e+03
-9.999000000000000000e+03
-9.999000000000000000e+03
-9.999000000000000000e+03
-9.999000000000000000e+03
-9.999000000000000000e+03
-9.999000000000000000e+03
-9.999000000000000000e+03
-4.343170672655105591e-02
-5.156143009662628174e-02
-2.956714481115341187e-02
-3.126041218638420105e-02
-5.447142757475376129e-03
5.319458432495594025e-03
-5.350349820218980312e-04
8.981668506748974323e-04
-2.180800773203372955e-02
-2.310463786125183105e-02
-9.999000000000000000e+03
-9.999000000000000000e+03
-9.999000000000000000e+03
-9.999000000000000000e+03
-9.999000000000000000e+03
-9.999000000000000000e+03
-9.999000000000000000e+03
-9.999000000000000000e+03
-9.999000000000000000e+03
-9.999000000000000000e+03
-9.999000000000000000e+03
-9.999000000000000000e+03
-9.999000000000000000e+03
-9.999000000000000000e+03
-9.999000000000000000e+03
-9.999000000000000000e+03
-9.999000000000000000e+03
-9.999000000000000000e+03
-9.999000000000000000e+03
-9.999000000000000000e+03
-9.999000000000000000e+03
-9.999000000000000000e+03
-1.658293232321739197e-02
-5.604530684649944305e-03
1.322791911661624908e-02
9.382156282663345337e-02
5.922901630401611328e-02
3.876730054616928101e-02
4.414832592010498047e-02
1.663420535624027252e-02
-9.999000000000000000e+03
-9.999000000000000000e+03
-9.999000000000000000e+03
-9.999000000000000000e+03
-9.999000000000000000e+03
-9.999000000000000000e+03
-9.999000000000000000e+03
-9.999000000000000000e+03
-9.999000000000000000e+03
-9.999000000000000000e+03
-9.999000000000000000e+03
-9.999000000000000000e+03
-9.999000000000000000e+03
-9.999000000000000000e+03
-9.999000000000000000e+03
-9.999000000000000000e+03
-9.999000000000000000e+03
-9.999000000000000000e+03
-9.999000000000000000e+03
-9.999000000000000000e+03
-9.999000000000000000e+03
-9.999000000000000000e+03
-9.999000000000000000e+03
-6.488110404461622238e-03
-9.556608274579048157e-03
1.455614808946847916e-02
1.907358877360820770e-02
1.925780251622200012e-02
-4.309323150664567947e-03
9.101536124944686890e-02
1.718939840793609619e-01
1.291811019182205200e-01
-9.999000000000000000e+03
-9.999000000000000000e+03
-9.999000000000000000e+03
-9.999000000000000000e+03
-9.999000000000000000e+03
-9.999000000000000000e+03
-9.999000000000000000e+03
-9.999000000000000000e+03
-9.999000000000000000e+03
-9.999000000000000000e+03
-9.999000000000000000e+03
-9.999000000000000000e+03
-9.999000000000000000e+03
-9.999000000000000000e+03
-9.999000000000000000e+03
-9.999000000000000000e+03
-9.999000000000000000e+03
-9.999000000000000000e+03
-9.999000000000000000e+03
-9.999000000000000000e+03
-9.999000000000000000e+03
-9.999000000000000000e+03
-9.999000000000000000e+03
-4.597144573926925659e-02
-3.340476378798484802e-02
-5.656830221414566040e-02
-6.664564460515975952e-02
-2.491630800068378448e-02
1.409053453244268894e-03
1.517696976661682129e-01
1.856694370508193970e-01
-9.999000000000000000e+03
-9.999000000000000000e+03
-9.999000000000000000e+03
-9.999000000000000000e+03
-9.999000000000000000e+03
-9.999000000000000000e+03
-9.999000000000000000e+03
-9.999000000000000000e+03
-9.999000000000000000e+03
-9.999000000000000000e+03
-9.999000000000000000e+03
-9.999000000000000000e+03
-9.999000000000000000e+03
-9.999000000000000000e+03
-9.999000000000000000e+03
-9.999000000000000000e+03
-9.999000000000000000e+03
-9.999000000000000000e+03
-9.999000000000000000e+03
-9.999000000000000000e+03
-9.999000000000000000e+03
-9.999000000000000000e+03
-9.999000000000000000e+03
-8.506555110216140747e-02
-1.169009730219841003e-01
-1.474216133356094360e-01
-1.350578367710113525e-01
-1.160443797707557678e-01
-1.166375204920768738e-01
-5.930611118674278259e-02
4.202463105320930481e-02
4.451413825154304504e-02
-9.999000000000000000e+03
-9.999000000000000000e+03
-9.999000000000000000e+03
-9.999000000000000000e+03
-9.999000000000000000e+03
-9.999000000000000000e+03
-9.999000000000000000e+03
-9.999000000000000000e+03
-9.999000000000000000e+03
-9.999000000000000000e+03
-9.999000000000000000e+03
-9.999000000000000000e+03
-9.999000000000000000e+03
-9.999000000000000000e+03
-9.999000000000000000e+03
-9.999000000000000000e+03
-9.999000000000000000e+03
-9.999000000000000000e+03
-9.999000000000000000e+03
-9.999000000000000000e+03
-9.999000000000000000e+03
-9.999000000000000000e+03
-5.537328124046325684e-02
-1.116919368505477905e-01
-1.305626481771469116e-01
-1.320938318967819214e-01
-1.147909834980964661e-01
-1.064349412918090820e-01
-1.200757399201393127e-01
-1.163896620273590088e-01
-9.844074398279190063e-02
-5.399505421519279480e-02
-5.217180028557777405e-02
-7.146677374839782715e-02
-5.878962576389312744e-02
-9.999000000000000000e+03
-9.999000000000000000e+03
-9.999000000000000000e+03
-9.999000000000000000e+03
-9.999000000000000000e+03
-9.999000000000000000e+03
-9.999000000000000000e+03
-9.999000000000000000e+03
-9.999000000000000000e+03
-9.999000000000000000e+03
-9.999000000000000000e+03
-9.999000000000000000e+03
-9.999000000000000000e+03
-9.999000000000000000e+03
-9.999000000000000000e+03
-9.999000000000000000e+03
-9.999000000000000000e+03
-3.085704147815704346e-02
-3.314188122749328613e-02
-4.318935424089431763e-02
-6.665961444377899170e-02
-1.068998351693153381e-01
-1.201691851019859314e-01
-1.110027730464935303e-01
-1.099400520324707031e-01
-1.247982755303382874e-01
-1.042499467730522156e-01
-8.510139584541320801e-02
-6.369079649448394775e-02
-6.560623645782470703e-02
-6.990528851747512817e-02
-9.999000000000000000e+03
-9.999000000000000000e+03
-9.999000000000000000e+03
-9.999000000000000000e+03
-9.999000000000000000e+03
-9.999000000000000000e+03
-9.999000000000000000e+03
-9.999000000000000000e+03
-9.999000000000000000e+03
-9.999000000000000000e+03
-9.999000000000000000e+03
-9.999000000000000000e+03
-9.999000000000000000e+03
-9.999000000000000000e+03
-9.999000000000000000e+03
1.214991230517625809e-02
-8.698959834873676300e-03
-3.737031668424606323e-02
-4.441300407052040100e-02
-4.871565103530883789e-02
-5.737971886992454529e-02
-6.505416333675384521e-02
-8.442492038011550903e-02
-8.898854255676269531e-02
-8.573378622531890869e-02
-7.149649411439895630e-02
-4.880604147911071777e-02
-4.002828896045684814e-02
-3.524383157491683960e-02
-9.999000000000000000e+03
-9.999000000000000000e+03
-9.999000000000000000e+03
-9.999000000000000000e+03
-9.999000000000000000e+03
-9.999000000000000000e+03
-9.999000000000000000e+03
-9.999000000000000000e+03
-9.999000000000000000e+03
-9.999000000000000000e+03
-9.999000000000000000e+03
-9.999000000000000000e+03
-9.999000000000000000e+03
-9.999000000000000000e+03
-9.999000000000000000e+03
-9.999000000000000000e+03
1.585211977362632751e-02
2.315630763769149780e-02
-9.387705940753221512e-04
-3.387401998043060303e-02
-7.090360671281814575e-02
-7.630012929439544678e-02
-7.303452491760253906e-02
-4.984942078590393066e-02
-4.622899740934371948e-02
-5.580633133649826050e-02
-8.464047312736511230e-02
-9.983242303133010864e-02
-1.081055998802185059e-01
-7.421619445085525513e-02
-9.999000000000000000e+03
-9.999000000000000000e+03
-9.999000000000000000e+03
-9.999000000000000000e+03
-9.999000000000000000e+03
-9.999000000000000000e+03
-9.999000000000000000e+03
-9.999000000000000000e+03
-9.999000000000000000e+03
-9.999000000000000000e+03
-9.999000000000000000e+03
-9.999000000000000000e+03
-9.999000000000000000e+03
-9.999000000000000000e+03
-9.999000000000000000e+03
-9.999000000000000000e+03
-9.999000000000000000e+03
-8.962999098002910614e-03
-3.886538371443748474e-02
-7.411932945251464844e-02
-9.136619418859481812e-02
-1.026832610368728638e-01
-9.026248753070831299e-02
-6.974745541810989380e-02
-4.670196026563644409e-02
-2.907844632863998413e-02
-1.637972146272659302e-02
-5.407101288437843323e-02
-1.069358363747596741e-01
-1.056327372789382935e-01
-9.947729855775833130e-02
-9.999000000000000000e+03
-9.999000000000000000e+03
-9.999000000000000000e+03
-9.999000000000000000e+03
-9.999000000000000000e+03
-9.999000000000000000e+03
-9.999000000000000000e+03
-9.999000000000000000e+03
-9.999000000000000000e+03
-9.999000000000000000e+03
-9.999000000000000000e+03
-9.999000000000000000e+03
-9.999000000000000000e+03
-9.999000000000000000e+03
-9.999000000000000000e+03
-9.999000000000000000e+03
-9.999000000000000000e+03
-6.772154569625854492e-02
-1.054889783263206482e-01
-1.227988675236701965e-01
-1.164307519793510437e-01
-9.856934100389480591e-02
-6.365164369344711304e-02
-3.732984140515327454e-02
-1.882129348814487457e-02
-1.489830296486616135e-02
-2.043008431792259216e-02
-4.346357658505439758e-02
-8.314031362533569336e-02
-4.890217259526252747e-02
-9.999000000000000000e+03
-9.999000000000000000e+03
-9.999000000000000000e+03
-9.999000000000000000e+03
-9.999000000000000000e+03
-9.999000000000000000e+03
-9.999000000000000000e+03
-9.999000000000000000e+03
-9.999000000000000000e+03
-9.999000000000000000e+03
-9.999000000000000000e+03
-9.999000000000000000e+03
-9.999000000000000000e+03
-9.999000000000000000e+03
-9.999000000000000000e+03
-9.999000000000000000e+03
-9.999000000000000000e+03
-9.999000000000000000e+03
-7.636047899723052979e-02
-9.900924563407897949e-02
-8.883332461118698120e-02
-6.753377616405487061e-02
-2.407974749803543091e-02
-4.888290073722600937e-03
7.814264856278896332e-03
2.620320394635200500e-02
1.483778748661279678e-02
2.326770685613155365e-02
-8.262467570602893829e-03
-4.325484856963157654e-02
-9.999000000000000000e+03
-9.999000000000000000e+03
-9.999000000000000000e+03
-9.999000000000000000e+03
-9.999000000000000000e+03
-9.999000000000000000e+03
-9.999000000000000000e+03
-9.999000000000000000e+03
-9.999000000000000000e+03
-9.999000000000000000e+03
-9.999000000000000000e+03
-9.999000000000000000e+03
-9.999000000000000000e+03
-9.999000000000000000e+03
-9.999000000000000000e+03
-9.999000000000000000e+03
-9.999000000000000000e+03
-9.999000000000000000e+03
-9.999000000000000000e+03
-7.798797637224197388e-02
-7.101790606975555420e-02
-4.445528984069824219e-02
-4.526978358626365662e-03
7.860479503870010376e-02
7.439941167831420898e-02
5.795046687126159668e-02
3.642784804105758667e-02
2.857381477952003479e-02
1.653647609055042267e-02
-9.999000000000000000e+03
-9.999000000000000000e+03
-9.999000000000000000e+03
-9.999000000000000000e+03
-9.999000000000000000e+03
-9.999000000000000000e+03
-9.999000000000000000e+03
-9.999000000000000000e+03
-9.999000000000000000e+03
-9.999000000000000000e+03
-9.999000000000000000e+03
-9.999000000000000000e+03
-9.999000000000000000e+03
-9.999000000000000000e+03
-9.999000000000000000e+03
-9.999000000000000000e+03
-9.999000000000000000e+03
-9.999000000000000000e+03
-9.999000000000000000e+03
-9.999000000000000000e+03
-9.999000000000000000e+03
-4.835040494799613953e-02
5.058059468865394592e-04
5.138601735234260559e-02
8.721090108156204224e-02
1.105059385299682617e-01
8.930391818284988403e-02
-9.999000000000000000e+03
-9.999000000000000000e+03
-9.999000000000000000e+03
-9.999000000000000000e+03
-9.999000000000000000e+03
-9.999000000000000000e+03
-9.999000000000000000e+03
-9.999000000000000000e+03
-9.999000000000000000e+03
-9.999000000000000000e+03
-9.999000000000000000e+03
-9.999000000000000000e+03
-9.999000000000000000e+03
-9.999000000000000000e+03
-9.999000000000000000e+03
-9.999000000000000000e+03
-9.999000000000000000e+03
-9.999000000000000000e+03
-9.999000000000000000e+03
-9.999000000000000000e+03
-9.999000000000000000e+03
-9.999000000000000000e+03
-9.999000000000000000e+03
-9.999000000000000000e+03
-9.999000000000000000e+03
-9.018489159643650055e-03
9.165599942207336426e-03
7.318954169750213623e-02
-9.999000000000000000e+03
-9.999000000000000000e+03
-9.999000000000000000e+03
-9.999000000000000000e+03
-9.999000000000000000e+03
-9.999000000000000000e+03
-9.999000000000000000e+03
-9.999000000000000000e+03
-9.999000000000000000e+03
-9.999000000000000000e+03
-9.999000000000000000e+03
-9.999000000000000000e+03
-9.999000000000000000e+03
-9.999000000000000000e+03
-9.999000000000000000e+03
-9.999000000000000000e+03
-9.999000000000000000e+03
-9.999000000000000000e+03
-9.999000000000000000e+03
-9.999000000000000000e+03
-9.999000000000000000e+03
-9.999000000000000000e+03
-9.999000000000000000e+03
-9.999000000000000000e+03
-9.999000000000000000e+03
-9.999000000000000000e+03
-9.999000000000000000e+03
-9.999000000000000000e+03
