-1.554713696241378784e-01
-1.131278052926063538e-01
-6.063720583915710449e-02
1.541897282004356384e-02
8.371423929929733276e-02
1.395925730466842651e-01
1.838956475257873535e-01
2.118852138519287109e-01
2.374152988195419312e-01
2.428656220436096191e-01
2.148970067501068115e-01
-9.999000000000000000e+03
-9.999000000000000000e+03
-9.999000000000000000e+03
-9.999000000000000000e+03
-9.999000000000000000e+03
-9.999000000000000000e+03
-9.999000000000000000e+03
-9.999000000000000000e+03
-9.999000000000000000e+03
-9.999000000000000000e+03
-9.999000000000000000e+03
-9.999000000000000000e+03
-3.462878987193107605e-03
-3.478220477700233459e-02
-9.242258965969085693e-03
1.959903165698051453e-02
1.340940594673156738e-02
3.110148385167121887e-02
4.335016012191772461e-02
4.863650724291801453e-02
-1.377948671579360962e-01
-1.000122204422950745e-01
-4.843425005674362183e-02
1.660120300948619843e-02
9.233208000659942627e-02
1.558983176946640015e-01
1.965449750423431396e-01
2.238418608903884888e-01
2.359569966793060303e-01
2.406160086393356323e-01
2.226915359497070312e-01
1.125881224870681763e-01
-9.999000000000000000e+03
-9.999000000000000000e+03
-9.999000000000000000e+03
-9.999000000000000000e+03
-9.999000000000000000e+03
-9.999000000000000000e+03
-9.999000000000000000e+03
-9.999000000000000000e+03
-9.999000000000000000e+03
-1.882608048617839813e-02
-3.699326515197753906e-02
-4.068978130817413330e-02
-5.682683363556861877e-02
-3.787364438176155090e-02
-3.041631914675235748e-02
-3.808970749378204346e-02
-1.466604508459568024e-02
5.598047282546758652e-03
1.297135837376117706e-02
-1.386461704969406128e-01
-7.816281169652938843e-02
-1.730931550264358521e-02
4.629262536764144897e-02
1.052076146006584167e-01
1.542413830757141113e-01
1.926055401563644409e-01
2.208615094423294067e-01
2.259581983089447021e-01
2.232312560081481934e-01
1.838039159774780273e-01
1.080428957939147949e-01
-9.999000000000000000e+03
-9.999000000000000000e+03
-9.999000000000000000e+03
-9.999000000000000000e+03
-9.999000000000000000e+03
-9.999000000000000000e+03
-9.999000000000000000e+03
-2.232307940721511841e-02
-1.834190264344215393e-02
-2.643928676843643188e-02
-4.281675815582275391e-02
-5.471217632293701172e-02
-4.989567026495933533e-02
-3.592059388756752014e-02
-4.139722138643264771e-02
-4.522243887186050415e-02
-3.298839554190635681e-02
-2.116664685308933258e-02
-1.455302629619836807e-02
-1.177349612116813660e-01
-6.424151360988616943e-02
-1.808505691587924957e-02
4.257322475314140320e-02
1.130502149462699890e-01
1.639166921377182007e-01
1.868783235549926758e-01
2.068901956081390381e-01
2.157530933618545532e-01
2.173266112804412842e-01
1.934600919485092163e-01
1.129420846700668335e-01
4.399007186293601990e-02
-9.999000000000000000e+03
-9.999000000000000000e+03
-9.999000000000000000e+03
-2.067211642861366272e-02
-3.837555274367332458e-02
-3.927758336067199707e-02
-2.682534232735633850e-02
-1.185843627899885178e-02
-8.545917458832263947e-03
-5.731869954615831375e-03
-2.608445286750793457e-02
-2.998683229088783264e-02
-1.747369766235351562e-02
-3.488378599286079407e-02
-5.186279490590095520e-02
-6.036969274282455444e-02
-5.025543272495269775e-02
-4.371578991413116455e-02
-1.085738390684127808e-01
-4.158017784357070923e-02
1.538827177137136459e-02
6.515100598335266113e-02
1.151920109987258911e-01
1.535488367080688477e-01
1.737606823444366455e-01
1.942622065544128418e-01
2.169437259435653687e-01
2.068869024515151978e-01
1.645800024271011353e-01
9.329796582460403442e-02
3.171017020940780640e-02
5.153487436473369598e-03
-2.235336415469646454e-02
-3.802478685975074768e-02
-4.722397401928901672e-02
-4.389195516705513000e-02
-3.432649746537208557e-02
-1.254270039498806000e-02
8.084429427981376648e-03
3.099913708865642548e-02
4.295635595917701721e-02
1.877769827842712402e-02
-3.034484398085623980e-04
-2.647267840802669525e-02
-5.246859043836593628e-02
-7.002129405736923218e-02
-8.865036070346832275e-02
-8.441038429737091064e-02
-7.851793617010116577e-02
-8.207862824201583862e-02
-3.751860931515693665e-02
2.225828915834426880e-02
7.886770367622375488e-02
1.278936117887496948e-01
1.564670950174331665e-01
1.706956028938293457e-01
1.891936808824539185e-01
1.997752338647842407e-01
1.854916810989379883e-01
1.245504319667816162e-01
4.154172539710998535e-02
3.296731971204280853e-03
-2.743479423224925995e-02
-4.449851065874099731e-02
-4.818471148610115051e-02
-4.299147427082061768e-02
-2.291528135538101196e-02
-1.077505294233560562e-02
1.348743680864572525e-02
3.392532467842102051e-02
4.869795218110084534e-02
5.174952372908592224e-02
3.238210454583168030e-02
-4.761029034852981567e-03
-4.625649750232696533e-02
-7.541100680828094482e-02
-1.000877693295478821e-01
-1.169590055942535400e-01
-1.163979321718215942e-01
-1.122206300497055054e-01
-3.454595059156417847e-02
-1.334264781326055527e-02
3.837537020444869995e-02
8.854917436838150024e-02
1.285566240549087524e-01
1.570137441158294678e-01
1.743161082267761230e-01
1.915759146213531494e-01
1.670309305191040039e-01
1.204873844981193542e-01
6.609834730625152588e-02
9.957876056432723999e-03
-1.854540221393108368e-02
-4.228011518716812134e-02
-2.548095583915710449e-02
-1.756501197814941406e-02
-2.942692954093217850e-03
5.450136959552764893e-03
6.392338778823614120e-03
2.393257431685924530e-02
4.140126705169677734e-02
5.157078057527542114e-02
3.731797635555267334e-02
1.330786757171154022e-02
-2.678111940622329712e-02
-6.151242926716804504e-02
-8.948018401861190796e-02
-1.166487038135528564e-01
-1.421643942594528198e-01
-1.423760205507278442e-01
-1.333436518907546997e-01
-1.174808107316493988e-02
4.759925883263349533e-03
4.913604632019996643e-02
8.775150775909423828e-02
1.218747422099113464e-01
1.486106961965560913e-01
1.668346673250198364e-01
1.784834861755371094e-01
1.381622105836868286e-01
7.658350467681884766e-02
8.651934564113616943e-03
-2.398858033120632172e-02
-1.920862868428230286e-02
-7.233409211039543152e-03
1.410929020494222641e-02
2.259123325347900391e-02
2.861633338034152985e-02
3.230001404881477356e-02
3.064270690083503723e-02
3.292548283934593201e-02
3.292675688862800598e-02
3.587053716182708740e-02
1.543791871517896652e-02
-1.344271190464496613e-02
-5.536726117134094238e-02
-7.777561247348785400e-02
-1.081013530492782593e-01
-1.360260993242263794e-01
-1.579147577285766602e-01
-1.622527241706848145e-01
-1.467363834381103516e-01
7.745940703898668289e-03
2.517915703356266022e-02
4.821904376149177551e-02
6.102826446294784546e-02
8.842209726572036743e-02
1.139453798532485962e-01
1.307720690965652466e-01
1.247113794088363647e-01
1.002781838178634644e-01
5.863681063055992126e-02
1.392555981874465942e-02
-9.466769173741340637e-03
1.316448953002691269e-02
3.313738480210304260e-02
5.602364242076873779e-02
5.696118250489234924e-02
5.907779932022094727e-02
5.276750400662422180e-02
3.827217966318130493e-02
2.331175468862056732e-02
6.567728240042924881e-03
-1.084172632545232773e-03
-6.131500471383333206e-03
-1.643958874046802521e-02
-3.056360967457294464e-02
-7.439808547496795654e-02
-1.155373007059097290e-01
-1.606740802526473999e-01
-1.749138683080673218e-01
-1.685233712196350098e-01
-1.451096534729003906e-01
-2.731877192854881287e-02
7.331370841711759567e-03
3.542543947696685791e-02
4.515722393989562988e-02
6.505095958709716797e-02
9.211191534996032715e-02
1.058422923088073730e-01
9.987986832857131958e-02
9.547331929206848145e-02
5.705396085977554321e-02
3.181124106049537659e-02
4.976361989974975586e-02
5.984374880790710449e-02
6.442501395940780640e-02
7.526049017906188965e-02
8.107630908489227295e-02
8.725822716951370239e-02
4.277240857481956482e-02
1.885492540895938873e-02
-6.872646510601043701e-03
-7.391765248030424118e-03
-9.999000000000000000e+03
-9.999000000000000000e+03
-9.999000000000000000e+03
-9.999000000000000000e+03
-9.999000000000000000e+03
-9.999000000000000000e+03
-1.235937550663948059e-01
-1.685019135475158691e-01
-1.721982955932617188e-01
-1.424174606800079346e-01
-1.549541857093572617e-02
-6.029848591424524784e-04
2.069012448191642761e-02
4.646112769842147827e-02
7.067614048719406128e-02
9.123852103948593140e-02
1.158956065773963928e-01
1.028495058417320251e-01
8.580695092678070068e-02
7.876572012901306152e-02
7.275637239217758179e-02
1.092213392257690430e-01
9.592899680137634277e-02
8.563449233770370483e-02
8.944673091173171997e-02
8.928428590297698975e-02
1.102198287844657898e-01
-9.999000000000000000e+03
-9.999000000000000000e+03
-9.999000000000000000e+03
-9.999000000000000000e+03
-9.999000000000000000e+03
-9.999000000000000000e+03
-9.999000000000000000e+03
-9.999000000000000000e+03
-9.999000000000000000e+03
-9.999000000000000000e+03
-9.955135732889175415e-02
-1.295787692070007324e-01
-1.427736282348632812e-01
-1.186698153614997864e-01
-7.709243800491094589e-05
-5.212435498833656311e-03
2.605828456580638885e-02
5.787101760506629944e-02
7.505003362894058228e-02
8.991906046867370605e-02
1.187242344021797180e-01
1.109385192394256592e-01
9.905103594064712524e-02
1.363759934902191162e-01
1.372484415769577026e-01
1.326616108417510986e-01
1.161363497376441956e-01
9.391891211271286011e-02
5.635834485292434692e-02
6.137095019221305847e-02
-9.999000000000000000e+03
-9.999000000000000000e+03
-9.999000000000000000e+03
-9.999000000000000000e+03
-9.999000000000000000e+03
-9.999000000000000000e+03
-9.999000000000000000e+03
-9.999000000000000000e+03
-9.999000000000000000e+03
-9.999000000000000000e+03
-9.999000000000000000e+03
-9.999000000000000000e+03
-6.493385136127471924e-02
-8.665308356285095215e-02
-6.010835245251655579e-02
-3.964877873659133911e-02
-3.857594728469848633e-02
-3.626300487667322159e-03
2.894192934036254883e-02
6.174507737159729004e-02
9.797556698322296143e-02
1.118025705218315125e-01
1.260244101285934448e-01
1.447629928588867188e-01
1.682270616292953491e-01
1.642565876245498657e-01
1.274465173482894897e-01
1.007337421178817749e-01
1.048279628157615662e-01
-9.999000000000000000e+03
-9.999000000000000000e+03
-9.999000000000000000e+03
-9.999000000000000000e+03
-9.999000000000000000e+03
-9.999000000000000000e+03
-9.999000000000000000e+03
-9.999000000000000000e+03
-9.999000000000000000e+03
-9.999000000000000000e+03
-9.999000000000000000e+03
-9.999000000000000000e+03
-9.999000000000000000e+03
-9.999000000000000000e+03
-9.999000000000000000e+03
-3.656160458922386169e-02
-2.039334550499916077e-02
-9.999000000000000000e+03
-5.859122425317764282e-02
-4.201216250658035278e-02
-5.877121584489941597e-04
5.060635134577751160e-02
8.689463138580322266e-02
1.111480370163917542e-01
1.459180265665054321e-01
1.721108406782150269e-01
1.610940545797348022e-01
1.413902640342712402e-01
1.111489161849021912e-01
8.179075270891189575e-02
-9.999000000000000000e+03
-9.999000000000000000e+03
-9.999000000000000000e+03
-9.999000000000000000e+03
-9.999000000000000000e+03
-9.999000000000000000e+03
-9.999000000000000000e+03
-9.999000000000000000e+03
-9.999000000000000000e+03
-9.999000000000000000e+03
-9.999000000000000000e+03
-9.999000000000000000e+03
-9.999000000000000000e+03
-9.999000000000000000e+03
-9.999000000000000000e+03
-9.999000000000000000e+03
1.598450727760791779e-02
2.666475623846054077e-02
-9.999000000000000000e+03
-9.999000000000000000e+03
-7.068384438753128052e-02
-4.172585904598236084e-03
6.358219683170318604e-02
1.120614409446716309e-01
1.428034901618957520e-01
1.487772911787033081e-01
1.491750478744506836e-01
1.309126615524291992e-01
1.110019460320472717e-01
6.867848336696624756e-02
-9.999000000000000000e+03
-9.999000000000000000e+03
-9.999000000000000000e+03
-9.999000000000000000e+03
-9.999000000000000000e+03
-9.999000000000000000e+03
-9.999000000000000000e+03
-9.999000000000000000e+03
-9.999000000000000000e+03
-9.999000000000000000e+03
-9.999000000000000000e+03
-9.999000000000000000e+03
-9.999000000000000000e+03
-9.999000000000000000e+03
-9.999000000000000000e+03
-9.999000000000000000e+03
-9.999000000000000000e+03
2.711537480354309082e-02
4.587074369192123413e-02
-9.999000000000000000e+03
-9.999000000000000000e+03
-4.347611218690872192e-02
-6.408495828509330750e-03
6.179871410131454468e-02
1.337052583694458008e-01
1.878326237201690674e-01
1.627425849437713623e-01
1.316843479871749878e-01
1.149198710918426514e-01
1.031937152147293091e-01
1.045956388115882874e-01
-9.999000000000000000e+03
-9.999000000000000000e+03
-9.999000000000000000e+03
-9.999000000000000000e+03
-9.999000000000000000e+03
-9.999000000000000000e+03
-9.999000000000000000e+03
-9.999000000000000000e+03
-9.999000000000000000e+03
-9.999000000000000000e+03
-9.999000000000000000e+03
-9.999000000000000000e+03
-9.999000000000000000e+03
-9.999000000000000000e+03
-9.999000000000000000e+03
-9.999000000000000000e+03
-9.999000000000000000e+03
-9.999000000000000000e+03
-9.999000000000000000e+03
-9.999000000000000000e+03
-9.999000000000000000e+03
-2.758619002997875214e-02
-5.101687274873256683e-03
6.705681979656219482e-02
1.411733925342559814e-01
1.876854896545410156e-01
1.865893751382827759e-01
1.567707806825637817e-01
1.112855076789855957e-01
6.586599349975585938e-02
5.453921854496002197e-02
-9.999000000000000000e+03
-9.999000000000000000e+03
-9.999000000000000000e+03
-9.999000000000000000e+03
-9.999000000000000000e+03
-9.999000000000000000e+03
-9.999000000000000000e+03
-9.999000000000000000e+03
-9.999000000000000000e+03
-9.999000000000000000e+03
-9.999000000000000000e+03
-9.999000000000000000e+03
-9.999000000000000000e+03
-9.999000000000000000e+03
-9.999000000000000000e+03
-9.999000000000000000e+03
-9.999000000000000000e+03
-9.999000000000000000e+03
-9.999000000000000000e+03
-9.999000000000000000e+03
-9.999000000000000000e+03
-9.999000000000000000e+03
-1.256256923079490662e-02
3.753242269158363342e-02
1.169988140463829041e-01
1.747005730867385864e-01
1.868245750665664673e-01
1.810193061828613281e-01
1.453558355569839478e-01
6.606474518775939941e-02
-9.999000000000000000e+03
-9.999000000000000000e+03
-9.999000000000000000e+03
-9.999000000000000000e+03
-9.999000000000000000e+03
-9.999000000000000000e+03
-9.999000000000000000e+03
-9.999000000000000000e+03
-9.999000000000000000e+03
-9.999000000000000000e+03
-9.999000000000000000e+03
-9.999000000000000000e+03
-9.999000000000000000e+03
-9.999000000000000000e+03
-9.999000000000000000e+03
-9.999000000000000000e+03
-9.999000000000000000e+03
-9.999000000000000000e+03
-9.999000000000000000e+03
-9.999000000000000000e+03
-9.999000000000000000e+03
-9.999000000000000000e+03
-9.999000000000000000e+03
3.271907044108957052e-04
2.677219547331333160e-02
7.112238556146621704e-02
1.080281734466552734e-01
1.497390717267990112e-01
1.928597241640090942e-01
1.630653291940689087e-01
9.984581172466278076e-02
5.744180455803871155e-02
-9.999000000000000000e+03
-9.999000000000000000e+03
-9.999000000000000000e+03
-9.999000000000000000e+03
-9.999000000000000000e+03
-9.999000000000000000e+03
-9.999000000000000000e+03
-9.999000000000000000e+03
-9.999000000000000000e+03
-9.999000000000000000e+03
-9.999000000000000000e+03
-9.999000000000000000e+03
-9.999000000000000000e+03
-9.999000000000000000e+03
-9.999000000000000000e+03
-9.999000000000000000e+03
-9.999000000000000000e+03
-9.999000000000000000e+03
-9.999000000000000000e+03
-9.999000000000000000e+03
-9.999000000000000000e+03
-9.999000000000000000e+03
-9.999000000000000000e+03
1.747658289968967438e-02
4.505310207605361938e-02
6.325069814920425415e-02
1.178509071469306946e-01
1.543412059545516968e-01
1.129911467432975769e-01
9.241179376840591431e-02
9.094647318124771118e-02
-9.999000000000000000e+03
-9.999000000000000000e+03
-9.999000000000000000e+03
-9.999000000000000000e+03
-9.999000000000000000e+03
-9.999000000000000000e+03
-9.999000000000000000e+03
-9.999000000000000000e+03
-9.999000000000000000e+03
-9.999000000000000000e+03
-9.999000000000000000e+03
-9.999000000000000000e+03
-9.999000000000000000e+03
-9.999000000000000000e+03
-9.999000000000000000e+03
-9.999000000000000000e+03
-9.999000000000000000e+03
-9.999000000000000000e+03
-9.999000000000000000e+03
-9.999000000000000000e+03
-9.999000000000000000e+03
-9.999000000000000000e+03
-9.999000000000000000e+03
1.385856606066226959e-02
1.558499690145254135e-02
2.703784406185150146e-02
7.002110034227371216e-02
6.266825646162033081e-02
1.317425817251205444e-02
3.493407741189002991e-03
4.712610691785812378e-02
9.675714373588562012e-02
-9.999000000000000000e+03
-9.999000000000000000e+03
-9.999000000000000000e+03
-9.999000000000000000e+03
-9.999000000000000000e+03
-9.999000000000000000e+03
-9.999000000000000000e+03
-9.999000000000000000e+03
-9.999000000000000000e+03
-9.999000000000000000e+03
-9.999000000000000000e+03
-9.999000000000000000e+03
-9.999000000000000000e+03
-9.999000000000000000e+03
-9.999000000000000000e+03
-9.999000000000000000e+03
-9.999000000000000000e+03
-9.999000000000000000e+03
-9.999000000000000000e+03
-9.999000000000000000e+03
-9.999000000000000000e+03
-9.999000000000000000e+03
6.338406354188919067e-02
4.085329920053482056e-02
4.164678603410720825e-02
4.524060338735580444e-02
2.353484742343425751e-02
-3.912853449583053589e-02
-3.118418902158737183e-02
1.666222698986530304e-02
7.123021036386489868e-02
6.127620115876197815e-02
1.890047453343868256e-02
-1.108515821397304535e-02
-5.839313846081495285e-03
-9.999000000000000000e+03
-9.999000000000000000e+03
-9.999000000000000000e+03
-9.999000000000000000e+03
-9.999000000000000000e+03
-9.999000000000000000e+03
-9.999000000000000000e+03
-9.999000000000000000e+03
-9.999000000000000000e+03
-9.999000000000000000e+03
-9.999000000000000000e+03
-9.999000000000000000e+03
-9.999000000000000000e+03
-9.999000000000000000e+03
-9.999000000000000000e+03
-9.999000000000000000e+03
-9.999000000000000000e+03
8.319135755300521851e-02
9.271673858165740967e-02
7.324533164501190186e-02
1.538548711687326431e-02
2.759539149701595306e-02
6.696461350657045841e-04
3.105098949163220823e-05
8.408952504396438599e-03
1.780984364449977875e-02
1.804376952350139618e-02
4.824824631214141846e-03
-9.349731728434562683e-03
-1.567141152918338776e-02
-5.563108716160058975e-04
-9.999000000000000000e+03
-9.999000000000000000e+03
-9.999000000000000000e+03
-9.999000000000000000e+03
-9.999000000000000000e+03
-9.999000000000000000e+03
-9.999000000000000000e+03
-9.999000000000000000e+03
-9.999000000000000000e+03
-9.999000000000000000e+03
-9.999000000000000000e+03
-9.999000000000000000e+03
-9.999000000000000000e+03
-9.999000000000000000e+03
-9.999000000000000000e+03
6.587295327335596085e-03
2.047568187117576599e-02
7.656600326299667358e-02
7.670884579420089722e-02
6.099933013319969177e-02
3.166817501187324524e-02
2.167095616459846497e-02
2.000997029244899750e-02
3.046587854623794556e-02
1.760317385196685791e-02
-1.459981664083898067e-03
1.268004649318754673e-03
3.224645555019378662e-02
4.649254307150840759e-02
-9.999000000000000000e+03
-9.999000000000000000e+03
-9.999000000000000000e+03
-9.999000000000000000e+03
-9.999000000000000000e+03
-9.999000000000000000e+03
-9.999000000000000000e+03
-9.999000000000000000e+03
-9.999000000000000000e+03
-9.999000000000000000e+03
-9.999000000000000000e+03
-9.999000000000000000e+03
-9.999000000000000000e+03
-9.999000000000000000e+03
-9.999000000000000000e+03
-9.999000000000000000e+03
4.408339154906570911e-04
1.244377903640270233e-02
5.862321332097053528e-02
8.329481631517410278e-02
6.775309890508651733e-02
4.496328532695770264e-02
4.023963585495948792e-03
4.694469273090362549e-03
2.709317393600940704e-02
3.073769249022006989e-02
1.231957785785198212e-02
-1.212393678724765778e-02
-1.260521169751882553e-02
6.543150544166564941e-02
-9.999000000000000000e+03
-9.999000000000000000e+03
-9.999000000000000000e+03
-9.999000000000000000e+03
-9.999000000000000000e+03
-9.999000000000000000e+03
-9.999000000000000000e+03
-9.999000000000000000e+03
-9.999000000000000000e+03
-9.999000000000000000e+03
-9.999000000000000000e+03
-9.999000000000000000e+03
-9.999000000000000000e+03
-9.999000000000000000e+03
-9.999000000000000000e+03
-9.999000000000000000e+03
-9.999000000000000000e+03
2.001727744936943054e-02
4.444696009159088135e-02
1.085587963461875916e-01
9.276203066110610962e-02
4.756062477827072144e-02
1.867981255054473877e-02
-9.053814224898815155e-03
-1.153929159045219421e-02
1.699635013937950134e-02
2.848443575203418732e-02
2.492163889110088348e-02
-6.996673066169023514e-03
-8.188335224986076355e-03
3.852923959493637085e-02
-9.999000000000000000e+03
-9.999000000000000000e+03
-9.999000000000000000e+03
-9.999000000000000000e+03
-9.999000000000000000e+03
-9.999000000000000000e+03
-9.999000000000000000e+03
-9.999000000000000000e+03
-9.999000000000000000e+03
-9.999000000000000000e+03
-9.999000000000000000e+03
-9.999000000000000000e+03
-9.999000000000000000e+03
-9.999000000000000000e+03
-9.999000000000000000e+03
-9.999000000000000000e+03
-9.999000000000000000e+03
5.133678019046783447e-02
1.053286939859390259e-01
1.221978291869163513e-01
9.145393967628479004e-02
3.665871918201446533e-02
1.216519251465797424e-02
-4.208415746688842773e-03
-1.531202346086502075e-02
-1.133004855364561081e-02
3.627867670729756355e-03
9.963952004909515381e-03
-3.212294727563858032e-02
-6.292223185300827026e-02
-9.999000000000000000e+03
-9.999000000000000000e+03
-9.999000000000000000e+03
-9.999000000000000000e+03
-9.999000000000000000e+03
-9.999000000000000000e+03
-9.999000000000000000e+03
-9.999000000000000000e+03
-9.999000000000000000e+03
-9.999000000000000000e+03
-9.999000000000000000e+03
-9.999000000000000000e+03
-9.999000000000000000e+03
-9.999000000000000000e+03
-9.999000000000000000e+03
-9.999000000000000000e+03
-9.999000000000000000e+03
-9.999000000000000000e+03
9.280860424041748047e-02
1.429938375949859619e-01
1.172701492905616760e-01
6.775183975696563721e-02
2.684174105525016785e-02
7.894551381468772888e-03
9.054405381903052330e-04
-2.229030430316925049e-02
-2.972802892327308655e-02
-1.082173362374305725e-02
-1.040299888700246811e-02
-3.789984434843063354e-02
-9.999000000000000000e+03
-9.999000000000000000e+03
-9.999000000000000000e+03
-9.999000000000000000e+03
-9.999000000000000000e+03
-9.999000000000000000e+03
-9.999000000000000000e+03
-9.999000000000000000e+03
-9.999000000000000000e+03
-9.999000000000000000e+03
-9.999000000000000000e+03
-9.999000000000000000e+03
-9.999000000000000000e+03
-9.999000000000000000e+03
-9.999000000000000000e+03
-9.999000000000000000e+03
-9.999000000000000000e+03
-9.999000000000000000e+03
-9.999000000000000000e+03
1.090233772993087769e-01
1.276109665632247925e-01
1.034505814313888550e-01
5.248362571001052856e-02
-1.358561404049396515e-02
-2.284662984311580658e-02
-2.385737001895904541e-02
-1.992076821625232697e-02
-2.003637328743934631e-02
-1.667774864472448826e-03
-9.999000000000000000e+03
-9.999000000000000000e+03
-9.999000000000000000e+03
-9.999000000000000000e+03
-9.999000000000000000e+03
-9.999000000000000000e+03
-9.999000000000000000e+03
-9.999000000000000000e+03
-9.999000000000000000e+03
-9.999000000000000000e+03
-9.999000000000000000e+03
-9.999000000000000000e+03
-9.999000000000000000e+03
-9.999000000000000000e+03
-9.999000000000000000e+03
-9.999000000000000000e+03
-9.999000000000000000e+03
-9.999000000000000000e+03
-9.999000000000000000e+03
-9.999000000000000000e+03
-9.999000000000000000e+03
8.429019898176193237e-02
7.763616740703582764e-02
5.790606886148452759e-02
1.799423061311244965e-02
-1.573704183101654053e-02
-2.646149136126041412e-02
-9.999000000000000000e+03
-9.999000000000000000e+03
-9.999000000000000000e+03
-9.999000000000000000e+03
-9.999000000000000000e+03
-9.999000000000000000e+03
-9.999000000000000000e+03
-9.999000000000000000e+03
-9.999000000000000000e+03
-9.999000000000000000e+03
-9.999000000000000000e+03
-9.999000000000000000e+03
-9.999000000000000000e+03
-9.999000000000000000e+03
-9.999000000000000000e+03
-9.999000000000000000e+03
-9.999000000000000000e+03
-9.999000000000000000e+03
-9.999000000000000000e+03
-9.999000000000000000e+03
-9.999000000000000000e+03
-9.999000000000000000e+03
-9.999000000000000000e+03
-9.999000000000000000e+03
-9.999000000000000000e+03
2.080034464597702026e-02
2.695721387863159180e-02
3.868447989225387573e-02
-9.999000000000000000e+03
-9.999000000000000000e+03
-9.999000000000000000e+03
-9.999000000000000000e+03
-9.999000000000000000e+03
-9.999000000000000000e+03
-9.999000000000000000e+03
-9.999000000000000000e+03
-9.999000000000000000e+03
-9.999000000000000000e+03
-9.999000000000000000e+03
-9.999000000000000000e+03
-9.999000000000000000e+03
-9.999000000000000000e+03
-9.999000000000000000e+03
-9.999000000000000000e+03
-9.999000000000000000e+03
-9.999000000000000000e+03
-9.999000000000000000e+03
-9.999000000000000000e+03
-9.999000000000000000e+03
-9.999000000000000000e+03
-9.999000000000000000e+03
-9.999000000000000000e+03
-9.999000000000000000e+03
-9.999000000000000000e+03
-9.999000000000000000e+03
-9.999000000000000000e+03
