-1.027050390839576721e-01
-6.653042882680892944e-02
-2.481646090745925903e-02
3.711391612887382507e-02
9.382135421037673950e-02
1.457817852497100830e-01
1.842496395111083984e-01
2.026367038488388062e-01
2.184773832559585571e-01
2.307073473930358887e-01
2.200546264648437500e-01
-9.999000000000000000e+03
-9.999000000000000000e+03
-9.999000000000000000e+03
-9.999000000000000000e+03
-9.999000000000000000e+03
-9.999000000000000000e+03
-9.999000000000000000e+03
-9.999000000000000000e+03
-9.999000000000000000e+03
-9.999000000000000000e+03
-9.999000000000000000e+03
-9.999000000000000000e+03
-3.378400811925530434e-03
-4.675328731536865234e-02
-1.498470362275838852e-02
1.825658418238162994e-02
1.354307401925325394e-02
2.082319743931293488e-02
2.495224587619304657e-02
3.119145147502422333e-02
-8.741740882396697998e-02
-5.103184655308723450e-02
-6.502954289317131042e-03
4.630373790860176086e-02
1.076609566807746887e-01
1.638635993003845215e-01
1.981385499238967896e-01
2.167705297470092773e-01
2.250698506832122803e-01
2.273495197296142578e-01
2.137413918972015381e-01
1.208563297986984253e-01
-9.999000000000000000e+03
-9.999000000000000000e+03
-9.999000000000000000e+03
-9.999000000000000000e+03
-9.999000000000000000e+03
-9.999000000000000000e+03
-9.999000000000000000e+03
-9.999000000000000000e+03
-9.999000000000000000e+03
1.667207223363220692e-03
-8.643127977848052979e-03
-2.072228863835334778e-02
-4.810998961329460144e-02
-3.339987620711326599e-02
-1.734979264438152313e-02
-1.311200298368930817e-02
-3.955731634050607681e-03
6.414986681193113327e-03
3.990160766988992691e-03
-9.610569477081298828e-02
-3.494617342948913574e-02
1.741662994027137756e-02
7.088936120271682739e-02
1.230179220438003540e-01
1.664145737886428833e-01
1.974399983882904053e-01
2.201740741729736328e-01
2.196163535118103027e-01
2.123559862375259399e-01
1.841584146022796631e-01
1.095360517501831055e-01
-9.999000000000000000e+03
-9.999000000000000000e+03
-9.999000000000000000e+03
-9.999000000000000000e+03
-9.999000000000000000e+03
-9.999000000000000000e+03
-9.999000000000000000e+03
-2.241082675755023956e-02
-1.145372074097394943e-02
2.788730431348085403e-03
-1.905074901878833771e-02
-2.632217295467853546e-02
-2.595407702028751373e-02
-2.056560665369033813e-02
-2.781794779002666473e-02
-3.764773905277252197e-02
-3.358957543969154358e-02
-2.672507427632808685e-02
-3.251693025231361389e-02
-8.024828881025314331e-02
-2.768632769584655762e-02
1.282110158354043961e-02
6.365883350372314453e-02
1.265578866004943848e-01
1.699463129043579102e-01
1.938800215721130371e-01
2.070361077785491943e-01
2.071108818054199219e-01
2.021417766809463501e-01
1.786398142576217651e-01
1.103555187582969666e-01
5.335965007543563843e-02
-9.999000000000000000e+03
-9.999000000000000000e+03
-9.999000000000000000e+03
-2.985749393701553345e-02
-5.050927400588989258e-02
-4.740077257156372070e-02
-2.773153223097324371e-02
-9.856912307441234589e-03
-4.764351528137922287e-03
2.786599565297365189e-03
2.552471589297056198e-03
3.289654152467846870e-03
-8.270668797194957733e-03
-4.380330070853233337e-02
-6.886123865842819214e-02
-8.646952360868453979e-02
-8.013526350259780884e-02
-7.780137658119201660e-02
-7.337068766355514526e-02
-1.249055005609989166e-02
3.618825599551200867e-02
7.590295374393463135e-02
1.221911683678627014e-01
1.599247455596923828e-01
1.837861686944961548e-01
1.994657367467880249e-01
2.040703445672988892e-01
1.943441331386566162e-01
1.571703553199768066e-01
9.958350658416748047e-02
4.512602463364601135e-02
1.321182120591402054e-02
-2.727484516799449921e-02
-5.334439501166343689e-02
-7.366161048412322998e-02
-6.825029104948043823e-02
-5.166764557361602783e-02
-2.105956524610519409e-02
5.200230516493320465e-03
2.520318329334259033e-02
5.243716016411781311e-02
3.949104994535446167e-02
1.417066529393196106e-02
-3.101542219519615173e-02
-6.849899142980575562e-02
-1.027067080140113831e-01
-1.356727629899978638e-01
-1.333975195884704590e-01
-1.260753273963928223e-01
-5.376937612891197205e-02
-1.609890349209308624e-02
3.376135602593421936e-02
7.922203838825225830e-02
1.294699609279632568e-01
1.603097021579742432e-01
1.733374595642089844e-01
1.898166388273239136e-01
1.972637623548507690e-01
1.860238611698150635e-01
1.287683695554733276e-01
5.022769048810005188e-02
1.500326208770275116e-02
-1.336942519992589951e-02
-3.013128042221069336e-02
-4.886844754219055176e-02
-5.148984491825103760e-02
-3.459366038441658020e-02
-1.441075000911951065e-02
2.433604374527931213e-02
5.274789035320281982e-02
6.918042898178100586e-02
7.057800143957138062e-02
4.074872657656669617e-02
-1.644168980419635773e-02
-7.748082280158996582e-02
-1.163360252976417542e-01
-1.569238603115081787e-01
-1.821345537900924683e-01
-1.813296973705291748e-01
-1.744273006916046143e-01
-2.510705031454563141e-02
-2.950942609459161758e-03
4.073241353034973145e-02
8.333443850278854370e-02
1.216361671686172485e-01
1.500473171472549438e-01
1.656579971313476562e-01
1.877713501453399658e-01
1.768143475055694580e-01
1.267855614423751831e-01
7.368575781583786011e-02
2.102831378579139709e-02
-3.006774000823497772e-03
-1.266724709421396255e-02
-2.889146562665700912e-03
-3.464873647317290306e-03
4.659346304833889008e-03
1.568960212171077728e-02
1.997259631752967834e-02
5.030971020460128784e-02
7.262333482503890991e-02
7.727766036987304688e-02
4.641202092170715332e-02
9.044387377798557281e-03
-4.769555106759071350e-02
-9.208192676305770874e-02
-1.378815025091171265e-01
-1.789374798536300659e-01
-2.053499817848205566e-01
-2.068012952804565430e-01
-1.932635456323623657e-01
1.059371139854192734e-02
2.048471383750438690e-02
5.405051261186599731e-02
8.113177865743637085e-02
1.123541072010993958e-01
1.361871361732482910e-01
1.574469059705734253e-01
1.704624593257904053e-01
1.380409002304077148e-01
7.234236598014831543e-02
1.749725826084613800e-02
-1.823295466601848602e-02
-6.818329449743032455e-03
9.154989384114742279e-03
2.611755207180976868e-02
3.336522355675697327e-02
4.725927859544754028e-02
5.675985664129257202e-02
5.648973584175109863e-02
5.911489203572273254e-02
6.059220060706138611e-02
5.919914320111274719e-02
3.884284570813179016e-02
-1.744210952892899513e-03
-5.653573200106620789e-02
-1.007786616683006287e-01
-1.446930021047592163e-01
-1.806645840406417847e-01
-2.086880058050155640e-01
-2.160303741693496704e-01
-2.007922232151031494e-01
6.995194405317306519e-02
7.553989440202713013e-02
7.958381623029708862e-02
8.232370764017105103e-02
9.846716374158859253e-02
1.165480315685272217e-01
1.398158222436904907e-01
1.187265142798423767e-01
8.693608641624450684e-02
4.743072018027305603e-02
1.300546154379844666e-02
-1.055899355560541153e-02
2.223233319818973541e-02
4.342818632721900940e-02
5.812861770391464233e-02
6.359091401100158691e-02
7.333016395568847656e-02
7.026761025190353394e-02
5.611491948366165161e-02
3.573842346668243408e-02
3.629583865404129028e-02
3.901600092649459839e-02
2.785181626677513123e-02
7.594937458634376526e-03
-2.393086440861225128e-02
-9.012279659509658813e-02
-1.420946568250656128e-01
-1.989609897136688232e-01
-2.198218256235122681e-01
-2.157292068004608154e-01
-1.920562684535980225e-01
5.877224728465080261e-02
6.495298445224761963e-02
8.569287508726119995e-02
7.706307619810104370e-02
9.082198888063430786e-02
1.098386943340301514e-01
1.106954067945480347e-01
9.262588620185852051e-02
7.890237867832183838e-02
4.368464648723602295e-02
2.693973109126091003e-02
5.274873226881027222e-02
6.604716926813125610e-02
6.937343627214431763e-02
7.588887959718704224e-02
8.345391601324081421e-02
8.834112435579299927e-02
3.871836513280868530e-02
2.161118946969509125e-02
6.323223933577537537e-03
2.047829888761043549e-02
-9.999000000000000000e+03
-9.999000000000000000e+03
-9.999000000000000000e+03
-9.999000000000000000e+03
-9.999000000000000000e+03
-9.999000000000000000e+03
-1.575628370046615601e-01
-2.113687843084335327e-01
-2.178260535001754761e-01
-1.883356571197509766e-01
6.993609131313860416e-04
1.420296542346477509e-02
3.661434352397918701e-02
4.825040325522422791e-02
7.091917842626571655e-02
7.719289511442184448e-02
9.030529856681823730e-02
8.255771547555923462e-02
6.654182821512222290e-02
6.051179766654968262e-02
6.377148628234863281e-02
1.123657375574111938e-01
9.778062254190444946e-02
8.799351006746292114e-02
8.821131289005279541e-02
8.324871957302093506e-02
9.335556626319885254e-02
-9.999000000000000000e+03
-9.999000000000000000e+03
-9.999000000000000000e+03
-9.999000000000000000e+03
-9.999000000000000000e+03
-9.999000000000000000e+03
-9.999000000000000000e+03
-9.999000000000000000e+03
-9.999000000000000000e+03
-9.999000000000000000e+03
-1.211016029119491577e-01
-1.729911118745803833e-01
-1.957546174526214600e-01
-1.694593131542205811e-01
-7.825367152690887451e-03
-4.002574365586042404e-03
1.618200354278087616e-02
3.976165130734443665e-02
4.925123229622840881e-02
5.812824890017509460e-02
7.874333858489990234e-02
7.704544067382812500e-02
6.922803819179534912e-02
1.127084717154502869e-01
1.233274564146995544e-01
1.257211565971374512e-01
1.123053133487701416e-01
9.448019415140151978e-02
5.419936776161193848e-02
5.523873493075370789e-02
-9.999000000000000000e+03
-9.999000000000000000e+03
-9.999000000000000000e+03
-9.999000000000000000e+03
-9.999000000000000000e+03
-9.999000000000000000e+03
-9.999000000000000000e+03
-9.999000000000000000e+03
-9.999000000000000000e+03
-9.999000000000000000e+03
-9.999000000000000000e+03
-9.999000000000000000e+03
-9.863679111003875732e-02
-1.444227695465087891e-01
-1.130132228136062622e-01
-3.331976383924484253e-02
-3.408395126461982727e-02
-1.207202766090631485e-02
1.135866623371839523e-02
3.471568971872329712e-02
5.839355662465095520e-02
6.650592386722564697e-02
8.340945094823837280e-02
1.105520129203796387e-01
1.463490873575210571e-01
1.493912935256958008e-01
1.151737794280052185e-01
8.992601186037063599e-02
9.638139605522155762e-02
-9.999000000000000000e+03
-9.999000000000000000e+03
-9.999000000000000000e+03
-9.999000000000000000e+03
-9.999000000000000000e+03
-9.999000000000000000e+03
-9.999000000000000000e+03
-9.999000000000000000e+03
-9.999000000000000000e+03
-9.999000000000000000e+03
-9.999000000000000000e+03
-9.999000000000000000e+03
-9.999000000000000000e+03
-9.999000000000000000e+03
-9.999000000000000000e+03
-9.408008307218551636e-02
-8.153721690177917480e-02
-9.999000000000000000e+03
-5.020720884203910828e-02
-4.101493209600448608e-02
-8.068900555372238159e-03
3.324571251869201660e-02
6.009036302566528320e-02
7.595194131135940552e-02
1.163099780678749084e-01
1.570406258106231689e-01
1.491323560476303101e-01
1.269361227750778198e-01
9.574700891971588135e-02
6.869988888502120972e-02
-9.999000000000000000e+03
-9.999000000000000000e+03
-9.999000000000000000e+03
-9.999000000000000000e+03
-9.999000000000000000e+03
-9.999000000000000000e+03
-9.999000000000000000e+03
-9.999000000000000000e+03
-9.999000000000000000e+03
-9.999000000000000000e+03
-9.999000000000000000e+03
-9.999000000000000000e+03
-9.999000000000000000e+03
-9.999000000000000000e+03
-9.999000000000000000e+03
-9.999000000000000000e+03
-4.214370623230934143e-02
-4.204365611076354980e-02
-9.999000000000000000e+03
-9.999000000000000000e+03
-6.185736879706382751e-02
-1.805864647030830383e-02
3.887598216533660889e-02
8.063582330942153931e-02
1.136521175503730774e-01
1.289187222719192505e-01
1.373680233955383301e-01
1.116361767053604126e-01
8.135019242763519287e-02
4.268286004662513733e-02
-9.999000000000000000e+03
-9.999000000000000000e+03
-9.999000000000000000e+03
-9.999000000000000000e+03
-9.999000000000000000e+03
-9.999000000000000000e+03
-9.999000000000000000e+03
-9.999000000000000000e+03
-9.999000000000000000e+03
-9.999000000000000000e+03
-9.999000000000000000e+03
-9.999000000000000000e+03
-9.999000000000000000e+03
-9.999000000000000000e+03
-9.999000000000000000e+03
-9.999000000000000000e+03
-9.999000000000000000e+03
-2.385555580258369446e-02
-4.749517515301704407e-02
-9.999000000000000000e+03
-9.999000000000000000e+03
-4.292139038443565369e-02
-2.039901725947856903e-02
3.342672064900398254e-02
9.391936659812927246e-02
1.479330211877822876e-01
1.249268129467964172e-01
9.780153632164001465e-02
8.105641603469848633e-02
6.895911693572998047e-02
7.079270482063293457e-02
-9.999000000000000000e+03
-9.999000000000000000e+03
-9.999000000000000000e+03
-9.999000000000000000e+03
-9.999000000000000000e+03
-9.999000000000000000e+03
-9.999000000000000000e+03
-9.999000000000000000e+03
-9.999000000000000000e+03
-9.999000000000000000e+03
-9.999000000000000000e+03
-9.999000000000000000e+03
-9.999000000000000000e+03
-9.999000000000000000e+03
-9.999000000000000000e+03
-9.999000000000000000e+03
-9.999000000000000000e+03
-9.999000000000000000e+03
-9.999000000000000000e+03
-9.999000000000000000e+03
-9.999000000000000000e+03
-2.389074862003326416e-02
-3.916935063898563385e-03
4.210066795349121094e-02
9.953197091817855835e-02
1.300628781318664551e-01
1.243038326501846313e-01
1.010085493326187134e-01
7.637409120798110962e-02
3.273445367813110352e-02
2.312710508704185486e-02
-9.999000000000000000e+03
-9.999000000000000000e+03
-9.999000000000000000e+03
-9.999000000000000000e+03
-9.999000000000000000e+03
-9.999000000000000000e+03
-9.999000000000000000e+03
-9.999000000000000000e+03
-9.999000000000000000e+03
-9.999000000000000000e+03
-9.999000000000000000e+03
-9.999000000000000000e+03
-9.999000000000000000e+03
-9.999000000000000000e+03
-9.999000000000000000e+03
-9.999000000000000000e+03
-9.999000000000000000e+03
-9.999000000000000000e+03
-9.999000000000000000e+03
-9.999000000000000000e+03
-9.999000000000000000e+03
-9.999000000000000000e+03
-1.517087221145629883e-02
1.623877510428428650e-02
7.925357669591903687e-02
1.098740249872207642e-01
1.187448576092720032e-01
1.182258501648902893e-01
9.056380391120910645e-02
1.765354909002780914e-02
-9.999000000000000000e+03
-9.999000000000000000e+03
-9.999000000000000000e+03
-9.999000000000000000e+03
-9.999000000000000000e+03
-9.999000000000000000e+03
-9.999000000000000000e+03
-9.999000000000000000e+03
-9.999000000000000000e+03
-9.999000000000000000e+03
-9.999000000000000000e+03
-9.999000000000000000e+03
-9.999000000000000000e+03
-9.999000000000000000e+03
-9.999000000000000000e+03
-9.999000000000000000e+03
-9.999000000000000000e+03
-9.999000000000000000e+03
-9.999000000000000000e+03
-9.999000000000000000e+03
-9.999000000000000000e+03
-9.999000000000000000e+03
-9.999000000000000000e+03
-1.766063272953033447e-02
-1.275744987651705742e-03
3.875860944390296936e-02
6.959057599306106567e-02
9.685554355382919312e-02
1.181628033518791199e-01
9.121738374233245850e-02
3.806823119521141052e-02
8.091120980679988861e-03
-9.999000000000000000e+03
-9.999000000000000000e+03
-9.999000000000000000e+03
-9.999000000000000000e+03
-9.999000000000000000e+03
-9.999000000000000000e+03
-9.999000000000000000e+03
-9.999000000000000000e+03
-9.999000000000000000e+03
-9.999000000000000000e+03
-9.999000000000000000e+03
-9.999000000000000000e+03
-9.999000000000000000e+03
-9.999000000000000000e+03
-9.999000000000000000e+03
-9.999000000000000000e+03
-9.999000000000000000e+03
-9.999000000000000000e+03
-9.999000000000000000e+03
-9.999000000000000000e+03
-9.999000000000000000e+03
-9.999000000000000000e+03
-9.999000000000000000e+03
-1.935972832143306732e-02
-8.473624475300312042e-03
1.270753238350152969e-02
4.324981197714805603e-02
6.417746096849441528e-02
2.611501701176166534e-02
2.318236231803894043e-02
5.186939984560012817e-02
-9.999000000000000000e+03
-9.999000000000000000e+03
-9.999000000000000000e+03
-9.999000000000000000e+03
-9.999000000000000000e+03
-9.999000000000000000e+03
-9.999000000000000000e+03
-9.999000000000000000e+03
-9.999000000000000000e+03
-9.999000000000000000e+03
-9.999000000000000000e+03
-9.999000000000000000e+03
-9.999000000000000000e+03
-9.999000000000000000e+03
-9.999000000000000000e+03
-9.999000000000000000e+03
-9.999000000000000000e+03
-9.999000000000000000e+03
-9.999000000000000000e+03
-9.999000000000000000e+03
-9.999000000000000000e+03
-9.999000000000000000e+03
-9.999000000000000000e+03
-4.115328565239906311e-02
-5.023071542382240295e-02
-2.359365113079547882e-02
-1.688921824097633362e-02
-2.703251503407955170e-02
-5.781326815485954285e-02
-6.038980558514595032e-02
-4.662018734961748123e-03
5.292946100234985352e-02
-9.999000000000000000e+03
-9.999000000000000000e+03
-9.999000000000000000e+03
-9.999000000000000000e+03
-9.999000000000000000e+03
-9.999000000000000000e+03
-9.999000000000000000e+03
-9.999000000000000000e+03
-9.999000000000000000e+03
-9.999000000000000000e+03
-9.999000000000000000e+03
-9.999000000000000000e+03
-9.999000000000000000e+03
-9.999000000000000000e+03
-9.999000000000000000e+03
-9.999000000000000000e+03
-9.999000000000000000e+03
-9.999000000000000000e+03
-9.999000000000000000e+03
-9.999000000000000000e+03
-9.999000000000000000e+03
-9.999000000000000000e+03
-2.546788193285465240e-03
-2.519764192402362823e-02
-3.432804346084594727e-02
-3.640148416161537170e-02
-4.983044043183326721e-02
-1.080778166651725769e-01
-1.003560721874237061e-01
-4.688821732997894287e-02
7.913606241345405579e-03
1.601978950202465057e-02
-8.125982247292995453e-03
-1.434069313108921051e-02
9.752628393471240997e-03
-9.999000000000000000e+03
-9.999000000000000000e+03
-9.999000000000000000e+03
-9.999000000000000000e+03
-9.999000000000000000e+03
-9.999000000000000000e+03
-9.999000000000000000e+03
-9.999000000000000000e+03
-9.999000000000000000e+03
-9.999000000000000000e+03
-9.999000000000000000e+03
-9.999000000000000000e+03
-9.999000000000000000e+03
-9.999000000000000000e+03
-9.999000000000000000e+03
-9.999000000000000000e+03
-9.999000000000000000e+03
1.692597940564155579e-02
2.366284281015396118e-02
1.052329037338495255e-02
-5.326029285788536072e-02
-5.095625296235084534e-02
-7.607345283031463623e-02
-8.213576674461364746e-02
-7.865812629461288452e-02
-5.892796441912651062e-02
-3.999205678701400757e-02
-4.071053490042686462e-02
-3.973059728741645813e-02
-2.529464196413755417e-03
1.030844170600175858e-02
-9.999000000000000000e+03
-9.999000000000000000e+03
-9.999000000000000000e+03
-9.999000000000000000e+03
-9.999000000000000000e+03
-9.999000000000000000e+03
-9.999000000000000000e+03
-9.999000000000000000e+03
-9.999000000000000000e+03
-9.999000000000000000e+03
-9.999000000000000000e+03
-9.999000000000000000e+03
-9.999000000000000000e+03
-9.999000000000000000e+03
-9.999000000000000000e+03
-4.382554907351732254e-03
1.291822758503258228e-03
2.632971666753292084e-02
3.644785284996032715e-02
-1.532769529148936272e-03
-4.102115333080291748e-02
-5.584811419248580933e-02
-6.292133778333663940e-02
-6.271655112504959106e-02
-7.494238018989562988e-02
-6.494662165641784668e-02
-4.422280192375183105e-02
-1.177816465497016907e-02
1.907091005705296993e-03
-9.999000000000000000e+03
-9.999000000000000000e+03
-9.999000000000000000e+03
-9.999000000000000000e+03
-9.999000000000000000e+03
-9.999000000000000000e+03
-9.999000000000000000e+03
-9.999000000000000000e+03
-9.999000000000000000e+03
-9.999000000000000000e+03
-9.999000000000000000e+03
-9.999000000000000000e+03
-9.999000000000000000e+03
-9.999000000000000000e+03
-9.999000000000000000e+03
-9.999000000000000000e+03
7.212728378362953663e-04
1.371701713651418686e-02
5.167623609304428101e-02
7.101420313119888306e-02
4.687492176890373230e-02
-1.118665467947721481e-02
-5.978895723819732666e-02
-6.309832632541656494e-02
-4.691291600465774536e-02
-4.492193087935447693e-02
-6.201584637165069580e-02
-6.579120457172393799e-02
-5.875688791275024414e-02
1.679697446525096893e-02
-9.999000000000000000e+03
-9.999000000000000000e+03
-9.999000000000000000e+03
-9.999000000000000000e+03
-9.999000000000000000e+03
-9.999000000000000000e+03
-9.999000000000000000e+03
-9.999000000000000000e+03
-9.999000000000000000e+03
-9.999000000000000000e+03
-9.999000000000000000e+03
-9.999000000000000000e+03
-9.999000000000000000e+03
-9.999000000000000000e+03
-9.999000000000000000e+03
-9.999000000000000000e+03
-9.999000000000000000e+03
3.448846563696861267e-02
6.300231069326400757e-02
1.038236841559410095e-01
7.950540632009506226e-02
2.111692726612091064e-02
-2.688906341791152954e-02
-6.288144737482070923e-02
-6.775410473346710205e-02
-3.645803406834602356e-02
-1.934085227549076080e-02
-2.424017339944839478e-02
-5.856633931398391724e-02
-5.501474812626838684e-02
-1.088718418031930923e-02
-9.999000000000000000e+03
-9.999000000000000000e+03
-9.999000000000000000e+03
-9.999000000000000000e+03
-9.999000000000000000e+03
-9.999000000000000000e+03
-9.999000000000000000e+03
-9.999000000000000000e+03
-9.999000000000000000e+03
-9.999000000000000000e+03
-9.999000000000000000e+03
-9.999000000000000000e+03
-9.999000000000000000e+03
-9.999000000000000000e+03
-9.999000000000000000e+03
-9.999000000000000000e+03
-9.999000000000000000e+03
7.037261128425598145e-02
1.073245629668235779e-01
1.101943254470825195e-01
7.384245097637176514e-02
1.465155277401208878e-02
-3.201541304588317871e-02
-6.487567722797393799e-02
-7.703943550586700439e-02
-6.213479116559028625e-02
-3.817478567361831665e-02
-2.197958342730998993e-02
-5.902304872870445251e-02
-6.407994776964187622e-02
-9.999000000000000000e+03
-9.999000000000000000e+03
-9.999000000000000000e+03
-9.999000000000000000e+03
-9.999000000000000000e+03
-9.999000000000000000e+03
-9.999000000000000000e+03
-9.999000000000000000e+03
-9.999000000000000000e+03
-9.999000000000000000e+03
-9.999000000000000000e+03
-9.999000000000000000e+03
-9.999000000000000000e+03
-9.999000000000000000e+03
-9.999000000000000000e+03
-9.999000000000000000e+03
-9.999000000000000000e+03
-9.999000000000000000e+03
9.992444515228271484e-02
1.393160074949264526e-01
1.138827800750732422e-01
5.626979842782020569e-02
6.755917333066463470e-03
-3.347728028893470764e-02
-5.842833966016769409e-02
-7.859899848699569702e-02
-6.606896221637725830e-02
-1.649018563330173492e-02
-9.165860712528228760e-03
-3.624747693538665771e-02
-9.999000000000000000e+03
-9.999000000000000000e+03
-9.999000000000000000e+03
-9.999000000000000000e+03
-9.999000000000000000e+03
-9.999000000000000000e+03
-9.999000000000000000e+03
-9.999000000000000000e+03
-9.999000000000000000e+03
-9.999000000000000000e+03
-9.999000000000000000e+03
-9.999000000000000000e+03
-9.999000000000000000e+03
-9.999000000000000000e+03
-9.999000000000000000e+03
-9.999000000000000000e+03
-9.999000000000000000e+03
-9.999000000000000000e+03
-9.999000000000000000e+03
1.159124523401260376e-01
1.342031359672546387e-01
1.108089908957481384e-01
5.948831513524055481e-02
-2.660116925835609436e-02
-5.143641680479049683e-02
-5.306031927466392517e-02
-3.920851647853851318e-02
-3.291549906134605408e-02
-2.620232058688998222e-03
-9.999000000000000000e+03
-9.999000000000000000e+03
-9.999000000000000000e+03
-9.999000000000000000e+03
-9.999000000000000000e+03
-9.999000000000000000e+03
-9.999000000000000000e+03
-9.999000000000000000e+03
-9.999000000000000000e+03
-9.999000000000000000e+03
-9.999000000000000000e+03
-9.999000000000000000e+03
-9.999000000000000000e+03
-9.999000000000000000e+03
-9.999000000000000000e+03
-9.999000000000000000e+03
-9.999000000000000000e+03
-9.999000000000000000e+03
-9.999000000000000000e+03
-9.999000000000000000e+03
-9.999000000000000000e+03
8.067931979894638062e-02
7.698904722929000854e-02
5.355015769600868225e-02
2.988178282976150513e-03
-3.870449215173721313e-02
-4.524483159184455872e-02
-9.999000000000000000e+03
-9.999000000000000000e+03
-9.999000000000000000e+03
-9.999000000000000000e+03
-9.999000000000000000e+03
-9.999000000000000000e+03
-9.999000000000000000e+03
-9.999000000000000000e+03
-9.999000000000000000e+03
-9.999000000000000000e+03
-9.999000000000000000e+03
-9.999000000000000000e+03
-9.999000000000000000e+03
-9.999000000000000000e+03
-9.999000000000000000e+03
-9.999000000000000000e+03
-9.999000000000000000e+03
-9.999000000000000000e+03
-9.999000000000000000e+03
-9.999000000000000000e+03
-9.999000000000000000e+03
-9.999000000000000000e+03
-9.999000000000000000e+03
-9.999000000000000000e+03
-9.999000000000000000e+03
8.882225491106510162e-03
2.237858623266220093e-02
2.657786756753921509e-02
-9.999000000000000000e+03
-9.999000000000000000e+03
-9.999000000000000000e+03
-9.999000000000000000e+03
-9.999000000000000000e+03
-9.999000000000000000e+03
-9.999000000000000000e+03
-9.999000000000000000e+03
-9.999000000000000000e+03
-9.999000000000000000e+03
-9.999000000000000000e+03
-9.999000000000000000e+03
-9.999000000000000000e+03
-9.999000000000000000e+03
-9.999000000000000000e+03
-9.999000000000000000e+03
-9.999000000000000000e+03
-9.999000000000000000e+03
-9.999000000000000000e+03
-9.999000000000000000e+03
-9.999000000000000000e+03
-9.999000000000000000e+03
-9.999000000000000000e+03
-9.999000000000000000e+03
-9.999000000000000000e+03
-9.999000000000000000e+03
-9.999000000000000000e+03
-9.999000000000000000e+03
