1.012876555323600769e-01
1.077782809734344482e-01
8.962474763393402100e-02
6.893850862979888916e-02
8.485487848520278931e-02
7.163210213184356689e-02
6.453593075275421143e-02
5.180462077260017395e-02
1.684509962797164917e-02
1.131486985832452774e-02
-1.121936831623315811e-02
-9.999000000000000000e+03
-9.999000000000000000e+03
-9.999000000000000000e+03
-9.999000000000000000e+03
-9.999000000000000000e+03
-9.999000000000000000e+03
-9.999000000000000000e+03
-9.999000000000000000e+03
-9.999000000000000000e+03
-9.999000000000000000e+03
-9.999000000000000000e+03
-9.999000000000000000e+03
3.349010273814201355e-02
8.094814419746398926e-02
9.518795460462570190e-02
1.232082247734069824e-01
1.508934646844863892e-01
1.685179322957992554e-01
1.687469035387039185e-01
1.822875887155532837e-01
4.612386599183082581e-02
4.962788894772529602e-02
3.111838363111019135e-02
1.003499515354633331e-02
1.404121890664100647e-02
2.129846950992941856e-03
-1.358674024231731892e-03
-6.451871246099472046e-03
-1.818367093801498413e-02
-7.928207516670227051e-03
8.672834374010562897e-03
1.810066029429435730e-02
-9.999000000000000000e+03
-9.999000000000000000e+03
-9.999000000000000000e+03
-9.999000000000000000e+03
-9.999000000000000000e+03
-9.999000000000000000e+03
-9.999000000000000000e+03
-9.999000000000000000e+03
-9.999000000000000000e+03
7.573602348566055298e-02
1.035882234573364258e-01
8.852362632751464844e-02
1.124948635697364807e-01
1.146249249577522278e-01
1.273834854364395142e-01
1.573126763105392456e-01
1.633725464344024658e-01
1.820029020309448242e-01
1.934382319450378418e-01
-3.580427961423993111e-03
-2.725699450820684433e-03
-2.649117819964885712e-02
-4.404888302087783813e-02
-3.700890764594078064e-02
-3.771841898560523987e-02
-3.291490301489830017e-02
-3.120127134025096893e-02
-3.251507133245468140e-02
-1.561909355223178864e-02
5.366568453609943390e-03
1.385938096791505814e-02
-9.999000000000000000e+03
-9.999000000000000000e+03
-9.999000000000000000e+03
-9.999000000000000000e+03
-9.999000000000000000e+03
-9.999000000000000000e+03
-9.999000000000000000e+03
1.195866763591766357e-01
1.237477585673332214e-01
1.504402905702590942e-01
1.491741538047790527e-01
1.220898255705833435e-01
1.023256778717041016e-01
8.920444548130035400e-02
1.028451621532440186e-01
1.005868017673492432e-01
1.168054714798927307e-01
1.504913419485092163e-01
1.592310220003128052e-01
-4.495642334222793579e-02
-4.137038066983222961e-02
-5.048272758722305298e-02
-6.721948087215423584e-02
-7.038949429988861084e-02
-6.467750668525695801e-02
-5.597377568483352661e-02
-4.793226718902587891e-02
-4.612263292074203491e-02
-2.968939580023288727e-02
-1.206686999648809433e-02
1.876021269708871841e-03
1.655879803001880646e-02
-9.999000000000000000e+03
-9.999000000000000000e+03
-9.999000000000000000e+03
7.382532954216003418e-02
1.118462979793548584e-01
1.584580838680267334e-01
1.661702692508697510e-01
1.568488627672195435e-01
1.426333189010620117e-01
1.051347032189369202e-01
8.973933011293411255e-02
4.203517735004425049e-02
-1.713156001642346382e-03
1.679767109453678131e-02
1.257965806871652603e-02
3.640935942530632019e-02
7.974165678024291992e-02
1.098110303282737732e-01
-7.666953653097152710e-02
-7.403487712144851685e-02
-7.463438808917999268e-02
-8.592290431261062622e-02
-8.780798316001892090e-02
-8.167448639869689941e-02
-6.824635714292526245e-02
-6.156613677740097046e-02
-6.901577115058898926e-02
-5.187644809484481812e-02
-2.373147010803222656e-02
2.772002248093485832e-03
2.478408813476562500e-02
4.042074084281921387e-02
9.224621206521987915e-02
9.836514294147491455e-02
9.851374477148056030e-02
9.410875290632247925e-02
1.074919402599334717e-01
8.043152093887329102e-02
7.579258829355239868e-02
4.429980367422103882e-02
-2.224808558821678162e-02
-2.268206886947154999e-02
-5.818335339426994324e-02
-6.799523532390594482e-02
-5.018173903226852417e-02
-3.971162438392639160e-02
-5.852281581610441208e-03
4.363524168729782104e-02
8.197367191314697266e-02
-7.788781076669692993e-02
-9.154279530048370361e-02
-9.640275686979293823e-02
-1.074956730008125305e-01
-1.024501919746398926e-01
-9.433054178953170776e-02
-8.437682688236236572e-02
-7.457768172025680542e-02
-7.397895306348800659e-02
-5.262622982263565063e-02
-1.511580310761928558e-02
2.091838233172893524e-02
4.827481508255004883e-02
7.810730487108230591e-02
8.601806312799453735e-02
7.695527374744415283e-02
4.539067670702934265e-02
2.579780993983149529e-03
-1.839142479002475739e-02
-6.593818217515945435e-02
-7.677181065082550049e-02
-8.021464198827743530e-02
-1.031534969806671143e-01
-9.601327031850814819e-02
-9.990847855806350708e-02
-7.263287156820297241e-02
-6.519924849271774292e-02
-5.692480504512786865e-02
-3.551383689045906067e-02
-1.100559020414948463e-03
2.880127355456352234e-02
-5.857483670115470886e-02
-8.307971060276031494e-02
-1.090331450104713440e-01
-1.248812153935432434e-01
-1.253006607294082642e-01
-1.186871305108070374e-01
-9.997786581516265869e-02
-7.708235830068588257e-02
-4.984527081251144409e-02
-2.669274620711803436e-02
-1.511329173808917403e-04
2.250739559531211853e-02
4.858285561203956604e-02
7.448277622461318970e-02
3.523670509457588196e-02
1.553356996737420559e-03
-4.248845577239990234e-02
-7.616053521633148193e-02
-8.920556306838989258e-02
-1.245057210326194763e-01
-1.365871876478195190e-01
-1.331747919321060181e-01
-1.128035932779312134e-01
-9.851199388504028320e-02
-8.484682440757751465e-02
-7.296595722436904907e-02
-6.076777726411819458e-02
-5.981235578656196594e-02
-5.125908926129341125e-02
-2.712729014456272125e-02
-1.184941176325082779e-02
-3.549297526478767395e-02
-6.005403771996498108e-02
-9.150002896785736084e-02
-1.095535233616828918e-01
-1.191684007644653320e-01
-1.072135940194129944e-01
-8.147712051868438721e-02
-5.793911591172218323e-02
-1.731831021606922150e-02
-5.948684643954038620e-03
1.002573291771113873e-03
1.250886265188455582e-02
1.675233617424964905e-02
6.946309935301542282e-03
-3.515968844294548035e-02
-5.960661172866821289e-02
-9.954802691936492920e-02
-1.280008107423782349e-01
-1.393552720546722412e-01
-1.478933691978454590e-01
-1.378326117992401123e-01
-1.246459782123565674e-01
-9.351327270269393921e-02
-7.021903246641159058e-02
-6.275301426649093628e-02
-7.602662593126296997e-02
-7.380153983831405640e-02
-7.009106874465942383e-02
-6.382469832897186279e-02
-5.123033747076988220e-02
-4.916895925998687744e-02
-3.833144903182983398e-02
-4.231185466051101685e-02
-5.197192355990409851e-02
-4.823989048600196838e-02
-6.241659820079803467e-02
-5.747260153293609619e-02
-3.636854514479637146e-02
-2.024286426603794098e-02
-2.977107418701052666e-03
9.712707105791196227e-05
-2.946432214230298996e-03
-1.302344817668199539e-02
-4.308924078941345215e-02
-8.229380100965499878e-02
-1.182606518268585205e-01
-1.224384233355522156e-01
-1.396866142749786377e-01
-1.494719684123992920e-01
-1.546062976121902466e-01
-1.392102390527725220e-01
-1.014933362603187561e-01
-7.502349466085433960e-02
-4.494232684373855591e-02
-3.848493099212646484e-02
-2.723952941596508026e-02
-6.471725553274154663e-02
-7.780946046113967896e-02
-8.641732484102249146e-02
-9.039921313524246216e-02
-8.565411716699600220e-02
-9.431261569261550903e-02
-6.888441741466522217e-02
-4.689323529601097107e-02
-1.491464395076036453e-02
-2.239116700366139412e-03
1.174918469041585922e-02
1.628866977989673615e-02
1.642381213605403900e-02
8.836260996758937836e-03
1.283776015043258667e-02
-5.128530319780111313e-03
-3.130719810724258423e-02
-6.939475983381271362e-02
-1.006970405578613281e-01
-1.215595155954360962e-01
-1.421037763357162476e-01
-1.459593176841735840e-01
-1.570274829864501953e-01
-1.110235080122947693e-01
-1.258342415094375610e-01
-9.105442464351654053e-02
-6.610121577978134155e-02
-9.999000000000000000e+03
-9.999000000000000000e+03
-9.999000000000000000e+03
-9.999000000000000000e+03
-9.999000000000000000e+03
-9.999000000000000000e+03
-9.642583876848220825e-02
-9.514323621988296509e-02
-1.242584511637687683e-01
-1.503730267286300659e-01
-8.657924830913543701e-02
-6.952624768018722534e-02
-3.613722696900367737e-02
-1.934939995408058167e-02
1.994502265006303787e-03
2.440574578940868378e-02
1.905740052461624146e-02
2.225115150213241577e-02
8.737345226109027863e-03
-2.702100574970245361e-02
-5.794056877493858337e-02
-1.099838614463806152e-01
-1.319867074489593506e-01
-1.408543735742568970e-01
-1.439905464649200439e-01
-1.265253573656082153e-01
-1.066782251000404358e-01
-9.999000000000000000e+03
-9.999000000000000000e+03
-9.999000000000000000e+03
-9.999000000000000000e+03
-9.999000000000000000e+03
-9.999000000000000000e+03
-9.999000000000000000e+03
-9.999000000000000000e+03
-9.999000000000000000e+03
-9.999000000000000000e+03
-5.547267571091651917e-02
-9.275750815868377686e-02
-1.365394592285156250e-01
-1.702111959457397461e-01
-9.541200101375579834e-02
-1.019384935498237610e-01
-8.413331210613250732e-02
-6.206855177879333496e-02
-3.713185712695121765e-02
-1.989444345235824585e-02
-2.360812202095985413e-02
-1.073981542140245438e-02
-3.393767029047012329e-02
-8.373798429965972900e-02
-1.127527132630348206e-01
-1.341016292572021484e-01
-1.304040998220443726e-01
-1.329918354749679565e-01
-8.207145333290100098e-02
-9.035540372133255005e-02
-9.999000000000000000e+03
-9.999000000000000000e+03
-9.999000000000000000e+03
-9.999000000000000000e+03
-9.999000000000000000e+03
-9.999000000000000000e+03
-9.999000000000000000e+03
-9.999000000000000000e+03
-9.999000000000000000e+03
-9.999000000000000000e+03
-9.999000000000000000e+03
-9.999000000000000000e+03
-5.927691608667373657e-02
-1.458670198917388916e-01
-1.939497888088226318e-01
-1.369524449110031128e-01
-1.138996407389640808e-01
-1.026424393057823181e-01
-8.065157383680343628e-02
-6.059308722615242004e-02
-6.206400692462921143e-02
-7.182399183511734009e-02
-7.182133942842483521e-02
-9.273398667573928833e-02
-1.119690984487533569e-01
-1.290491074323654175e-01
-1.173938885331153870e-01
-8.281730115413665771e-02
-9.035910665988922119e-02
-9.999000000000000000e+03
-9.999000000000000000e+03
-9.999000000000000000e+03
-9.999000000000000000e+03
-9.999000000000000000e+03
-9.999000000000000000e+03
-9.999000000000000000e+03
-9.999000000000000000e+03
-9.999000000000000000e+03
-9.999000000000000000e+03
-9.999000000000000000e+03
-9.999000000000000000e+03
-9.999000000000000000e+03
-9.999000000000000000e+03
-9.999000000000000000e+03
-1.138327866792678833e-01
-1.716801971197128296e-01
-9.999000000000000000e+03
-5.554544180631637573e-02
-7.560393214225769043e-02
-6.898482143878936768e-02
-6.748666614294052124e-02
-7.765071094036102295e-02
-1.036954596638679504e-01
-1.068889871239662170e-01
-1.126511096954345703e-01
-8.815413713455200195e-02
-8.130414038896560669e-02
-6.414494663476943970e-02
-6.022372469305992126e-02
-9.999000000000000000e+03
-9.999000000000000000e+03
-9.999000000000000000e+03
-9.999000000000000000e+03
-9.999000000000000000e+03
-9.999000000000000000e+03
-9.999000000000000000e+03
-9.999000000000000000e+03
-9.999000000000000000e+03
-9.999000000000000000e+03
-9.999000000000000000e+03
-9.999000000000000000e+03
-9.999000000000000000e+03
-9.999000000000000000e+03
-9.999000000000000000e+03
-9.999000000000000000e+03
-8.647787570953369141e-02
-1.234711706638336182e-01
-9.999000000000000000e+03
-9.999000000000000000e+03
-3.825948387384414673e-02
-5.213192477822303772e-02
-5.990900099277496338e-02
-7.483209669589996338e-02
-8.605201542377471924e-02
-9.779454767704010010e-02
-8.426425606012344360e-02
-5.561681836843490601e-02
-3.828704357147216797e-02
-2.579484507441520691e-02
-9.999000000000000000e+03
-9.999000000000000000e+03
-9.999000000000000000e+03
-9.999000000000000000e+03
-9.999000000000000000e+03
-9.999000000000000000e+03
-9.999000000000000000e+03
-9.999000000000000000e+03
-9.999000000000000000e+03
-9.999000000000000000e+03
-9.999000000000000000e+03
-9.999000000000000000e+03
-9.999000000000000000e+03
-9.999000000000000000e+03
-9.999000000000000000e+03
-9.999000000000000000e+03
-9.999000000000000000e+03
-5.084116756916046143e-02
-7.850568741559982300e-02
-9.999000000000000000e+03
-9.999000000000000000e+03
-6.884166039526462555e-03
-1.638688519597053528e-02
-3.151110559701919556e-02
-4.108662903308868408e-02
-4.088971391320228577e-02
-5.358907952904701233e-02
-7.286740094423294067e-02
-7.472693175077438354e-02
-6.299172341823577881e-02
-5.691679939627647400e-02
-9.999000000000000000e+03
-9.999000000000000000e+03
-9.999000000000000000e+03
-9.999000000000000000e+03
-9.999000000000000000e+03
-9.999000000000000000e+03
-9.999000000000000000e+03
-9.999000000000000000e+03
-9.999000000000000000e+03
-9.999000000000000000e+03
-9.999000000000000000e+03
-9.999000000000000000e+03
-9.999000000000000000e+03
-9.999000000000000000e+03
-9.999000000000000000e+03
-9.999000000000000000e+03
-9.999000000000000000e+03
-9.999000000000000000e+03
-9.999000000000000000e+03
-9.999000000000000000e+03
-9.999000000000000000e+03
1.194424740970134735e-02
2.700599655508995056e-02
1.757377944886684418e-02
7.817164994776248932e-03
1.786944270133972168e-02
2.952830167487263680e-03
-3.589926660060882568e-02
-3.864486888051033020e-02
-4.961824044585227966e-02
-3.944622725248336792e-02
-9.999000000000000000e+03
-9.999000000000000000e+03
-9.999000000000000000e+03
-9.999000000000000000e+03
-9.999000000000000000e+03
-9.999000000000000000e+03
-9.999000000000000000e+03
-9.999000000000000000e+03
-9.999000000000000000e+03
-9.999000000000000000e+03
-9.999000000000000000e+03
-9.999000000000000000e+03
-9.999000000000000000e+03
-9.999000000000000000e+03
-9.999000000000000000e+03
-9.999000000000000000e+03
-9.999000000000000000e+03
-9.999000000000000000e+03
-9.999000000000000000e+03
-9.999000000000000000e+03
-9.999000000000000000e+03
-9.999000000000000000e+03
1.213148981332778931e-02
2.421279065310955048e-02
4.899699240922927856e-02
7.359939068555831909e-02
8.010940998792648315e-02
7.285231351852416992e-02
1.006752625107765198e-01
5.468938499689102173e-02
-9.999000000000000000e+03
-9.999000000000000000e+03
-9.999000000000000000e+03
-9.999000000000000000e+03
-9.999000000000000000e+03
-9.999000000000000000e+03
-9.999000000000000000e+03
-9.999000000000000000e+03
-9.999000000000000000e+03
-9.999000000000000000e+03
-9.999000000000000000e+03
-9.999000000000000000e+03
-9.999000000000000000e+03
-9.999000000000000000e+03
-9.999000000000000000e+03
-9.999000000000000000e+03
-9.999000000000000000e+03
-9.999000000000000000e+03
-9.999000000000000000e+03
-9.999000000000000000e+03
-9.999000000000000000e+03
-9.999000000000000000e+03
-9.999000000000000000e+03
2.741945534944534302e-02
3.198140114545822144e-02
3.180602565407752991e-02
4.502840712666511536e-02
1.025566756725311279e-01
1.064302250742912292e-01
1.981577575206756592e-01
2.295257896184921265e-01
1.643536686897277832e-01
-9.999000000000000000e+03
-9.999000000000000000e+03
-9.999000000000000000e+03
-9.999000000000000000e+03
-9.999000000000000000e+03
-9.999000000000000000e+03
-9.999000000000000000e+03
-9.999000000000000000e+03
-9.999000000000000000e+03
-9.999000000000000000e+03
-9.999000000000000000e+03
-9.999000000000000000e+03
-9.999000000000000000e+03
-9.999000000000000000e+03
-9.999000000000000000e+03
-9.999000000000000000e+03
-9.999000000000000000e+03
-9.999000000000000000e+03
-9.999000000000000000e+03
-9.999000000000000000e+03
-9.999000000000000000e+03
-9.999000000000000000e+03
-9.999000000000000000e+03
1.861036010086536407e-02
1.496378239244222641e-02
3.190351650118827820e-02
5.330927297472953796e-02
1.003374978899955750e-01
1.102411895990371704e-01
2.159487307071685791e-01
1.920961290597915649e-01
-9.999000000000000000e+03
-9.999000000000000000e+03
-9.999000000000000000e+03
-9.999000000000000000e+03
-9.999000000000000000e+03
-9.999000000000000000e+03
-9.999000000000000000e+03
-9.999000000000000000e+03
-9.999000000000000000e+03
-9.999000000000000000e+03
-9.999000000000000000e+03
-9.999000000000000000e+03
-9.999000000000000000e+03
-9.999000000000000000e+03
-9.999000000000000000e+03
-9.999000000000000000e+03
-9.999000000000000000e+03
-9.999000000000000000e+03
-9.999000000000000000e+03
-9.999000000000000000e+03
-9.999000000000000000e+03
-9.999000000000000000e+03
-9.999000000000000000e+03
-7.866000756621360779e-03
5.384867079555988312e-03
1.114785484969615936e-02
-4.957296699285507202e-02
-4.065825045108795166e-02
-5.421906709671020508e-02
2.047059312462806702e-02
1.228401437401771545e-01
1.627479493618011475e-01
-9.999000000000000000e+03
-9.999000000000000000e+03
-9.999000000000000000e+03
-9.999000000000000000e+03
-9.999000000000000000e+03
-9.999000000000000000e+03
-9.999000000000000000e+03
-9.999000000000000000e+03
-9.999000000000000000e+03
-9.999000000000000000e+03
-9.999000000000000000e+03
-9.999000000000000000e+03
-9.999000000000000000e+03
-9.999000000000000000e+03
-9.999000000000000000e+03
-9.999000000000000000e+03
-9.999000000000000000e+03
-9.999000000000000000e+03
-9.999000000000000000e+03
-9.999000000000000000e+03
-9.999000000000000000e+03
-9.999000000000000000e+03
-3.626799955964088440e-02
-5.343967676162719727e-02
-6.429754942655563354e-02
-6.570556759834289551e-02
-7.442069053649902344e-02
-6.227633729577064514e-02
-4.183416441082954407e-02
-2.808927744626998901e-02
3.774597123265266418e-02
1.014902070164680481e-01
8.895491063594818115e-02
5.693966895341873169e-02
3.071745857596397400e-02
-9.999000000000000000e+03
-9.999000000000000000e+03
-9.999000000000000000e+03
-9.999000000000000000e+03
-9.999000000000000000e+03
-9.999000000000000000e+03
-9.999000000000000000e+03
-9.999000000000000000e+03
-9.999000000000000000e+03
-9.999000000000000000e+03
-9.999000000000000000e+03
-9.999000000000000000e+03
-9.999000000000000000e+03
-9.999000000000000000e+03
-9.999000000000000000e+03
-9.999000000000000000e+03
-9.999000000000000000e+03
-3.951016813516616821e-02
-3.496301174163818359e-02
-3.635678440332412720e-02
-2.443933486938476562e-02
-2.108021825551986694e-02
-1.341352146118879318e-02
-2.154979854822158813e-03
-8.507231250405311584e-03
-2.895655110478401184e-03
5.343089252710342407e-02
5.850717425346374512e-02
1.800657622516155243e-02
2.397304959595203400e-02
2.007658034563064575e-02
-9.999000000000000000e+03
-9.999000000000000000e+03
-9.999000000000000000e+03
-9.999000000000000000e+03
-9.999000000000000000e+03
-9.999000000000000000e+03
-9.999000000000000000e+03
-9.999000000000000000e+03
-9.999000000000000000e+03
-9.999000000000000000e+03
-9.999000000000000000e+03
-9.999000000000000000e+03
-9.999000000000000000e+03
-9.999000000000000000e+03
-9.999000000000000000e+03
-4.841273650527000427e-02
-4.193491116166114807e-02
-7.234076410531997681e-02
-7.068832218647003174e-02
-3.856412693858146667e-02
-1.449674554169178009e-02
5.521528422832489014e-03
2.408270537853240967e-02
3.952713683247566223e-02
2.463334426283836365e-02
4.955133423209190369e-02
6.835681200027465820e-02
4.500757902860641479e-02
-1.116156205534934998e-02
-9.999000000000000000e+03
-9.999000000000000000e+03
-9.999000000000000000e+03
-9.999000000000000000e+03
-9.999000000000000000e+03
-9.999000000000000000e+03
-9.999000000000000000e+03
-9.999000000000000000e+03
-9.999000000000000000e+03
-9.999000000000000000e+03
-9.999000000000000000e+03
-9.999000000000000000e+03
-9.999000000000000000e+03
-9.999000000000000000e+03
-9.999000000000000000e+03
-9.999000000000000000e+03
-5.444981530308723450e-02
-7.563246041536331177e-02
-8.676087111234664917e-02
-1.014944985508918762e-01
-9.650314599275588989e-02
-7.438653707504272461e-02
-2.846056595444679260e-02
4.615784157067537308e-03
2.658707648515701294e-02
3.283360600471496582e-02
1.864709891378879547e-02
5.733420606702566147e-03
-1.180289313197135925e-02
-1.747000729665160179e-03
-9.999000000000000000e+03
-9.999000000000000000e+03
-9.999000000000000000e+03
-9.999000000000000000e+03
-9.999000000000000000e+03
-9.999000000000000000e+03
-9.999000000000000000e+03
-9.999000000000000000e+03
-9.999000000000000000e+03
-9.999000000000000000e+03
-9.999000000000000000e+03
-9.999000000000000000e+03
-9.999000000000000000e+03
-9.999000000000000000e+03
-9.999000000000000000e+03
-9.999000000000000000e+03
-9.999000000000000000e+03
-4.700896143913269043e-02
-8.109104633331298828e-02
-1.097445115447044373e-01
-9.380691498517990112e-02
-6.156710162758827209e-02
-5.031129717826843262e-02
-2.642969787120819092e-02
-8.267320692539215088e-03
1.798536628484725952e-02
5.439233779907226562e-02
5.547869578003883362e-02
3.383012861013412476e-02
2.344419248402118683e-02
-9.005748666822910309e-03
-9.999000000000000000e+03
-9.999000000000000000e+03
-9.999000000000000000e+03
-9.999000000000000000e+03
-9.999000000000000000e+03
-9.999000000000000000e+03
-9.999000000000000000e+03
-9.999000000000000000e+03
-9.999000000000000000e+03
-9.999000000000000000e+03
-9.999000000000000000e+03
-9.999000000000000000e+03
-9.999000000000000000e+03
-9.999000000000000000e+03
-9.999000000000000000e+03
-9.999000000000000000e+03
-9.999000000000000000e+03
-6.907875090837478638e-02
-8.829827606678009033e-02
-9.303734451532363892e-02
-7.578961551189422607e-02
-3.611959889531135559e-02
-1.925083622336387634e-02
-9.764992631971836090e-03
4.167399369180202484e-03
2.985399030148983002e-02
6.857800483703613281e-02
8.590752631425857544e-02
8.869111537933349609e-02
6.321874260902404785e-02
-9.999000000000000000e+03
-9.999000000000000000e+03
-9.999000000000000000e+03
-9.999000000000000000e+03
-9.999000000000000000e+03
-9.999000000000000000e+03
-9.999000000000000000e+03
-9.999000000000000000e+03
-9.999000000000000000e+03
-9.999000000000000000e+03
-9.999000000000000000e+03
-9.999000000000000000e+03
-9.999000000000000000e+03
-9.999000000000000000e+03
-9.999000000000000000e+03
-9.999000000000000000e+03
-9.999000000000000000e+03
-9.999000000000000000e+03
-5.826685577630996704e-02
-6.586220115423202515e-02
-4.349124804139137268e-02
-3.057909570634365082e-02
-3.665550844743847847e-03
1.111868023872375488e-02
2.440677955746650696e-02
5.805535987019538879e-02
6.367313116788864136e-02
7.972642779350280762e-02
6.963248550891876221e-02
7.452311366796493530e-02
-9.999000000000000000e+03
-9.999000000000000000e+03
-9.999000000000000000e+03
-9.999000000000000000e+03
-9.999000000000000000e+03
-9.999000000000000000e+03
-9.999000000000000000e+03
-9.999000000000000000e+03
-9.999000000000000000e+03
-9.999000000000000000e+03
-9.999000000000000000e+03
-9.999000000000000000e+03
-9.999000000000000000e+03
-9.999000000000000000e+03
-9.999000000000000000e+03
-9.999000000000000000e+03
-9.999000000000000000e+03
-9.999000000000000000e+03
-9.999000000000000000e+03
-3.378946706652641296e-02
-1.858568936586380005e-02
6.743847043253481388e-04
1.468632742762565613e-02
7.568498700857162476e-02
8.763933926820755005e-02
9.690417349338531494e-02
8.212210237979888916e-02
7.310584932565689087e-02
4.489727690815925598e-02
-9.999000000000000000e+03
-9.999000000000000000e+03
-9.999000000000000000e+03
-9.999000000000000000e+03
-9.999000000000000000e+03
-9.999000000000000000e+03
-9.999000000000000000e+03
-9.999000000000000000e+03
-9.999000000000000000e+03
-9.999000000000000000e+03
-9.999000000000000000e+03
-9.999000000000000000e+03
-9.999000000000000000e+03
-9.999000000000000000e+03
-9.999000000000000000e+03
-9.999000000000000000e+03
-9.999000000000000000e+03
-9.999000000000000000e+03
-9.999000000000000000e+03
-9.999000000000000000e+03
-9.999000000000000000e+03
-1.165852509438991547e-02
3.303860500454902649e-02
6.369077414274215698e-02
8.822183310985565186e-02
1.051364988088607788e-01
1.015900671482086182e-01
-9.999000000000000000e+03
-9.999000000000000000e+03
-9.999000000000000000e+03
-9.999000000000000000e+03
-9.999000000000000000e+03
-9.999000000000000000e+03
-9.999000000000000000e+03
-9.999000000000000000e+03
-9.999000000000000000e+03
-9.999000000000000000e+03
-9.999000000000000000e+03
-9.999000000000000000e+03
-9.999000000000000000e+03
-9.999000000000000000e+03
-9.999000000000000000e+03
-9.999000000000000000e+03
-9.999000000000000000e+03
-9.999000000000000000e+03
-9.999000000000000000e+03
-9.999000000000000000e+03
-9.999000000000000000e+03
-9.999000000000000000e+03
-9.999000000000000000e+03
-9.999000000000000000e+03
-9.999000000000000000e+03
-1.464991481043398380e-03
1.430433243513107300e-02
6.746277958154678345e-02
-9.999000000000000000e+03
-9.999000000000000000e+03
-9.999000000000000000e+03
-9.999000000000000000e+03
-9.999000000000000000e+03
-9.999000000000000000e+03
-9.999000000000000000e+03
-9.999000000000000000e+03
-9.999000000000000000e+03
-9.999000000000000000e+03
-9.999000000000000000e+03
-9.999000000000000000e+03
-9.999000000000000000e+03
-9.999000000000000000e+03
-9.999000000000000000e+03
-9.999000000000000000e+03
-9.999000000000000000e+03
-9.999000000000000000e+03
-9.999000000000000000e+03
-9.999000000000000000e+03
-9.999000000000000000e+03
-9.999000000000000000e+03
-9.999000000000000000e+03
-9.999000000000000000e+03
-9.999000000000000000e+03
-9.999000000000000000e+03
-9.999000000000000000e+03
-9.999000000000000000e+03
