-1.347765326499938965e-01
-8.972030133008956909e-02
-3.648034483194351196e-02
2.276378683745861053e-02
8.048649877309799194e-02
1.249673590064048767e-01
1.620644927024841309e-01
1.908597350120544434e-01
2.224442362785339355e-01
2.522315084934234619e-01
2.500359416007995605e-01
-9.999000000000000000e+03
-9.999000000000000000e+03
-9.999000000000000000e+03
-9.999000000000000000e+03
-9.999000000000000000e+03
-9.999000000000000000e+03
-9.999000000000000000e+03
-9.999000000000000000e+03
-9.999000000000000000e+03
-9.999000000000000000e+03
-9.999000000000000000e+03
-9.999000000000000000e+03
1.381502207368612289e-02
1.066385433077812195e-01
1.299062073230743408e-01
1.534030735492706299e-01
1.401568055152893066e-01
1.334353089332580566e-01
1.328746080398559570e-01
1.141962707042694092e-01
-1.245159283280372620e-01
-8.493462204933166504e-02
-3.205212950706481934e-02
2.559474296867847443e-02
9.000696986913681030e-02
1.337040662765502930e-01
1.725898236036300659e-01
2.025574892759323120e-01
2.270734012126922607e-01
2.501352131366729736e-01
2.516083419322967529e-01
1.481227427721023560e-01
-9.999000000000000000e+03
-9.999000000000000000e+03
-9.999000000000000000e+03
-9.999000000000000000e+03
-9.999000000000000000e+03
-9.999000000000000000e+03
-9.999000000000000000e+03
-9.999000000000000000e+03
-9.999000000000000000e+03
8.533190935850143433e-03
-7.836385047994554043e-04
8.321259170770645142e-03
5.164446309208869934e-02
8.741663396358489990e-02
1.155170649290084839e-01
9.496427327394485474e-02
8.164147287607192993e-02
8.653312176465988159e-02
9.411392360925674438e-02
-1.249787136912345886e-01
-7.223594188690185547e-02
-8.544880896806716919e-03
5.559056252241134644e-02
1.048902645707130432e-01
1.430157423019409180e-01
1.743249595165252686e-01
2.050499618053436279e-01
2.261936068534851074e-01
2.421909868717193604e-01
2.277047634124755859e-01
1.489666998386383057e-01
-9.999000000000000000e+03
-9.999000000000000000e+03
-9.999000000000000000e+03
-9.999000000000000000e+03
-9.999000000000000000e+03
-9.999000000000000000e+03
-9.999000000000000000e+03
4.349668510258197784e-03
4.724355880171060562e-03
1.854173094034194946e-02
-8.582068607211112976e-03
-3.148801624774932861e-03
2.373501099646091461e-02
3.428662195801734924e-02
5.544899404048919678e-02
6.317347288131713867e-02
6.765733659267425537e-02
7.281528413295745850e-02
7.367957383394241333e-02
-1.050839945673942566e-01
-5.600625649094581604e-02
-2.364972606301307678e-03
5.652821436524391174e-02
1.162061765789985657e-01
1.535974442958831787e-01
1.761649250984191895e-01
2.012860029935836792e-01
2.156149148941040039e-01
2.260787785053253174e-01
2.176222056150436401e-01
1.432175785303115845e-01
6.116720661520957947e-02
-9.999000000000000000e+03
-9.999000000000000000e+03
-9.999000000000000000e+03
6.720491219311952591e-03
3.733243560418486595e-03
3.324312623590230942e-03
5.665391217917203903e-03
-1.986823277547955513e-03
-4.640884231775999069e-03
-1.573920249938964844e-02
-7.793053053319454193e-03
3.511430695652961731e-02
1.947782374918460846e-02
5.058774352073669434e-02
5.618889629840850830e-02
5.556122213602066040e-02
6.001273170113563538e-02
6.663530319929122925e-02
-1.015974655747413635e-01
-3.651189804077148438e-02
2.040824294090270996e-02
5.568310245871543884e-02
1.005064174532890320e-01
1.309326738119125366e-01
1.530252695083618164e-01
1.819138526916503906e-01
1.903873682022094727e-01
1.885497272014617920e-01
1.603733450174331665e-01
1.047161892056465149e-01
4.440898448228836060e-02
3.155464539304375648e-03
-3.178811166435480118e-03
-1.793627307051792741e-04
7.308178581297397614e-03
1.806283183395862579e-02
1.644699275493621826e-02
1.699144951999187469e-02
4.870309785474091768e-04
-1.586576364934444427e-02
-1.838897913694381714e-02
-6.483193486928939819e-03
2.783061703667044640e-03
-5.351614672690629959e-03
1.286691892892122269e-02
1.361791603267192841e-02
2.674010209739208221e-02
4.787753894925117493e-02
5.897716432809829712e-02
-9.477742016315460205e-02
-4.876894876360893250e-02
-3.472475102171301842e-03
3.145303949713706970e-02
7.290726900100708008e-02
9.695842862129211426e-02
1.099020913243293762e-01
1.349252462387084961e-01
1.456401199102401733e-01
1.547975689172744751e-01
1.236850246787071228e-01
8.080240339040756226e-02
3.396670147776603699e-02
-2.845696406438946724e-03
-6.953633856028318405e-03
3.716459497809410095e-03
3.070455975830554962e-02
5.670727416872978210e-02
5.239638313651084900e-02
4.300677031278610229e-02
1.631486602127552032e-02
-1.528786774724721909e-02
-3.723056241869926453e-02
-4.162434488534927368e-02
-4.776651784777641296e-02
-6.148075684905052185e-02
-3.799715638160705566e-02
-3.162738308310508728e-02
-1.138734724372625351e-02
2.560221776366233826e-02
5.731995403766632080e-02
-8.326967805624008179e-02
-5.626363679766654968e-02
-2.203026972711086273e-02
1.473616866860538721e-04
3.197010606527328491e-02
5.239867046475410461e-02
6.921150535345077515e-02
9.267783164978027344e-02
9.743979573249816895e-02
1.047249734401702881e-01
9.693358093500137329e-02
6.999069452285766602e-02
3.653771802783012390e-02
4.163322038948535919e-03
3.282192721962928772e-02
5.782796442508697510e-02
8.966864645481109619e-02
1.055805832147598267e-01
9.277635812759399414e-02
7.774525880813598633e-02
3.279063478112220764e-02
-2.810303866863250732e-02
-7.837364077568054199e-02
-1.006120517849922180e-01
-1.183309257030487061e-01
-1.251832842826843262e-01
-1.031806617975234985e-01
-9.902550280094146729e-02
-6.627736240625381470e-02
9.039646014571189880e-03
4.370231553912162781e-02
-7.968968898057937622e-02
-5.602001398801803589e-02
-3.156801313161849976e-02
-2.120157331228256226e-02
-1.929172896780073643e-03
2.053509280085563660e-02
2.747490443289279938e-02
4.657825082540512085e-02
5.196185037493705750e-02
7.320589572191238403e-02
7.988601922988891602e-02
6.515229493379592896e-02
5.324103310704231262e-02
5.602695420384407043e-02
8.671680837869644165e-02
1.076973453164100647e-01
1.388589590787887573e-01
1.395644694566726685e-01
1.164730787277221680e-01
8.732303977012634277e-02
3.988278657197952271e-02
-7.455912418663501740e-03
-5.654799193143844604e-02
-1.188061758875846863e-01
-1.793799102306365967e-01
-1.878984272480010986e-01
-1.948116272687911987e-01
-1.906965076923370361e-01
-1.411007791757583618e-01
-3.593443334102630615e-02
7.262367755174636841e-03
-6.120646372437477112e-02
-4.541757702827453613e-02
-3.588696196675300598e-02
-3.177090734243392944e-02
-2.263707295060157776e-02
-2.148977853357791901e-02
-1.301272492855787277e-02
8.443027734756469727e-03
3.342716023325920105e-02
6.024013832211494446e-02
7.294186204671859741e-02
7.165958732366561890e-02
8.544377982616424561e-02
1.143920272588729858e-01
1.427644193172454834e-01
1.469782888889312744e-01
1.518694013357162476e-01
1.387028396129608154e-01
1.210467517375946045e-01
8.204688876867294312e-02
1.758709177374839783e-02
-1.932277344167232513e-02
-3.476950153708457947e-02
-7.532260566949844360e-02
-9.327021241188049316e-02
-1.822985559701919556e-01
-2.434520572423934937e-01
-2.654958367347717285e-01
-2.058847099542617798e-01
-1.096476763486862183e-01
-4.198686778545379639e-02
-6.607581675052642822e-02
-4.892798513174057007e-02
-3.876413032412528992e-02
-3.088394738733768463e-02
-3.739123418927192688e-02
-3.725528717041015625e-02
-3.350847959518432617e-02
-1.296413317322731018e-02
1.728984154760837555e-02
5.449412390589714050e-02
7.697001844644546509e-02
1.065358743071556091e-01
1.301418244838714600e-01
1.468364149332046509e-01
1.551285237073898315e-01
1.494925171136856079e-01
1.363894045352935791e-01
8.511265367269515991e-02
7.478537410497665405e-02
2.515120059251785278e-02
1.148873008787631989e-03
-9.999000000000000000e+03
-9.999000000000000000e+03
-9.999000000000000000e+03
-9.999000000000000000e+03
-9.999000000000000000e+03
-9.999000000000000000e+03
-2.333898544311523438e-01
-2.696648538112640381e-01
-1.641421765089035034e-01
-7.985256612300872803e-02
-8.742558956146240234e-02
-6.814049929380416870e-02
-5.452546477317810059e-02
-5.369119718670845032e-02
-6.189818307757377625e-02
-7.242985069751739502e-02
-4.808011651039123535e-02
-1.300888415426015854e-02
3.047592751681804657e-02
7.395729422569274902e-02
9.787245094776153564e-02
1.482433974742889404e-01
1.543554663658142090e-01
1.516479402780532837e-01
1.292748302221298218e-01
1.142175719141960144e-01
1.170218512415885925e-01
-9.999000000000000000e+03
-9.999000000000000000e+03
-9.999000000000000000e+03
-9.999000000000000000e+03
-9.999000000000000000e+03
-9.999000000000000000e+03
-9.999000000000000000e+03
-9.999000000000000000e+03
-9.999000000000000000e+03
-9.999000000000000000e+03
-1.953718066215515137e-01
-2.543315589427947998e-01
-2.167705744504928589e-01
-1.305197179317474365e-01
-1.125145256519317627e-01
-7.262329012155532837e-02
-5.686229839920997620e-02
-4.884502291679382324e-02
-6.424923986196517944e-02
-6.799370050430297852e-02
-3.545323014259338379e-02
9.309947490692138672e-03
7.237835228443145752e-02
1.129475012421607971e-01
1.336413919925689697e-01
1.537985205650329590e-01
1.525979787111282349e-01
1.373240947723388672e-01
6.067708507180213928e-02
6.225319206714630127e-02
-9.999000000000000000e+03
-9.999000000000000000e+03
-9.999000000000000000e+03
-9.999000000000000000e+03
-9.999000000000000000e+03
-9.999000000000000000e+03
-9.999000000000000000e+03
-9.999000000000000000e+03
-9.999000000000000000e+03
-9.999000000000000000e+03
-9.999000000000000000e+03
-9.999000000000000000e+03
-1.711055338382720947e-01
-1.963606178760528564e-01
-1.081089898943901062e-01
-8.373740315437316895e-02
-7.106864452362060547e-02
-5.106854438781738281e-02
-2.305544167757034302e-02
-3.326293453574180603e-02
-2.358935959637165070e-02
1.828113198280334473e-02
5.959773063659667969e-02
1.047517955303192139e-01
1.214786544442176819e-01
1.342934519052505493e-01
1.616072952747344971e-01
1.078563034534454346e-01
1.150594279170036316e-01
-9.999000000000000000e+03
-9.999000000000000000e+03
-9.999000000000000000e+03
-9.999000000000000000e+03
-9.999000000000000000e+03
-9.999000000000000000e+03
-9.999000000000000000e+03
-9.999000000000000000e+03
-9.999000000000000000e+03
-9.999000000000000000e+03
-9.999000000000000000e+03
-9.999000000000000000e+03
-9.999000000000000000e+03
-9.999000000000000000e+03
-9.999000000000000000e+03
-1.615624576807022095e-01
-1.048349142074584961e-01
-9.999000000000000000e+03
-6.534352153539657593e-02
-6.380118429660797119e-02
-4.218878969550132751e-02
-2.182974852621555328e-02
-8.362793363630771637e-03
3.917909413576126099e-02
1.032191663980484009e-01
1.076694950461387634e-01
1.186926811933517456e-01
1.335945427417755127e-01
1.353912502527236938e-01
8.078587055206298828e-02
-9.999000000000000000e+03
-9.999000000000000000e+03
-9.999000000000000000e+03
-9.999000000000000000e+03
-9.999000000000000000e+03
-9.999000000000000000e+03
-9.999000000000000000e+03
-9.999000000000000000e+03
-9.999000000000000000e+03
-9.999000000000000000e+03
-9.999000000000000000e+03
-9.999000000000000000e+03
-9.999000000000000000e+03
-9.999000000000000000e+03
-9.999000000000000000e+03
-9.999000000000000000e+03
-8.208896964788436890e-02
-5.005438625812530518e-02
-9.999000000000000000e+03
-9.999000000000000000e+03
-8.550831675529479980e-02
-6.563884019851684570e-02
-2.720897085964679718e-02
1.187690440565347672e-02
7.693088799715042114e-02
1.132206693291664124e-01
1.004774123430252075e-01
1.178282499313354492e-01
1.171124726533889771e-01
2.910288982093334198e-02
-9.999000000000000000e+03
-9.999000000000000000e+03
-9.999000000000000000e+03
-9.999000000000000000e+03
-9.999000000000000000e+03
-9.999000000000000000e+03
-9.999000000000000000e+03
-9.999000000000000000e+03
-9.999000000000000000e+03
-9.999000000000000000e+03
-9.999000000000000000e+03
-9.999000000000000000e+03
-9.999000000000000000e+03
-9.999000000000000000e+03
-9.999000000000000000e+03
-9.999000000000000000e+03
-9.999000000000000000e+03
-3.719913586974143982e-02
-1.712002232670783997e-02
-9.999000000000000000e+03
-9.999000000000000000e+03
-5.842903256416320801e-02
-6.238780915737152100e-02
-3.696859627962112427e-02
2.037042193114757538e-02
9.356334805488586426e-02
9.937047213315963745e-02
1.157256215810775757e-01
1.257605552673339844e-01
9.835385531187057495e-02
4.017474874854087830e-02
-9.999000000000000000e+03
-9.999000000000000000e+03
-9.999000000000000000e+03
-9.999000000000000000e+03
-9.999000000000000000e+03
-9.999000000000000000e+03
-9.999000000000000000e+03
-9.999000000000000000e+03
-9.999000000000000000e+03
-9.999000000000000000e+03
-9.999000000000000000e+03
-9.999000000000000000e+03
-9.999000000000000000e+03
-9.999000000000000000e+03
-9.999000000000000000e+03
-9.999000000000000000e+03
-9.999000000000000000e+03
-9.999000000000000000e+03
-9.999000000000000000e+03
-9.999000000000000000e+03
-9.999000000000000000e+03
-3.556867688894271851e-02
-6.251993030309677124e-02
-4.013754799962043762e-02
1.968168094754219055e-02
4.545955732464790344e-02
8.202201873064041138e-02
1.327452808618545532e-01
1.421165317296981812e-01
7.006654888391494751e-02
4.385767877101898193e-02
-9.999000000000000000e+03
-9.999000000000000000e+03
-9.999000000000000000e+03
-9.999000000000000000e+03
-9.999000000000000000e+03
-9.999000000000000000e+03
-9.999000000000000000e+03
-9.999000000000000000e+03
-9.999000000000000000e+03
-9.999000000000000000e+03
-9.999000000000000000e+03
-9.999000000000000000e+03
-9.999000000000000000e+03
-9.999000000000000000e+03
-9.999000000000000000e+03
-9.999000000000000000e+03
-9.999000000000000000e+03
-9.999000000000000000e+03
-9.999000000000000000e+03
-9.999000000000000000e+03
-9.999000000000000000e+03
-9.999000000000000000e+03
-4.714782163500785828e-02
-5.421582236886024475e-02
-1.034993492066860199e-02
-6.662157177925109863e-02
5.906347930431365967e-02
1.419903934001922607e-01
1.678465455770492554e-01
9.688580036163330078e-02
-9.999000000000000000e+03
-9.999000000000000000e+03
-9.999000000000000000e+03
-9.999000000000000000e+03
-9.999000000000000000e+03
-9.999000000000000000e+03
-9.999000000000000000e+03
-9.999000000000000000e+03
-9.999000000000000000e+03
-9.999000000000000000e+03
-9.999000000000000000e+03
-9.999000000000000000e+03
-9.999000000000000000e+03
-9.999000000000000000e+03
-9.999000000000000000e+03
-9.999000000000000000e+03
-9.999000000000000000e+03
-9.999000000000000000e+03
-9.999000000000000000e+03
-9.999000000000000000e+03
-9.999000000000000000e+03
-9.999000000000000000e+03
-9.999000000000000000e+03
-4.765451699495315552e-02
-4.364667460322380066e-02
-6.408366560935974121e-02
-1.138084232807159424e-01
4.056675732135772705e-02
1.585139930248260498e-01
2.112517803907394409e-01
1.477088630199432373e-01
8.992744237184524536e-02
-9.999000000000000000e+03
-9.999000000000000000e+03
-9.999000000000000000e+03
-9.999000000000000000e+03
-9.999000000000000000e+03
-9.999000000000000000e+03
-9.999000000000000000e+03
-9.999000000000000000e+03
-9.999000000000000000e+03
-9.999000000000000000e+03
-9.999000000000000000e+03
-9.999000000000000000e+03
-9.999000000000000000e+03
-9.999000000000000000e+03
-9.999000000000000000e+03
-9.999000000000000000e+03
-9.999000000000000000e+03
-9.999000000000000000e+03
-9.999000000000000000e+03
-9.999000000000000000e+03
-9.999000000000000000e+03
-9.999000000000000000e+03
-9.999000000000000000e+03
-4.451604560017585754e-02
-8.214883506298065186e-02
-6.757783144712448120e-02
4.633151739835739136e-02
9.665989130735397339e-02
6.700144708156585693e-02
1.123984828591346741e-01
1.193267256021499634e-01
-9.999000000000000000e+03
-9.999000000000000000e+03
-9.999000000000000000e+03
-9.999000000000000000e+03
-9.999000000000000000e+03
-9.999000000000000000e+03
-9.999000000000000000e+03
-9.999000000000000000e+03
-9.999000000000000000e+03
-9.999000000000000000e+03
-9.999000000000000000e+03
-9.999000000000000000e+03
-9.999000000000000000e+03
-9.999000000000000000e+03
-9.999000000000000000e+03
-9.999000000000000000e+03
-9.999000000000000000e+03
-9.999000000000000000e+03
-9.999000000000000000e+03
-9.999000000000000000e+03
-9.999000000000000000e+03
-9.999000000000000000e+03
-9.999000000000000000e+03
-2.668084017932415009e-02
-6.320935487747192383e-02
-7.119189947843551636e-02
-5.538376420736312866e-02
-8.022951334714889526e-02
-9.992787241935729980e-02
-3.060042299330234528e-02
5.156933516263961792e-02
7.822711765766143799e-02
-9.999000000000000000e+03
-9.999000000000000000e+03
-9.999000000000000000e+03
-9.999000000000000000e+03
-9.999000000000000000e+03
-9.999000000000000000e+03
-9.999000000000000000e+03
-9.999000000000000000e+03
-9.999000000000000000e+03
-9.999000000000000000e+03
-9.999000000000000000e+03
-9.999000000000000000e+03
-9.999000000000000000e+03
-9.999000000000000000e+03
-9.999000000000000000e+03
-9.999000000000000000e+03
-9.999000000000000000e+03
-9.999000000000000000e+03
-9.999000000000000000e+03
-9.999000000000000000e+03
-9.999000000000000000e+03
-9.999000000000000000e+03
4.073375463485717773e-02
-2.638221718370914459e-02
-6.714276224374771118e-02
-9.414470195770263672e-02
-1.138951033353805542e-01
-1.357296407222747803e-01
-8.370908349752426147e-02
2.351553877815604210e-03
9.725961089134216309e-02
7.622730731964111328e-02
3.124355711042881012e-02
1.884965598583221436e-02
4.908441007137298584e-02
-9.999000000000000000e+03
-9.999000000000000000e+03
-9.999000000000000000e+03
-9.999000000000000000e+03
-9.999000000000000000e+03
-9.999000000000000000e+03
-9.999000000000000000e+03
-9.999000000000000000e+03
-9.999000000000000000e+03
-9.999000000000000000e+03
-9.999000000000000000e+03
-9.999000000000000000e+03
-9.999000000000000000e+03
-9.999000000000000000e+03
-9.999000000000000000e+03
-9.999000000000000000e+03
-9.999000000000000000e+03
4.878637939691543579e-02
4.497114196419715881e-02
1.701662316918373108e-02
-2.718875743448734283e-02
-6.448718160390853882e-02
-1.035469323396682739e-01
-1.030449643731117249e-01
-6.885655224323272705e-02
-1.508502871729433537e-03
8.572605252265930176e-02
5.299748480319976807e-02
-5.042768083512783051e-03
2.190239168703556061e-02
3.670406714081764221e-02
-9.999000000000000000e+03
-9.999000000000000000e+03
-9.999000000000000000e+03
-9.999000000000000000e+03
-9.999000000000000000e+03
-9.999000000000000000e+03
-9.999000000000000000e+03
-9.999000000000000000e+03
-9.999000000000000000e+03
-9.999000000000000000e+03
-9.999000000000000000e+03
-9.999000000000000000e+03
-9.999000000000000000e+03
-9.999000000000000000e+03
-9.999000000000000000e+03
4.493902623653411865e-02
5.271059274673461914e-02
3.500010818243026733e-02
3.223912045359611511e-02
2.309781499207019806e-02
7.395417778752744198e-04
-3.164403885602951050e-02
-7.477553933858871460e-02
-1.026839539408683777e-01
-7.270587980747222900e-02
2.300770487636327744e-03
3.415369242429733276e-02
6.500086188316345215e-02
4.532795399427413940e-02
-9.999000000000000000e+03
-9.999000000000000000e+03
-9.999000000000000000e+03
-9.999000000000000000e+03
-9.999000000000000000e+03
-9.999000000000000000e+03
-9.999000000000000000e+03
-9.999000000000000000e+03
-9.999000000000000000e+03
-9.999000000000000000e+03
-9.999000000000000000e+03
-9.999000000000000000e+03
-9.999000000000000000e+03
-9.999000000000000000e+03
-9.999000000000000000e+03
-9.999000000000000000e+03
1.613184437155723572e-02
3.155154362320899963e-02
7.049489021301269531e-02
6.730751693248748779e-02
4.729587212204933167e-02
2.066655643284320831e-02
-1.434763614088296890e-02
-3.611183166503906250e-02
-5.154884234070777893e-02
-7.327248901128768921e-02
-7.833724468946456909e-02
-3.429618850350379944e-02
1.139592030085623264e-03
8.765738457441329956e-02
-9.999000000000000000e+03
-9.999000000000000000e+03
-9.999000000000000000e+03
-9.999000000000000000e+03
-9.999000000000000000e+03
-9.999000000000000000e+03
-9.999000000000000000e+03
-9.999000000000000000e+03
-9.999000000000000000e+03
-9.999000000000000000e+03
-9.999000000000000000e+03
-9.999000000000000000e+03
-9.999000000000000000e+03
-9.999000000000000000e+03
-9.999000000000000000e+03
-9.999000000000000000e+03
-9.999000000000000000e+03
1.699652709066867828e-02
2.652773447334766388e-02
8.564308285713195801e-02
8.006864041090011597e-02
3.439160808920860291e-02
-9.688819758594036102e-03
-4.440697282552719116e-02
-5.363858863711357117e-02
-3.769427910447120667e-02
-4.904502630233764648e-02
-5.092553794384002686e-02
-2.895803749561309814e-02
1.603743876330554485e-04
5.534191802144050598e-02
-9.999000000000000000e+03
-9.999000000000000000e+03
-9.999000000000000000e+03
-9.999000000000000000e+03
-9.999000000000000000e+03
-9.999000000000000000e+03
-9.999000000000000000e+03
-9.999000000000000000e+03
-9.999000000000000000e+03
-9.999000000000000000e+03
-9.999000000000000000e+03
-9.999000000000000000e+03
-9.999000000000000000e+03
-9.999000000000000000e+03
-9.999000000000000000e+03
-9.999000000000000000e+03
-9.999000000000000000e+03
2.184221707284450531e-02
6.135591119527816772e-02
8.445583283901214600e-02
7.014463096857070923e-02
1.445295475423336029e-02
-5.771265178918838501e-02
-8.124198019504547119e-02
-7.504709064960479736e-02
-4.246548190712928772e-02
-3.032812103629112244e-02
-3.522644564509391785e-02
-1.641578786075115204e-02
-2.591934613883495331e-02
-9.999000000000000000e+03
-9.999000000000000000e+03
-9.999000000000000000e+03
-9.999000000000000000e+03
-9.999000000000000000e+03
-9.999000000000000000e+03
-9.999000000000000000e+03
-9.999000000000000000e+03
-9.999000000000000000e+03
-9.999000000000000000e+03
-9.999000000000000000e+03
-9.999000000000000000e+03
-9.999000000000000000e+03
-9.999000000000000000e+03
-9.999000000000000000e+03
-9.999000000000000000e+03
-9.999000000000000000e+03
-9.999000000000000000e+03
5.525171384215354919e-02
9.034037590026855469e-02
7.949702441692352295e-02
3.861536458134651184e-02
-3.559803590178489685e-02
-9.022720158100128174e-02
-1.009843423962593079e-01
-9.513439238071441650e-02
-4.238248243927955627e-02
-1.379880309104919434e-02
-1.104040257632732391e-02
-1.893344894051551819e-02
-9.999000000000000000e+03
-9.999000000000000000e+03
-9.999000000000000000e+03
-9.999000000000000000e+03
-9.999000000000000000e+03
-9.999000000000000000e+03
-9.999000000000000000e+03
-9.999000000000000000e+03
-9.999000000000000000e+03
-9.999000000000000000e+03
-9.999000000000000000e+03
-9.999000000000000000e+03
-9.999000000000000000e+03
-9.999000000000000000e+03
-9.999000000000000000e+03
-9.999000000000000000e+03
-9.999000000000000000e+03
-9.999000000000000000e+03
-9.999000000000000000e+03
7.746092975139617920e-02
8.992850035429000854e-02
6.714654713869094849e-02
2.916094474494457245e-02
-8.783961087465286255e-02
-1.088497564196586609e-01
-9.675643593072891235e-02
-6.095997616648674011e-02
-3.523762151598930359e-02
-1.776135154068470001e-02
-9.999000000000000000e+03
-9.999000000000000000e+03
-9.999000000000000000e+03
-9.999000000000000000e+03
-9.999000000000000000e+03
-9.999000000000000000e+03
-9.999000000000000000e+03
-9.999000000000000000e+03
-9.999000000000000000e+03
-9.999000000000000000e+03
-9.999000000000000000e+03
-9.999000000000000000e+03
-9.999000000000000000e+03
-9.999000000000000000e+03
-9.999000000000000000e+03
-9.999000000000000000e+03
-9.999000000000000000e+03
-9.999000000000000000e+03
-9.999000000000000000e+03
-9.999000000000000000e+03
-9.999000000000000000e+03
7.126581668853759766e-02
5.178987979888916016e-02
3.225510939955711365e-02
-3.496172651648521423e-02
-8.408719301223754883e-02
-9.004878252744674683e-02
-9.999000000000000000e+03
-9.999000000000000000e+03
-9.999000000000000000e+03
-9.999000000000000000e+03
-9.999000000000000000e+03
-9.999000000000000000e+03
-9.999000000000000000e+03
-9.999000000000000000e+03
-9.999000000000000000e+03
-9.999000000000000000e+03
-9.999000000000000000e+03
-9.999000000000000000e+03
-9.999000000000000000e+03
-9.999000000000000000e+03
-9.999000000000000000e+03
-9.999000000000000000e+03
-9.999000000000000000e+03
-9.999000000000000000e+03
-9.999000000000000000e+03
-9.999000000000000000e+03
-9.999000000000000000e+03
-9.999000000000000000e+03
-9.999000000000000000e+03
-9.999000000000000000e+03
-9.999000000000000000e+03
1.809584721922874451e-02
2.138374187052249908e-02
1.872462779283523560e-02
-9.999000000000000000e+03
-9.999000000000000000e+03
-9.999000000000000000e+03
-9.999000000000000000e+03
-9.999000000000000000e+03
-9.999000000000000000e+03
-9.999000000000000000e+03
-9.999000000000000000e+03
-9.999000000000000000e+03
-9.999000000000000000e+03
-9.999000000000000000e+03
-9.999000000000000000e+03
-9.999000000000000000e+03
-9.999000000000000000e+03
-9.999000000000000000e+03
-9.999000000000000000e+03
-9.999000000000000000e+03
-9.999000000000000000e+03
-9.999000000000000000e+03
-9.999000000000000000e+03
-9.999000000000000000e+03
-9.999000000000000000e+03
-9.999000000000000000e+03
-9.999000000000000000e+03
-9.999000000000000000e+03
-9.999000000000000000e+03
-9.999000000000000000e+03
-9.999000000000000000e+03
