-1.262834221124649048e-01
-8.658614009618759155e-02
-3.417600318789482117e-02
2.094970084726810455e-02
7.360824942588806152e-02
1.137767732143402100e-01
1.542259156703948975e-01
1.953192651271820068e-01
2.357680648565292358e-01
2.617468833923339844e-01
2.633380889892578125e-01
-9.999000000000000000e+03
-9.999000000000000000e+03
-9.999000000000000000e+03
-9.999000000000000000e+03
-9.999000000000000000e+03
-9.999000000000000000e+03
-9.999000000000000000e+03
-9.999000000000000000e+03
-9.999000000000000000e+03
-9.999000000000000000e+03
-9.999000000000000000e+03
-9.999000000000000000e+03
2.336595021188259125e-02
5.524111539125442505e-02
8.215204626321792603e-02
1.020536348223686218e-01
9.943481534719467163e-02
1.046019345521926880e-01
9.066578000783920288e-02
9.469131380319595337e-02
-1.180196776986122131e-01
-8.165314793586730957e-02
-3.181462362408638000e-02
2.057208865880966187e-02
8.154059946537017822e-02
1.262010186910629272e-01
1.770185232162475586e-01
2.172033190727233887e-01
2.506583333015441895e-01
2.723645269870758057e-01
2.705589234828948975e-01
1.582309156656265259e-01
-9.999000000000000000e+03
-9.999000000000000000e+03
-9.999000000000000000e+03
-9.999000000000000000e+03
-9.999000000000000000e+03
-9.999000000000000000e+03
-9.999000000000000000e+03
-9.999000000000000000e+03
-9.999000000000000000e+03
1.348365657031536102e-02
1.822527125477790833e-02
3.033806383609771729e-02
2.824863232672214508e-02
5.974399298429489136e-02
7.577732205390930176e-02
7.341908663511276245e-02
6.542988866567611694e-02
7.029760628938674927e-02
8.082502335309982300e-02
-1.241324916481971741e-01
-7.662881910800933838e-02
-2.089542336761951447e-02
3.866123780608177185e-02
9.324145317077636719e-02
1.401854306459426880e-01
1.845572292804718018e-01
2.300519347190856934e-01
2.622556388378143311e-01
2.757802307605743408e-01
2.558873593807220459e-01
1.711881011724472046e-01
-9.999000000000000000e+03
-9.999000000000000000e+03
-9.999000000000000000e+03
-9.999000000000000000e+03
-9.999000000000000000e+03
-9.999000000000000000e+03
-9.999000000000000000e+03
-1.873925328254699707e-02
-6.431571207940578461e-03
1.326977834105491638e-02
-1.632282859645783901e-03
1.282531116157770157e-02
3.423254564404487610e-02
3.307757154107093811e-02
3.982362896203994751e-02
3.524601086974143982e-02
4.172821342945098877e-02
4.899052157998085022e-02
6.002842262387275696e-02
-1.087386086583137512e-01
-7.383366674184799194e-02
-2.825175411999225616e-02
3.143980726599693298e-02
1.006902530789375305e-01
1.523371338844299316e-01
1.876812726259231567e-01
2.261956334114074707e-01
2.473645359277725220e-01
2.624716758728027344e-01
2.556022107601165771e-01
1.854626536369323730e-01
8.302485942840576172e-02
-9.999000000000000000e+03
-9.999000000000000000e+03
-9.999000000000000000e+03
-4.145731031894683838e-02
-4.375277459621429443e-02
-3.722472861409187317e-02
-1.459070388227701187e-02
-8.211260661482810974e-03
-3.421102883294224739e-03
3.461026353761553764e-04
9.476984851062297821e-03
2.904591523110866547e-02
-9.939088486135005951e-04
8.793300017714500427e-03
9.498945437371730804e-03
1.168876048177480698e-02
2.617939934134483337e-02
4.147865995764732361e-02
-9.005331248044967651e-02
-5.235924944281578064e-02
-7.227034308016300201e-03
3.541582450270652771e-02
8.792369812726974487e-02
1.274367272853851318e-01
1.590109169483184814e-01
1.975983530282974243e-01
2.084748893976211548e-01
2.086788564920425415e-01
1.981787979602813721e-01
1.428056806325912476e-01
6.437543034553527832e-02
1.549826585687696934e-03
-5.370607972145080566e-02
-6.607624143362045288e-02
-5.195345729589462280e-02
-2.774667926132678986e-02
-9.715731255710124969e-03
1.240054983645677567e-02
1.341900881379842758e-02
6.265177857130765915e-03
8.658931590616703033e-03
-6.408093613572418690e-04
-1.042719464749097824e-02
-3.489054366946220398e-02
-3.627717122435569763e-02
-3.167027607560157776e-02
-2.469524368643760681e-02
8.996711112558841705e-03
3.493715077638626099e-02
-6.116264685988426208e-02
-4.292104765772819519e-02
-1.410716865211725235e-02
2.183490619063377380e-02
7.121310383081436157e-02
1.022993624210357666e-01
1.201097965240478516e-01
1.443337351083755493e-01
1.490733325481414795e-01
1.576359719038009644e-01
1.468232721090316772e-01
8.957019448280334473e-02
3.893319144845008850e-02
-1.822417229413986206e-02
-4.805272072553634644e-02
-5.517947301268577576e-02
-2.815799228847026825e-02
2.216080017387866974e-02
4.718399420380592346e-02
6.340261548757553101e-02
5.233816802501678467e-02
2.950288169085979462e-02
4.519382957369089127e-03
-2.444699965417385101e-02
-5.133993551135063171e-02
-9.048158675432205200e-02
-8.702550828456878662e-02
-8.632307499647140503e-02
-6.795668601989746094e-02
-2.721622027456760406e-02
1.796973496675491333e-02
-3.756431862711906433e-02
-3.387436643242835999e-02
-1.275490503758192062e-02
1.186790969222784042e-02
4.338169470429420471e-02
6.896881759166717529e-02
8.524820953607559204e-02
1.026924699544906616e-01
1.034398004412651062e-01
1.043784320354461670e-01
9.766521304845809937e-02
6.128947809338569641e-02
3.276368230581283569e-02
-7.742993533611297607e-03
-1.082535181194543839e-02
6.910626310855150223e-03
4.797565564513206482e-02
8.102636039257049561e-02
8.766447007656097412e-02
9.273592382669448853e-02
6.792246550321578979e-02
3.050370141863822937e-02
-1.051303744316101074e-02
-5.405913293361663818e-02
-9.898826479911804199e-02
-1.363509893417358398e-01
-1.458275765180587769e-01
-1.445601284503936768e-01
-1.165371090173721313e-01
-5.006510019302368164e-02
-1.411709468811750412e-02
-2.709908224642276764e-02
-2.861637808382511139e-02
-1.406830176711082458e-02
2.922280458733439445e-03
2.719847857952117920e-02
4.593173041939735413e-02
6.032527610659599304e-02
7.449427992105484009e-02
7.929456233978271484e-02
6.969960778951644897e-02
6.623127311468124390e-02
3.830359131097793579e-02
2.932034060359001160e-02
2.544913999736309052e-02
4.397769272327423096e-02
6.392722576856613159e-02
1.085297986865043640e-01
1.131638810038566589e-01
1.047423705458641052e-01
9.457197040319442749e-02
7.581464946269989014e-02
5.149953812360763550e-02
1.394180394709110260e-02
-6.173777580261230469e-02
-1.339740157127380371e-01
-1.760665774345397949e-01
-2.038358896970748901e-01
-2.100183069705963135e-01
-1.776699870824813843e-01
-9.671987593173980713e-02
-6.012003868818283081e-02
-2.314134873449802399e-02
-1.646300218999385834e-02
-2.926006447523832321e-03
1.145247183740139008e-02
2.242162078619003296e-02
3.197056800127029419e-02
4.968908429145812988e-02
4.920085892081260681e-02
3.915335237979888916e-02
4.112355411052703857e-02
5.051654949784278870e-02
4.671557247638702393e-02
5.781009048223495483e-02
7.975323498249053955e-02
1.117795705795288086e-01
1.137048006057739258e-01
1.197076067328453064e-01
1.083595603704452515e-01
9.929584711790084839e-02
8.891295641660690308e-02
5.796448886394500732e-02
3.488631546497344971e-02
4.088611807674169540e-03
-3.573497384786605835e-02
-5.581978335976600647e-02
-1.544221639633178711e-01
-2.153358161449432373e-01
-2.562431693077087402e-01
-2.192651331424713135e-01
-1.474442780017852783e-01
-8.603724837303161621e-02
-3.490891307592391968e-02
-1.743922010064125061e-02
5.875207949429750443e-03
2.639110013842582703e-02
3.760317340493202209e-02
4.428162425756454468e-02
3.967958688735961914e-02
2.516804821789264679e-02
-1.569061889313161373e-03
3.358521312475204468e-02
6.655923277139663696e-02
9.632221609354019165e-02
1.142715737223625183e-01
1.272433549165725708e-01
1.366798579692840576e-01
1.260236948728561401e-01
1.102331280708312988e-01
6.973263621330261230e-02
5.843695253133773804e-02
2.719946205615997314e-02
2.963768690824508667e-02
-9.999000000000000000e+03
-9.999000000000000000e+03
-9.999000000000000000e+03
-9.999000000000000000e+03
-9.999000000000000000e+03
-9.999000000000000000e+03
-2.030472308397293091e-01
-2.406367659568786621e-01
-1.737665534019470215e-01
-9.917166084051132202e-02
-2.694900333881378174e-02
-1.942008920013904572e-02
-4.075151868164539337e-03
1.945758052170276642e-02
3.435437381267547607e-02
2.749359048902988434e-02
1.623254828155040741e-02
1.629277132451534271e-03
1.631843298673629761e-02
6.761616468429565430e-02
1.040638685226440430e-01
1.511548012495040894e-01
1.541828066110610962e-01
1.478593051433563232e-01
1.271371096372604370e-01
1.093069836497306824e-01
1.169926002621650696e-01
-9.999000000000000000e+03
-9.999000000000000000e+03
-9.999000000000000000e+03
-9.999000000000000000e+03
-9.999000000000000000e+03
-9.999000000000000000e+03
-9.999000000000000000e+03
-9.999000000000000000e+03
-9.999000000000000000e+03
-9.999000000000000000e+03
-1.574117392301559448e-01
-2.102810889482498169e-01
-1.984829455614089966e-01
-1.358167529106140137e-01
-3.589588403701782227e-02
-2.142662927508354187e-02
8.060911670327186584e-03
2.992614358663558960e-02
3.059119731187820435e-02
2.195052616298198700e-02
2.159913629293441772e-02
1.472839619964361191e-02
7.063131779432296753e-02
1.271319836378097534e-01
1.451735347509384155e-01
1.640336662530899048e-01
1.650503575801849365e-01
1.448154747486114502e-01
6.729871034622192383e-02
6.631205976009368896e-02
-9.999000000000000000e+03
-9.999000000000000000e+03
-9.999000000000000000e+03
-9.999000000000000000e+03
-9.999000000000000000e+03
-9.999000000000000000e+03
-9.999000000000000000e+03
-9.999000000000000000e+03
-9.999000000000000000e+03
-9.999000000000000000e+03
-9.999000000000000000e+03
-9.999000000000000000e+03
-1.294568330049514771e-01
-1.612951606512069702e-01
-1.069101467728614807e-01
-5.673920735716819763e-02
-4.019154980778694153e-02
-8.351796423085033894e-04
3.124736808240413666e-02
3.722271695733070374e-02
4.099247604608535767e-02
3.504855930805206299e-02
6.238069012761116028e-02
1.179254204034805298e-01
1.482422351837158203e-01
1.512379944324493408e-01
1.774947196245193481e-01
1.278972029685974121e-01
1.346454620361328125e-01
-9.999000000000000000e+03
-9.999000000000000000e+03
-9.999000000000000000e+03
-9.999000000000000000e+03
-9.999000000000000000e+03
-9.999000000000000000e+03
-9.999000000000000000e+03
-9.999000000000000000e+03
-9.999000000000000000e+03
-9.999000000000000000e+03
-9.999000000000000000e+03
-9.999000000000000000e+03
-9.999000000000000000e+03
-9.999000000000000000e+03
-9.999000000000000000e+03
-1.099223718047142029e-01
-8.009617030620574951e-02
-9.999000000000000000e+03
-4.472593218088150024e-02
-2.688326686620712280e-02
-2.514336723834276199e-03
2.762463688850402832e-02
4.278468340635299683e-02
4.490432143211364746e-02
1.202672943472862244e-01
1.580347716808319092e-01
1.473113447427749634e-01
1.539327949285507202e-01
1.588760167360305786e-01
1.016412824392318726e-01
-9.999000000000000000e+03
-9.999000000000000000e+03
-9.999000000000000000e+03
-9.999000000000000000e+03
-9.999000000000000000e+03
-9.999000000000000000e+03
-9.999000000000000000e+03
-9.999000000000000000e+03
-9.999000000000000000e+03
-9.999000000000000000e+03
-9.999000000000000000e+03
-9.999000000000000000e+03
-9.999000000000000000e+03
-9.999000000000000000e+03
-9.999000000000000000e+03
-9.999000000000000000e+03
-3.498739749193191528e-02
-2.095940150320529938e-02
-9.999000000000000000e+03
-9.999000000000000000e+03
-5.256405100226402283e-02
-4.086998850107192993e-02
2.324203494936227798e-03
3.314491361379623413e-02
8.802571147680282593e-02
1.434490084648132324e-01
1.600318849086761475e-01
1.495571285486221313e-01
1.423398107290267944e-01
6.409758329391479492e-02
-9.999000000000000000e+03
-9.999000000000000000e+03
-9.999000000000000000e+03
-9.999000000000000000e+03
-9.999000000000000000e+03
-9.999000000000000000e+03
-9.999000000000000000e+03
-9.999000000000000000e+03
-9.999000000000000000e+03
-9.999000000000000000e+03
-9.999000000000000000e+03
-9.999000000000000000e+03
-9.999000000000000000e+03
-9.999000000000000000e+03
-9.999000000000000000e+03
-9.999000000000000000e+03
-9.999000000000000000e+03
-3.113895945716649294e-04
2.092451788485050201e-02
-9.999000000000000000e+03
-9.999000000000000000e+03
-3.790089860558509827e-02
-4.010395333170890808e-02
-1.847724057734012604e-02
3.015220724046230316e-02
1.052217558026313782e-01
1.388161778450012207e-01
1.562959998846054077e-01
1.503846645355224609e-01
1.291502714157104492e-01
1.001891419291496277e-01
-9.999000000000000000e+03
-9.999000000000000000e+03
-9.999000000000000000e+03
-9.999000000000000000e+03
-9.999000000000000000e+03
-9.999000000000000000e+03
-9.999000000000000000e+03
-9.999000000000000000e+03
-9.999000000000000000e+03
-9.999000000000000000e+03
-9.999000000000000000e+03
-9.999000000000000000e+03
-9.999000000000000000e+03
-9.999000000000000000e+03
-9.999000000000000000e+03
-9.999000000000000000e+03
-9.999000000000000000e+03
-9.999000000000000000e+03
-9.999000000000000000e+03
-9.999000000000000000e+03
-9.999000000000000000e+03
-2.062446065247058868e-02
-3.900460526347160339e-02
-2.220207452774047852e-02
2.664075419306755066e-02
6.177527830004692078e-02
1.130574941635131836e-01
1.633156687021255493e-01
1.528472900390625000e-01
1.070024371147155762e-01
8.463228493928909302e-02
-9.999000000000000000e+03
-9.999000000000000000e+03
-9.999000000000000000e+03
-9.999000000000000000e+03
-9.999000000000000000e+03
-9.999000000000000000e+03
-9.999000000000000000e+03
-9.999000000000000000e+03
-9.999000000000000000e+03
-9.999000000000000000e+03
-9.999000000000000000e+03
-9.999000000000000000e+03
-9.999000000000000000e+03
-9.999000000000000000e+03
-9.999000000000000000e+03
-9.999000000000000000e+03
-9.999000000000000000e+03
-9.999000000000000000e+03
-9.999000000000000000e+03
-9.999000000000000000e+03
-9.999000000000000000e+03
-9.999000000000000000e+03
-2.522033452987670898e-02
-2.489870227873325348e-02
1.140650920569896698e-02
-7.618498522788286209e-03
8.040942996740341187e-02
1.448817253112792969e-01
1.760644912719726562e-01
1.333750933408737183e-01
-9.999000000000000000e+03
-9.999000000000000000e+03
-9.999000000000000000e+03
-9.999000000000000000e+03
-9.999000000000000000e+03
-9.999000000000000000e+03
-9.999000000000000000e+03
-9.999000000000000000e+03
-9.999000000000000000e+03
-9.999000000000000000e+03
-9.999000000000000000e+03
-9.999000000000000000e+03
-9.999000000000000000e+03
-9.999000000000000000e+03
-9.999000000000000000e+03
-9.999000000000000000e+03
-9.999000000000000000e+03
-9.999000000000000000e+03
-9.999000000000000000e+03
-9.999000000000000000e+03
-9.999000000000000000e+03
-9.999000000000000000e+03
-9.999000000000000000e+03
-1.746187545359134674e-02
1.162862405180931091e-03
-2.014011330902576447e-02
-5.697202682495117188e-02
5.227323248982429504e-02
1.398732066154479980e-01
2.192838042974472046e-01
1.726011186838150024e-01
1.163773685693740845e-01
-9.999000000000000000e+03
-9.999000000000000000e+03
-9.999000000000000000e+03
-9.999000000000000000e+03
-9.999000000000000000e+03
-9.999000000000000000e+03
-9.999000000000000000e+03
-9.999000000000000000e+03
-9.999000000000000000e+03
-9.999000000000000000e+03
-9.999000000000000000e+03
-9.999000000000000000e+03
-9.999000000000000000e+03
-9.999000000000000000e+03
-9.999000000000000000e+03
-9.999000000000000000e+03
-9.999000000000000000e+03
-9.999000000000000000e+03
-9.999000000000000000e+03
-9.999000000000000000e+03
-9.999000000000000000e+03
-9.999000000000000000e+03
-9.999000000000000000e+03
1.226902194321155548e-02
-2.152730897068977356e-02
-1.639214344322681427e-02
6.874012202024459839e-02
1.072379499673843384e-01
8.500207215547561646e-02
1.203132793307304382e-01
1.304599940776824951e-01
-9.999000000000000000e+03
-9.999000000000000000e+03
-9.999000000000000000e+03
-9.999000000000000000e+03
-9.999000000000000000e+03
-9.999000000000000000e+03
-9.999000000000000000e+03
-9.999000000000000000e+03
-9.999000000000000000e+03
-9.999000000000000000e+03
-9.999000000000000000e+03
-9.999000000000000000e+03
-9.999000000000000000e+03
-9.999000000000000000e+03
-9.999000000000000000e+03
-9.999000000000000000e+03
-9.999000000000000000e+03
-9.999000000000000000e+03
-9.999000000000000000e+03
-9.999000000000000000e+03
-9.999000000000000000e+03
-9.999000000000000000e+03
-9.999000000000000000e+03
2.820518799126148224e-02
8.309573866426944733e-03
-9.769117459654808044e-03
-5.382920149713754654e-03
-5.319307371973991394e-02
-1.038455516099929810e-01
-3.495369106531143188e-02
5.377382412552833557e-02
8.435261249542236328e-02
-9.999000000000000000e+03
-9.999000000000000000e+03
-9.999000000000000000e+03
-9.999000000000000000e+03
-9.999000000000000000e+03
-9.999000000000000000e+03
-9.999000000000000000e+03
-9.999000000000000000e+03
-9.999000000000000000e+03
-9.999000000000000000e+03
-9.999000000000000000e+03
-9.999000000000000000e+03
-9.999000000000000000e+03
-9.999000000000000000e+03
-9.999000000000000000e+03
-9.999000000000000000e+03
-9.999000000000000000e+03
-9.999000000000000000e+03
-9.999000000000000000e+03
-9.999000000000000000e+03
-9.999000000000000000e+03
-9.999000000000000000e+03
7.610430568456649780e-02
3.095000237226486206e-02
-1.306378934532403946e-02
-5.418994650244712830e-02
-8.921082317829132080e-02
-1.293430328369140625e-01
-6.893897801637649536e-02
3.857280686497688293e-02
1.221500709652900696e-01
3.304803743958473206e-02
-1.493745110929012299e-02
2.627002261579036713e-02
1.635427027940750122e-02
-9.999000000000000000e+03
-9.999000000000000000e+03
-9.999000000000000000e+03
-9.999000000000000000e+03
-9.999000000000000000e+03
-9.999000000000000000e+03
-9.999000000000000000e+03
-9.999000000000000000e+03
-9.999000000000000000e+03
-9.999000000000000000e+03
-9.999000000000000000e+03
-9.999000000000000000e+03
-9.999000000000000000e+03
-9.999000000000000000e+03
-9.999000000000000000e+03
-9.999000000000000000e+03
-9.999000000000000000e+03
6.207539513707160950e-02
7.275283336639404297e-02
6.017789244651794434e-02
9.755275212228298187e-03
-3.966619446873664856e-02
-7.908770442008972168e-02
-7.784263789653778076e-02
-4.863523319363594055e-02
9.035695344209671021e-03
8.421853929758071899e-02
3.767353296279907227e-02
5.693544819951057434e-02
3.032112307846546173e-02
2.122321724891662598e-02
-9.999000000000000000e+03
-9.999000000000000000e+03
-9.999000000000000000e+03
-9.999000000000000000e+03
-9.999000000000000000e+03
-9.999000000000000000e+03
-9.999000000000000000e+03
-9.999000000000000000e+03
-9.999000000000000000e+03
-9.999000000000000000e+03
-9.999000000000000000e+03
-9.999000000000000000e+03
-9.999000000000000000e+03
-9.999000000000000000e+03
-9.999000000000000000e+03
3.918520733714103699e-02
3.646865487098693848e-02
3.790295496582984924e-02
5.123215168714523315e-02
4.646090045571327209e-02
2.323321253061294556e-02
-1.654775231145322323e-03
-3.443578258156776428e-02
-5.250112712383270264e-02
-5.004628002643585205e-02
-1.751162298023700714e-02
1.755106262862682343e-02
7.360684871673583984e-02
8.835679292678833008e-02
-9.999000000000000000e+03
-9.999000000000000000e+03
-9.999000000000000000e+03
-9.999000000000000000e+03
-9.999000000000000000e+03
-9.999000000000000000e+03
-9.999000000000000000e+03
-9.999000000000000000e+03
-9.999000000000000000e+03
-9.999000000000000000e+03
-9.999000000000000000e+03
-9.999000000000000000e+03
-9.999000000000000000e+03
-9.999000000000000000e+03
-9.999000000000000000e+03
-9.999000000000000000e+03
1.622963882982730865e-02
3.581856936216354370e-02
5.662174522876739502e-02
4.742786660790443420e-02
4.124897718429565430e-02
3.201774507761001587e-02
1.670905016362667084e-02
7.459125015884637833e-03
-2.103005535900592804e-03
-2.327262796461582184e-02
-4.977855831384658813e-02
-5.092475563287734985e-02
-9.811472147703170776e-03
1.064453199505805969e-01
-9.999000000000000000e+03
-9.999000000000000000e+03
-9.999000000000000000e+03
-9.999000000000000000e+03
-9.999000000000000000e+03
-9.999000000000000000e+03
-9.999000000000000000e+03
-9.999000000000000000e+03
-9.999000000000000000e+03
-9.999000000000000000e+03
-9.999000000000000000e+03
-9.999000000000000000e+03
-9.999000000000000000e+03
-9.999000000000000000e+03
-9.999000000000000000e+03
-9.999000000000000000e+03
-9.999000000000000000e+03
2.104492299258708954e-02
1.987531036138534546e-02
6.959427893161773682e-02
5.202614516019821167e-02
2.355002239346504211e-02
-9.662695083534345031e-05
-1.778854988515377045e-02
-1.913522742688655853e-02
4.109918518224731088e-05
-2.055072039365768433e-02
-4.096275568008422852e-02
-3.347933292388916016e-02
2.145301364362239838e-02
9.371323883533477783e-02
-9.999000000000000000e+03
-9.999000000000000000e+03
-9.999000000000000000e+03
-9.999000000000000000e+03
-9.999000000000000000e+03
-9.999000000000000000e+03
-9.999000000000000000e+03
-9.999000000000000000e+03
-9.999000000000000000e+03
-9.999000000000000000e+03
-9.999000000000000000e+03
-9.999000000000000000e+03
-9.999000000000000000e+03
-9.999000000000000000e+03
-9.999000000000000000e+03
-9.999000000000000000e+03
-9.999000000000000000e+03
3.691778331995010376e-02
7.122270017862319946e-02
8.017333596944808960e-02
5.144974589347839355e-02
1.432987768203020096e-02
-3.891965746879577637e-02
-6.504547595977783203e-02
-4.351483657956123352e-02
-1.393723580986261368e-02
-1.702700182795524597e-02
-3.623784705996513367e-02
-2.168408595025539398e-02
2.596729621291160583e-02
-9.999000000000000000e+03
-9.999000000000000000e+03
-9.999000000000000000e+03
-9.999000000000000000e+03
-9.999000000000000000e+03
-9.999000000000000000e+03
-9.999000000000000000e+03
-9.999000000000000000e+03
-9.999000000000000000e+03
-9.999000000000000000e+03
-9.999000000000000000e+03
-9.999000000000000000e+03
-9.999000000000000000e+03
-9.999000000000000000e+03
-9.999000000000000000e+03
-9.999000000000000000e+03
-9.999000000000000000e+03
-9.999000000000000000e+03
6.873439252376556396e-02
1.015471443533897400e-01
8.118188381195068359e-02
4.062305763363838196e-02
-2.239255234599113464e-02
-6.885185092687606812e-02
-8.569989353418350220e-02
-6.568549573421478271e-02
-2.031044103205204010e-02
-7.144382689148187637e-03
-1.440452132374048233e-02
-1.550791598856449127e-02
-9.999000000000000000e+03
-9.999000000000000000e+03
-9.999000000000000000e+03
-9.999000000000000000e+03
-9.999000000000000000e+03
-9.999000000000000000e+03
-9.999000000000000000e+03
-9.999000000000000000e+03
-9.999000000000000000e+03
-9.999000000000000000e+03
-9.999000000000000000e+03
-9.999000000000000000e+03
-9.999000000000000000e+03
-9.999000000000000000e+03
-9.999000000000000000e+03
-9.999000000000000000e+03
-9.999000000000000000e+03
-9.999000000000000000e+03
-9.999000000000000000e+03
8.811444044113159180e-02
9.613866358995437622e-02
7.282193750143051147e-02
3.129217028617858887e-02
-7.086610794067382812e-02
-8.454990386962890625e-02
-7.163754850625991821e-02
-4.562900960445404053e-02
-2.772339805960655212e-02
-1.400670688599348068e-02
-9.999000000000000000e+03
-9.999000000000000000e+03
-9.999000000000000000e+03
-9.999000000000000000e+03
-9.999000000000000000e+03
-9.999000000000000000e+03
-9.999000000000000000e+03
-9.999000000000000000e+03
-9.999000000000000000e+03
-9.999000000000000000e+03
-9.999000000000000000e+03
-9.999000000000000000e+03
-9.999000000000000000e+03
-9.999000000000000000e+03
-9.999000000000000000e+03
-9.999000000000000000e+03
-9.999000000000000000e+03
-9.999000000000000000e+03
-9.999000000000000000e+03
-9.999000000000000000e+03
-9.999000000000000000e+03
8.301822841167449951e-02
6.482722610235214233e-02
4.533588886260986328e-02
-1.719264313578605652e-02
-6.275220215320587158e-02
-6.788780540227890015e-02
-9.999000000000000000e+03
-9.999000000000000000e+03
-9.999000000000000000e+03
-9.999000000000000000e+03
-9.999000000000000000e+03
-9.999000000000000000e+03
-9.999000000000000000e+03
-9.999000000000000000e+03
-9.999000000000000000e+03
-9.999000000000000000e+03
-9.999000000000000000e+03
-9.999000000000000000e+03
-9.999000000000000000e+03
-9.999000000000000000e+03
-9.999000000000000000e+03
-9.999000000000000000e+03
-9.999000000000000000e+03
-9.999000000000000000e+03
-9.999000000000000000e+03
-9.999000000000000000e+03
-9.999000000000000000e+03
-9.999000000000000000e+03
-9.999000000000000000e+03
-9.999000000000000000e+03
-9.999000000000000000e+03
3.355864435434341431e-02
3.183081373572349548e-02
3.108783997595310211e-02
-9.999000000000000000e+03
-9.999000000000000000e+03
-9.999000000000000000e+03
-9.999000000000000000e+03
-9.999000000000000000e+03
-9.999000000000000000e+03
-9.999000000000000000e+03
-9.999000000000000000e+03
-9.999000000000000000e+03
-9.999000000000000000e+03
-9.999000000000000000e+03
-9.999000000000000000e+03
-9.999000000000000000e+03
-9.999000000000000000e+03
-9.999000000000000000e+03
-9.999000000000000000e+03
-9.999000000000000000e+03
-9.999000000000000000e+03
-9.999000000000000000e+03
-9.999000000000000000e+03
-9.999000000000000000e+03
-9.999000000000000000e+03
-9.999000000000000000e+03
-9.999000000000000000e+03
-9.999000000000000000e+03
-9.999000000000000000e+03
-9.999000000000000000e+03
-9.999000000000000000e+03
