1.181212738156318665e-01
1.314103305339813232e-01
1.197319477796554565e-01
9.771449118852615356e-02
1.055938526988029480e-01
8.209277689456939697e-02
7.162440568208694458e-02
6.731038540601730347e-02
5.668525397777557373e-02
6.032658740878105164e-02
-1.597200054675340652e-03
-9.999000000000000000e+03
-9.999000000000000000e+03
-9.999000000000000000e+03
-9.999000000000000000e+03
-9.999000000000000000e+03
-9.999000000000000000e+03
-9.999000000000000000e+03
-9.999000000000000000e+03
-9.999000000000000000e+03
-9.999000000000000000e+03
-9.999000000000000000e+03
-9.999000000000000000e+03
2.736436948180198669e-02
7.556290179491043091e-02
8.989192545413970947e-02
1.152248606085777283e-01
1.519801616668701172e-01
1.675678491592407227e-01
1.766335666179656982e-01
1.637438535690307617e-01
5.734530463814735413e-02
6.358940154314041138e-02
5.105415731668472290e-02
3.057183139026165009e-02
3.394384682178497314e-02
7.287208456546068192e-03
2.538295229896903038e-03
1.556935720145702362e-02
1.954244263470172882e-02
4.270714148879051208e-02
5.021755397319793701e-02
3.826366737484931946e-02
-9.999000000000000000e+03
-9.999000000000000000e+03
-9.999000000000000000e+03
-9.999000000000000000e+03
-9.999000000000000000e+03
-9.999000000000000000e+03
-9.999000000000000000e+03
-9.999000000000000000e+03
-9.999000000000000000e+03
4.956476017832756042e-02
7.056772708892822266e-02
7.698964327573776245e-02
1.284762769937515259e-01
1.341169923543930054e-01
1.308016330003738403e-01
1.428088247776031494e-01
1.508557349443435669e-01
1.574997007846832275e-01
1.536262482404708862e-01
1.340732444077730179e-02
3.821573220193386078e-03
-1.921192184090614319e-02
-4.753100499510765076e-02
-4.560293629765510559e-02
-5.761191621422767639e-02
-5.097360908985137939e-02
-3.100476227700710297e-02
-2.230887301266193390e-02
1.400857139378786087e-02
4.051250219345092773e-02
4.309362545609474182e-02
-9.999000000000000000e+03
-9.999000000000000000e+03
-9.999000000000000000e+03
-9.999000000000000000e+03
-9.999000000000000000e+03
-9.999000000000000000e+03
-9.999000000000000000e+03
1.055721491575241089e-01
9.882432967424392700e-02
1.142624616622924805e-01
1.091075763106346130e-01
1.061626300215721130e-01
1.129297912120819092e-01
1.100193485617637634e-01
1.147483959794044495e-01
1.007440760731697083e-01
1.111246645450592041e-01
1.329019963741302490e-01
1.334725916385650635e-01
-2.415148541331291199e-02
-4.021856561303138733e-02
-6.131457537412643433e-02
-9.036580473184585571e-02
-1.049724295735359192e-01
-1.130374670028686523e-01
-1.035554856061935425e-01
-7.636380195617675781e-02
-5.492205917835235596e-02
-1.326205953955650330e-02
2.292613126337528229e-02
6.109997630119323730e-02
9.875680506229400635e-02
-9.999000000000000000e+03
-9.999000000000000000e+03
-9.999000000000000000e+03
8.714593946933746338e-02
1.211919784545898438e-01
1.516735851764678955e-01
1.317936480045318604e-01
1.083592548966407776e-01
8.907949179410934448e-02
4.905282333493232727e-02
4.959827288985252380e-02
3.118350729346275330e-02
4.518187604844570160e-03
3.558191657066345215e-02
3.384132683277130127e-02
5.687205493450164795e-02
8.702066540718078613e-02
1.007480323314666748e-01
-5.096897855401039124e-02
-7.379578053951263428e-02
-9.973968565464019775e-02
-1.205095574259757996e-01
-1.308044046163558960e-01
-1.340886354446411133e-01
-1.239592730998992920e-01
-1.002289280295372009e-01
-7.074873149394989014e-02
-3.547553718090057373e-02
9.511948563158512115e-03
4.884872585535049438e-02
1.034448072314262390e-01
1.204578727483749390e-01
1.049897894263267517e-01
1.127516254782676697e-01
1.107468158006668091e-01
9.714810550212860107e-02
9.484231472015380859e-02
5.650486424565315247e-02
2.759074978530406952e-02
-2.448199875652790070e-02
-9.260964393615722656e-02
-7.655766606330871582e-02
-8.454775065183639526e-02
-6.742619723081588745e-02
-3.348495438694953918e-02
-7.722824811935424805e-03
2.594796940684318542e-02
6.247403845191001892e-02
7.881391048431396484e-02
-7.021266222000122070e-02
-8.380398154258728027e-02
-1.098257228732109070e-01
-1.335705220699310303e-01
-1.389970332384109497e-01
-1.350494921207427979e-01
-1.179773434996604919e-01
-9.408503025770187378e-02
-7.248735427856445312e-02
-4.817402735352516174e-02
-9.285613894462585449e-03
2.882006764411926270e-02
6.699179112911224365e-02
8.440604805946350098e-02
7.827644795179367065e-02
7.940033078193664551e-02
4.628403112292289734e-02
-5.501070059835910797e-03
-3.598068654537200928e-02
-1.089380681514739990e-01
-1.347192972898483276e-01
-1.476137936115264893e-01
-1.704810559749603271e-01
-1.444801092147827148e-01
-1.084720641374588013e-01
-7.212920486927032471e-02
-4.430708289146423340e-02
-2.684987522661685944e-02
-5.300188902765512466e-03
2.639739960432052612e-02
4.426565766334533691e-02
-9.704876691102981567e-02
-1.003325879573822021e-01
-1.192301809787750244e-01
-1.352771371603012085e-01
-1.358409523963928223e-01
-1.274620592594146729e-01
-1.093047186732292175e-01
-9.164466708898544312e-02
-8.388961851596832275e-02
-5.847282707691192627e-02
-1.826736517250537872e-02
1.633305102586746216e-02
4.779316112399101257e-02
5.510802194476127625e-02
1.543970592319965363e-02
-1.356326602399349213e-02
-6.201404705643653870e-02
-1.064616590738296509e-01
-1.268048286437988281e-01
-1.842135339975357056e-01
-2.009315788745880127e-01
-2.026697993278503418e-01
-1.849561035633087158e-01
-1.595280021429061890e-01
-1.254989951848983765e-01
-1.079995855689048767e-01
-7.033535838127136230e-02
-5.894757434725761414e-02
-5.176916345953941345e-02
-1.929873041808605194e-02
-6.658153608441352844e-03
-1.149158850312232971e-01
-1.169438883662223816e-01
-1.192854195833206177e-01
-1.309817135334014893e-01
-1.190468817949295044e-01
-1.052586883306503296e-01
-1.004444286227226257e-01
-9.860360622406005859e-02
-9.826384484767913818e-02
-6.783433258533477783e-02
-2.624804340302944183e-02
4.046963586006313562e-04
9.662673808634281158e-03
-4.462108947336673737e-03
-5.142346024513244629e-02
-8.520100265741348267e-02
-1.384322196245193481e-01
-1.646780818700790405e-01
-1.769543439149856567e-01
-1.836079806089401245e-01
-1.870061904191970825e-01
-1.895685940980911255e-01
-1.765695065259933472e-01
-1.636520028114318848e-01
-1.634555608034133911e-01
-1.747685074806213379e-01
-1.394031941890716553e-01
-1.241167411208152771e-01
-1.037042587995529175e-01
-6.825532019138336182e-02
-5.533419176936149597e-02
-1.146118864417076111e-01
-1.228635311126708984e-01
-1.261355727910995483e-01
-1.145050898194313049e-01
-1.001073867082595825e-01
-9.018884599208831787e-02
-9.431733936071395874e-02
-8.686908334493637085e-02
-7.371331751346588135e-02
-6.160702556371688843e-02
-4.573671892285346985e-02
-3.039236180484294891e-02
-4.707700386643409729e-02
-8.749060332775115967e-02
-1.291929036378860474e-01
-1.454139351844787598e-01
-1.631575524806976318e-01
-1.607192903757095337e-01
-1.609487980604171753e-01
-1.528782397508621216e-01
-1.471225768327713013e-01
-1.493650972843170166e-01
-1.199415102601051331e-01
-1.254323422908782959e-01
-9.839223325252532959e-02
-1.517657488584518433e-01
-1.580487191677093506e-01
-1.642861962318420410e-01
-1.440423876047134399e-01
-1.165473461151123047e-01
-1.125496849417686462e-01
-1.123303472995758057e-01
-1.017166599631309509e-01
-9.498358517885208130e-02
-7.306686788797378540e-02
-6.413415074348449707e-02
-6.780089437961578369e-02
-7.125360518693923950e-02
-6.638465076684951782e-02
-5.455018952488899231e-02
-5.339962616562843323e-02
-5.657034367322921753e-02
-7.722939550876617432e-02
-9.770599007606506348e-02
-1.188868135213851929e-01
-1.419034600257873535e-01
-1.509802490472793579e-01
-1.475149989128112793e-01
-1.014347523450851440e-01
-1.229232177138328552e-01
-1.038112491369247437e-01
-9.779289364814758301e-02
-9.999000000000000000e+03
-9.999000000000000000e+03
-9.999000000000000000e+03
-9.999000000000000000e+03
-9.999000000000000000e+03
-9.999000000000000000e+03
-1.736576557159423828e-01
-1.582067906856536865e-01
-1.523086130619049072e-01
-1.610018163919448853e-01
-9.715408831834793091e-02
-7.719361037015914917e-02
-6.219299882650375366e-02
-4.305056110024452209e-02
-4.169193655252456665e-02
-3.751457482576370239e-02
-4.706779494881629944e-02
-4.718846827745437622e-02
-4.075658693909645081e-02
-5.029712989926338196e-02
-6.702601909637451172e-02
-1.000057607889175415e-01
-1.086431369185447693e-01
-1.196399405598640442e-01
-1.155403777956962585e-01
-1.045233681797981262e-01
-8.718916028738021851e-02
-9.999000000000000000e+03
-9.999000000000000000e+03
-9.999000000000000000e+03
-9.999000000000000000e+03
-9.999000000000000000e+03
-9.999000000000000000e+03
-9.999000000000000000e+03
-9.999000000000000000e+03
-9.999000000000000000e+03
-9.999000000000000000e+03
-9.249191731214523315e-02
-1.384384334087371826e-01
-1.726126223802566528e-01
-1.902430802583694458e-01
-1.228580251336097717e-01
-9.656778723001480103e-02
-6.107699498534202576e-02
-4.914921522140502930e-02
-3.499755635857582092e-02
-3.095583990216255188e-02
-3.298970684409141541e-02
-4.005037248134613037e-02
-3.337991610169410706e-02
-6.446605175733566284e-02
-8.904196321964263916e-02
-9.705458581447601318e-02
-8.885911107063293457e-02
-9.003333002328872681e-02
-5.358935892581939697e-02
-5.842222645878791809e-02
-9.999000000000000000e+03
-9.999000000000000000e+03
-9.999000000000000000e+03
-9.999000000000000000e+03
-9.999000000000000000e+03
-9.999000000000000000e+03
-9.999000000000000000e+03
-9.999000000000000000e+03
-9.999000000000000000e+03
-9.999000000000000000e+03
-9.999000000000000000e+03
-9.999000000000000000e+03
-7.966637611389160156e-02
-1.626750230789184570e-01
-2.118824571371078491e-01
-1.778169125318527222e-01
-1.415740102529525757e-01
-9.974226355552673340e-02
-8.485011011362075806e-02
-5.514844134449958801e-02
-3.641715273261070251e-02
-2.280007116496562958e-02
-3.381923586130142212e-02
-5.784894898533821106e-02
-8.538066595792770386e-02
-9.186085313558578491e-02
-8.010417968034744263e-02
-5.435878783464431763e-02
-5.745254084467887878e-02
-9.999000000000000000e+03
-9.999000000000000000e+03
-9.999000000000000000e+03
-9.999000000000000000e+03
-9.999000000000000000e+03
-9.999000000000000000e+03
-9.999000000000000000e+03
-9.999000000000000000e+03
-9.999000000000000000e+03
-9.999000000000000000e+03
-9.999000000000000000e+03
-9.999000000000000000e+03
-9.999000000000000000e+03
-9.999000000000000000e+03
-9.999000000000000000e+03
-1.255908012390136719e-01
-1.833952218294143677e-01
-9.999000000000000000e+03
-9.829899668693542480e-02
-1.153004318475723267e-01
-1.024539992213249207e-01
-8.218140900135040283e-02
-6.381791830062866211e-02
-5.674535781145095825e-02
-6.460676342248916626e-02
-1.076626405119895935e-01
-1.122303009033203125e-01
-9.036590158939361572e-02
-6.130334734916687012e-02
-4.602840915322303772e-02
-9.999000000000000000e+03
-9.999000000000000000e+03
-9.999000000000000000e+03
-9.999000000000000000e+03
-9.999000000000000000e+03
-9.999000000000000000e+03
-9.999000000000000000e+03
-9.999000000000000000e+03
-9.999000000000000000e+03
-9.999000000000000000e+03
-9.999000000000000000e+03
-9.999000000000000000e+03
-9.999000000000000000e+03
-9.999000000000000000e+03
-9.999000000000000000e+03
-9.999000000000000000e+03
-8.703882992267608643e-02
-1.383011937141418457e-01
-9.999000000000000000e+03
-9.999000000000000000e+03
-9.869876503944396973e-02
-9.667278826236724854e-02
-8.998581767082214355e-02
-8.345528692007064819e-02
-8.352316170930862427e-02
-8.774631470441818237e-02
-9.835903346538543701e-02
-8.819891512393951416e-02
-7.539517432451248169e-02
-3.995045647025108337e-02
-9.999000000000000000e+03
-9.999000000000000000e+03
-9.999000000000000000e+03
-9.999000000000000000e+03
-9.999000000000000000e+03
-9.999000000000000000e+03
-9.999000000000000000e+03
-9.999000000000000000e+03
-9.999000000000000000e+03
-9.999000000000000000e+03
-9.999000000000000000e+03
-9.999000000000000000e+03
-9.999000000000000000e+03
-9.999000000000000000e+03
-9.999000000000000000e+03
-9.999000000000000000e+03
-9.999000000000000000e+03
-4.743478447198867798e-02
-7.734264433383941650e-02
-9.999000000000000000e+03
-9.999000000000000000e+03
-6.084903329610824585e-02
-7.067446410655975342e-02
-6.738866120576858521e-02
-6.726981699466705322e-02
-5.677907541394233704e-02
-5.297832563519477844e-02
-4.933333024382591248e-02
-3.821594640612602234e-02
-3.738789632916450500e-02
-3.355158492922782898e-02
-9.999000000000000000e+03
-9.999000000000000000e+03
-9.999000000000000000e+03
-9.999000000000000000e+03
-9.999000000000000000e+03
-9.999000000000000000e+03
-9.999000000000000000e+03
-9.999000000000000000e+03
-9.999000000000000000e+03
-9.999000000000000000e+03
-9.999000000000000000e+03
-9.999000000000000000e+03
-9.999000000000000000e+03
-9.999000000000000000e+03
-9.999000000000000000e+03
-9.999000000000000000e+03
-9.999000000000000000e+03
-9.999000000000000000e+03
-9.999000000000000000e+03
-9.999000000000000000e+03
-9.999000000000000000e+03
-3.365773707628250122e-02
-4.431364312767982483e-02
-2.953887544572353363e-02
-2.476924285292625427e-02
-1.976500265300273895e-02
-1.995279826223850250e-02
-8.101911284029483795e-03
-2.987039834260940552e-02
-3.873283416032791138e-02
-3.710709139704704285e-02
-9.999000000000000000e+03
-9.999000000000000000e+03
-9.999000000000000000e+03
-9.999000000000000000e+03
-9.999000000000000000e+03
-9.999000000000000000e+03
-9.999000000000000000e+03
-9.999000000000000000e+03
-9.999000000000000000e+03
-9.999000000000000000e+03
-9.999000000000000000e+03
-9.999000000000000000e+03
-9.999000000000000000e+03
-9.999000000000000000e+03
-9.999000000000000000e+03
-9.999000000000000000e+03
-9.999000000000000000e+03
-9.999000000000000000e+03
-9.999000000000000000e+03
-9.999000000000000000e+03
-9.999000000000000000e+03
-9.999000000000000000e+03
-2.207979932427406311e-02
-2.694365195930004120e-02
1.174047007225453854e-03
1.601624861359596252e-02
1.809864304959774017e-02
1.151659991592168808e-02
1.712760888040065765e-02
-1.756854541599750519e-02
-9.999000000000000000e+03
-9.999000000000000000e+03
-9.999000000000000000e+03
-9.999000000000000000e+03
-9.999000000000000000e+03
-9.999000000000000000e+03
-9.999000000000000000e+03
-9.999000000000000000e+03
-9.999000000000000000e+03
-9.999000000000000000e+03
-9.999000000000000000e+03
-9.999000000000000000e+03
-9.999000000000000000e+03
-9.999000000000000000e+03
-9.999000000000000000e+03
-9.999000000000000000e+03
-9.999000000000000000e+03
-9.999000000000000000e+03
-9.999000000000000000e+03
-9.999000000000000000e+03
-9.999000000000000000e+03
-9.999000000000000000e+03
-9.999000000000000000e+03
-1.089907251298427582e-02
-2.243398688733577728e-02
-1.929904893040657043e-02
-7.946053519845008850e-03
3.814718127250671387e-02
3.068870678544044495e-02
1.213100776076316833e-01
1.668748855590820312e-01
1.185108274221420288e-01
-9.999000000000000000e+03
-9.999000000000000000e+03
-9.999000000000000000e+03
-9.999000000000000000e+03
-9.999000000000000000e+03
-9.999000000000000000e+03
-9.999000000000000000e+03
-9.999000000000000000e+03
-9.999000000000000000e+03
-9.999000000000000000e+03
-9.999000000000000000e+03
-9.999000000000000000e+03
-9.999000000000000000e+03
-9.999000000000000000e+03
-9.999000000000000000e+03
-9.999000000000000000e+03
-9.999000000000000000e+03
-9.999000000000000000e+03
-9.999000000000000000e+03
-9.999000000000000000e+03
-9.999000000000000000e+03
-9.999000000000000000e+03
-9.999000000000000000e+03
-1.201813947409391403e-02
-1.550429966300725937e-02
-8.088896051049232483e-03
1.614370383322238922e-02
6.101175025105476379e-02
7.320807129144668579e-02
1.854953765869140625e-01
1.952025145292282104e-01
-9.999000000000000000e+03
-9.999000000000000000e+03
-9.999000000000000000e+03
-9.999000000000000000e+03
-9.999000000000000000e+03
-9.999000000000000000e+03
-9.999000000000000000e+03
-9.999000000000000000e+03
-9.999000000000000000e+03
-9.999000000000000000e+03
-9.999000000000000000e+03
-9.999000000000000000e+03
-9.999000000000000000e+03
-9.999000000000000000e+03
-9.999000000000000000e+03
-9.999000000000000000e+03
-9.999000000000000000e+03
-9.999000000000000000e+03
-9.999000000000000000e+03
-9.999000000000000000e+03
-9.999000000000000000e+03
-9.999000000000000000e+03
-9.999000000000000000e+03
-1.474748365581035614e-02
-1.586350426077842712e-02
-1.550874579697847366e-02
-7.287236303091049194e-02
-1.169125884771347046e-01
-1.459805071353912354e-01
-6.760810315608978271e-02
3.498937562108039856e-02
4.502246528863906860e-02
-9.999000000000000000e+03
-9.999000000000000000e+03
-9.999000000000000000e+03
-9.999000000000000000e+03
-9.999000000000000000e+03
-9.999000000000000000e+03
-9.999000000000000000e+03
-9.999000000000000000e+03
-9.999000000000000000e+03
-9.999000000000000000e+03
-9.999000000000000000e+03
-9.999000000000000000e+03
-9.999000000000000000e+03
-9.999000000000000000e+03
-9.999000000000000000e+03
-9.999000000000000000e+03
-9.999000000000000000e+03
-9.999000000000000000e+03
-9.999000000000000000e+03
-9.999000000000000000e+03
-9.999000000000000000e+03
-9.999000000000000000e+03
-1.205481868237257004e-02
-3.669595718383789062e-02
-6.048865988850593567e-02
-7.732716202735900879e-02
-9.845184534788131714e-02
-1.117357164621353149e-01
-1.384057551622390747e-01
-1.297402977943420410e-01
-5.900401622056961060e-02
4.540084395557641983e-03
1.832710579037666321e-02
1.368097402155399323e-02
8.090979419648647308e-03
-9.999000000000000000e+03
-9.999000000000000000e+03
-9.999000000000000000e+03
-9.999000000000000000e+03
-9.999000000000000000e+03
-9.999000000000000000e+03
-9.999000000000000000e+03
-9.999000000000000000e+03
-9.999000000000000000e+03
-9.999000000000000000e+03
-9.999000000000000000e+03
-9.999000000000000000e+03
-9.999000000000000000e+03
-9.999000000000000000e+03
-9.999000000000000000e+03
-9.999000000000000000e+03
-9.999000000000000000e+03
-3.809418901801109314e-02
-3.020681813359260559e-02
-2.360473014414310455e-02
-4.189914464950561523e-02
-4.083575308322906494e-02
-5.098114162683486938e-02
-6.418871134519577026e-02
-8.523800224065780640e-02
-8.854971826076507568e-02
-3.070374764502048492e-02
-2.649887464940547943e-03
7.414130028337240219e-03
3.077648114413022995e-03
6.536012515425682068e-04
-9.999000000000000000e+03
-9.999000000000000000e+03
-9.999000000000000000e+03
-9.999000000000000000e+03
-9.999000000000000000e+03
-9.999000000000000000e+03
-9.999000000000000000e+03
-9.999000000000000000e+03
-9.999000000000000000e+03
-9.999000000000000000e+03
-9.999000000000000000e+03
-9.999000000000000000e+03
-9.999000000000000000e+03
-9.999000000000000000e+03
-9.999000000000000000e+03
-5.284424498677253723e-02
-4.898504540324211121e-02
-7.179532200098037720e-02
-6.362723559141159058e-02
-4.188422486186027527e-02
-2.491775900125503540e-02
-4.555440507829189301e-03
-4.177677910774946213e-03
-2.334018982946872711e-02
-5.324299260973930359e-02
-5.439347028732299805e-02
-4.139813408255577087e-02
-2.178402803838253021e-02
-3.417946398258209229e-02
-9.999000000000000000e+03
-9.999000000000000000e+03
-9.999000000000000000e+03
-9.999000000000000000e+03
-9.999000000000000000e+03
-9.999000000000000000e+03
-9.999000000000000000e+03
-9.999000000000000000e+03
-9.999000000000000000e+03
-9.999000000000000000e+03
-9.999000000000000000e+03
-9.999000000000000000e+03
-9.999000000000000000e+03
-9.999000000000000000e+03
-9.999000000000000000e+03
-9.999000000000000000e+03
-5.117491632699966431e-02
-7.520635426044464111e-02
-7.183161377906799316e-02
-7.640954852104187012e-02
-7.748886942863464355e-02
-4.936522617936134338e-02
-1.186252199113368988e-02
3.066906705498695374e-03
1.165148103609681129e-03
-1.683727279305458069e-02
-5.185364559292793274e-02
-8.541741967201232910e-02
-9.153629839420318604e-02
-5.835847929120063782e-02
-9.999000000000000000e+03
-9.999000000000000000e+03
-9.999000000000000000e+03
-9.999000000000000000e+03
-9.999000000000000000e+03
-9.999000000000000000e+03
-9.999000000000000000e+03
-9.999000000000000000e+03
-9.999000000000000000e+03
-9.999000000000000000e+03
-9.999000000000000000e+03
-9.999000000000000000e+03
-9.999000000000000000e+03
-9.999000000000000000e+03
-9.999000000000000000e+03
-9.999000000000000000e+03
-9.999000000000000000e+03
-5.444820970296859741e-02
-9.151992201805114746e-02
-9.526585787534713745e-02
-7.640120387077331543e-02
-6.383095681667327881e-02
-5.080676823854446411e-02
-3.000763244926929474e-02
-1.596151106059551239e-02
-8.868535980582237244e-03
6.374790333211421967e-03
1.420635264366865158e-03
-2.387361600995063782e-02
-2.383432909846305847e-02
-5.090054497122764587e-02
-9.999000000000000000e+03
-9.999000000000000000e+03
-9.999000000000000000e+03
-9.999000000000000000e+03
-9.999000000000000000e+03
-9.999000000000000000e+03
-9.999000000000000000e+03
-9.999000000000000000e+03
-9.999000000000000000e+03
-9.999000000000000000e+03
-9.999000000000000000e+03
-9.999000000000000000e+03
-9.999000000000000000e+03
-9.999000000000000000e+03
-9.999000000000000000e+03
-9.999000000000000000e+03
-9.999000000000000000e+03
-8.564656972885131836e-02
-9.470378607511520386e-02
-9.458913654088973999e-02
-8.155471086502075195e-02
-7.057664543390274048e-02
-4.861113429069519043e-02
-2.921358868479728699e-02
-1.388877443969249725e-02
-5.624519195407629013e-03
8.196473121643066406e-03
1.195390615612268448e-02
2.364607527852058411e-02
7.509218528866767883e-03
-9.999000000000000000e+03
-9.999000000000000000e+03
-9.999000000000000000e+03
-9.999000000000000000e+03
-9.999000000000000000e+03
-9.999000000000000000e+03
-9.999000000000000000e+03
-9.999000000000000000e+03
-9.999000000000000000e+03
-9.999000000000000000e+03
-9.999000000000000000e+03
-9.999000000000000000e+03
-9.999000000000000000e+03
-9.999000000000000000e+03
-9.999000000000000000e+03
-9.999000000000000000e+03
-9.999000000000000000e+03
-9.999000000000000000e+03
-5.202390998601913452e-02
-4.844942316412925720e-02
-5.516542494297027588e-02
-6.588841229677200317e-02
-4.760449007153511047e-02
-2.190873771905899048e-02
2.626902656629681587e-03
2.322260662913322449e-02
9.616633877158164978e-03
2.716828323900699615e-02
1.659897342324256897e-02
7.625722791999578476e-04
-9.999000000000000000e+03
-9.999000000000000000e+03
-9.999000000000000000e+03
-9.999000000000000000e+03
-9.999000000000000000e+03
-9.999000000000000000e+03
-9.999000000000000000e+03
-9.999000000000000000e+03
-9.999000000000000000e+03
-9.999000000000000000e+03
-9.999000000000000000e+03
-9.999000000000000000e+03
-9.999000000000000000e+03
-9.999000000000000000e+03
-9.999000000000000000e+03
-9.999000000000000000e+03
-9.999000000000000000e+03
-9.999000000000000000e+03
-9.999000000000000000e+03
-1.452222000807523727e-02
-4.223518073558807373e-03
-9.155591949820518494e-03
-3.172257915139198303e-02
5.870243534445762634e-03
2.509893104434013367e-02
3.870256617665290833e-02
2.991500683128833771e-02
1.732576265931129456e-02
7.920008152723312378e-03
-9.999000000000000000e+03
-9.999000000000000000e+03
-9.999000000000000000e+03
-9.999000000000000000e+03
-9.999000000000000000e+03
-9.999000000000000000e+03
-9.999000000000000000e+03
-9.999000000000000000e+03
-9.999000000000000000e+03
-9.999000000000000000e+03
-9.999000000000000000e+03
-9.999000000000000000e+03
-9.999000000000000000e+03
-9.999000000000000000e+03
-9.999000000000000000e+03
-9.999000000000000000e+03
-9.999000000000000000e+03
-9.999000000000000000e+03
-9.999000000000000000e+03
-9.999000000000000000e+03
-9.999000000000000000e+03
4.232670180499553680e-03
3.663379698991775513e-02
4.205056279897689819e-02
4.425738006830215454e-02
4.573846980929374695e-02
2.642921544611454010e-02
-9.999000000000000000e+03
-9.999000000000000000e+03
-9.999000000000000000e+03
-9.999000000000000000e+03
-9.999000000000000000e+03
-9.999000000000000000e+03
-9.999000000000000000e+03
-9.999000000000000000e+03
-9.999000000000000000e+03
-9.999000000000000000e+03
-9.999000000000000000e+03
-9.999000000000000000e+03
-9.999000000000000000e+03
-9.999000000000000000e+03
-9.999000000000000000e+03
-9.999000000000000000e+03
-9.999000000000000000e+03
-9.999000000000000000e+03
-9.999000000000000000e+03
-9.999000000000000000e+03
-9.999000000000000000e+03
-9.999000000000000000e+03
-9.999000000000000000e+03
-9.999000000000000000e+03
-9.999000000000000000e+03
-1.360868196934461594e-02
1.002058386802673340e-02
4.624330997467041016e-02
-9.999000000000000000e+03
-9.999000000000000000e+03
-9.999000000000000000e+03
-9.999000000000000000e+03
-9.999000000000000000e+03
-9.999000000000000000e+03
-9.999000000000000000e+03
-9.999000000000000000e+03
-9.999000000000000000e+03
-9.999000000000000000e+03
-9.999000000000000000e+03
-9.999000000000000000e+03
-9.999000000000000000e+03
-9.999000000000000000e+03
-9.999000000000000000e+03
-9.999000000000000000e+03
-9.999000000000000000e+03
-9.999000000000000000e+03
-9.999000000000000000e+03
-9.999000000000000000e+03
-9.999000000000000000e+03
-9.999000000000000000e+03
-9.999000000000000000e+03
-9.999000000000000000e+03
-9.999000000000000000e+03
-9.999000000000000000e+03
-9.999000000000000000e+03
-9.999000000000000000e+03
