-1.410859823226928711e-01
-1.010646522045135498e-01
-4.171793907880783081e-02
2.283791080117225647e-02
7.027851045131683350e-02
9.875568002462387085e-02
1.294597685337066650e-01
1.604145765304565430e-01
2.032435834407806396e-01
2.334992736577987671e-01
2.194102108478546143e-01
-9.999000000000000000e+03
-9.999000000000000000e+03
-9.999000000000000000e+03
-9.999000000000000000e+03
-9.999000000000000000e+03
-9.999000000000000000e+03
-9.999000000000000000e+03
-9.999000000000000000e+03
-9.999000000000000000e+03
-9.999000000000000000e+03
-9.999000000000000000e+03
-9.999000000000000000e+03
1.548270508646965027e-02
6.221808120608329773e-02
7.927779108285903931e-02
9.258187562227249146e-02
7.885448634624481201e-02
7.612292468547821045e-02
5.550251156091690063e-02
4.422785341739654541e-02
-1.441217064857482910e-01
-1.037117317318916321e-01
-4.404227063059806824e-02
1.144656445831060410e-02
6.513358652591705322e-02
9.905468672513961792e-02
1.460260301828384399e-01
1.854416280984878540e-01
2.206784188747406006e-01
2.413982897996902466e-01
2.326487451791763306e-01
1.266990751028060913e-01
-9.999000000000000000e+03
-9.999000000000000000e+03
-9.999000000000000000e+03
-9.999000000000000000e+03
-9.999000000000000000e+03
-9.999000000000000000e+03
-9.999000000000000000e+03
-9.999000000000000000e+03
-9.999000000000000000e+03
-3.683696500957012177e-03
-4.922190215438604355e-03
9.049733169376850128e-03
1.920638978481292725e-02
5.101602151989936829e-02
6.067040562629699707e-02
5.482612550258636475e-02
4.882320761680603027e-02
4.141353443264961243e-02
4.421209171414375305e-02
-1.503570377826690674e-01
-1.013474687933921814e-01
-3.868239372968673706e-02
1.102831866592168808e-02
5.965687334537506104e-02
1.041291430592536926e-01
1.532795280218124390e-01
1.990864574909210205e-01
2.313469797372817993e-01
2.385518252849578857e-01
2.065983265638351440e-01
1.310381442308425903e-01
-9.999000000000000000e+03
-9.999000000000000000e+03
-9.999000000000000000e+03
-9.999000000000000000e+03
-9.999000000000000000e+03
-9.999000000000000000e+03
-9.999000000000000000e+03
-1.746030710637569427e-02
-1.314727682620286942e-02
-2.657789445947855711e-04
-2.195270545780658722e-02
-4.983914084732532501e-03
2.826528809964656830e-02
3.485821187496185303e-02
4.009515792131423950e-02
3.735078871250152588e-02
4.134122282266616821e-02
3.834117949008941650e-02
5.140037834644317627e-02
-1.342841237783432007e-01
-1.019577458500862122e-01
-5.887200683355331421e-02
-5.473185796290636063e-03
6.145209446549415588e-02
1.230493262410163879e-01
1.638350933790206909e-01
1.994547992944717407e-01
2.192263752222061157e-01
2.295598089694976807e-01
2.151770144701004028e-01
1.386996656656265259e-01
5.747124180197715759e-02
-9.999000000000000000e+03
-9.999000000000000000e+03
-9.999000000000000000e+03
-2.675809897482395172e-02
-3.078687191009521484e-02
-2.787509188055992126e-02
-9.506788104772567749e-03
-6.381236482411623001e-03
-7.760210894048213959e-03
-5.714157130569219589e-03
1.017244905233383179e-02
5.084951221942901611e-02
1.997088454663753510e-02
3.154628723859786987e-02
2.622571960091590881e-02
2.421062625944614410e-02
3.337201103568077087e-02
4.461759328842163086e-02
-1.222277805209159851e-01
-8.245624601840972900e-02
-3.885804116725921631e-02
7.222519256174564362e-03
6.013060361146926880e-02
1.063438579440116882e-01
1.458376049995422363e-01
1.804415434598922729e-01
1.956895440816879272e-01
1.967790871858596802e-01
1.769521981477737427e-01
1.217943578958511353e-01
4.848321154713630676e-02
-1.161186862736940384e-02
-3.466987237334251404e-02
-4.615166783332824707e-02
-3.912806510925292969e-02
-1.816166378557682037e-02
-3.511140355840325356e-03
1.571545936167240143e-02
1.395329553633928299e-02
1.499214116483926773e-02
1.578323356807231903e-02
8.523369207978248596e-03
3.263118211179971695e-03
-1.802646927535533905e-02
-1.306061074137687683e-02
-1.128881610929965973e-02
-6.642486434429883957e-03
1.573460362851619720e-02
3.436219692230224609e-02
-9.115514904260635376e-02
-6.834263354539871216e-02
-3.531908988952636719e-02
1.431066729128360748e-02
6.531994789838790894e-02
9.983813017606735229e-02
1.170718297362327576e-01
1.414236873388290405e-01
1.492372155189514160e-01
1.581388860940933228e-01
1.465298533439636230e-01
8.588165044784545898e-02
3.565813973546028137e-02
-1.524635870009660721e-02
-3.727458417415618896e-02
-4.030991345643997192e-02
-1.701254770159721375e-02
2.719728834927082062e-02
4.474832490086555481e-02
5.916373804211616516e-02
4.581980034708976746e-02
2.646437846124172211e-02
1.428643474355340004e-03
-2.690892480313777924e-02
-4.771864041686058044e-02
-7.525368034839630127e-02
-5.969288572669029236e-02
-6.131834164261817932e-02
-5.117153376340866089e-02
-2.054570801556110382e-02
1.061317510902881622e-02
-4.843109473586082458e-02
-3.388836607336997986e-02
-8.570001460611820221e-03
2.139812149107456207e-02
5.052142962813377380e-02
7.294800877571105957e-02
8.346462249755859375e-02
1.019289046525955200e-01
9.525892138481140137e-02
9.843990206718444824e-02
9.470771253108978271e-02
5.833170935511589050e-02
2.948236279189586639e-02
-1.417816337198019028e-02
-6.601340137422084808e-03
1.307662576436996460e-02
5.195913463830947876e-02
8.090234547853469849e-02
8.419121056795120239e-02
8.533626794815063477e-02
5.645679682493209839e-02
1.595152914524078369e-02
-3.071337752044200897e-02
-6.999064981937408447e-02
-1.064399257302284241e-01
-1.298790276050567627e-01
-1.195689439773559570e-01
-1.262116730213165283e-01
-1.045518070459365845e-01
-4.624402895569801331e-02
-2.096062712371349335e-02
-3.067207150161266327e-02
-1.713574118912220001e-02
7.827825844287872314e-03
2.002179622650146484e-02
3.712701424956321716e-02
4.781796038150787354e-02
5.377739667892456055e-02
6.494587659835815430e-02
5.502136051654815674e-02
6.098393350839614868e-02
6.355685740709304810e-02
3.602094948291778564e-02
2.594300173223018646e-02
2.095559984445571899e-02
4.266010597348213196e-02
6.555823236703872681e-02
1.061595529317855835e-01
1.108174696564674377e-01
1.000568196177482605e-01
8.752152323722839355e-02
6.219702586531639099e-02
2.925044484436511993e-02
-2.221189811825752258e-02
-9.346646815538406372e-02
-1.673043966293334961e-01
-1.814350336790084839e-01
-1.975883841514587402e-01
-2.005673348903656006e-01
-1.671416759490966797e-01
-9.169002622365951538e-02
-6.112211942672729492e-02
-1.240182761102914810e-02
-1.551734516397118568e-03
4.311350174248218536e-03
5.101282615214586258e-03
1.816093735396862030e-02
2.355979196727275848e-02
2.108342200517654419e-02
2.858305536210536957e-02
3.108834661543369293e-02
4.633319750428199768e-02
5.677334964275360107e-02
4.416073858737945557e-02
4.949613660573959351e-02
6.506380438804626465e-02
9.736413508653640747e-02
1.073507666587829590e-01
1.187382489442825317e-01
1.121630072593688965e-01
1.018520295619964600e-01
8.719363063573837280e-02
4.784997180104255676e-02
7.488194853067398071e-03
-2.134202979505062103e-02
-6.604699790477752686e-02
-8.949030190706253052e-02
-1.716704219579696655e-01
-2.302033752202987671e-01
-2.576965689659118652e-01
-2.164180129766464233e-01
-1.425933986902236938e-01
-8.438438922166824341e-02
-1.157529000192880630e-02
-6.143429782241582870e-03
-5.796778481453657150e-03
-8.321354398503899574e-04
2.426306717097759247e-03
2.032677643001079559e-03
-5.035442300140857697e-04
6.743544712662696838e-03
7.041433826088905334e-03
3.680755570530891418e-02
5.227230116724967957e-02
6.886151432991027832e-02
8.379537612199783325e-02
9.629811346530914307e-02
1.119659766554832458e-01
1.161685064435005188e-01
1.137589737772941589e-01
7.525252550840377808e-02
6.807871162891387939e-02
3.566836565732955933e-02
2.848892845213413239e-02
-9.999000000000000000e+03
-9.999000000000000000e+03
-9.999000000000000000e+03
-9.999000000000000000e+03
-9.999000000000000000e+03
-9.999000000000000000e+03
-2.168833166360855103e-01
-2.537317276000976562e-01
-1.824812740087509155e-01
-1.152970790863037109e-01
-2.958671748638153076e-02
-2.006464451551437378e-02
-4.094955045729875565e-03
1.193301565945148468e-02
4.012796562165021896e-03
-8.897379040718078613e-03
-1.430836226791143417e-02
-1.058539003133773804e-02
8.678224869072437286e-03
4.761086031794548035e-02
6.781267374753952026e-02
1.011035889387130737e-01
1.064077094197273254e-01
1.100376248359680176e-01
1.021929085254669189e-01
9.586469084024429321e-02
1.052516028285026550e-01
-9.999000000000000000e+03
-9.999000000000000000e+03
-9.999000000000000000e+03
-9.999000000000000000e+03
-9.999000000000000000e+03
-9.999000000000000000e+03
-9.999000000000000000e+03
-9.999000000000000000e+03
-9.999000000000000000e+03
-9.999000000000000000e+03
-1.687525957822799683e-01
-2.242060601711273193e-01
-2.139569520950317383e-01
-1.523409783840179443e-01
-5.547506734728813171e-02
-4.302950948476791382e-02
-1.464482489973306656e-02
-4.156628623604774475e-03
-1.039750035852193832e-02
-2.566090039908885956e-02
-2.544874511659145355e-02
-1.330415438860654831e-02
3.590692579746246338e-02
8.633593469858169556e-02
9.842126816511154175e-02
1.153494641184806824e-01
1.161203235387802124e-01
1.029455065727233887e-01
5.127049982547760010e-02
5.694466829299926758e-02
-9.999000000000000000e+03
-9.999000000000000000e+03
-9.999000000000000000e+03
-9.999000000000000000e+03
-9.999000000000000000e+03
-9.999000000000000000e+03
-9.999000000000000000e+03
-9.999000000000000000e+03
-9.999000000000000000e+03
-9.999000000000000000e+03
-9.999000000000000000e+03
-9.999000000000000000e+03
-1.391461789608001709e-01
-1.768659949302673340e-01
-1.178706213831901550e-01
-7.946465909481048584e-02
-7.575316727161407471e-02
-5.203222855925559998e-02
-2.283799648284912109e-02
-2.073801681399345398e-02
-2.514551766216754913e-02
-1.528387796133756638e-02
2.110672369599342346e-02
7.373402267694473267e-02
9.979827702045440674e-02
1.036579385399818420e-01
1.367571800947189331e-01
9.076929837465286255e-02
9.516654908657073975e-02
-9.999000000000000000e+03
-9.999000000000000000e+03
-9.999000000000000000e+03
-9.999000000000000000e+03
-9.999000000000000000e+03
-9.999000000000000000e+03
-9.999000000000000000e+03
-9.999000000000000000e+03
-9.999000000000000000e+03
-9.999000000000000000e+03
-9.999000000000000000e+03
-9.999000000000000000e+03
-9.999000000000000000e+03
-9.999000000000000000e+03
-9.999000000000000000e+03
-1.254764050245285034e-01
-9.489654004573822021e-02
-9.999000000000000000e+03
-7.793463766574859619e-02
-7.480105012655258179e-02
-4.519023746252059937e-02
-2.103935927152633667e-02
-1.528113521635532379e-02
-7.280136924237012863e-04
7.409548014402389526e-02
1.062512770295143127e-01
1.002366617321968079e-01
1.158608868718147278e-01
1.265710592269897461e-01
7.144078612327575684e-02
-9.999000000000000000e+03
-9.999000000000000000e+03
-9.999000000000000000e+03
-9.999000000000000000e+03
-9.999000000000000000e+03
-9.999000000000000000e+03
-9.999000000000000000e+03
-9.999000000000000000e+03
-9.999000000000000000e+03
-9.999000000000000000e+03
-9.999000000000000000e+03
-9.999000000000000000e+03
-9.999000000000000000e+03
-9.999000000000000000e+03
-9.999000000000000000e+03
-9.999000000000000000e+03
-5.317104980349540710e-02
-4.306254908442497253e-02
-9.999000000000000000e+03
-9.999000000000000000e+03
-9.416284412145614624e-02
-6.193206459283828735e-02
-2.632295712828636169e-02
-4.986120853573083878e-03
4.954447597265243530e-02
9.776277095079421997e-02
1.072836890816688538e-01
9.633231163024902344e-02
1.061408817768096924e-01
2.992488630115985870e-02
-9.999000000000000000e+03
-9.999000000000000000e+03
-9.999000000000000000e+03
-9.999000000000000000e+03
-9.999000000000000000e+03
-9.999000000000000000e+03
-9.999000000000000000e+03
-9.999000000000000000e+03
-9.999000000000000000e+03
-9.999000000000000000e+03
-9.999000000000000000e+03
-9.999000000000000000e+03
-9.999000000000000000e+03
-9.999000000000000000e+03
-9.999000000000000000e+03
-9.999000000000000000e+03
-9.999000000000000000e+03
-1.933594606816768646e-02
-1.866292953491210938e-02
-9.999000000000000000e+03
-9.999000000000000000e+03
-6.967139989137649536e-02
-6.708502769470214844e-02
-3.265625610947608948e-02
5.756956059485673904e-03
7.189486175775527954e-02
9.205183386802673340e-02
1.014838367700576782e-01
9.546738117933273315e-02
7.496000081300735474e-02
3.369623795151710510e-02
-9.999000000000000000e+03
-9.999000000000000000e+03
-9.999000000000000000e+03
-9.999000000000000000e+03
-9.999000000000000000e+03
-9.999000000000000000e+03
-9.999000000000000000e+03
-9.999000000000000000e+03
-9.999000000000000000e+03
-9.999000000000000000e+03
-9.999000000000000000e+03
-9.999000000000000000e+03
-9.999000000000000000e+03
-9.999000000000000000e+03
-9.999000000000000000e+03
-9.999000000000000000e+03
-9.999000000000000000e+03
-9.999000000000000000e+03
-9.999000000000000000e+03
-9.999000000000000000e+03
-9.999000000000000000e+03
-4.953883215785026550e-02
-6.051251664757728577e-02
-2.607210353016853333e-02
2.317253872752189636e-02
4.112226888537406921e-02
7.480797171592712402e-02
1.233533769845962524e-01
1.015706285834312439e-01
4.832538962364196777e-02
3.205331787467002869e-02
-9.999000000000000000e+03
-9.999000000000000000e+03
-9.999000000000000000e+03
-9.999000000000000000e+03
-9.999000000000000000e+03
-9.999000000000000000e+03
-9.999000000000000000e+03
-9.999000000000000000e+03
-9.999000000000000000e+03
-9.999000000000000000e+03
-9.999000000000000000e+03
-9.999000000000000000e+03
-9.999000000000000000e+03
-9.999000000000000000e+03
-9.999000000000000000e+03
-9.999000000000000000e+03
-9.999000000000000000e+03
-9.999000000000000000e+03
-9.999000000000000000e+03
-9.999000000000000000e+03
-9.999000000000000000e+03
-9.999000000000000000e+03
-4.692653566598892212e-02
-3.509950265288352966e-02
1.444760989397764206e-02
-5.302861332893371582e-02
4.598914831876754761e-02
1.155724450945854187e-01
1.368235945701599121e-01
8.987596631050109863e-02
-9.999000000000000000e+03
-9.999000000000000000e+03
-9.999000000000000000e+03
-9.999000000000000000e+03
-9.999000000000000000e+03
-9.999000000000000000e+03
-9.999000000000000000e+03
-9.999000000000000000e+03
-9.999000000000000000e+03
-9.999000000000000000e+03
-9.999000000000000000e+03
-9.999000000000000000e+03
-9.999000000000000000e+03
-9.999000000000000000e+03
-9.999000000000000000e+03
-9.999000000000000000e+03
-9.999000000000000000e+03
-9.999000000000000000e+03
-9.999000000000000000e+03
-9.999000000000000000e+03
-9.999000000000000000e+03
-9.999000000000000000e+03
-9.999000000000000000e+03
-4.004713892936706543e-02
-2.888104133307933807e-02
-3.378501906991004944e-02
-7.957246899604797363e-02
2.031558193266391754e-02
1.202207654714584351e-01
1.793629974126815796e-01
1.493882983922958374e-01
9.878062456846237183e-02
-9.999000000000000000e+03
-9.999000000000000000e+03
-9.999000000000000000e+03
-9.999000000000000000e+03
-9.999000000000000000e+03
-9.999000000000000000e+03
-9.999000000000000000e+03
-9.999000000000000000e+03
-9.999000000000000000e+03
-9.999000000000000000e+03
-9.999000000000000000e+03
-9.999000000000000000e+03
-9.999000000000000000e+03
-9.999000000000000000e+03
-9.999000000000000000e+03
-9.999000000000000000e+03
-9.999000000000000000e+03
-9.999000000000000000e+03
-9.999000000000000000e+03
-9.999000000000000000e+03
-9.999000000000000000e+03
-9.999000000000000000e+03
-9.999000000000000000e+03
-4.408393055200576782e-02
-6.664464622735977173e-02
-6.118509173393249512e-02
1.241510175168514252e-02
6.025050580501556396e-02
4.007984697818756104e-02
1.033054068684577942e-01
9.747789055109024048e-02
-9.999000000000000000e+03
-9.999000000000000000e+03
-9.999000000000000000e+03
-9.999000000000000000e+03
-9.999000000000000000e+03
-9.999000000000000000e+03
-9.999000000000000000e+03
-9.999000000000000000e+03
-9.999000000000000000e+03
-9.999000000000000000e+03
-9.999000000000000000e+03
-9.999000000000000000e+03
-9.999000000000000000e+03
-9.999000000000000000e+03
-9.999000000000000000e+03
-9.999000000000000000e+03
-9.999000000000000000e+03
-9.999000000000000000e+03
-9.999000000000000000e+03
-9.999000000000000000e+03
-9.999000000000000000e+03
-9.999000000000000000e+03
-9.999000000000000000e+03
-4.138711094856262207e-02
-7.483722269535064697e-02
-6.591595709323883057e-02
-7.745928317308425903e-02
-1.093859225511550903e-01
-1.301016956567764282e-01
-5.771784484386444092e-02
3.875318542122840881e-02
9.418488293886184692e-02
-9.999000000000000000e+03
-9.999000000000000000e+03
-9.999000000000000000e+03
-9.999000000000000000e+03
-9.999000000000000000e+03
-9.999000000000000000e+03
-9.999000000000000000e+03
-9.999000000000000000e+03
-9.999000000000000000e+03
-9.999000000000000000e+03
-9.999000000000000000e+03
-9.999000000000000000e+03
-9.999000000000000000e+03
-9.999000000000000000e+03
-9.999000000000000000e+03
-9.999000000000000000e+03
-9.999000000000000000e+03
-9.999000000000000000e+03
-9.999000000000000000e+03
-9.999000000000000000e+03
-9.999000000000000000e+03
-9.999000000000000000e+03
3.351134434342384338e-02
-2.405031770467758179e-02
-6.311604380607604980e-02
-1.051670461893081665e-01
-1.374271214008331299e-01
-1.730700582265853882e-01
-1.108455359935760498e-01
1.406219508498907089e-02
1.023330688476562500e-01
3.560406714677810669e-02
-3.421302186325192451e-03
2.558260597288608551e-02
2.169820480048656464e-02
-9.999000000000000000e+03
-9.999000000000000000e+03
-9.999000000000000000e+03
-9.999000000000000000e+03
-9.999000000000000000e+03
-9.999000000000000000e+03
-9.999000000000000000e+03
-9.999000000000000000e+03
-9.999000000000000000e+03
-9.999000000000000000e+03
-9.999000000000000000e+03
-9.999000000000000000e+03
-9.999000000000000000e+03
-9.999000000000000000e+03
-9.999000000000000000e+03
-9.999000000000000000e+03
-9.999000000000000000e+03
3.282943367958068848e-02
3.636154159903526306e-02
1.785679534077644348e-02
-3.772877156734466553e-02
-8.430816233158111572e-02
-1.306544542312622070e-01
-1.325854063034057617e-01
-9.649419784545898438e-02
-2.041310630738735199e-02
6.947508454322814941e-02
2.176401391625404358e-02
3.864548727869987488e-02
1.933156885206699371e-02
1.365717593580484390e-02
-9.999000000000000000e+03
-9.999000000000000000e+03
-9.999000000000000000e+03
-9.999000000000000000e+03
-9.999000000000000000e+03
-9.999000000000000000e+03
-9.999000000000000000e+03
-9.999000000000000000e+03
-9.999000000000000000e+03
-9.999000000000000000e+03
-9.999000000000000000e+03
-9.999000000000000000e+03
-9.999000000000000000e+03
-9.999000000000000000e+03
-9.999000000000000000e+03
2.685072086751461029e-02
1.916141621768474579e-02
1.981197670102119446e-02
2.496244944632053375e-02
8.246812038123607635e-03
-2.153157442808151245e-02
-5.263023078441619873e-02
-9.565841406583786011e-02
-1.159881129860877991e-01
-9.910675138235092163e-02
-3.971585258841514587e-02
4.860296845436096191e-03
5.780765414237976074e-02
7.193250209093093872e-02
-9.999000000000000000e+03
-9.999000000000000000e+03
-9.999000000000000000e+03
-9.999000000000000000e+03
-9.999000000000000000e+03
-9.999000000000000000e+03
-9.999000000000000000e+03
-9.999000000000000000e+03
-9.999000000000000000e+03
-9.999000000000000000e+03
-9.999000000000000000e+03
-9.999000000000000000e+03
-9.999000000000000000e+03
-9.999000000000000000e+03
-9.999000000000000000e+03
-9.999000000000000000e+03
2.681552805006504059e-02
4.031492769718170166e-02
6.004020944237709045e-02
5.184743553400039673e-02
3.477369621396064758e-02
6.375439930707216263e-03
-2.875688858330249786e-02
-3.842370212078094482e-02
-5.625490099191665649e-02
-8.154134452342987061e-02
-1.016285791993141174e-01
-7.644635438919067383e-02
-2.343002706766128540e-02
8.043281733989715576e-02
-9.999000000000000000e+03
-9.999000000000000000e+03
-9.999000000000000000e+03
-9.999000000000000000e+03
-9.999000000000000000e+03
-9.999000000000000000e+03
-9.999000000000000000e+03
-9.999000000000000000e+03
-9.999000000000000000e+03
-9.999000000000000000e+03
-9.999000000000000000e+03
-9.999000000000000000e+03
-9.999000000000000000e+03
-9.999000000000000000e+03
-9.999000000000000000e+03
-9.999000000000000000e+03
-9.999000000000000000e+03
3.481833264231681824e-02
4.738701507449150085e-02
1.036696210503578186e-01
6.869960576295852661e-02
2.521414123475551605e-02
-1.322640199214220047e-02
-4.137835651636123657e-02
-4.105611518025398254e-02
-3.156738355755805969e-02
-6.328795105218887329e-02
-7.180404663085937500e-02
-5.369887128472328186e-02
-9.791529737412929535e-03
4.953515157103538513e-02
-9.999000000000000000e+03
-9.999000000000000000e+03
-9.999000000000000000e+03
-9.999000000000000000e+03
-9.999000000000000000e+03
-9.999000000000000000e+03
-9.999000000000000000e+03
-9.999000000000000000e+03
-9.999000000000000000e+03
-9.999000000000000000e+03
-9.999000000000000000e+03
-9.999000000000000000e+03
-9.999000000000000000e+03
-9.999000000000000000e+03
-9.999000000000000000e+03
-9.999000000000000000e+03
-9.999000000000000000e+03
5.860209092497825623e-02
9.799428284168243408e-02
1.078661158680915833e-01
6.932547688484191895e-02
1.685089245438575745e-02
-4.248362407088279724e-02
-6.456803530454635620e-02
-5.218647420406341553e-02
-2.782164514064788818e-02
-3.197832778096199036e-02
-4.539516940712928772e-02
-2.742382138967514038e-02
-1.241415087133646011e-02
-9.999000000000000000e+03
-9.999000000000000000e+03
-9.999000000000000000e+03
-9.999000000000000000e+03
-9.999000000000000000e+03
-9.999000000000000000e+03
-9.999000000000000000e+03
-9.999000000000000000e+03
-9.999000000000000000e+03
-9.999000000000000000e+03
-9.999000000000000000e+03
-9.999000000000000000e+03
-9.999000000000000000e+03
-9.999000000000000000e+03
-9.999000000000000000e+03
-9.999000000000000000e+03
-9.999000000000000000e+03
-9.999000000000000000e+03
7.268103212118148804e-02
1.020980030298233032e-01
8.011358231306076050e-02
4.378833994269371033e-02
-1.885043270885944366e-02
-6.525968760251998901e-02
-8.220272511243820190e-02
-7.347176223993301392e-02
-2.419863641262054443e-02
-4.871576675213873386e-04
-5.106911528855562210e-03
-2.032811008393764496e-02
-9.999000000000000000e+03
-9.999000000000000000e+03
-9.999000000000000000e+03
-9.999000000000000000e+03
-9.999000000000000000e+03
-9.999000000000000000e+03
-9.999000000000000000e+03
-9.999000000000000000e+03
-9.999000000000000000e+03
-9.999000000000000000e+03
-9.999000000000000000e+03
-9.999000000000000000e+03
-9.999000000000000000e+03
-9.999000000000000000e+03
-9.999000000000000000e+03
-9.999000000000000000e+03
-9.999000000000000000e+03
-9.999000000000000000e+03
-9.999000000000000000e+03
5.637982115149497986e-02
7.628435641527175903e-02
6.569589674472808838e-02
3.917413577437400818e-02
-6.650406867265701294e-02
-7.614082843065261841e-02
-7.061526924371719360e-02
-4.183017462491989136e-02
-1.954768970608711243e-02
-8.856904692947864532e-03
-9.999000000000000000e+03
-9.999000000000000000e+03
-9.999000000000000000e+03
-9.999000000000000000e+03
-9.999000000000000000e+03
-9.999000000000000000e+03
-9.999000000000000000e+03
-9.999000000000000000e+03
-9.999000000000000000e+03
-9.999000000000000000e+03
-9.999000000000000000e+03
-9.999000000000000000e+03
-9.999000000000000000e+03
-9.999000000000000000e+03
-9.999000000000000000e+03
-9.999000000000000000e+03
-9.999000000000000000e+03
-9.999000000000000000e+03
-9.999000000000000000e+03
-9.999000000000000000e+03
-9.999000000000000000e+03
2.852980233728885651e-02
4.054303839802742004e-02
3.453756496310234070e-02
-1.912711188197135925e-02
-5.973237007856369019e-02
-5.846231058239936829e-02
-9.999000000000000000e+03
-9.999000000000000000e+03
-9.999000000000000000e+03
-9.999000000000000000e+03
-9.999000000000000000e+03
-9.999000000000000000e+03
-9.999000000000000000e+03
-9.999000000000000000e+03
-9.999000000000000000e+03
-9.999000000000000000e+03
-9.999000000000000000e+03
-9.999000000000000000e+03
-9.999000000000000000e+03
-9.999000000000000000e+03
-9.999000000000000000e+03
-9.999000000000000000e+03
-9.999000000000000000e+03
-9.999000000000000000e+03
-9.999000000000000000e+03
-9.999000000000000000e+03
-9.999000000000000000e+03
-9.999000000000000000e+03
-9.999000000000000000e+03
-9.999000000000000000e+03
-9.999000000000000000e+03
-5.064344033598899841e-03
1.402925979346036911e-02
1.906416006386280060e-02
-9.999000000000000000e+03
-9.999000000000000000e+03
-9.999000000000000000e+03
-9.999000000000000000e+03
-9.999000000000000000e+03
-9.999000000000000000e+03
-9.999000000000000000e+03
-9.999000000000000000e+03
-9.999000000000000000e+03
-9.999000000000000000e+03
-9.999000000000000000e+03
-9.999000000000000000e+03
-9.999000000000000000e+03
-9.999000000000000000e+03
-9.999000000000000000e+03
-9.999000000000000000e+03
-9.999000000000000000e+03
-9.999000000000000000e+03
-9.999000000000000000e+03
-9.999000000000000000e+03
-9.999000000000000000e+03
-9.999000000000000000e+03
-9.999000000000000000e+03
-9.999000000000000000e+03
-9.999000000000000000e+03
-9.999000000000000000e+03
-9.999000000000000000e+03
-9.999000000000000000e+03
