-1.228156313300132751e-01
-8.164323866367340088e-02
-2.335639856755733490e-02
3.382329642772674561e-02
8.360738307237625122e-02
1.198120191693305969e-01
1.564768552780151367e-01
1.914782524108886719e-01
2.305168211460113525e-01
2.583287954330444336e-01
2.533770799636840820e-01
-9.999000000000000000e+03
-9.999000000000000000e+03
-9.999000000000000000e+03
-9.999000000000000000e+03
-9.999000000000000000e+03
-9.999000000000000000e+03
-9.999000000000000000e+03
-9.999000000000000000e+03
-9.999000000000000000e+03
-9.999000000000000000e+03
-9.999000000000000000e+03
-9.999000000000000000e+03
2.552188932895660400e-02
6.692608445882797241e-02
8.926010876893997192e-02
1.057159304618835449e-01
9.632935374975204468e-02
1.013113185763359070e-01
8.515423536300659180e-02
7.831542938947677612e-02
-1.209411844611167908e-01
-8.259316533803939819e-02
-2.874807268381118774e-02
2.333192713558673859e-02
8.282193541526794434e-02
1.250499188899993896e-01
1.751025617122650146e-01
2.125607728958129883e-01
2.452751994132995605e-01
2.653851509094238281e-01
2.591056227684020996e-01
1.477538049221038818e-01
-9.999000000000000000e+03
-9.999000000000000000e+03
-9.999000000000000000e+03
-9.999000000000000000e+03
-9.999000000000000000e+03
-9.999000000000000000e+03
-9.999000000000000000e+03
-9.999000000000000000e+03
-9.999000000000000000e+03
6.352692842483520508e-03
1.289087813347578049e-02
3.107955493032932281e-02
3.362170979380607605e-02
6.227979809045791626e-02
7.129523158073425293e-02
6.236485764384269714e-02
5.481379106640815735e-02
5.431184172630310059e-02
6.278444081544876099e-02
-1.311178058385848999e-01
-8.513011783361434937e-02
-2.946477755904197693e-02
2.671793848276138306e-02
8.439026027917861938e-02
1.365210413932800293e-01
1.843648701906204224e-01
2.268216758966445923e-01
2.580589056015014648e-01
2.656351923942565918e-01
2.377184331417083740e-01
1.553524583578109741e-01
-9.999000000000000000e+03
-9.999000000000000000e+03
-9.999000000000000000e+03
-9.999000000000000000e+03
-9.999000000000000000e+03
-9.999000000000000000e+03
-9.999000000000000000e+03
-1.813306473195552826e-02
-9.394892491400241852e-03
5.875525064766407013e-03
-1.126568857580423355e-02
9.945941157639026642e-03
3.746885433793067932e-02
3.930866345763206482e-02
4.325495660305023193e-02
3.706113621592521667e-02
4.078340530395507812e-02
4.391470924019813538e-02
5.478904023766517639e-02
-1.158272996544837952e-01
-8.545721322298049927e-02
-4.319489374756813049e-02
1.570237241685390472e-02
9.163056313991546631e-02
1.522054225206375122e-01
1.908399611711502075e-01
2.273567467927932739e-01
2.452836483716964722e-01
2.539819777011871338e-01
2.395671010017395020e-01
1.638982594013214111e-01
6.717287749052047729e-02
-9.999000000000000000e+03
-9.999000000000000000e+03
-9.999000000000000000e+03
-2.918491885066032410e-02
-3.039863333106040955e-02
-2.871390804648399353e-02
-1.146235223859548569e-02
-9.208551608026027679e-03
-8.982042782008647919e-03
-5.013392306864261627e-03
1.027441117912530899e-02
4.042563959956169128e-02
1.335405558347702026e-02
2.407886832952499390e-02
1.917438395321369171e-02
1.662435941398143768e-02
2.822178229689598083e-02
4.126402735710144043e-02
-9.502378851175308228e-02
-6.277313828468322754e-02
-2.062807045876979828e-02
2.507224306464195251e-02
8.201810717582702637e-02
1.267053484916687012e-01
1.615171432495117188e-01
1.974514275789260864e-01
2.056915163993835449e-01
2.013814598321914673e-01
1.834102720022201538e-01
1.261018365621566772e-01
5.026986077427864075e-02
-1.170479599386453629e-02
-5.226833745837211609e-02
-5.684329569339752197e-02
-3.833678737282752991e-02
-1.300497911870479584e-02
1.499563106335699558e-03
1.895142160356044769e-02
1.467073801904916763e-02
7.415151689201593399e-03
1.154192164540290833e-02
3.834982169792056084e-03
-1.934794127009809017e-03
-2.512316592037677765e-02
-2.400656603276729584e-02
-2.499316632747650146e-02
-2.222737669944763184e-02
7.107595913112163544e-03
2.910102531313896179e-02
-6.571896374225616455e-02
-5.006834864616394043e-02
-2.180154807865619659e-02
2.203382365405559540e-02
7.408976554870605469e-02
1.042080074548721313e-01
1.179968491196632385e-01
1.414423286914825439e-01
1.446662098169326782e-01
1.502300351858139038e-01
1.343210786581039429e-01
7.885294407606124878e-02
3.035671636462211609e-02
-2.374194376170635223e-02
-4.773550853133201599e-02
-4.861100763082504272e-02
-1.522320602089166641e-02
3.545179963111877441e-02
5.606012046337127686e-02
6.918544322252273560e-02
5.485334992408752441e-02
2.967607043683528900e-02
2.304291352629661560e-03
-2.696696855127811432e-02
-5.087427794933319092e-02
-8.544141054153442383e-02
-7.649613916873931885e-02
-7.913175970315933228e-02
-6.518290191888809204e-02
-2.988416701555252075e-02
1.028745248913764954e-02
-3.682496026158332825e-02
-3.322993591427803040e-02
-1.020324788987636566e-02
1.759892888367176056e-02
4.930420592427253723e-02
7.049067318439483643e-02
7.926930487155914307e-02
9.568482637405395508e-02
9.046860784292221069e-02
9.390667825937271118e-02
8.898957818746566772e-02
5.357668176293373108e-02
2.530417963862419128e-02
-1.593761146068572998e-02
-1.055209804326295853e-02
1.369059272110462189e-02
5.952472239732742310e-02
9.353822469711303711e-02
9.814189374446868896e-02
9.858868271112442017e-02
6.869067251682281494e-02
2.492402493953704834e-02
-1.886367797851562500e-02
-6.155300512909889221e-02
-1.045607700943946838e-01
-1.372230648994445801e-01
-1.360593736171722412e-01
-1.355579793453216553e-01
-1.085678488016128540e-01
-4.699822142720222473e-02
-1.525925099849700928e-02
-2.682198397815227509e-02
-2.474554814398288727e-02
-7.010755594819784164e-03
5.290623754262924194e-03
2.782117202877998352e-02
4.079542309045791626e-02
4.970327764749526978e-02
6.427546590566635132e-02
6.435085088014602661e-02
6.304603070020675659e-02
6.227920576930046082e-02
3.797023370862007141e-02
2.595748938620090485e-02
2.041530236601829529e-02
4.101685807108879089e-02
6.710237264633178711e-02
1.171361580491065979e-01
1.240681186318397522e-01
1.140446588397026062e-01
9.983545541763305664e-02
7.692121714353561401e-02
4.723023250699043274e-02
3.258291864767670631e-03
-7.184449583292007446e-02
-1.480541825294494629e-01
-1.816060245037078857e-01
-2.043955028057098389e-01
-2.069917619228363037e-01
-1.720652282238006592e-01
-9.000001847743988037e-02
-5.642499774694442749e-02
-1.580729149281978607e-02
-1.154691074043512344e-02
-5.220926832407712936e-03
7.331833330681547523e-05
1.160971820354461670e-02
1.467957254499197006e-02
2.778302691876888275e-02
3.588490188121795654e-02
3.390225768089294434e-02
4.207201674580574036e-02
5.398833379149436951e-02
4.792400076985359192e-02
5.413151904940605164e-02
7.201825082302093506e-02
1.066786870360374451e-01
1.147378608584403992e-01
1.271370649337768555e-01
1.187933087348937988e-01
1.095622032880783081e-01
9.517775475978851318e-02
6.064683571457862854e-02
2.937600389122962952e-02
-1.751824514940381050e-03
-4.445263370871543884e-02
-6.884273886680603027e-02
-1.644111275672912598e-01
-2.266267091035842896e-01
-2.625007033348083496e-01
-2.230311930179595947e-01
-1.482435613870620728e-01
-8.978307247161865234e-02
-2.478694170713424683e-02
-1.625999622046947479e-02
-1.095565618015825748e-03
1.614560186862945557e-02
2.365035563707351685e-02
2.479940652847290039e-02
1.983377151191234589e-02
1.202778518199920654e-02
-5.642580334097146988e-03
2.793343365192413330e-02
5.689767003059387207e-02
8.487049490213394165e-02
1.044888347387313843e-01
1.183297857642173767e-01
1.317043155431747437e-01
1.277661621570587158e-01
1.179704517126083374e-01
7.682715356349945068e-02
6.625533103942871094e-02
3.261452168226242065e-02
3.298064321279525757e-02
-9.999000000000000000e+03
-9.999000000000000000e+03
-9.999000000000000000e+03
-9.999000000000000000e+03
-9.999000000000000000e+03
-9.999000000000000000e+03
-2.130420058965682983e-01
-2.522186338901519775e-01
-1.842276751995086670e-01
-1.149950101971626282e-01
-4.381556808948516846e-02
-3.315972536802291870e-02
-1.035426184535026550e-02
1.417110487818717957e-02
2.531753666698932648e-02
1.449011359363794327e-02
1.568503212183713913e-04
-1.140059623867273331e-02
3.936064895242452621e-03
5.316438153386116028e-02
8.498258143663406372e-02
1.338980942964553833e-01
1.404224485158920288e-01
1.390274912118911743e-01
1.226294636726379395e-01
1.080150604248046875e-01
1.167565360665321350e-01
-9.999000000000000000e+03
-9.999000000000000000e+03
-9.999000000000000000e+03
-9.999000000000000000e+03
-9.999000000000000000e+03
-9.999000000000000000e+03
-9.999000000000000000e+03
-9.999000000000000000e+03
-9.999000000000000000e+03
-9.999000000000000000e+03
-1.663708984851837158e-01
-2.215284705162048340e-01
-2.117217630147933960e-01
-1.518391519784927368e-01
-6.588444858789443970e-02
-4.750330746173858643e-02
-1.604394055902957916e-02
5.578902084380388260e-03
8.291415870189666748e-03
-2.235766733065247536e-03
-1.672590035013854504e-03
-3.652991261333227158e-03
5.440680682659149170e-02
1.089050695300102234e-01
1.271867603063583374e-01
1.478371769189834595e-01
1.500547528266906738e-01
1.341482549905776978e-01
6.408382207155227661e-02
6.345453113317489624e-02
-9.999000000000000000e+03
-9.999000000000000000e+03
-9.999000000000000000e+03
-9.999000000000000000e+03
-9.999000000000000000e+03
-9.999000000000000000e+03
-9.999000000000000000e+03
-9.999000000000000000e+03
-9.999000000000000000e+03
-9.999000000000000000e+03
-9.999000000000000000e+03
-9.999000000000000000e+03
-1.362356096506118774e-01
-1.724818199872970581e-01
-1.192990839481353760e-01
-7.971648871898651123e-02
-6.317391246557235718e-02
-2.906865626573562622e-02
3.753204364329576492e-03
1.318712346255779266e-02
1.529671438038349152e-02
1.696763746440410614e-02
4.693154245615005493e-02
1.023944020271301270e-01
1.300950944423675537e-01
1.340286582708358765e-01
1.666919440031051636e-01
1.171499267220497131e-01
1.239512339234352112e-01
-9.999000000000000000e+03
-9.999000000000000000e+03
-9.999000000000000000e+03
-9.999000000000000000e+03
-9.999000000000000000e+03
-9.999000000000000000e+03
-9.999000000000000000e+03
-9.999000000000000000e+03
-9.999000000000000000e+03
-9.999000000000000000e+03
-9.999000000000000000e+03
-9.999000000000000000e+03
-9.999000000000000000e+03
-9.999000000000000000e+03
-9.999000000000000000e+03
-1.170279011130332947e-01
-8.912414312362670898e-02
-9.999000000000000000e+03
-5.829839408397674561e-02
-4.555962607264518738e-02
-1.694828271865844727e-02
1.205719821155071259e-02
2.347167953848838806e-02
3.220815956592559814e-02
1.074503809213638306e-01
1.430295258760452271e-01
1.333532482385635376e-01
1.444075703620910645e-01
1.540751159191131592e-01
9.430523216724395752e-02
-9.999000000000000000e+03
-9.999000000000000000e+03
-9.999000000000000000e+03
-9.999000000000000000e+03
-9.999000000000000000e+03
-9.999000000000000000e+03
-9.999000000000000000e+03
-9.999000000000000000e+03
-9.999000000000000000e+03
-9.999000000000000000e+03
-9.999000000000000000e+03
-9.999000000000000000e+03
-9.999000000000000000e+03
-9.999000000000000000e+03
-9.999000000000000000e+03
-9.999000000000000000e+03
-4.060548171401023865e-02
-2.905518189072608948e-02
-9.999000000000000000e+03
-9.999000000000000000e+03
-6.523486226797103882e-02
-4.424848780035972595e-02
-3.410921199247241020e-03
2.243836969137191772e-02
7.865218818187713623e-02
1.322130560874938965e-01
1.463107019662857056e-01
1.346167623996734619e-01
1.359198838472366333e-01
5.829391628503799438e-02
-9.999000000000000000e+03
-9.999000000000000000e+03
-9.999000000000000000e+03
-9.999000000000000000e+03
-9.999000000000000000e+03
-9.999000000000000000e+03
-9.999000000000000000e+03
-9.999000000000000000e+03
-9.999000000000000000e+03
-9.999000000000000000e+03
-9.999000000000000000e+03
-9.999000000000000000e+03
-9.999000000000000000e+03
-9.999000000000000000e+03
-9.999000000000000000e+03
-9.999000000000000000e+03
-9.999000000000000000e+03
-4.860247485339641571e-03
8.791395463049411774e-03
-9.999000000000000000e+03
-9.999000000000000000e+03
-4.412527009844779968e-02
-4.422396421432495117e-02
-1.833962276577949524e-02
2.713059261441230774e-02
1.015023440122604370e-01
1.286773979663848877e-01
1.402958184480667114e-01
1.342531740665435791e-01
1.134693622589111328e-01
8.085992932319641113e-02
-9.999000000000000000e+03
-9.999000000000000000e+03
-9.999000000000000000e+03
-9.999000000000000000e+03
-9.999000000000000000e+03
-9.999000000000000000e+03
-9.999000000000000000e+03
-9.999000000000000000e+03
-9.999000000000000000e+03
-9.999000000000000000e+03
-9.999000000000000000e+03
-9.999000000000000000e+03
-9.999000000000000000e+03
-9.999000000000000000e+03
-9.999000000000000000e+03
-9.999000000000000000e+03
-9.999000000000000000e+03
-9.999000000000000000e+03
-9.999000000000000000e+03
-9.999000000000000000e+03
-9.999000000000000000e+03
-2.559326030313968658e-02
-4.235583171248435974e-02
-2.322133444249629974e-02
3.045783564448356628e-02
6.004081666469573975e-02
1.066449582576751709e-01
1.570013761520385742e-01
1.374257504940032959e-01
8.489179611206054688e-02
6.489122658967971802e-02
-9.999000000000000000e+03
-9.999000000000000000e+03
-9.999000000000000000e+03
-9.999000000000000000e+03
-9.999000000000000000e+03
-9.999000000000000000e+03
-9.999000000000000000e+03
-9.999000000000000000e+03
-9.999000000000000000e+03
-9.999000000000000000e+03
-9.999000000000000000e+03
-9.999000000000000000e+03
-9.999000000000000000e+03
-9.999000000000000000e+03
-9.999000000000000000e+03
-9.999000000000000000e+03
-9.999000000000000000e+03
-9.999000000000000000e+03
-9.999000000000000000e+03
-9.999000000000000000e+03
-9.999000000000000000e+03
-9.999000000000000000e+03
-3.254911303520202637e-02
-3.418112918734550476e-02
8.431693539023399353e-03
-3.275674208998680115e-02
7.063594460487365723e-02
1.383003145456314087e-01
1.622127592563629150e-01
1.158837378025054932e-01
-9.999000000000000000e+03
-9.999000000000000000e+03
-9.999000000000000000e+03
-9.999000000000000000e+03
-9.999000000000000000e+03
-9.999000000000000000e+03
-9.999000000000000000e+03
-9.999000000000000000e+03
-9.999000000000000000e+03
-9.999000000000000000e+03
-9.999000000000000000e+03
-9.999000000000000000e+03
-9.999000000000000000e+03
-9.999000000000000000e+03
-9.999000000000000000e+03
-9.999000000000000000e+03
-9.999000000000000000e+03
-9.999000000000000000e+03
-9.999000000000000000e+03
-9.999000000000000000e+03
-9.999000000000000000e+03
-9.999000000000000000e+03
-9.999000000000000000e+03
-3.056405484676361084e-02
-1.896556653082370758e-02
-3.317699581384658813e-02
-7.214729487895965576e-02
4.009586200118064880e-02
1.353099793195724487e-01
2.122399359941482544e-01
1.671984046697616577e-01
1.105857342481613159e-01
-9.999000000000000000e+03
-9.999000000000000000e+03
-9.999000000000000000e+03
-9.999000000000000000e+03
-9.999000000000000000e+03
-9.999000000000000000e+03
-9.999000000000000000e+03
-9.999000000000000000e+03
-9.999000000000000000e+03
-9.999000000000000000e+03
-9.999000000000000000e+03
-9.999000000000000000e+03
-9.999000000000000000e+03
-9.999000000000000000e+03
-9.999000000000000000e+03
-9.999000000000000000e+03
-9.999000000000000000e+03
-9.999000000000000000e+03
-9.999000000000000000e+03
-9.999000000000000000e+03
-9.999000000000000000e+03
-9.999000000000000000e+03
-9.999000000000000000e+03
-1.634657755494117737e-02
-4.474696516990661621e-02
-3.566287830471992493e-02
4.870600998401641846e-02
9.736208617687225342e-02
8.143164217472076416e-02
1.252760589122772217e-01
1.209944337606430054e-01
-9.999000000000000000e+03
-9.999000000000000000e+03
-9.999000000000000000e+03
-9.999000000000000000e+03
-9.999000000000000000e+03
-9.999000000000000000e+03
-9.999000000000000000e+03
-9.999000000000000000e+03
-9.999000000000000000e+03
-9.999000000000000000e+03
-9.999000000000000000e+03
-9.999000000000000000e+03
-9.999000000000000000e+03
-9.999000000000000000e+03
-9.999000000000000000e+03
-9.999000000000000000e+03
-9.999000000000000000e+03
-9.999000000000000000e+03
-9.999000000000000000e+03
-9.999000000000000000e+03
-9.999000000000000000e+03
-9.999000000000000000e+03
-9.999000000000000000e+03
7.139156572520732880e-03
-1.897447928786277771e-02
-2.283895388245582581e-02
-2.914572879672050476e-02
-6.921175867319107056e-02
-1.061618626117706299e-01
-3.276544809341430664e-02
5.805158615112304688e-02
9.732896834611892700e-02
-9.999000000000000000e+03
-9.999000000000000000e+03
-9.999000000000000000e+03
-9.999000000000000000e+03
-9.999000000000000000e+03
-9.999000000000000000e+03
-9.999000000000000000e+03
-9.999000000000000000e+03
-9.999000000000000000e+03
-9.999000000000000000e+03
-9.999000000000000000e+03
-9.999000000000000000e+03
-9.999000000000000000e+03
-9.999000000000000000e+03
-9.999000000000000000e+03
-9.999000000000000000e+03
-9.999000000000000000e+03
-9.999000000000000000e+03
-9.999000000000000000e+03
-9.999000000000000000e+03
-9.999000000000000000e+03
-9.999000000000000000e+03
7.486420124769210815e-02
1.898377016186714172e-02
-2.588645741343498230e-02
-6.911621987819671631e-02
-1.037126332521438599e-01
-1.452006548643112183e-01
-8.154421299695968628e-02
3.304721415042877197e-02
1.202536746859550476e-01
3.930924832820892334e-02
-7.401353679597377777e-03
2.927582897245883942e-02
2.627574466168880463e-02
-9.999000000000000000e+03
-9.999000000000000000e+03
-9.999000000000000000e+03
-9.999000000000000000e+03
-9.999000000000000000e+03
-9.999000000000000000e+03
-9.999000000000000000e+03
-9.999000000000000000e+03
-9.999000000000000000e+03
-9.999000000000000000e+03
-9.999000000000000000e+03
-9.999000000000000000e+03
-9.999000000000000000e+03
-9.999000000000000000e+03
-9.999000000000000000e+03
-9.999000000000000000e+03
-9.999000000000000000e+03
6.769687682390213013e-02
7.468146085739135742e-02
5.270373821258544922e-02
-3.366157179698348045e-03
-5.236181244254112244e-02
-9.689118713140487671e-02
-9.671942144632339478e-02
-6.384803354740142822e-02
4.027233459055423737e-03
8.515223860740661621e-02
3.494425117969512939e-02
5.167291313409805298e-02
2.739115618169307709e-02
2.391850203275680542e-02
-9.999000000000000000e+03
-9.999000000000000000e+03
-9.999000000000000000e+03
-9.999000000000000000e+03
-9.999000000000000000e+03
-9.999000000000000000e+03
-9.999000000000000000e+03
-9.999000000000000000e+03
-9.999000000000000000e+03
-9.999000000000000000e+03
-9.999000000000000000e+03
-9.999000000000000000e+03
-9.999000000000000000e+03
-9.999000000000000000e+03
-9.999000000000000000e+03
3.948949277400970459e-02
3.570896759629249573e-02
4.465456679463386536e-02
5.363821983337402344e-02
4.216910153627395630e-02
1.565408892929553986e-02
-1.313344389200210571e-02
-5.310429260134696960e-02
-7.220526784658432007e-02
-6.785829365253448486e-02
-2.309599705040454865e-02
1.962202414870262146e-02
7.259741425514221191e-02
8.329939097166061401e-02
-9.999000000000000000e+03
-9.999000000000000000e+03
-9.999000000000000000e+03
-9.999000000000000000e+03
-9.999000000000000000e+03
-9.999000000000000000e+03
-9.999000000000000000e+03
-9.999000000000000000e+03
-9.999000000000000000e+03
-9.999000000000000000e+03
-9.999000000000000000e+03
-9.999000000000000000e+03
-9.999000000000000000e+03
-9.999000000000000000e+03
-9.999000000000000000e+03
-9.999000000000000000e+03
2.347064018249511719e-02
4.302221536636352539e-02
6.281545013189315796e-02
5.532739311456680298e-02
4.938009753823280334e-02
3.453075885772705078e-02
1.354856044054031372e-02
-2.037922153249382973e-03
-1.728984527289867401e-02
-4.419329389929771423e-02
-7.041161507368087769e-02
-5.729502439498901367e-02
-4.348948132246732712e-03
1.052556112408638000e-01
-9.999000000000000000e+03
-9.999000000000000000e+03
-9.999000000000000000e+03
-9.999000000000000000e+03
-9.999000000000000000e+03
-9.999000000000000000e+03
-9.999000000000000000e+03
-9.999000000000000000e+03
-9.999000000000000000e+03
-9.999000000000000000e+03
-9.999000000000000000e+03
-9.999000000000000000e+03
-9.999000000000000000e+03
-9.999000000000000000e+03
-9.999000000000000000e+03
-9.999000000000000000e+03
-9.999000000000000000e+03
3.289238736033439636e-02
3.781947866082191467e-02
8.567118644714355469e-02
6.222057715058326721e-02
2.535683289170265198e-02
-4.721704171970486641e-04
-2.085650525987148285e-02
-2.470248192548751831e-02
-1.092187501490116119e-02
-4.032808542251586914e-02
-5.532051250338554382e-02
-3.702504187822341919e-02
1.760538108646869659e-02
8.767975121736526489e-02
-9.999000000000000000e+03
-9.999000000000000000e+03
-9.999000000000000000e+03
-9.999000000000000000e+03
-9.999000000000000000e+03
-9.999000000000000000e+03
-9.999000000000000000e+03
-9.999000000000000000e+03
-9.999000000000000000e+03
-9.999000000000000000e+03
-9.999000000000000000e+03
-9.999000000000000000e+03
-9.999000000000000000e+03
-9.999000000000000000e+03
-9.999000000000000000e+03
-9.999000000000000000e+03
-9.999000000000000000e+03
4.528944566845893860e-02
8.044363558292388916e-02
8.885923773050308228e-02
5.559239909052848816e-02
9.465381503105163574e-03
-4.331055656075477600e-02
-6.749312579631805420e-02
-4.876884818077087402e-02
-2.143706195056438446e-02
-2.547276578843593597e-02
-4.408697411417961121e-02
-2.117126807570457458e-02
1.545847486704587936e-02
-9.999000000000000000e+03
-9.999000000000000000e+03
-9.999000000000000000e+03
-9.999000000000000000e+03
-9.999000000000000000e+03
-9.999000000000000000e+03
-9.999000000000000000e+03
-9.999000000000000000e+03
-9.999000000000000000e+03
-9.999000000000000000e+03
-9.999000000000000000e+03
-9.999000000000000000e+03
-9.999000000000000000e+03
-9.999000000000000000e+03
-9.999000000000000000e+03
-9.999000000000000000e+03
-9.999000000000000000e+03
-9.999000000000000000e+03
6.103033944964408875e-02
9.285984933376312256e-02
7.160644233226776123e-02
3.286486864089965820e-02
-2.736665308475494385e-02
-7.100694626569747925e-02
-8.683747798204421997e-02
-7.413210719823837280e-02
-2.902088873088359833e-02
-1.302178762853145599e-02
-1.617319136857986450e-02
-1.841464079916477203e-02
-9.999000000000000000e+03
-9.999000000000000000e+03
-9.999000000000000000e+03
-9.999000000000000000e+03
-9.999000000000000000e+03
-9.999000000000000000e+03
-9.999000000000000000e+03
-9.999000000000000000e+03
-9.999000000000000000e+03
-9.999000000000000000e+03
-9.999000000000000000e+03
-9.999000000000000000e+03
-9.999000000000000000e+03
-9.999000000000000000e+03
-9.999000000000000000e+03
-9.999000000000000000e+03
-9.999000000000000000e+03
-9.999000000000000000e+03
-9.999000000000000000e+03
6.044439598917961121e-02
7.282212376594543457e-02
5.574548617005348206e-02
2.431348524987697601e-02
-7.343012094497680664e-02
-8.611282706260681152e-02
-7.946762442588806152e-02
-5.390150845050811768e-02
-3.529653698205947876e-02
-1.792463287711143494e-02
-9.999000000000000000e+03
-9.999000000000000000e+03
-9.999000000000000000e+03
-9.999000000000000000e+03
-9.999000000000000000e+03
-9.999000000000000000e+03
-9.999000000000000000e+03
-9.999000000000000000e+03
-9.999000000000000000e+03
-9.999000000000000000e+03
-9.999000000000000000e+03
-9.999000000000000000e+03
-9.999000000000000000e+03
-9.999000000000000000e+03
-9.999000000000000000e+03
-9.999000000000000000e+03
-9.999000000000000000e+03
-9.999000000000000000e+03
-9.999000000000000000e+03
-9.999000000000000000e+03
-9.999000000000000000e+03
4.076769575476646423e-02
2.922955155372619629e-02
2.574094571173191071e-02
-2.989045903086662292e-02
-7.137201726436614990e-02
-7.138665765523910522e-02
-9.999000000000000000e+03
-9.999000000000000000e+03
-9.999000000000000000e+03
-9.999000000000000000e+03
-9.999000000000000000e+03
-9.999000000000000000e+03
-9.999000000000000000e+03
-9.999000000000000000e+03
-9.999000000000000000e+03
-9.999000000000000000e+03
-9.999000000000000000e+03
-9.999000000000000000e+03
-9.999000000000000000e+03
-9.999000000000000000e+03
-9.999000000000000000e+03
-9.999000000000000000e+03
-9.999000000000000000e+03
-9.999000000000000000e+03
-9.999000000000000000e+03
-9.999000000000000000e+03
-9.999000000000000000e+03
-9.999000000000000000e+03
-9.999000000000000000e+03
-9.999000000000000000e+03
-9.999000000000000000e+03
-3.085387172177433968e-03
8.338028565049171448e-03
1.228934526443481445e-02
-9.999000000000000000e+03
-9.999000000000000000e+03
-9.999000000000000000e+03
-9.999000000000000000e+03
-9.999000000000000000e+03
-9.999000000000000000e+03
-9.999000000000000000e+03
-9.999000000000000000e+03
-9.999000000000000000e+03
-9.999000000000000000e+03
-9.999000000000000000e+03
-9.999000000000000000e+03
-9.999000000000000000e+03
-9.999000000000000000e+03
-9.999000000000000000e+03
-9.999000000000000000e+03
-9.999000000000000000e+03
-9.999000000000000000e+03
-9.999000000000000000e+03
-9.999000000000000000e+03
-9.999000000000000000e+03
-9.999000000000000000e+03
-9.999000000000000000e+03
-9.999000000000000000e+03
-9.999000000000000000e+03
-9.999000000000000000e+03
-9.999000000000000000e+03
-9.999000000000000000e+03
