-1.399074643850326538e-01
-1.026810780167579651e-01
-5.259392783045768738e-02
3.244410734623670578e-03
5.376223847270011902e-02
9.359282255172729492e-02
1.356377005577087402e-01
1.788532286882400513e-01
2.221587002277374268e-01
2.514391839504241943e-01
2.540985047817230225e-01
-9.999000000000000000e+03
-9.999000000000000000e+03
-9.999000000000000000e+03
-9.999000000000000000e+03
-9.999000000000000000e+03
-9.999000000000000000e+03
-9.999000000000000000e+03
-9.999000000000000000e+03
-9.999000000000000000e+03
-9.999000000000000000e+03
-9.999000000000000000e+03
-9.999000000000000000e+03
1.498178299516439438e-02
3.272441774606704712e-02
5.880891159176826477e-02
8.172596246004104614e-02
8.170783519744873047e-02
8.503832668066024780e-02
7.277596741914749146e-02
8.384034782648086548e-02
-1.286842226982116699e-01
-9.342222660779953003e-02
-4.247214272618293762e-02
1.117585785686969757e-02
6.846950948238372803e-02
1.126012578606605530e-01
1.626406162977218628e-01
2.047272324562072754e-01
2.409348487854003906e-01
2.661248445510864258e-01
2.682209908962249756e-01
1.607369631528854370e-01
-9.999000000000000000e+03
-9.999000000000000000e+03
-9.999000000000000000e+03
-9.999000000000000000e+03
-9.999000000000000000e+03
-9.999000000000000000e+03
-9.999000000000000000e+03
-9.999000000000000000e+03
-9.999000000000000000e+03
8.826430886983871460e-03
9.411739185452461243e-03
1.472015958279371262e-02
7.678498513996601105e-03
3.686109930276870728e-02
5.497140064835548401e-02
5.715633183717727661e-02
5.323645472526550293e-02
6.295295804738998413e-02
7.506718486547470093e-02
-1.296917051076889038e-01
-8.101250231266021729e-02
-1.995304226875305176e-02
3.843000903725624084e-02
8.739287406206130981e-02
1.287959367036819458e-01
1.700232326984405518e-01
2.185733914375305176e-01
2.536762654781341553e-01
2.735064327716827393e-01
2.628436982631683350e-01
1.789499819278717041e-01
-9.999000000000000000e+03
-9.999000000000000000e+03
-9.999000000000000000e+03
-9.999000000000000000e+03
-9.999000000000000000e+03
-9.999000000000000000e+03
-9.999000000000000000e+03
-2.317832969129085541e-02
-1.279428042471408844e-02
6.219719536602497101e-03
-6.438515149056911469e-03
-1.024675904773175716e-03
1.409260462969541550e-02
9.782687760889530182e-03
1.720880344510078430e-02
1.763899996876716614e-02
2.620223909616470337e-02
3.821589797735214233e-02
5.176731571555137634e-02
-1.132361367344856262e-01
-7.508464902639389038e-02
-2.552370727062225342e-02
3.254462778568267822e-02
9.541473537683486938e-02
1.409096270799636841e-01
1.759501397609710693e-01
2.153299152851104736e-01
2.400204837322235107e-01
2.613103091716766357e-01
2.649646103382110596e-01
1.976037025451660156e-01
9.468113631010055542e-02
-9.999000000000000000e+03
-9.999000000000000000e+03
-9.999000000000000000e+03
-5.315255373716354370e-02
-6.092823296785354614e-02
-5.209275335073471069e-02
-2.155212312936782837e-02
-1.110808551311492920e-02
-5.288284737616777420e-03
-4.279811866581439972e-03
-3.132695099338889122e-03
9.818617254495620728e-03
-2.357563935220241547e-02
-1.384253613650798798e-02
-1.127933617681264877e-02
-4.379937425255775452e-03
1.170965097844600677e-02
2.892702445387840271e-02
-9.774248301982879639e-02
-5.487800762057304382e-02
-7.157117594033479691e-03
3.527750074863433838e-02
8.467311412096023560e-02
1.224216148257255554e-01
1.542894691228866577e-01
1.933072358369827271e-01
2.093698233366012573e-01
2.147552818059921265e-01
2.085608094930648804e-01
1.530184000730514526e-01
7.500329613685607910e-02
1.321214716881513596e-02
-5.245890095829963684e-02
-7.686848193407058716e-02
-7.236138731241226196e-02
-5.086406692862510681e-02
-2.958246693015098572e-02
6.222077063284814358e-04
8.670081384479999542e-03
4.056025762110948563e-03
2.699304372072219849e-03
-1.024023815989494324e-02
-2.397972904145717621e-02
-4.778834059834480286e-02
-5.133616551756858826e-02
-4.259292408823966980e-02
-3.116931207478046417e-02
-9.820603299885988235e-04
2.948589250445365906e-02
-6.867538392543792725e-02
-4.644013941287994385e-02
-1.477361097931861877e-02
2.346505969762802124e-02
7.059351354837417603e-02
1.035266146063804626e-01
1.244133859872817993e-01
1.506209522485733032e-01
1.592886745929718018e-01
1.671298146247863770e-01
1.570592671632766724e-01
9.275220334529876709e-02
4.405235871672630310e-02
-1.364297326654195786e-02
-4.855446889996528625e-02
-6.370685249567031860e-02
-4.468889534473419189e-02
1.680369954556226730e-03
2.861352451145648956e-02
4.846100881695747375e-02
4.152932018041610718e-02
2.489754930138587952e-02
3.325779689475893974e-03
-2.421994321048259735e-02
-4.979875683784484863e-02
-8.951182663440704346e-02
-8.992814272642135620e-02
-8.964967727661132812e-02
-7.193639874458312988e-02
-3.053445182740688324e-02
1.031379401683807373e-02
-4.257168620824813843e-02
-3.232669457793235779e-02
-8.226611651480197906e-03
1.686073094606399536e-02
4.644267633557319641e-02
7.346406579017639160e-02
9.308044612407684326e-02
1.124841421842575073e-01
1.126800626516342163e-01
1.053932309150695801e-01
9.675260633230209351e-02
6.091880425810813904e-02
3.584989160299301147e-02
-6.001166533678770065e-03
-1.335955411195755005e-02
-3.495895769447088242e-03
3.033852763473987579e-02
5.987513437867164612e-02
6.700586527585983276e-02
7.584398239850997925e-02
5.523363500833511353e-02
2.751213125884532928e-02
-8.629075251519680023e-03
-4.977044835686683655e-02
-9.388412535190582275e-02
-1.325900852680206299e-01
-1.468674987554550171e-01
-1.557087749242782593e-01
-1.330271214246749878e-01
-6.613654643297195435e-02
-3.117490932345390320e-02
-3.455054759979248047e-02
-2.869193069636821747e-02
-5.779345054179430008e-03
1.404144708067178726e-02
3.648461773991584778e-02
5.533804744482040405e-02
6.902569532394409180e-02
7.902620732784271240e-02
7.803301513195037842e-02
6.115517020225524902e-02
6.275191158056259155e-02
3.624949231743812561e-02
2.971508167684078217e-02
2.579901553690433502e-02
4.205865040421485901e-02
5.523499846458435059e-02
9.000439196825027466e-02
9.326031804084777832e-02
8.525522053241729736e-02
7.776445150375366211e-02
6.237588077783584595e-02
4.413623735308647156e-02
1.204258017241954803e-02
-6.055555492639541626e-02
-1.316069513559341431e-01
-1.698164939880371094e-01
-2.030459642410278320e-01
-2.175830453634262085e-01
-1.922882646322250366e-01
-1.186358407139778137e-01
-7.805947959423065186e-02
-3.530670329928398132e-02
-1.814528927206993103e-02
1.752218115143477917e-03
2.046272717416286469e-02
3.624674677848815918e-02
5.209800601005554199e-02
6.198904663324356079e-02
5.008078366518020630e-02
3.354258462786674500e-02
3.422380238771438599e-02
4.547373205423355103e-02
4.521784558892250061e-02
5.776799842715263367e-02
7.854439318180084229e-02
1.048421934247016907e-01
1.027417555451393127e-01
1.039669141173362732e-01
9.248296916484832764e-02
8.281486481428146362e-02
7.423480600118637085e-02
4.831496998667716980e-02
3.075738996267318726e-02
9.454679093323647976e-04
-3.786658495664596558e-02
-5.683346092700958252e-02
-1.494391113519668579e-01
-2.103677690029144287e-01
-2.547552585601806641e-01
-2.221736609935760498e-01
-1.540634334087371826e-01
-8.838879317045211792e-02
-3.247763589024543762e-02
-1.139998901635408401e-02
3.573856549337506294e-03
2.266181074082851410e-02
3.796710073947906494e-02
4.987199231982231140e-02
4.681380465626716614e-02
3.133619576692581177e-02
5.860975943505764008e-03
3.592237457633018494e-02
6.806063652038574219e-02
9.528650343418121338e-02
1.100456789135932922e-01
1.200984343886375427e-01
1.250968277454376221e-01
1.131913438439369202e-01
9.727317839860916138e-02
5.956894159317016602e-02
4.912082850933074951e-02
2.245228365063667297e-02
2.504163235425949097e-02
-9.999000000000000000e+03
-9.999000000000000000e+03
-9.999000000000000000e+03
-9.999000000000000000e+03
-9.999000000000000000e+03
-9.999000000000000000e+03
-1.978349238634109497e-01
-2.364132553339004517e-01
-1.720748245716094971e-01
-9.613355249166488647e-02
-1.052962150424718857e-02
-2.466866048052906990e-03
5.565119907259941101e-03
2.815380319952964783e-02
3.657812625169754028e-02
3.213300928473472595e-02
2.801035530865192413e-02
1.291364245116710663e-02
2.342444472014904022e-02
6.865150481462478638e-02
1.045874208211898804e-01
1.443172395229339600e-01
1.428990960121154785e-01
1.347558796405792236e-01
1.151998490095138550e-01
9.885539859533309937e-02
1.055931746959686279e-01
-9.999000000000000000e+03
-9.999000000000000000e+03
-9.999000000000000000e+03
-9.999000000000000000e+03
-9.999000000000000000e+03
-9.999000000000000000e+03
-9.999000000000000000e+03
-9.999000000000000000e+03
-9.999000000000000000e+03
-9.999000000000000000e+03
-1.520254313945770264e-01
-2.048408687114715576e-01
-1.936747580766677856e-01
-1.296736598014831543e-01
-2.269070409238338470e-02
-3.210608148947358131e-03
3.383794426918029785e-02
5.317294225096702576e-02
5.046705901622772217e-02
3.987032920122146606e-02
3.370466083288192749e-02
2.129958942532539368e-02
6.531216204166412354e-02
1.250061839818954468e-01
1.396808475255966187e-01
1.533095091581344604e-01
1.520041674375534058e-01
1.323581188917160034e-01
6.203329563140869141e-02
6.152295693755149841e-02
-9.999000000000000000e+03
-9.999000000000000000e+03
-9.999000000000000000e+03
-9.999000000000000000e+03
-9.999000000000000000e+03
-9.999000000000000000e+03
-9.999000000000000000e+03
-9.999000000000000000e+03
-9.999000000000000000e+03
-9.999000000000000000e+03
-9.999000000000000000e+03
-9.999000000000000000e+03
-1.255487799644470215e-01
-1.565729230642318726e-01
-1.003960743546485901e-01
-4.620534181594848633e-02
-3.189893066883087158e-02
1.162376441061496735e-02
4.199293255805969238e-02
4.829104617238044739e-02
4.990934208035469055e-02
3.462441265583038330e-02
5.731244012713432312e-02
1.093714907765388489e-01
1.439587771892547607e-01
1.435036361217498779e-01
1.610992997884750366e-01
1.168797910213470459e-01
1.233547180891036987e-01
-9.999000000000000000e+03
-9.999000000000000000e+03
-9.999000000000000000e+03
-9.999000000000000000e+03
-9.999000000000000000e+03
-9.999000000000000000e+03
-9.999000000000000000e+03
-9.999000000000000000e+03
-9.999000000000000000e+03
-9.999000000000000000e+03
-9.999000000000000000e+03
-9.999000000000000000e+03
-9.999000000000000000e+03
-9.999000000000000000e+03
-9.999000000000000000e+03
-1.089025139808654785e-01
-7.731886208057403564e-02
-9.999000000000000000e+03
-4.503838717937469482e-02
-2.755231224000453949e-02
-3.591166809201240540e-03
2.823778614401817322e-02
4.429050162434577942e-02
3.629260510206222534e-02
1.090065389871597290e-01
1.511314809322357178e-01
1.417764425277709961e-01
1.426740288734436035e-01
1.419703066349029541e-01
9.100835025310516357e-02
-9.999000000000000000e+03
-9.999000000000000000e+03
-9.999000000000000000e+03
-9.999000000000000000e+03
-9.999000000000000000e+03
-9.999000000000000000e+03
-9.999000000000000000e+03
-9.999000000000000000e+03
-9.999000000000000000e+03
-9.999000000000000000e+03
-9.999000000000000000e+03
-9.999000000000000000e+03
-9.999000000000000000e+03
-9.999000000000000000e+03
-9.999000000000000000e+03
-9.999000000000000000e+03
-3.837138786911964417e-02
-2.493819594383239746e-02
-9.999000000000000000e+03
-9.999000000000000000e+03
-5.569043010473251343e-02
-4.561528936028480530e-02
-5.679897498339414597e-03
2.415654622018337250e-02
7.408400624990463257e-02
1.298159211874008179e-01
1.509766876697540283e-01
1.422290652990341187e-01
1.290093362331390381e-01
5.171144753694534302e-02
-9.999000000000000000e+03
-9.999000000000000000e+03
-9.999000000000000000e+03
-9.999000000000000000e+03
-9.999000000000000000e+03
-9.999000000000000000e+03
-9.999000000000000000e+03
-9.999000000000000000e+03
-9.999000000000000000e+03
-9.999000000000000000e+03
-9.999000000000000000e+03
-9.999000000000000000e+03
-9.999000000000000000e+03
-9.999000000000000000e+03
-9.999000000000000000e+03
-9.999000000000000000e+03
-9.999000000000000000e+03
-6.082245614379644394e-03
1.307988911867141724e-02
-9.999000000000000000e+03
-9.999000000000000000e+03
-4.629086330533027649e-02
-4.938637465238571167e-02
-2.552218921482563019e-02
1.915126852691173553e-02
9.012228995561599731e-02
1.253541558980941772e-01
1.440259814262390137e-01
1.381493806838989258e-01
1.159195005893707275e-01
8.304873108863830566e-02
-9.999000000000000000e+03
-9.999000000000000000e+03
-9.999000000000000000e+03
-9.999000000000000000e+03
-9.999000000000000000e+03
-9.999000000000000000e+03
-9.999000000000000000e+03
-9.999000000000000000e+03
-9.999000000000000000e+03
-9.999000000000000000e+03
-9.999000000000000000e+03
-9.999000000000000000e+03
-9.999000000000000000e+03
-9.999000000000000000e+03
-9.999000000000000000e+03
-9.999000000000000000e+03
-9.999000000000000000e+03
-9.999000000000000000e+03
-9.999000000000000000e+03
-9.999000000000000000e+03
-9.999000000000000000e+03
-3.287135064601898193e-02
-5.008271709084510803e-02
-2.682188339531421661e-02
1.957869715988636017e-02
5.245975032448768616e-02
9.842506796121597290e-02
1.393994837999343872e-01
1.424137353897094727e-01
1.021158322691917419e-01
7.979846000671386719e-02
-9.999000000000000000e+03
-9.999000000000000000e+03
-9.999000000000000000e+03
-9.999000000000000000e+03
-9.999000000000000000e+03
-9.999000000000000000e+03
-9.999000000000000000e+03
-9.999000000000000000e+03
-9.999000000000000000e+03
-9.999000000000000000e+03
-9.999000000000000000e+03
-9.999000000000000000e+03
-9.999000000000000000e+03
-9.999000000000000000e+03
-9.999000000000000000e+03
-9.999000000000000000e+03
-9.999000000000000000e+03
-9.999000000000000000e+03
-9.999000000000000000e+03
-9.999000000000000000e+03
-9.999000000000000000e+03
-9.999000000000000000e+03
-3.323677927255630493e-02
-2.416167408227920532e-02
1.156538072973489761e-02
-1.049006637185811996e-02
6.510265171527862549e-02
1.265596151351928711e-01
1.656253784894943237e-01
1.313239634037017822e-01
-9.999000000000000000e+03
-9.999000000000000000e+03
-9.999000000000000000e+03
-9.999000000000000000e+03
-9.999000000000000000e+03
-9.999000000000000000e+03
-9.999000000000000000e+03
-9.999000000000000000e+03
-9.999000000000000000e+03
-9.999000000000000000e+03
-9.999000000000000000e+03
-9.999000000000000000e+03
-9.999000000000000000e+03
-9.999000000000000000e+03
-9.999000000000000000e+03
-9.999000000000000000e+03
-9.999000000000000000e+03
-9.999000000000000000e+03
-9.999000000000000000e+03
-9.999000000000000000e+03
-9.999000000000000000e+03
-9.999000000000000000e+03
-9.999000000000000000e+03
-1.445092912763357162e-02
8.606648072600364685e-03
-1.226237788796424866e-02
-5.157320946455001831e-02
4.352821782231330872e-02
1.229850724339485168e-01
1.957786679267883301e-01
1.546618491411209106e-01
1.055509373545646667e-01
-9.999000000000000000e+03
-9.999000000000000000e+03
-9.999000000000000000e+03
-9.999000000000000000e+03
-9.999000000000000000e+03
-9.999000000000000000e+03
-9.999000000000000000e+03
-9.999000000000000000e+03
-9.999000000000000000e+03
-9.999000000000000000e+03
-9.999000000000000000e+03
-9.999000000000000000e+03
-9.999000000000000000e+03
-9.999000000000000000e+03
-9.999000000000000000e+03
-9.999000000000000000e+03
-9.999000000000000000e+03
-9.999000000000000000e+03
-9.999000000000000000e+03
-9.999000000000000000e+03
-9.999000000000000000e+03
-9.999000000000000000e+03
-9.999000000000000000e+03
1.847367174923419952e-02
-1.428939867764711380e-02
-1.343040168285369873e-02
7.090688496828079224e-02
9.451158344745635986e-02
6.000480428338050842e-02
8.997097611427307129e-02
1.165132448077201843e-01
-9.999000000000000000e+03
-9.999000000000000000e+03
-9.999000000000000000e+03
-9.999000000000000000e+03
-9.999000000000000000e+03
-9.999000000000000000e+03
-9.999000000000000000e+03
-9.999000000000000000e+03
-9.999000000000000000e+03
-9.999000000000000000e+03
-9.999000000000000000e+03
-9.999000000000000000e+03
-9.999000000000000000e+03
-9.999000000000000000e+03
-9.999000000000000000e+03
-9.999000000000000000e+03
-9.999000000000000000e+03
-9.999000000000000000e+03
-9.999000000000000000e+03
-9.999000000000000000e+03
-9.999000000000000000e+03
-9.999000000000000000e+03
-9.999000000000000000e+03
1.420876011252403259e-02
-4.337490536272525787e-03
-1.716309413313865662e-02
2.024183486355468631e-04
-5.417328327894210815e-02
-1.148726269602775574e-01
-5.305637419223785400e-02
3.539163246750831604e-02
6.793110817670822144e-02
-9.999000000000000000e+03
-9.999000000000000000e+03
-9.999000000000000000e+03
-9.999000000000000000e+03
-9.999000000000000000e+03
-9.999000000000000000e+03
-9.999000000000000000e+03
-9.999000000000000000e+03
-9.999000000000000000e+03
-9.999000000000000000e+03
-9.999000000000000000e+03
-9.999000000000000000e+03
-9.999000000000000000e+03
-9.999000000000000000e+03
-9.999000000000000000e+03
-9.999000000000000000e+03
-9.999000000000000000e+03
-9.999000000000000000e+03
-9.999000000000000000e+03
-9.999000000000000000e+03
-9.999000000000000000e+03
-9.999000000000000000e+03
5.071404948830604553e-02
2.032583020627498627e-02
-1.636892184615135193e-02
-5.510620772838592529e-02
-9.042114764451980591e-02
-1.278573572635650635e-01
-7.247295975685119629e-02
3.172838687896728516e-02
1.141621395945549011e-01
2.199191786348819733e-02
-2.560141682624816895e-02
2.018713206052780151e-02
5.727126263082027435e-03
-9.999000000000000000e+03
-9.999000000000000000e+03
-9.999000000000000000e+03
-9.999000000000000000e+03
-9.999000000000000000e+03
-9.999000000000000000e+03
-9.999000000000000000e+03
-9.999000000000000000e+03
-9.999000000000000000e+03
-9.999000000000000000e+03
-9.999000000000000000e+03
-9.999000000000000000e+03
-9.999000000000000000e+03
-9.999000000000000000e+03
-9.999000000000000000e+03
-9.999000000000000000e+03
-9.999000000000000000e+03
3.587580844759941101e-02
4.783711582422256470e-02
4.767551645636558533e-02
4.129624459892511368e-03
-4.465598613023757935e-02
-7.960497587919235229e-02
-7.978524267673492432e-02
-5.320169404149055481e-02
7.782559841871261597e-04
7.087913900613784790e-02
2.929100766777992249e-02
5.534618720412254333e-02
3.142537176609039307e-02
1.634198240935802460e-02
-9.999000000000000000e+03
-9.999000000000000000e+03
-9.999000000000000000e+03
-9.999000000000000000e+03
-9.999000000000000000e+03
-9.999000000000000000e+03
-9.999000000000000000e+03
-9.999000000000000000e+03
-9.999000000000000000e+03
-9.999000000000000000e+03
-9.999000000000000000e+03
-9.999000000000000000e+03
-9.999000000000000000e+03
-9.999000000000000000e+03
-9.999000000000000000e+03
2.996585890650749207e-02
2.677544951438903809e-02
1.514935772866010666e-02
3.035745397210121155e-02
2.798416838049888611e-02
5.158696323633193970e-03
-1.579274237155914307e-02
-4.000986739993095398e-02
-5.657529830932617188e-02
-5.309169739484786987e-02
-2.813687734305858612e-02
6.513552274554967880e-03
6.601564586162567139e-02
8.683302253484725952e-02
-9.999000000000000000e+03
-9.999000000000000000e+03
-9.999000000000000000e+03
-9.999000000000000000e+03
-9.999000000000000000e+03
-9.999000000000000000e+03
-9.999000000000000000e+03
-9.999000000000000000e+03
-9.999000000000000000e+03
-9.999000000000000000e+03
-9.999000000000000000e+03
-9.999000000000000000e+03
-9.999000000000000000e+03
-9.999000000000000000e+03
-9.999000000000000000e+03
-9.999000000000000000e+03
1.336281374096870422e-02
2.116967365145683289e-02
4.006298258900642395e-02
3.071512468159198761e-02
2.135097607970237732e-02
7.812588475644588470e-03
-8.839810267090797424e-03
-7.195049896836280823e-03
-9.189943782985210419e-03
-2.370904572308063507e-02
-4.909273982048034668e-02
-5.985556542873382568e-02
-2.677690424025058746e-02
9.047368168830871582e-02
-9.999000000000000000e+03
-9.999000000000000000e+03
-9.999000000000000000e+03
-9.999000000000000000e+03
-9.999000000000000000e+03
-9.999000000000000000e+03
-9.999000000000000000e+03
-9.999000000000000000e+03
-9.999000000000000000e+03
-9.999000000000000000e+03
-9.999000000000000000e+03
-9.999000000000000000e+03
-9.999000000000000000e+03
-9.999000000000000000e+03
-9.999000000000000000e+03
-9.999000000000000000e+03
-9.999000000000000000e+03
1.343042496591806412e-02
1.019752002321183681e-03
5.145647376775741577e-02
3.783743828535079956e-02
1.541301701217889786e-02
-1.106734573841094971e-02
-2.730573341250419617e-02
-2.345529757440090179e-02
3.959080495405942202e-04
-1.409479789435863495e-02
-3.750420734286308289e-02
-4.014145955443382263e-02
7.851447910070419312e-03
7.411297410726547241e-02
-9.999000000000000000e+03
-9.999000000000000000e+03
-9.999000000000000000e+03
-9.999000000000000000e+03
-9.999000000000000000e+03
-9.999000000000000000e+03
-9.999000000000000000e+03
-9.999000000000000000e+03
-9.999000000000000000e+03
-9.999000000000000000e+03
-9.999000000000000000e+03
-9.999000000000000000e+03
-9.999000000000000000e+03
-9.999000000000000000e+03
-9.999000000000000000e+03
-9.999000000000000000e+03
-9.999000000000000000e+03
3.194651007652282715e-02
6.520715355873107910e-02
7.287432998418807983e-02
4.930398613214492798e-02
1.790593005716800690e-02
-3.664038702845573425e-02
-6.253106892108917236e-02
-4.058094322681427002e-02
-1.079992763698101044e-02
-1.427372172474861145e-02
-3.113176673650741577e-02
-2.394003979861736298e-02
2.259459346532821655e-02
-9.999000000000000000e+03
-9.999000000000000000e+03
-9.999000000000000000e+03
-9.999000000000000000e+03
-9.999000000000000000e+03
-9.999000000000000000e+03
-9.999000000000000000e+03
-9.999000000000000000e+03
-9.999000000000000000e+03
-9.999000000000000000e+03
-9.999000000000000000e+03
-9.999000000000000000e+03
-9.999000000000000000e+03
-9.999000000000000000e+03
-9.999000000000000000e+03
-9.999000000000000000e+03
-9.999000000000000000e+03
-9.999000000000000000e+03
7.932293415069580078e-02
1.148631274700164795e-01
8.834680169820785522e-02
4.402651265263557434e-02
-2.132546156644821167e-02
-6.889245659112930298e-02
-8.679555356502532959e-02
-6.196584552526473999e-02
-1.389451976865530014e-02
5.067727994173765182e-03
-7.343513425439596176e-03
-1.166549418121576309e-02
-9.999000000000000000e+03
-9.999000000000000000e+03
-9.999000000000000000e+03
-9.999000000000000000e+03
-9.999000000000000000e+03
-9.999000000000000000e+03
-9.999000000000000000e+03
-9.999000000000000000e+03
-9.999000000000000000e+03
-9.999000000000000000e+03
-9.999000000000000000e+03
-9.999000000000000000e+03
-9.999000000000000000e+03
-9.999000000000000000e+03
-9.999000000000000000e+03
-9.999000000000000000e+03
-9.999000000000000000e+03
-9.999000000000000000e+03
-9.999000000000000000e+03
1.112684234976768494e-01
1.194510683417320251e-01
9.020426869392395020e-02
3.577814996242523193e-02
-7.159574329853057861e-02
-8.216552436351776123e-02
-6.174410879611968994e-02
-3.173585981130599976e-02
-1.262158062309026718e-02
-3.194790333509445190e-03
-9.999000000000000000e+03
-9.999000000000000000e+03
-9.999000000000000000e+03
-9.999000000000000000e+03
-9.999000000000000000e+03
-9.999000000000000000e+03
-9.999000000000000000e+03
-9.999000000000000000e+03
-9.999000000000000000e+03
-9.999000000000000000e+03
-9.999000000000000000e+03
-9.999000000000000000e+03
-9.999000000000000000e+03
-9.999000000000000000e+03
-9.999000000000000000e+03
-9.999000000000000000e+03
-9.999000000000000000e+03
-9.999000000000000000e+03
-9.999000000000000000e+03
-9.999000000000000000e+03
-9.999000000000000000e+03
1.112411245703697205e-01
9.927275776863098145e-02
6.310600787401199341e-02
-3.492875723168253899e-03
-5.052397027611732483e-02
-5.953546613454818726e-02
-9.999000000000000000e+03
-9.999000000000000000e+03
-9.999000000000000000e+03
-9.999000000000000000e+03
-9.999000000000000000e+03
-9.999000000000000000e+03
-9.999000000000000000e+03
-9.999000000000000000e+03
-9.999000000000000000e+03
-9.999000000000000000e+03
-9.999000000000000000e+03
-9.999000000000000000e+03
-9.999000000000000000e+03
-9.999000000000000000e+03
-9.999000000000000000e+03
-9.999000000000000000e+03
-9.999000000000000000e+03
-9.999000000000000000e+03
-9.999000000000000000e+03
-9.999000000000000000e+03
-9.999000000000000000e+03
-9.999000000000000000e+03
-9.999000000000000000e+03
-9.999000000000000000e+03
-9.999000000000000000e+03
5.977445095777511597e-02
5.272540822625160217e-02
4.694373905658721924e-02
-9.999000000000000000e+03
-9.999000000000000000e+03
-9.999000000000000000e+03
-9.999000000000000000e+03
-9.999000000000000000e+03
-9.999000000000000000e+03
-9.999000000000000000e+03
-9.999000000000000000e+03
-9.999000000000000000e+03
-9.999000000000000000e+03
-9.999000000000000000e+03
-9.999000000000000000e+03
-9.999000000000000000e+03
-9.999000000000000000e+03
-9.999000000000000000e+03
-9.999000000000000000e+03
-9.999000000000000000e+03
-9.999000000000000000e+03
-9.999000000000000000e+03
-9.999000000000000000e+03
-9.999000000000000000e+03
-9.999000000000000000e+03
-9.999000000000000000e+03
-9.999000000000000000e+03
-9.999000000000000000e+03
-9.999000000000000000e+03
-9.999000000000000000e+03
-9.999000000000000000e+03
