-1.558117270469665527e-01
-1.116196811199188232e-01
-5.087910220026969910e-02
6.757027003914117813e-04
4.500081017613410950e-02
8.688043802976608276e-02
1.402345299720764160e-01
1.889797300100326538e-01
2.470680624246597290e-01
2.738166451454162598e-01
2.603553235530853271e-01
-9.999000000000000000e+03
-9.999000000000000000e+03
-9.999000000000000000e+03
-9.999000000000000000e+03
-9.999000000000000000e+03
-9.999000000000000000e+03
-9.999000000000000000e+03
-9.999000000000000000e+03
-9.999000000000000000e+03
-9.999000000000000000e+03
-9.999000000000000000e+03
-9.999000000000000000e+03
3.491558134555816650e-02
7.065695524215698242e-02
8.216740936040878296e-02
8.820991218090057373e-02
6.509163230657577515e-02
6.224466115236282349e-02
5.146225541830062866e-02
4.376856237649917603e-02
-1.514308154582977295e-01
-1.124840080738067627e-01
-6.346963346004486084e-02
-2.085133269429206848e-02
3.309443593025207520e-02
8.977794647216796875e-02
1.658492535352706909e-01
2.234492301940917969e-01
2.643951773643493652e-01
2.847902476787567139e-01
2.722443640232086182e-01
1.490075141191482544e-01
-9.999000000000000000e+03
-9.999000000000000000e+03
-9.999000000000000000e+03
-9.999000000000000000e+03
-9.999000000000000000e+03
-9.999000000000000000e+03
-9.999000000000000000e+03
-9.999000000000000000e+03
-9.999000000000000000e+03
-2.730643609538674355e-03
1.420640293508768082e-02
3.245678171515464783e-02
3.286077082157135010e-02
5.005133524537086487e-02
3.900544345378875732e-02
3.199980407953262329e-02
2.546146512031555176e-02
2.650081925094127655e-02
3.616473823785781860e-02
-1.483259499073028564e-01
-1.038519814610481262e-01
-6.341131031513214111e-02
-1.785753853619098663e-02
3.474704921245574951e-02
9.777003526687622070e-02
1.683449149131774902e-01
2.324593514204025269e-01
2.659871876239776611e-01
2.764767408370971680e-01
2.471820265054702759e-01
1.598730236291885376e-01
-9.999000000000000000e+03
-9.999000000000000000e+03
-9.999000000000000000e+03
-9.999000000000000000e+03
-9.999000000000000000e+03
-9.999000000000000000e+03
-9.999000000000000000e+03
-1.719111949205398560e-02
-1.135031878948211670e-02
-4.908119444735348225e-04
1.940839109010994434e-03
5.301386117935180664e-03
1.851420290768146515e-02
2.016415260732173920e-02
1.804677397012710571e-02
1.217149849981069565e-02
1.230045780539512634e-02
1.973745971918106079e-02
3.544342517852783203e-02
-1.176114529371261597e-01
-8.979284018278121948e-02
-5.879613384604454041e-02
-1.302371080964803696e-02
4.954563453793525696e-02
1.212561354041099548e-01
1.720903366804122925e-01
2.197254151105880737e-01
2.424437850713729858e-01
2.591717541217803955e-01
2.505358457565307617e-01
1.685092598199844360e-01
7.977975159883499146e-02
-9.999000000000000000e+03
-9.999000000000000000e+03
-9.999000000000000000e+03
-1.567143201828002930e-02
-2.216807007789611816e-02
-2.613932080566883087e-02
-6.549360696226358414e-03
1.208543544635176659e-04
4.551908001303672791e-03
9.321519173681735992e-03
8.894458413124084473e-03
2.384733222424983978e-02
2.998347859829664230e-03
6.094082258641719818e-03
-5.214901641011238098e-03
-8.812033571302890778e-03
2.840087283402681351e-03
1.717367209494113922e-02
-8.711993694305419922e-02
-6.200893968343734741e-02
-2.511154673993587494e-02
1.289808843284845352e-02
5.655436962842941284e-02
1.025913506746292114e-01
1.433067172765731812e-01
1.870340257883071899e-01
2.018728256225585938e-01
2.022382915019989014e-01
1.850900053977966309e-01
1.269244253635406494e-01
6.286277621984481812e-02
1.399728748947381973e-02
-2.245929092168807983e-02
-2.938941679894924164e-02
-2.571465633809566498e-02
-1.145557779818773270e-02
7.559972000308334827e-04
2.267010696232318878e-02
2.880681306123733521e-02
2.473505400121212006e-02
3.027765639126300812e-02
1.370169036090373993e-02
-1.492021139711141586e-03
-2.768204174935817719e-02
-2.983221784234046936e-02
-3.952258080244064331e-02
-3.494241088628768921e-02
-1.330330222845077515e-02
2.277247840538620949e-03
-5.972005799412727356e-02
-4.336497932672500610e-02
-1.698835566639900208e-02
2.600414864718914032e-02
6.509549170732498169e-02
9.467146545648574829e-02
1.148793324828147888e-01
1.407618224620819092e-01
1.480492651462554932e-01
1.504606604576110840e-01
1.227185949683189392e-01
7.864652574062347412e-02
4.580954834818840027e-02
4.248326178640127182e-03
-1.836812868714332581e-02
-2.484126575291156769e-02
-9.679644368588924408e-03
2.740566246211528778e-02
5.226517096161842346e-02
7.685495913028717041e-02
7.073672115802764893e-02
5.121990665793418884e-02
2.502841688692569733e-02
-9.243206121027469635e-03
-4.142991453409194946e-02
-7.621286809444427490e-02
-7.512773573398590088e-02
-7.933987677097320557e-02
-6.636633723974227905e-02
-3.627939894795417786e-02
-6.907870993018150330e-03
-3.080019168555736542e-02
-8.417359553277492523e-03
1.303387992084026337e-02
3.438818827271461487e-02
5.466970428824424744e-02
7.612390816211700439e-02
9.468264132738113403e-02
1.087908744812011719e-01
9.914939105510711670e-02
8.735217154026031494e-02
7.906514406204223633e-02
6.197442114353179932e-02
4.435925558209419250e-02
1.072068791836500168e-02
6.048477720469236374e-03
1.949684694409370422e-02
5.238664895296096802e-02
8.545129746198654175e-02
9.471615403890609741e-02
1.070452556014060974e-01
7.900188863277435303e-02
3.818386420607566833e-02
-2.357866615056991577e-03
-3.850575536489486694e-02
-7.871469855308532715e-02
-1.120137274265289307e-01
-1.220416799187660217e-01
-1.291054785251617432e-01
-1.075010150671005249e-01
-5.544020235538482666e-02
-3.802347183227539062e-02
-3.375604376196861267e-02
4.148624138906598091e-04
2.862255834043025970e-02
3.580432757735252380e-02
4.855030775070190430e-02
6.913392245769500732e-02
7.760522514581680298e-02
8.059497922658920288e-02
6.897217780351638794e-02
5.482177436351776123e-02
6.043107807636260986e-02
3.664039075374603271e-02
3.494482859969139099e-02
3.299238532781600952e-02
5.025293678045272827e-02
6.877393275499343872e-02
1.142264157533645630e-01
1.242185011506080627e-01
1.160948053002357483e-01
1.037409827113151550e-01
8.162257075309753418e-02
5.351842567324638367e-02
2.262278459966182709e-02
-4.172900691628456116e-02
-1.187013462185859680e-01
-1.561814397573471069e-01
-1.857914030551910400e-01
-1.948077827692031860e-01
-1.694331765174865723e-01
-1.039302647113800049e-01
-8.065455406904220581e-02
-2.164022251963615417e-02
6.409993511624634266e-04
2.043304033577442169e-02
2.912264317274093628e-02
3.659103438258171082e-02
4.961930215358734131e-02
6.550221890211105347e-02
5.079614371061325073e-02
3.422542661428451538e-02
2.470212243497371674e-02
3.703810647130012512e-02
4.359776154160499573e-02
5.942043662071228027e-02
7.864941656589508057e-02
1.107011437416076660e-01
1.162828058004379272e-01
1.268632560968399048e-01
1.190438792109489441e-01
1.090837866067886353e-01
1.014900803565979004e-01
7.327035814523696899e-02
5.326350778341293335e-02
2.169796265661716461e-02
-2.100759372115135193e-02
-6.089527532458305359e-02
-1.465246379375457764e-01
-2.103810906410217285e-01
-2.523074150085449219e-01
-2.232666909694671631e-01
-1.598571985960006714e-01
-1.106934919953346252e-01
-2.150867506861686707e-02
-2.502180170267820358e-03
2.073104120790958405e-02
4.286812990903854370e-02
4.172395169734954834e-02
4.336898773908615112e-02
4.386040568351745605e-02
3.085747174918651581e-02
-2.129881642758846283e-03
-4.717912233900278807e-04
3.887062147259712219e-02
7.441880553960800171e-02
9.952864050865173340e-02
1.147829443216323853e-01
1.268524378538131714e-01
1.234748959541320801e-01
1.157935783267021179e-01
7.922206073999404907e-02
6.944569200277328491e-02
4.039509221911430359e-02
4.701369255781173706e-02
-9.999000000000000000e+03
-9.999000000000000000e+03
-9.999000000000000000e+03
-9.999000000000000000e+03
-9.999000000000000000e+03
-9.999000000000000000e+03
-1.955982148647308350e-01
-2.417700886726379395e-01
-1.899638622999191284e-01
-1.282636225223541260e-01
-4.060861095786094666e-02
-3.106291592121124268e-02
-6.015029735863208771e-03
1.319563575088977814e-02
2.802043035626411438e-02
7.449370343238115311e-03
9.814330376684665680e-03
-1.710323704173788428e-04
-8.565100841224193573e-03
1.821671240031719208e-02
5.693285167217254639e-02
1.068466976284980774e-01
1.203548014163970947e-01
1.268049478530883789e-01
1.140151768922805786e-01
1.034662649035453796e-01
1.155825480818748474e-01
-9.999000000000000000e+03
-9.999000000000000000e+03
-9.999000000000000000e+03
-9.999000000000000000e+03
-9.999000000000000000e+03
-9.999000000000000000e+03
-9.999000000000000000e+03
-9.999000000000000000e+03
-9.999000000000000000e+03
-9.999000000000000000e+03
-1.548676788806915283e-01
-2.085186243057250977e-01
-2.027533054351806641e-01
-1.452158689498901367e-01
-7.969599217176437378e-02
-6.574856489896774292e-02
-3.986690193414688110e-02
-1.368557941168546677e-02
-3.618303453549742699e-03
-6.161561235785484314e-03
2.966631669551134109e-03
-4.871142096817493439e-03
1.493538077920675278e-02
7.732824236154556274e-02
9.704717993736267090e-02
1.166570261120796204e-01
1.284463256597518921e-01
1.240050643682479858e-01
6.245295703411102295e-02
6.411346793174743652e-02
-9.999000000000000000e+03
-9.999000000000000000e+03
-9.999000000000000000e+03
-9.999000000000000000e+03
-9.999000000000000000e+03
-9.999000000000000000e+03
-9.999000000000000000e+03
-9.999000000000000000e+03
-9.999000000000000000e+03
-9.999000000000000000e+03
-9.999000000000000000e+03
-9.999000000000000000e+03
-1.281509846448898315e-01
-1.613161265850067139e-01
-1.041547954082489014e-01
-8.182363957166671753e-02
-8.117996156215667725e-02
-5.876054242253303528e-02
-1.448762137442827225e-02
2.922969870269298553e-03
1.439737528562545776e-02
4.761371295899152756e-03
1.962311193346977234e-02
6.049584969878196716e-02
1.052003279328346252e-01
1.087069585919380188e-01
1.221763938665390015e-01
1.070527061820030212e-01
1.187430098652839661e-01
-9.999000000000000000e+03
-9.999000000000000000e+03
-9.999000000000000000e+03
-9.999000000000000000e+03
-9.999000000000000000e+03
-9.999000000000000000e+03
-9.999000000000000000e+03
-9.999000000000000000e+03
-9.999000000000000000e+03
-9.999000000000000000e+03
-9.999000000000000000e+03
-9.999000000000000000e+03
-9.999000000000000000e+03
-9.999000000000000000e+03
-9.999000000000000000e+03
-1.049173995852470398e-01
-7.638818770647048950e-02
-9.999000000000000000e+03
-7.205225527286529541e-02
-6.555005908012390137e-02
-3.030011616647243500e-02
3.912300337105989456e-03
1.661464944481849670e-02
7.210357114672660828e-03
6.231766566634178162e-02
1.134429499506950378e-01
1.085622534155845642e-01
1.097875386476516724e-01
1.101916655898094177e-01
8.224680274724960327e-02
-9.999000000000000000e+03
-9.999000000000000000e+03
-9.999000000000000000e+03
-9.999000000000000000e+03
-9.999000000000000000e+03
-9.999000000000000000e+03
-9.999000000000000000e+03
-9.999000000000000000e+03
-9.999000000000000000e+03
-9.999000000000000000e+03
-9.999000000000000000e+03
-9.999000000000000000e+03
-9.999000000000000000e+03
-9.999000000000000000e+03
-9.999000000000000000e+03
-9.999000000000000000e+03
-2.159561030566692352e-02
-4.161777440458536148e-03
-9.999000000000000000e+03
-9.999000000000000000e+03
-7.488382607698440552e-02
-5.186766013503074646e-02
-1.150121446698904037e-02
1.222113706171512604e-02
5.194735527038574219e-02
8.952042460441589355e-02
1.111414507031440735e-01
9.705867618322372437e-02
8.830604702234268188e-02
3.854369372129440308e-02
-9.999000000000000000e+03
-9.999000000000000000e+03
-9.999000000000000000e+03
-9.999000000000000000e+03
-9.999000000000000000e+03
-9.999000000000000000e+03
-9.999000000000000000e+03
-9.999000000000000000e+03
-9.999000000000000000e+03
-9.999000000000000000e+03
-9.999000000000000000e+03
-9.999000000000000000e+03
-9.999000000000000000e+03
-9.999000000000000000e+03
-9.999000000000000000e+03
-9.999000000000000000e+03
-9.999000000000000000e+03
1.471128500998020172e-02
4.850779473781585693e-02
-9.999000000000000000e+03
-9.999000000000000000e+03
-5.089423060417175293e-02
-5.277637019753456116e-02
-2.587668225169181824e-02
2.247643470764160156e-02
9.110595285892486572e-02
1.026188209652900696e-01
1.038308590650558472e-01
8.987495303153991699e-02
7.011685520410537720e-02
5.142629519104957581e-02
-9.999000000000000000e+03
-9.999000000000000000e+03
-9.999000000000000000e+03
-9.999000000000000000e+03
-9.999000000000000000e+03
-9.999000000000000000e+03
-9.999000000000000000e+03
-9.999000000000000000e+03
-9.999000000000000000e+03
-9.999000000000000000e+03
-9.999000000000000000e+03
-9.999000000000000000e+03
-9.999000000000000000e+03
-9.999000000000000000e+03
-9.999000000000000000e+03
-9.999000000000000000e+03
-9.999000000000000000e+03
-9.999000000000000000e+03
-9.999000000000000000e+03
-9.999000000000000000e+03
-9.999000000000000000e+03
-3.403293341398239136e-02
-6.103766709566116333e-02
-3.479369729757308960e-02
2.542286366224288940e-02
6.256138533353805542e-02
8.923514187335968018e-02
1.067328006029129028e-01
1.027022451162338257e-01
6.642741709947586060e-02
4.641001671552658081e-02
-9.999000000000000000e+03
-9.999000000000000000e+03
-9.999000000000000000e+03
-9.999000000000000000e+03
-9.999000000000000000e+03
-9.999000000000000000e+03
-9.999000000000000000e+03
-9.999000000000000000e+03
-9.999000000000000000e+03
-9.999000000000000000e+03
-9.999000000000000000e+03
-9.999000000000000000e+03
-9.999000000000000000e+03
-9.999000000000000000e+03
-9.999000000000000000e+03
-9.999000000000000000e+03
-9.999000000000000000e+03
-9.999000000000000000e+03
-9.999000000000000000e+03
-9.999000000000000000e+03
-9.999000000000000000e+03
-9.999000000000000000e+03
-5.041024461388587952e-02
-5.458196252584457397e-02
6.348836701363325119e-03
-3.389640711247920990e-03
4.035881534218788147e-02
1.002862676978111267e-01
1.312580257654190063e-01
8.046352118253707886e-02
-9.999000000000000000e+03
-9.999000000000000000e+03
-9.999000000000000000e+03
-9.999000000000000000e+03
-9.999000000000000000e+03
-9.999000000000000000e+03
-9.999000000000000000e+03
-9.999000000000000000e+03
-9.999000000000000000e+03
-9.999000000000000000e+03
-9.999000000000000000e+03
-9.999000000000000000e+03
-9.999000000000000000e+03
-9.999000000000000000e+03
-9.999000000000000000e+03
-9.999000000000000000e+03
-9.999000000000000000e+03
-9.999000000000000000e+03
-9.999000000000000000e+03
-9.999000000000000000e+03
-9.999000000000000000e+03
-9.999000000000000000e+03
-9.999000000000000000e+03
-5.036275833845138550e-02
-4.037168622016906738e-02
-3.862817957997322083e-02
-6.323868781328201294e-02
1.078020874410867691e-02
9.453127533197402954e-02
1.412490010261535645e-01
6.944319605827331543e-02
2.605291455984115601e-02
-9.999000000000000000e+03
-9.999000000000000000e+03
-9.999000000000000000e+03
-9.999000000000000000e+03
-9.999000000000000000e+03
-9.999000000000000000e+03
-9.999000000000000000e+03
-9.999000000000000000e+03
-9.999000000000000000e+03
-9.999000000000000000e+03
-9.999000000000000000e+03
-9.999000000000000000e+03
-9.999000000000000000e+03
-9.999000000000000000e+03
-9.999000000000000000e+03
-9.999000000000000000e+03
-9.999000000000000000e+03
-9.999000000000000000e+03
-9.999000000000000000e+03
-9.999000000000000000e+03
-9.999000000000000000e+03
-9.999000000000000000e+03
-9.999000000000000000e+03
-3.063827008008956909e-02
-5.030388757586479187e-02
-4.593881219625473022e-02
7.090593222528696060e-03
2.027142979204654694e-02
-2.894390746951103210e-02
-2.033083233982324600e-03
5.964295938611030579e-02
-9.999000000000000000e+03
-9.999000000000000000e+03
-9.999000000000000000e+03
-9.999000000000000000e+03
-9.999000000000000000e+03
-9.999000000000000000e+03
-9.999000000000000000e+03
-9.999000000000000000e+03
-9.999000000000000000e+03
-9.999000000000000000e+03
-9.999000000000000000e+03
-9.999000000000000000e+03
-9.999000000000000000e+03
-9.999000000000000000e+03
-9.999000000000000000e+03
-9.999000000000000000e+03
-9.999000000000000000e+03
-9.999000000000000000e+03
-9.999000000000000000e+03
-9.999000000000000000e+03
-9.999000000000000000e+03
-9.999000000000000000e+03
-9.999000000000000000e+03
-2.263825945556163788e-02
-4.101994633674621582e-02
-4.279763996601104736e-02
-4.574213549494743347e-02
-1.254279166460037231e-01
-1.751461625099182129e-01
-1.187786385416984558e-01
-1.352826133370399475e-02
4.666427522897720337e-02
-9.999000000000000000e+03
-9.999000000000000000e+03
-9.999000000000000000e+03
-9.999000000000000000e+03
-9.999000000000000000e+03
-9.999000000000000000e+03
-9.999000000000000000e+03
-9.999000000000000000e+03
-9.999000000000000000e+03
-9.999000000000000000e+03
-9.999000000000000000e+03
-9.999000000000000000e+03
-9.999000000000000000e+03
-9.999000000000000000e+03
-9.999000000000000000e+03
-9.999000000000000000e+03
-9.999000000000000000e+03
-9.999000000000000000e+03
-9.999000000000000000e+03
-9.999000000000000000e+03
-9.999000000000000000e+03
-9.999000000000000000e+03
3.230210021138191223e-02
4.025480244308710098e-03
-1.564677804708480835e-02
-5.941993370652198792e-02
-1.109794974327087402e-01
-1.545413881540298462e-01
-1.163199394941329956e-01
-9.719243273138999939e-03
8.008657395839691162e-02
-4.967953078448772430e-03
-5.339198186993598938e-02
-2.869557356461882591e-03
1.029498409479856491e-02
-9.999000000000000000e+03
-9.999000000000000000e+03
-9.999000000000000000e+03
-9.999000000000000000e+03
-9.999000000000000000e+03
-9.999000000000000000e+03
-9.999000000000000000e+03
-9.999000000000000000e+03
-9.999000000000000000e+03
-9.999000000000000000e+03
-9.999000000000000000e+03
-9.999000000000000000e+03
-9.999000000000000000e+03
-9.999000000000000000e+03
-9.999000000000000000e+03
-9.999000000000000000e+03
-9.999000000000000000e+03
4.686292260885238647e-02
5.835220962762832642e-02
5.907606706023216248e-02
1.158898137509822845e-02
-5.054017528891563416e-02
-8.955484628677368164e-02
-9.725804626941680908e-02
-8.514550328254699707e-02
-3.947734832763671875e-02
3.018773160874843597e-02
-3.725097747519612312e-03
2.996286377310752869e-02
1.135692559182643890e-02
1.313651259988546371e-02
-9.999000000000000000e+03
-9.999000000000000000e+03
-9.999000000000000000e+03
-9.999000000000000000e+03
-9.999000000000000000e+03
-9.999000000000000000e+03
-9.999000000000000000e+03
-9.999000000000000000e+03
-9.999000000000000000e+03
-9.999000000000000000e+03
-9.999000000000000000e+03
-9.999000000000000000e+03
-9.999000000000000000e+03
-9.999000000000000000e+03
-9.999000000000000000e+03
6.874927878379821777e-02
5.597615242004394531e-02
4.800458997488021851e-02
6.353001296520233154e-02
4.547072201967239380e-02
-1.711072982288897038e-04
-3.589599952101707458e-02
-5.978367477655410767e-02
-8.240305632352828979e-02
-8.258687704801559448e-02
-5.799321457743644714e-02
-3.542166668921709061e-03
5.776542425155639648e-02
8.840559422969818115e-02
-9.999000000000000000e+03
-9.999000000000000000e+03
-9.999000000000000000e+03
-9.999000000000000000e+03
-9.999000000000000000e+03
-9.999000000000000000e+03
-9.999000000000000000e+03
-9.999000000000000000e+03
-9.999000000000000000e+03
-9.999000000000000000e+03
-9.999000000000000000e+03
-9.999000000000000000e+03
-9.999000000000000000e+03
-9.999000000000000000e+03
-9.999000000000000000e+03
-9.999000000000000000e+03
5.150682106614112854e-02
8.022367954254150391e-02
8.944457769393920898e-02
6.581128388643264771e-02
4.534902796149253845e-02
1.620670966804027557e-02
-2.392178028821945190e-02
-2.377478405833244324e-02
-2.824615314602851868e-02
-4.343657195568084717e-02
-6.712546199560165405e-02
-7.259334623813629150e-02
-2.217299491167068481e-02
9.337061643600463867e-02
-9.999000000000000000e+03
-9.999000000000000000e+03
-9.999000000000000000e+03
-9.999000000000000000e+03
-9.999000000000000000e+03
-9.999000000000000000e+03
-9.999000000000000000e+03
-9.999000000000000000e+03
-9.999000000000000000e+03
-9.999000000000000000e+03
-9.999000000000000000e+03
-9.999000000000000000e+03
-9.999000000000000000e+03
-9.999000000000000000e+03
-9.999000000000000000e+03
-9.999000000000000000e+03
-9.999000000000000000e+03
7.905864715576171875e-02
8.139187842607498169e-02
1.035987585783004761e-01
5.434861406683921814e-02
3.278906922787427902e-03
-2.860124222934246063e-02
-4.703805968165397644e-02
-3.470557928085327148e-02
-7.783587556332349777e-03
-1.985801756381988525e-02
-4.148297011852264404e-02
-5.184143781661987305e-02
-5.921281874179840088e-03
7.074978202581405640e-02
-9.999000000000000000e+03
-9.999000000000000000e+03
-9.999000000000000000e+03
-9.999000000000000000e+03
-9.999000000000000000e+03
-9.999000000000000000e+03
-9.999000000000000000e+03
-9.999000000000000000e+03
-9.999000000000000000e+03
-9.999000000000000000e+03
-9.999000000000000000e+03
-9.999000000000000000e+03
-9.999000000000000000e+03
-9.999000000000000000e+03
-9.999000000000000000e+03
-9.999000000000000000e+03
-9.999000000000000000e+03
9.245785325765609741e-02
1.150514483451843262e-01
1.031301841139793396e-01
5.431176722049713135e-02
-5.287916865199804306e-03
-6.127377226948738098e-02
-7.049536705017089844e-02
-3.902235999703407288e-02
-1.778556779026985168e-02
-2.591016329824924469e-02
-4.862615093588829041e-02
-4.467514902353286743e-02
4.600937012583017349e-03
-9.999000000000000000e+03
-9.999000000000000000e+03
-9.999000000000000000e+03
-9.999000000000000000e+03
-9.999000000000000000e+03
-9.999000000000000000e+03
-9.999000000000000000e+03
-9.999000000000000000e+03
-9.999000000000000000e+03
-9.999000000000000000e+03
-9.999000000000000000e+03
-9.999000000000000000e+03
-9.999000000000000000e+03
-9.999000000000000000e+03
-9.999000000000000000e+03
-9.999000000000000000e+03
-9.999000000000000000e+03
-9.999000000000000000e+03
1.035650968551635742e-01
1.189424842596054077e-01
7.754991203546524048e-02
2.792569063603878021e-02
-3.369498997926712036e-02
-7.650543749332427979e-02
-8.269701153039932251e-02
-5.634729936718940735e-02
-3.559948131442070007e-02
-3.471374884247779846e-02
-3.495258465409278870e-02
-3.452266752719879150e-02
-9.999000000000000000e+03
-9.999000000000000000e+03
-9.999000000000000000e+03
-9.999000000000000000e+03
-9.999000000000000000e+03
-9.999000000000000000e+03
-9.999000000000000000e+03
-9.999000000000000000e+03
-9.999000000000000000e+03
-9.999000000000000000e+03
-9.999000000000000000e+03
-9.999000000000000000e+03
-9.999000000000000000e+03
-9.999000000000000000e+03
-9.999000000000000000e+03
-9.999000000000000000e+03
-9.999000000000000000e+03
-9.999000000000000000e+03
-9.999000000000000000e+03
9.386383742094039917e-02
9.056925773620605469e-02
5.906940251588821411e-02
1.398625504225492477e-02
-7.913614809513092041e-02
-8.171002566814422607e-02
-6.397745013236999512e-02
-4.298912733793258667e-02
-4.150003194808959961e-02
-3.351395577192306519e-02
-9.999000000000000000e+03
-9.999000000000000000e+03
-9.999000000000000000e+03
-9.999000000000000000e+03
-9.999000000000000000e+03
-9.999000000000000000e+03
-9.999000000000000000e+03
-9.999000000000000000e+03
-9.999000000000000000e+03
-9.999000000000000000e+03
-9.999000000000000000e+03
-9.999000000000000000e+03
-9.999000000000000000e+03
-9.999000000000000000e+03
-9.999000000000000000e+03
-9.999000000000000000e+03
-9.999000000000000000e+03
-9.999000000000000000e+03
-9.999000000000000000e+03
-9.999000000000000000e+03
-9.999000000000000000e+03
6.757719069719314575e-02
4.830201342701911926e-02
2.754431962966918945e-02
-3.120124340057373047e-02
-6.535839289426803589e-02
-5.900750309228897095e-02
-9.999000000000000000e+03
-9.999000000000000000e+03
-9.999000000000000000e+03
-9.999000000000000000e+03
-9.999000000000000000e+03
-9.999000000000000000e+03
-9.999000000000000000e+03
-9.999000000000000000e+03
-9.999000000000000000e+03
-9.999000000000000000e+03
-9.999000000000000000e+03
-9.999000000000000000e+03
-9.999000000000000000e+03
-9.999000000000000000e+03
-9.999000000000000000e+03
-9.999000000000000000e+03
-9.999000000000000000e+03
-9.999000000000000000e+03
-9.999000000000000000e+03
-9.999000000000000000e+03
-9.999000000000000000e+03
-9.999000000000000000e+03
-9.999000000000000000e+03
-9.999000000000000000e+03
-9.999000000000000000e+03
1.439465116709470749e-02
2.047604881227016449e-02
1.530997920781373978e-02
-9.999000000000000000e+03
-9.999000000000000000e+03
-9.999000000000000000e+03
-9.999000000000000000e+03
-9.999000000000000000e+03
-9.999000000000000000e+03
-9.999000000000000000e+03
-9.999000000000000000e+03
-9.999000000000000000e+03
-9.999000000000000000e+03
-9.999000000000000000e+03
-9.999000000000000000e+03
-9.999000000000000000e+03
-9.999000000000000000e+03
-9.999000000000000000e+03
-9.999000000000000000e+03
-9.999000000000000000e+03
-9.999000000000000000e+03
-9.999000000000000000e+03
-9.999000000000000000e+03
-9.999000000000000000e+03
-9.999000000000000000e+03
-9.999000000000000000e+03
-9.999000000000000000e+03
-9.999000000000000000e+03
-9.999000000000000000e+03
-9.999000000000000000e+03
-9.999000000000000000e+03
