9.586582332849502563e-02
9.589242935180664062e-02
7.939743250608444214e-02
6.595780700445175171e-02
7.474632561206817627e-02
6.024718284606933594e-02
4.868863150477409363e-02
4.265768080949783325e-02
2.485226653516292572e-02
2.024621330201625824e-02
-3.558171913027763367e-02
-9.999000000000000000e+03
-9.999000000000000000e+03
-9.999000000000000000e+03
-9.999000000000000000e+03
-9.999000000000000000e+03
-9.999000000000000000e+03
-9.999000000000000000e+03
-9.999000000000000000e+03
-9.999000000000000000e+03
-9.999000000000000000e+03
-9.999000000000000000e+03
-9.999000000000000000e+03
2.554310485720634460e-03
3.612801805138587952e-02
6.157064437866210938e-02
9.536572545766830444e-02
1.312955468893051147e-01
1.387138664722442627e-01
1.492763012647628784e-01
1.548002064228057861e-01
2.771325409412384033e-02
2.953259646892547607e-02
2.191370353102684021e-02
1.503539551049470901e-02
2.228991687297821045e-02
-8.289243560284376144e-04
-1.832592673599720001e-02
-1.631377078592777252e-02
-2.069037593901157379e-02
-4.315484780818223953e-03
1.478666439652442932e-03
5.884083453565835953e-03
-9.999000000000000000e+03
-9.999000000000000000e+03
-9.999000000000000000e+03
-9.999000000000000000e+03
-9.999000000000000000e+03
-9.999000000000000000e+03
-9.999000000000000000e+03
-9.999000000000000000e+03
-9.999000000000000000e+03
5.576876550912857056e-02
7.065935432910919189e-02
5.703417211771011353e-02
9.299999475479125977e-02
1.047496870160102844e-01
1.106402724981307983e-01
1.227564886212348938e-01
1.274101883172988892e-01
1.362482011318206787e-01
1.417120248079299927e-01
-3.016230463981628418e-02
-4.037557914853096008e-02
-4.857572168111801147e-02
-6.075439602136611938e-02
-4.952717199921607971e-02
-6.672731786966323853e-02
-7.374668866395950317e-02
-6.477340310811996460e-02
-6.163530796766281128e-02
-2.970224805176258087e-02
-2.378541743382811546e-03
1.118305232375860214e-02
-9.999000000000000000e+03
-9.999000000000000000e+03
-9.999000000000000000e+03
-9.999000000000000000e+03
-9.999000000000000000e+03
-9.999000000000000000e+03
-9.999000000000000000e+03
9.186808019876480103e-02
9.223514050245285034e-02
1.105974167585372925e-01
1.029783561825752258e-01
9.637050330638885498e-02
9.433215856552124023e-02
9.225440770387649536e-02
1.030848100781440735e-01
9.113568812608718872e-02
9.101435542106628418e-02
1.084488108754158020e-01
1.200972497463226318e-01
-9.092890471220016479e-02
-1.028670147061347961e-01
-1.150137186050415039e-01
-1.271801739931106567e-01
-1.226473227143287659e-01
-1.361995786428451538e-01
-1.342503875494003296e-01
-1.148115098476409912e-01
-9.732083231210708618e-02
-5.602760985493659973e-02
-2.103013172745704651e-02
2.664592489600181580e-02
7.039003819227218628e-02
-9.999000000000000000e+03
-9.999000000000000000e+03
-9.999000000000000000e+03
6.779111921787261963e-02
9.211254119873046875e-02
1.182630956172943115e-01
1.066539660096168518e-01
8.770512789487838745e-02
7.821103930473327637e-02
4.455893486738204956e-02
4.628263041377067566e-02
2.438636124134063721e-02
-9.744453243911266327e-03
2.497235871851444244e-02
2.096777781844139099e-02
3.843723982572555542e-02
6.909524649381637573e-02
9.526539593935012817e-02
-1.353700160980224609e-01
-1.499538421630859375e-01
-1.664636284112930298e-01
-1.786351054906845093e-01
-1.773977875709533691e-01
-1.784646213054656982e-01
-1.665873676538467407e-01
-1.435538977384567261e-01
-1.201893910765647888e-01
-8.808265626430511475e-02
-3.843573480844497681e-02
8.628024719655513763e-03
7.133326679468154907e-02
9.085639566183090210e-02
8.233953267335891724e-02
8.855068683624267578e-02
8.326955884695053101e-02
6.591668725013732910e-02
6.194772943854331970e-02
2.782699838280677795e-02
6.457258015871047974e-03
-3.927225619554519653e-02
-9.135580062866210938e-02
-7.412721216678619385e-02
-9.199480712413787842e-02
-8.555950969457626343e-02
-5.229530110955238342e-02
-2.466508187353610992e-02
1.074012462049722672e-02
5.176429823040962219e-02
8.904254436492919922e-02
-1.506332755088806152e-01
-1.612183004617691040e-01
-1.775411665439605713e-01
-1.969525814056396484e-01
-2.047144621610641479e-01
-1.984684467315673828e-01
-1.787433475255966187e-01
-1.536411195993423462e-01
-1.345427483320236206e-01
-1.037057489156723022e-01
-6.151008605957031250e-02
1.231879286933690310e-04
4.536710679531097412e-02
7.059123367071151733e-02
6.820300966501235962e-02
6.371764838695526123e-02
3.084344975650310516e-02
-2.752010710537433624e-02
-6.165682524442672729e-02
-1.221724078059196472e-01
-1.405680328607559204e-01
-1.474980115890502930e-01
-1.634437143802642822e-01
-1.357395350933074951e-01
-1.169282719492912292e-01
-1.033984050154685974e-01
-7.424177974462509155e-02
-4.780916869640350342e-02
-1.300646178424358368e-02
2.688638865947723389e-02
6.060510873794555664e-02
-1.604873836040496826e-01
-1.639767140150070190e-01
-1.712577491998672485e-01
-1.806914359331130981e-01
-1.955332159996032715e-01
-1.960273832082748413e-01
-1.751013398170471191e-01
-1.496270895004272461e-01
-1.204900071024894714e-01
-8.689144253730773926e-02
-4.243867099285125732e-02
3.190618241205811501e-03
3.995388746261596680e-02
5.570730566978454590e-02
9.109620004892349243e-03
-2.484657987952232361e-02
-7.779039442539215088e-02
-1.279663294553756714e-01
-1.493392139673233032e-01
-1.973547041416168213e-01
-2.050514221191406250e-01
-2.004750072956085205e-01
-1.892034262418746948e-01
-1.684370636940002441e-01
-1.494993567466735840e-01
-1.444242000579833984e-01
-1.140681579709053040e-01
-8.756002038717269897e-02
-5.248680338263511658e-02
-2.730928594246506691e-03
1.971202716231346130e-02
-1.667022258043289185e-01
-1.718896031379699707e-01
-1.663039773702621460e-01
-1.599562317132949829e-01
-1.606765836477279663e-01
-1.603576838970184326e-01
-1.548181772232055664e-01
-1.460846811532974243e-01
-1.188704445958137512e-01
-7.360849529504776001e-02
-3.119628503918647766e-02
-1.717565022408962250e-02
-9.857472032308578491e-03
-2.042310498654842377e-02
-6.476716697216033936e-02
-9.721490740776062012e-02
-1.600605398416519165e-01
-1.963400691747665405e-01
-2.064541727304458618e-01
-2.103898674249649048e-01
-2.057967483997344971e-01
-2.013748288154602051e-01
-1.940532922744750977e-01
-1.897430121898651123e-01
-2.008858472108840942e-01
-2.048691213130950928e-01
-1.692169904708862305e-01
-1.423374414443969727e-01
-1.046144515275955200e-01
-5.461097136139869690e-02
-4.142162948846817017e-02
-1.570480614900588989e-01
-1.636938899755477905e-01
-1.645860821008682251e-01
-1.528641730546951294e-01
-1.428438127040863037e-01
-1.363365799188613892e-01
-1.330182999372482300e-01
-1.203577965497970581e-01
-9.125164896249771118e-02
-6.864369660615921021e-02
-5.646158009767532349e-02
-6.383652240037918091e-02
-8.630296587944030762e-02
-1.148438230156898499e-01
-1.537657678127288818e-01
-1.697331666946411133e-01
-1.988972723484039307e-01
-2.081117779016494751e-01
-2.092957645654678345e-01
-1.978385597467422485e-01
-1.779420077800750732e-01
-1.690706610679626465e-01
-1.335184574127197266e-01
-1.414182186126708984e-01
-1.119556799530982971e-01
-1.695623844861984253e-01
-1.678540706634521484e-01
-1.728934943675994873e-01
-1.465341895818710327e-01
-1.100891828536987305e-01
-9.670900553464889526e-02
-1.405792385339736938e-01
-1.366523802280426025e-01
-1.384875476360321045e-01
-1.357113867998123169e-01
-1.317572146654129028e-01
-1.195845976471900940e-01
-1.062068715691566467e-01
-1.016355380415916443e-01
-7.335035502910614014e-02
-7.298182696104049683e-02
-9.947714209556579590e-02
-1.360220760107040405e-01
-1.564451158046722412e-01
-1.685699969530105591e-01
-1.876545846462249756e-01
-1.962699741125106812e-01
-2.129061967134475708e-01
-1.520161181688308716e-01
-1.805719286203384399e-01
-1.502851545810699463e-01
-1.267593502998352051e-01
-9.999000000000000000e+03
-9.999000000000000000e+03
-9.999000000000000000e+03
-9.999000000000000000e+03
-9.999000000000000000e+03
-9.999000000000000000e+03
-1.659027785062789917e-01
-1.480988413095474243e-01
-1.453872025012969971e-01
-1.426274627447128296e-01
-1.350705921649932861e-01
-1.231430619955062866e-01
-1.204285919666290283e-01
-1.173754036426544189e-01
-1.197627633810043335e-01
-9.189938753843307495e-02
-8.216676861047744751e-02
-8.100178837776184082e-02
-7.432709634304046631e-02
-8.549302816390991211e-02
-1.192223057150840759e-01
-1.697271168231964111e-01
-1.778284907341003418e-01
-1.856067776679992676e-01
-1.833200305700302124e-01
-1.615295112133026123e-01
-1.373210251331329346e-01
-9.999000000000000000e+03
-9.999000000000000000e+03
-9.999000000000000000e+03
-9.999000000000000000e+03
-9.999000000000000000e+03
-9.999000000000000000e+03
-9.999000000000000000e+03
-9.999000000000000000e+03
-9.999000000000000000e+03
-9.999000000000000000e+03
-8.837641030550003052e-02
-1.291050314903259277e-01
-1.680028438568115234e-01
-1.845411807298660278e-01
-1.602350771427154541e-01
-1.405378878116607666e-01
-1.172958239912986755e-01
-1.039905399084091187e-01
-1.000181213021278381e-01
-9.578422456979751587e-02
-8.808722347021102905e-02
-7.174914330244064331e-02
-7.057080417871475220e-02
-1.086508557200431824e-01
-1.393336355686187744e-01
-1.559274047613143921e-01
-1.562963575124740601e-01
-1.631770133972167969e-01
-9.691281616687774658e-02
-1.094477549195289612e-01
-9.999000000000000000e+03
-9.999000000000000000e+03
-9.999000000000000000e+03
-9.999000000000000000e+03
-9.999000000000000000e+03
-9.999000000000000000e+03
-9.999000000000000000e+03
-9.999000000000000000e+03
-9.999000000000000000e+03
-9.999000000000000000e+03
-9.999000000000000000e+03
-9.999000000000000000e+03
-7.219535857439041138e-02
-1.670317351818084717e-01
-2.129953801631927490e-01
-2.207385897636413574e-01
-1.784104555845260620e-01
-1.328352540731430054e-01
-1.020259335637092590e-01
-8.632669597864151001e-02
-8.727985620498657227e-02
-7.827135920524597168e-02
-7.345610111951828003e-02
-8.301149308681488037e-02
-1.133449003100395203e-01
-1.305695027112960815e-01
-1.211655810475349426e-01
-9.138308465480804443e-02
-1.066333353519439697e-01
-9.999000000000000000e+03
-9.999000000000000000e+03
-9.999000000000000000e+03
-9.999000000000000000e+03
-9.999000000000000000e+03
-9.999000000000000000e+03
-9.999000000000000000e+03
-9.999000000000000000e+03
-9.999000000000000000e+03
-9.999000000000000000e+03
-9.999000000000000000e+03
-9.999000000000000000e+03
-9.999000000000000000e+03
-9.999000000000000000e+03
-9.999000000000000000e+03
-1.234487518668174744e-01
-1.962188184261322021e-01
-9.999000000000000000e+03
-1.160881966352462769e-01
-1.361268162727355957e-01
-1.165717765688896179e-01
-9.822632372379302979e-02
-9.549840539693832397e-02
-1.062661334872245789e-01
-1.061128973960876465e-01
-1.219642981886863708e-01
-1.161274835467338562e-01
-1.041427627205848694e-01
-7.995936274528503418e-02
-6.438282877206802368e-02
-9.999000000000000000e+03
-9.999000000000000000e+03
-9.999000000000000000e+03
-9.999000000000000000e+03
-9.999000000000000000e+03
-9.999000000000000000e+03
-9.999000000000000000e+03
-9.999000000000000000e+03
-9.999000000000000000e+03
-9.999000000000000000e+03
-9.999000000000000000e+03
-9.999000000000000000e+03
-9.999000000000000000e+03
-9.999000000000000000e+03
-9.999000000000000000e+03
-9.999000000000000000e+03
-7.444871217012405396e-02
-1.329217255115509033e-01
-9.999000000000000000e+03
-9.999000000000000000e+03
-1.199361085891723633e-01
-1.183643788099288940e-01
-1.125994622707366943e-01
-1.165396869182586670e-01
-1.277507841587066650e-01
-1.270622014999389648e-01
-1.156987324357032776e-01
-9.199324995279312134e-02
-7.339344173669815063e-02
-2.432259730994701385e-02
-9.999000000000000000e+03
-9.999000000000000000e+03
-9.999000000000000000e+03
-9.999000000000000000e+03
-9.999000000000000000e+03
-9.999000000000000000e+03
-9.999000000000000000e+03
-9.999000000000000000e+03
-9.999000000000000000e+03
-9.999000000000000000e+03
-9.999000000000000000e+03
-9.999000000000000000e+03
-9.999000000000000000e+03
-9.999000000000000000e+03
-9.999000000000000000e+03
-9.999000000000000000e+03
-9.999000000000000000e+03
-2.681266702711582184e-02
-4.952445626258850098e-02
-9.999000000000000000e+03
-9.999000000000000000e+03
-7.721850275993347168e-02
-9.928362816572189331e-02
-1.006331965327262878e-01
-9.866965562105178833e-02
-9.594766050577163696e-02
-8.167023956775665283e-02
-6.732545793056488037e-02
-4.541444033384323120e-02
-3.738863393664360046e-02
-2.025804482400417328e-02
-9.999000000000000000e+03
-9.999000000000000000e+03
-9.999000000000000000e+03
-9.999000000000000000e+03
-9.999000000000000000e+03
-9.999000000000000000e+03
-9.999000000000000000e+03
-9.999000000000000000e+03
-9.999000000000000000e+03
-9.999000000000000000e+03
-9.999000000000000000e+03
-9.999000000000000000e+03
-9.999000000000000000e+03
-9.999000000000000000e+03
-9.999000000000000000e+03
-9.999000000000000000e+03
-9.999000000000000000e+03
-9.999000000000000000e+03
-9.999000000000000000e+03
-9.999000000000000000e+03
-9.999000000000000000e+03
-3.991145640611648560e-02
-6.305418908596038818e-02
-5.455092713236808777e-02
-5.719499289989471436e-02
-4.621138796210289001e-02
-4.058795794844627380e-02
-2.111158892512321472e-02
-3.563829511404037476e-02
-3.778513893485069275e-02
-3.316609561443328857e-02
-9.999000000000000000e+03
-9.999000000000000000e+03
-9.999000000000000000e+03
-9.999000000000000000e+03
-9.999000000000000000e+03
-9.999000000000000000e+03
-9.999000000000000000e+03
-9.999000000000000000e+03
-9.999000000000000000e+03
-9.999000000000000000e+03
-9.999000000000000000e+03
-9.999000000000000000e+03
-9.999000000000000000e+03
-9.999000000000000000e+03
-9.999000000000000000e+03
-9.999000000000000000e+03
-9.999000000000000000e+03
-9.999000000000000000e+03
-9.999000000000000000e+03
-9.999000000000000000e+03
-9.999000000000000000e+03
-9.999000000000000000e+03
-3.051316551864147186e-02
-3.482218459248542786e-02
-1.702982373535633087e-02
-2.767339814454317093e-03
-9.578684344887733459e-03
-1.953548751771450043e-02
-9.472426027059555054e-03
-2.535828202962875366e-02
-9.999000000000000000e+03
-9.999000000000000000e+03
-9.999000000000000000e+03
-9.999000000000000000e+03
-9.999000000000000000e+03
-9.999000000000000000e+03
-9.999000000000000000e+03
-9.999000000000000000e+03
-9.999000000000000000e+03
-9.999000000000000000e+03
-9.999000000000000000e+03
-9.999000000000000000e+03
-9.999000000000000000e+03
-9.999000000000000000e+03
-9.999000000000000000e+03
-9.999000000000000000e+03
-9.999000000000000000e+03
-9.999000000000000000e+03
-9.999000000000000000e+03
-9.999000000000000000e+03
-9.999000000000000000e+03
-9.999000000000000000e+03
-9.999000000000000000e+03
-1.741447858512401581e-02
-2.402841486036777496e-02
-1.745578460395336151e-02
-9.672914631664752960e-03
1.556388917379081249e-03
-1.792295277118682861e-02
7.378982007503509521e-02
1.301413625478744507e-01
9.849828481674194336e-02
-9.999000000000000000e+03
-9.999000000000000000e+03
-9.999000000000000000e+03
-9.999000000000000000e+03
-9.999000000000000000e+03
-9.999000000000000000e+03
-9.999000000000000000e+03
-9.999000000000000000e+03
-9.999000000000000000e+03
-9.999000000000000000e+03
-9.999000000000000000e+03
-9.999000000000000000e+03
-9.999000000000000000e+03
-9.999000000000000000e+03
-9.999000000000000000e+03
-9.999000000000000000e+03
-9.999000000000000000e+03
-9.999000000000000000e+03
-9.999000000000000000e+03
-9.999000000000000000e+03
-9.999000000000000000e+03
-9.999000000000000000e+03
-9.999000000000000000e+03
-1.450558193027973175e-02
-1.288158260285854340e-02
-1.395485177636146545e-02
-2.349375374615192413e-02
3.740811021998524666e-03
2.422982454299926758e-02
1.256774961948394775e-01
1.243880838155746460e-01
-9.999000000000000000e+03
-9.999000000000000000e+03
-9.999000000000000000e+03
-9.999000000000000000e+03
-9.999000000000000000e+03
-9.999000000000000000e+03
-9.999000000000000000e+03
-9.999000000000000000e+03
-9.999000000000000000e+03
-9.999000000000000000e+03
-9.999000000000000000e+03
-9.999000000000000000e+03
-9.999000000000000000e+03
-9.999000000000000000e+03
-9.999000000000000000e+03
-9.999000000000000000e+03
-9.999000000000000000e+03
-9.999000000000000000e+03
-9.999000000000000000e+03
-9.999000000000000000e+03
-9.999000000000000000e+03
-9.999000000000000000e+03
-9.999000000000000000e+03
-2.260321937501430511e-02
-2.242468111217021942e-02
-1.530400011688470840e-02
-8.036641776561737061e-02
-1.252230405807495117e-01
-1.460803300142288208e-01
-7.742331922054290771e-02
2.103395236190408468e-04
-1.932276599109172821e-02
-9.999000000000000000e+03
-9.999000000000000000e+03
-9.999000000000000000e+03
-9.999000000000000000e+03
-9.999000000000000000e+03
-9.999000000000000000e+03
-9.999000000000000000e+03
-9.999000000000000000e+03
-9.999000000000000000e+03
-9.999000000000000000e+03
-9.999000000000000000e+03
-9.999000000000000000e+03
-9.999000000000000000e+03
-9.999000000000000000e+03
-9.999000000000000000e+03
-9.999000000000000000e+03
-9.999000000000000000e+03
-9.999000000000000000e+03
-9.999000000000000000e+03
-9.999000000000000000e+03
-9.999000000000000000e+03
-9.999000000000000000e+03
-3.474019467830657959e-02
-5.550000816583633423e-02
-7.841227948665618896e-02
-9.811438620090484619e-02
-1.310538798570632935e-01
-1.477680057287216187e-01
-1.433214843273162842e-01
-1.438791900873184204e-01
-9.985210746526718140e-02
-6.684509664773941040e-02
-7.018072158098220825e-02
-7.233899831771850586e-02
-5.443373322486877441e-02
-9.999000000000000000e+03
-9.999000000000000000e+03
-9.999000000000000000e+03
-9.999000000000000000e+03
-9.999000000000000000e+03
-9.999000000000000000e+03
-9.999000000000000000e+03
-9.999000000000000000e+03
-9.999000000000000000e+03
-9.999000000000000000e+03
-9.999000000000000000e+03
-9.999000000000000000e+03
-9.999000000000000000e+03
-9.999000000000000000e+03
-9.999000000000000000e+03
-9.999000000000000000e+03
-9.999000000000000000e+03
-4.767102003097534180e-02
-4.554954916238784790e-02
-4.799005389213562012e-02
-5.217882245779037476e-02
-6.372489780187606812e-02
-8.400291949510574341e-02
-8.080526441335678101e-02
-8.910506218671798706e-02
-9.552971273660659790e-02
-6.451120227575302124e-02
-5.152042582631111145e-02
-6.732705235481262207e-02
-6.298773735761642456e-02
-6.808711588382720947e-02
-9.999000000000000000e+03
-9.999000000000000000e+03
-9.999000000000000000e+03
-9.999000000000000000e+03
-9.999000000000000000e+03
-9.999000000000000000e+03
-9.999000000000000000e+03
-9.999000000000000000e+03
-9.999000000000000000e+03
-9.999000000000000000e+03
-9.999000000000000000e+03
-9.999000000000000000e+03
-9.999000000000000000e+03
-9.999000000000000000e+03
-9.999000000000000000e+03
-5.838122218847274780e-02
-5.665485188364982605e-02
-8.070107549428939819e-02
-6.924951821565628052e-02
-4.654534906148910522e-02
-3.010437265038490295e-02
-2.620901726186275482e-02
-4.294605553150177002e-02
-5.628681555390357971e-02
-7.599881291389465332e-02
-7.189185172319412231e-02
-7.305593788623809814e-02
-6.378814578056335449e-02
-7.587906718254089355e-02
-9.999000000000000000e+03
-9.999000000000000000e+03
-9.999000000000000000e+03
-9.999000000000000000e+03
-9.999000000000000000e+03
-9.999000000000000000e+03
-9.999000000000000000e+03
-9.999000000000000000e+03
-9.999000000000000000e+03
-9.999000000000000000e+03
-9.999000000000000000e+03
-9.999000000000000000e+03
-9.999000000000000000e+03
-9.999000000000000000e+03
-9.999000000000000000e+03
-9.999000000000000000e+03
-5.465534329414367676e-02
-7.207568734884262085e-02
-6.995688378810882568e-02
-7.629720121622085571e-02
-7.313495129346847534e-02
-4.623736068606376648e-02
-2.122090384364128113e-02
-2.517764084041118622e-02
-3.165086358785629272e-02
-4.974545910954475403e-02
-8.523003756999969482e-02
-1.109689101576805115e-01
-1.149081438779830933e-01
-8.468021452426910400e-02
-9.999000000000000000e+03
-9.999000000000000000e+03
-9.999000000000000000e+03
-9.999000000000000000e+03
-9.999000000000000000e+03
-9.999000000000000000e+03
-9.999000000000000000e+03
-9.999000000000000000e+03
-9.999000000000000000e+03
-9.999000000000000000e+03
-9.999000000000000000e+03
-9.999000000000000000e+03
-9.999000000000000000e+03
-9.999000000000000000e+03
-9.999000000000000000e+03
-9.999000000000000000e+03
-9.999000000000000000e+03
-7.060965895652770996e-02
-8.918406069278717041e-02
-8.932809531688690186e-02
-7.608789205551147461e-02
-6.913406401872634888e-02
-5.863226950168609619e-02
-4.873079434037208557e-02
-4.334594309329986572e-02
-3.021482937037944794e-02
-1.071082334965467453e-02
-2.192535996437072754e-02
-4.938868060708045959e-02
-4.594837501645088196e-02
-6.947655975818634033e-02
-9.999000000000000000e+03
-9.999000000000000000e+03
-9.999000000000000000e+03
-9.999000000000000000e+03
-9.999000000000000000e+03
-9.999000000000000000e+03
-9.999000000000000000e+03
-9.999000000000000000e+03
-9.999000000000000000e+03
-9.999000000000000000e+03
-9.999000000000000000e+03
-9.999000000000000000e+03
-9.999000000000000000e+03
-9.999000000000000000e+03
-9.999000000000000000e+03
-9.999000000000000000e+03
-9.999000000000000000e+03
-1.215679571032524109e-01
-1.200048327445983887e-01
-1.045521423220634460e-01
-8.480833470821380615e-02
-6.714358180761337280e-02
-6.027738004922866821e-02
-5.842457339167594910e-02
-4.868330806493759155e-02
-3.414664790034294128e-02
-1.589302532374858856e-02
-4.648393951356410980e-03
8.583834394812583923e-03
-4.863152280449867249e-03
-9.999000000000000000e+03
-9.999000000000000000e+03
-9.999000000000000000e+03
-9.999000000000000000e+03
-9.999000000000000000e+03
-9.999000000000000000e+03
-9.999000000000000000e+03
-9.999000000000000000e+03
-9.999000000000000000e+03
-9.999000000000000000e+03
-9.999000000000000000e+03
-9.999000000000000000e+03
-9.999000000000000000e+03
-9.999000000000000000e+03
-9.999000000000000000e+03
-9.999000000000000000e+03
-9.999000000000000000e+03
-9.999000000000000000e+03
-1.118063479661941528e-01
-1.033663302659988403e-01
-8.478444814682006836e-02
-6.904023885726928711e-02
-4.216445609927177429e-02
-2.837438508868217468e-02
-2.526318281888961792e-02
-1.608698256313800812e-02
-1.515625603497028351e-02
9.375165216624736786e-03
7.585924118757247925e-03
-7.751033641397953033e-03
-9.999000000000000000e+03
-9.999000000000000000e+03
-9.999000000000000000e+03
-9.999000000000000000e+03
-9.999000000000000000e+03
-9.999000000000000000e+03
-9.999000000000000000e+03
-9.999000000000000000e+03
-9.999000000000000000e+03
-9.999000000000000000e+03
-9.999000000000000000e+03
-9.999000000000000000e+03
-9.999000000000000000e+03
-9.999000000000000000e+03
-9.999000000000000000e+03
-9.999000000000000000e+03
-9.999000000000000000e+03
-9.999000000000000000e+03
-9.999000000000000000e+03
-7.993683218955993652e-02
-6.940029561519622803e-02
-5.566154792904853821e-02
-4.994324594736099243e-02
1.304575707763433456e-02
3.398443013429641724e-02
2.298177592456340790e-02
9.378786198794841766e-03
3.425598610192537308e-03
5.588734988123178482e-03
-9.999000000000000000e+03
-9.999000000000000000e+03
-9.999000000000000000e+03
-9.999000000000000000e+03
-9.999000000000000000e+03
-9.999000000000000000e+03
-9.999000000000000000e+03
-9.999000000000000000e+03
-9.999000000000000000e+03
-9.999000000000000000e+03
-9.999000000000000000e+03
-9.999000000000000000e+03
-9.999000000000000000e+03
-9.999000000000000000e+03
-9.999000000000000000e+03
-9.999000000000000000e+03
-9.999000000000000000e+03
-9.999000000000000000e+03
-9.999000000000000000e+03
-9.999000000000000000e+03
-9.999000000000000000e+03
-5.321354418992996216e-02
-1.803798042237758636e-02
1.134630013257265091e-02
3.070651367306709290e-02
6.127394735813140869e-02
5.696570128202438354e-02
-9.999000000000000000e+03
-9.999000000000000000e+03
-9.999000000000000000e+03
-9.999000000000000000e+03
-9.999000000000000000e+03
-9.999000000000000000e+03
-9.999000000000000000e+03
-9.999000000000000000e+03
-9.999000000000000000e+03
-9.999000000000000000e+03
-9.999000000000000000e+03
-9.999000000000000000e+03
-9.999000000000000000e+03
-9.999000000000000000e+03
-9.999000000000000000e+03
-9.999000000000000000e+03
-9.999000000000000000e+03
-9.999000000000000000e+03
-9.999000000000000000e+03
-9.999000000000000000e+03
-9.999000000000000000e+03
-9.999000000000000000e+03
-9.999000000000000000e+03
-9.999000000000000000e+03
-9.999000000000000000e+03
-4.318366199731826782e-02
-1.610722020268440247e-02
2.713742665946483612e-02
-9.999000000000000000e+03
-9.999000000000000000e+03
-9.999000000000000000e+03
-9.999000000000000000e+03
-9.999000000000000000e+03
-9.999000000000000000e+03
-9.999000000000000000e+03
-9.999000000000000000e+03
-9.999000000000000000e+03
-9.999000000000000000e+03
-9.999000000000000000e+03
-9.999000000000000000e+03
-9.999000000000000000e+03
-9.999000000000000000e+03
-9.999000000000000000e+03
-9.999000000000000000e+03
-9.999000000000000000e+03
-9.999000000000000000e+03
-9.999000000000000000e+03
-9.999000000000000000e+03
-9.999000000000000000e+03
-9.999000000000000000e+03
-9.999000000000000000e+03
-9.999000000000000000e+03
-9.999000000000000000e+03
-9.999000000000000000e+03
-9.999000000000000000e+03
-9.999000000000000000e+03
