-1.485318988561630249e-01
-1.039962321519851685e-01
-4.471629112958908081e-02
1.882204227149486542e-02
7.527504116296768188e-02
1.175208538770675659e-01
1.547152101993560791e-01
1.820806711912155151e-01
2.135066837072372437e-01
2.449084669351577759e-01
2.362671792507171631e-01
-9.999000000000000000e+03
-9.999000000000000000e+03
-9.999000000000000000e+03
-9.999000000000000000e+03
-9.999000000000000000e+03
-9.999000000000000000e+03
-9.999000000000000000e+03
-9.999000000000000000e+03
-9.999000000000000000e+03
-9.999000000000000000e+03
-9.999000000000000000e+03
-9.999000000000000000e+03
-1.971517875790596008e-02
4.716949909925460815e-02
8.155477046966552734e-02
1.181357130408287048e-01
1.088282614946365356e-01
1.015835851430892944e-01
9.769845008850097656e-02
8.134096115827560425e-02
-1.402459293603897095e-01
-9.805912524461746216e-02
-4.190161451697349548e-02
1.439925096929073334e-02
7.685315608978271484e-02
1.190899163484573364e-01
1.612583100795745850e-01
1.934792101383209229e-01
2.212681621313095093e-01
2.477179020643234253e-01
2.502497434616088867e-01
1.414689868688583374e-01
-9.999000000000000000e+03
-9.999000000000000000e+03
-9.999000000000000000e+03
-9.999000000000000000e+03
-9.999000000000000000e+03
-9.999000000000000000e+03
-9.999000000000000000e+03
-9.999000000000000000e+03
-9.999000000000000000e+03
-8.271230384707450867e-03
-3.618294000625610352e-02
-4.574304074048995972e-02
-1.298455987125635147e-02
3.335022553801536560e-02
7.008613646030426025e-02
6.429364532232284546e-02
5.430314689874649048e-02
5.903839692473411560e-02
6.638021767139434814e-02
-1.454119682312011719e-01
-8.726429939270019531e-02
-2.697187289595603943e-02
3.244401142001152039e-02
8.150084316730499268e-02
1.218376457691192627e-01
1.604677587747573853e-01
1.957114636898040771e-01
2.231370657682418823e-01
2.419243156909942627e-01
2.257230579853057861e-01
1.486036479473114014e-01
-9.999000000000000000e+03
-9.999000000000000000e+03
-9.999000000000000000e+03
-9.999000000000000000e+03
-9.999000000000000000e+03
-9.999000000000000000e+03
-9.999000000000000000e+03
-1.284734345972537994e-02
-1.372865587472915649e-02
-7.902013137936592102e-03
-4.029493033885955811e-02
-4.902467876672744751e-02
-2.318636886775493622e-02
-9.653990156948566437e-03
1.474283263087272644e-02
2.886151522397994995e-02
3.727420791983604431e-02
4.353727400302886963e-02
5.359670892357826233e-02
-1.309020668268203735e-01
-7.718150317668914795e-02
-2.389311976730823517e-02
3.301313146948814392e-02
8.993930369615554810e-02
1.340518146753311157e-01
1.639371961355209351e-01
1.934063434600830078e-01
2.115292102098464966e-01
2.266297191381454468e-01
2.216197401285171509e-01
1.431908905506134033e-01
6.730177253484725952e-02
-9.999000000000000000e+03
-9.999000000000000000e+03
-9.999000000000000000e+03
-1.062789373099803925e-02
-1.412652898579835892e-02
-1.920506171882152557e-02
-1.494531799107789993e-02
-1.820296421647071838e-02
-2.028607390820980072e-02
-3.243537247180938721e-02
-3.575880825519561768e-02
2.414127811789512634e-03
-1.321460399776697159e-02
1.592633873224258423e-02
2.615883015096187592e-02
2.870030701160430908e-02
3.707312420010566711e-02
4.777358472347259521e-02
-1.297342628240585327e-01
-5.915221199393272400e-02
3.877711482346057892e-03
4.130205512046813965e-02
8.405855298042297363e-02
1.162146925926208496e-01
1.419128924608230591e-01
1.718603372573852539e-01
1.851481944322586060e-01
1.860157996416091919e-01
1.572565138339996338e-01
1.009164527058601379e-01
4.818229004740715027e-02
8.896380662918090820e-03
-1.341850031167268753e-02
-1.962439715862274170e-02
-1.503845863044261932e-02
-4.793298896402120590e-03
-4.193279892206192017e-03
2.770912833511829376e-03
-7.819007150828838348e-03
-1.546009723097085953e-02
-2.397820167243480682e-02
-2.564125694334506989e-02
-2.158571965992450714e-02
-2.879347652196884155e-02
-1.309667155146598816e-02
-1.004816219210624695e-02
5.803140345960855484e-03
2.785186842083930969e-02
4.584401845932006836e-02
-1.185742318630218506e-01
-6.867317110300064087e-02
-1.632080413401126862e-02
2.480144426226615906e-02
6.642744690179824829e-02
9.033396840095520020e-02
1.016581505537033081e-01
1.271453797817230225e-01
1.382214725017547607e-01
1.462108641862869263e-01
1.150104403495788574e-01
6.987097114324569702e-02
2.510054036974906921e-02
-1.078478712588548660e-02
-1.808478124439716339e-02
-1.095414161682128906e-02
1.011630240827798843e-02
3.606734052300453186e-02
3.695369139313697815e-02
3.630805388092994690e-02
1.199003960937261581e-02
-1.763315498828887939e-02
-4.438449069857597351e-02
-5.619237571954727173e-02
-6.601535528898239136e-02
-7.575102895498275757e-02
-5.308470875024795532e-02
-4.605947434902191162e-02
-2.933991700410842896e-02
3.101073903962969780e-03
3.497750312089920044e-02
-9.770300239324569702e-02
-5.883864313364028931e-02
-1.952485740184783936e-02
3.082430455833673477e-03
2.965828217566013336e-02
4.476347193121910095e-02
5.375725403428077698e-02
7.882889360189437866e-02
8.006736636161804199e-02
8.298996835947036743e-02
7.480480521917343140e-02
4.640693962574005127e-02
1.593825593590736389e-02
-1.344921719282865524e-02
1.863087713718414307e-02
4.373057559132575989e-02
7.409067451953887939e-02
9.165325760841369629e-02
8.164421468973159790e-02
7.079280167818069458e-02
2.300300449132919312e-02
-4.134104400873184204e-02
-9.174520522356033325e-02
-1.143839433789253235e-01
-1.310685127973556519e-01
-1.337478160858154297e-01
-1.124351397156715393e-01
-1.079187393188476562e-01
-8.164729177951812744e-02
-1.322837453335523605e-02
2.299101464450359344e-02
-8.362751454114913940e-02
-5.344140157103538513e-02
-2.167628146708011627e-02
-1.725691370666027069e-02
-4.765715450048446655e-03
5.000198259949684143e-03
8.435472846031188965e-03
2.596670761704444885e-02
2.745456621050834656e-02
4.265200719237327576e-02
4.793449491262435913e-02
2.983417175710201263e-02
2.221492119133472443e-02
3.247727453708648682e-02
7.037229090929031372e-02
9.665999561548233032e-02
1.285662800073623657e-01
1.302022635936737061e-01
1.067087799310684204e-01
7.529968023300170898e-02
2.402037940919399261e-02
-2.531290426850318909e-02
-7.170268893241882324e-02
-1.304894089698791504e-01
-1.864610612392425537e-01
-1.893066912889480591e-01
-1.991325467824935913e-01
-1.986906528472900391e-01
-1.530490070581436157e-01
-5.349384248256683350e-02
-3.802921855822205544e-03
-6.974388659000396729e-02
-4.857046157121658325e-02
-3.532702103257179260e-02
-3.263577818870544434e-02
-2.487954311072826385e-02
-2.996949292719364166e-02
-2.798350900411605835e-02
-1.094366237521171570e-02
4.575942642986774445e-03
2.396841719746589661e-02
3.372053429484367371e-02
2.891852892935276031e-02
4.940949380397796631e-02
8.968705683946609497e-02
1.271062940359115601e-01
1.369015276432037354e-01
1.433444768190383911e-01
1.300477385520935059e-01
1.106597557663917542e-01
6.595864146947860718e-02
6.599442567676305771e-04
-3.440736606717109680e-02
-4.527050629258155823e-02
-8.435186743736267090e-02
-9.793715178966522217e-02
-1.833935827016830444e-01
-2.448986619710922241e-01
-2.704785764217376709e-01
-2.122250646352767944e-01
-1.140373125672340393e-01
-4.123595356941223145e-02
-5.941396579146385193e-02
-4.227376729249954224e-02
-3.966827690601348877e-02
-3.847209736704826355e-02
-4.954271763563156128e-02
-5.383734777569770813e-02
-4.914295300841331482e-02
-2.751226723194122314e-02
-1.071479730308055878e-02
1.547857094556093216e-02
3.029918111860752106e-02
5.956604331731796265e-02
9.079071879386901855e-02
1.177788823843002319e-01
1.360055059194564819e-01
1.373018175363540649e-01
1.258914619684219360e-01
7.721064239740371704e-02
6.898590922355651855e-02
2.043920941650867462e-02
-9.822574444115161896e-03
-9.999000000000000000e+03
-9.999000000000000000e+03
-9.999000000000000000e+03
-9.999000000000000000e+03
-9.999000000000000000e+03
-9.999000000000000000e+03
-2.373911440372467041e-01
-2.762839198112487793e-01
-1.694920659065246582e-01
-8.480462431907653809e-02
-6.809809058904647827e-02
-5.115792155265808105e-02
-4.133046045899391174e-02
-4.519708082079887390e-02
-6.578440219163894653e-02
-7.728146016597747803e-02
-5.630861222743988037e-02
-2.903187088668346405e-02
1.149090123362839222e-03
3.369710966944694519e-02
4.963358864188194275e-02
1.023832187056541443e-01
1.175824925303459167e-01
1.242384389042854309e-01
1.076570898294448853e-01
9.699483215808868408e-02
9.572921693325042725e-02
-9.999000000000000000e+03
-9.999000000000000000e+03
-9.999000000000000000e+03
-9.999000000000000000e+03
-9.999000000000000000e+03
-9.999000000000000000e+03
-9.999000000000000000e+03
-9.999000000000000000e+03
-9.999000000000000000e+03
-9.999000000000000000e+03
-1.977403014898300171e-01
-2.607814073562622070e-01
-2.289494276046752930e-01
-1.436424702405929565e-01
-1.066871955990791321e-01
-6.872769445180892944e-02
-5.799662694334983826e-02
-6.111058965325355530e-02
-7.765101641416549683e-02
-8.146847039461135864e-02
-5.135911703109741211e-02
-1.080242078751325607e-02
3.729813545942306519e-02
7.610371708869934082e-02
9.272360801696777344e-02
1.154956072568893433e-01
1.178976744413375854e-01
1.080234199762344360e-01
4.615053907036781311e-02
4.861616343259811401e-02
-9.999000000000000000e+03
-9.999000000000000000e+03
-9.999000000000000000e+03
-9.999000000000000000e+03
-9.999000000000000000e+03
-9.999000000000000000e+03
-9.999000000000000000e+03
-9.999000000000000000e+03
-9.999000000000000000e+03
-9.999000000000000000e+03
-9.999000000000000000e+03
-9.999000000000000000e+03
-1.746878176927566528e-01
-2.111029028892517090e-01
-1.226995438337326050e-01
-8.405522257089614868e-02
-7.959301024675369263e-02
-6.925395131111145020e-02
-5.255478620529174805e-02
-6.556240469217300415e-02
-5.712066218256950378e-02
-1.253071613609790802e-02
3.016596287488937378e-02
7.096917927265167236e-02
8.894510567188262939e-02
1.003175005316734314e-01
1.276231110095977783e-01
8.154508471488952637e-02
8.707008510828018188e-02
-9.999000000000000000e+03
-9.999000000000000000e+03
-9.999000000000000000e+03
-9.999000000000000000e+03
-9.999000000000000000e+03
-9.999000000000000000e+03
-9.999000000000000000e+03
-9.999000000000000000e+03
-9.999000000000000000e+03
-9.999000000000000000e+03
-9.999000000000000000e+03
-9.999000000000000000e+03
-9.999000000000000000e+03
-9.999000000000000000e+03
-9.999000000000000000e+03
-1.756083518266677856e-01
-1.229484826326370239e-01
-9.999000000000000000e+03
-7.997439056634902954e-02
-8.396664261817932129e-02
-6.835245341062545776e-02
-5.480533838272094727e-02
-4.354547336697578430e-02
8.650899864733219147e-03
7.102775573730468750e-02
7.393287122249603271e-02
8.901107311248779297e-02
1.050222292542457581e-01
1.078581139445304871e-01
5.938880145549774170e-02
-9.999000000000000000e+03
-9.999000000000000000e+03
-9.999000000000000000e+03
-9.999000000000000000e+03
-9.999000000000000000e+03
-9.999000000000000000e+03
-9.999000000000000000e+03
-9.999000000000000000e+03
-9.999000000000000000e+03
-9.999000000000000000e+03
-9.999000000000000000e+03
-9.999000000000000000e+03
-9.999000000000000000e+03
-9.999000000000000000e+03
-9.999000000000000000e+03
-9.999000000000000000e+03
-9.708142280578613281e-02
-6.846619397401809692e-02
-9.999000000000000000e+03
-9.999000000000000000e+03
-1.029101312160491943e-01
-7.802629470825195312e-02
-4.501275718212127686e-02
-1.008083950728178024e-02
5.285780131816864014e-02
8.333081007003784180e-02
6.821987032890319824e-02
8.891981095075607300e-02
9.066032618284225464e-02
6.857025437057018280e-03
-9.999000000000000000e+03
-9.999000000000000000e+03
-9.999000000000000000e+03
-9.999000000000000000e+03
-9.999000000000000000e+03
-9.999000000000000000e+03
-9.999000000000000000e+03
-9.999000000000000000e+03
-9.999000000000000000e+03
-9.999000000000000000e+03
-9.999000000000000000e+03
-9.999000000000000000e+03
-9.999000000000000000e+03
-9.999000000000000000e+03
-9.999000000000000000e+03
-9.999000000000000000e+03
-9.999000000000000000e+03
-4.975058883428573608e-02
-3.475674986839294434e-02
-9.999000000000000000e+03
-9.999000000000000000e+03
-7.626383751630783081e-02
-7.815068960189819336e-02
-4.725232720375061035e-02
5.780372302979230881e-03
7.363393157720565796e-02
7.153353095054626465e-02
8.780039101839065552e-02
1.001116633415222168e-01
6.907562911510467529e-02
3.814731026068329811e-03
-9.999000000000000000e+03
-9.999000000000000000e+03
-9.999000000000000000e+03
-9.999000000000000000e+03
-9.999000000000000000e+03
-9.999000000000000000e+03
-9.999000000000000000e+03
-9.999000000000000000e+03
-9.999000000000000000e+03
-9.999000000000000000e+03
-9.999000000000000000e+03
-9.999000000000000000e+03
-9.999000000000000000e+03
-9.999000000000000000e+03
-9.999000000000000000e+03
-9.999000000000000000e+03
-9.999000000000000000e+03
-9.999000000000000000e+03
-9.999000000000000000e+03
-9.999000000000000000e+03
-9.999000000000000000e+03
-5.257053673267364502e-02
-7.978666573762893677e-02
-4.868552088737487793e-02
9.866270236670970917e-03
3.066498227417469025e-02
5.895880237221717834e-02
1.088304072618484497e-01
1.252919286489486694e-01
4.363777860999107361e-02
1.727339252829551697e-02
-9.999000000000000000e+03
-9.999000000000000000e+03
-9.999000000000000000e+03
-9.999000000000000000e+03
-9.999000000000000000e+03
-9.999000000000000000e+03
-9.999000000000000000e+03
-9.999000000000000000e+03
-9.999000000000000000e+03
-9.999000000000000000e+03
-9.999000000000000000e+03
-9.999000000000000000e+03
-9.999000000000000000e+03
-9.999000000000000000e+03
-9.999000000000000000e+03
-9.999000000000000000e+03
-9.999000000000000000e+03
-9.999000000000000000e+03
-9.999000000000000000e+03
-9.999000000000000000e+03
-9.999000000000000000e+03
-9.999000000000000000e+03
-6.154695898294448853e-02
-6.106621772050857544e-02
-1.541896723210811615e-02
-7.933863252401351929e-02
4.544555023312568665e-02
1.291988641023635864e-01
1.561867743730545044e-01
8.225936442613601685e-02
-9.999000000000000000e+03
-9.999000000000000000e+03
-9.999000000000000000e+03
-9.999000000000000000e+03
-9.999000000000000000e+03
-9.999000000000000000e+03
-9.999000000000000000e+03
-9.999000000000000000e+03
-9.999000000000000000e+03
-9.999000000000000000e+03
-9.999000000000000000e+03
-9.999000000000000000e+03
-9.999000000000000000e+03
-9.999000000000000000e+03
-9.999000000000000000e+03
-9.999000000000000000e+03
-9.999000000000000000e+03
-9.999000000000000000e+03
-9.999000000000000000e+03
-9.999000000000000000e+03
-9.999000000000000000e+03
-9.999000000000000000e+03
-9.999000000000000000e+03
-5.340519547462463379e-02
-5.384403467178344727e-02
-6.993974745273590088e-02
-1.221846193075180054e-01
3.386305645108222961e-02
1.571333706378936768e-01
1.929899603128433228e-01
1.372598707675933838e-01
8.176001906394958496e-02
-9.999000000000000000e+03
-9.999000000000000000e+03
-9.999000000000000000e+03
-9.999000000000000000e+03
-9.999000000000000000e+03
-9.999000000000000000e+03
-9.999000000000000000e+03
-9.999000000000000000e+03
-9.999000000000000000e+03
-9.999000000000000000e+03
-9.999000000000000000e+03
-9.999000000000000000e+03
-9.999000000000000000e+03
-9.999000000000000000e+03
-9.999000000000000000e+03
-9.999000000000000000e+03
-9.999000000000000000e+03
-9.999000000000000000e+03
-9.999000000000000000e+03
-9.999000000000000000e+03
-9.999000000000000000e+03
-9.999000000000000000e+03
-9.999000000000000000e+03
-6.418368965387344360e-02
-9.963420778512954712e-02
-7.957371324300765991e-02
4.650811478495597839e-02
9.655614942312240601e-02
5.330142006278038025e-02
9.913772344589233398e-02
1.071068942546844482e-01
-9.999000000000000000e+03
-9.999000000000000000e+03
-9.999000000000000000e+03
-9.999000000000000000e+03
-9.999000000000000000e+03
-9.999000000000000000e+03
-9.999000000000000000e+03
-9.999000000000000000e+03
-9.999000000000000000e+03
-9.999000000000000000e+03
-9.999000000000000000e+03
-9.999000000000000000e+03
-9.999000000000000000e+03
-9.999000000000000000e+03
-9.999000000000000000e+03
-9.999000000000000000e+03
-9.999000000000000000e+03
-9.999000000000000000e+03
-9.999000000000000000e+03
-9.999000000000000000e+03
-9.999000000000000000e+03
-9.999000000000000000e+03
-9.999000000000000000e+03
-4.639080911874771118e-02
-8.706215769052505493e-02
-8.271799981594085693e-02
-6.530448794364929199e-02
-8.699575811624526978e-02
-1.091995313763618469e-01
-4.068836569786071777e-02
4.168783500790596008e-02
7.448483258485794067e-02
-9.999000000000000000e+03
-9.999000000000000000e+03
-9.999000000000000000e+03
-9.999000000000000000e+03
-9.999000000000000000e+03
-9.999000000000000000e+03
-9.999000000000000000e+03
-9.999000000000000000e+03
-9.999000000000000000e+03
-9.999000000000000000e+03
-9.999000000000000000e+03
-9.999000000000000000e+03
-9.999000000000000000e+03
-9.999000000000000000e+03
-9.999000000000000000e+03
-9.999000000000000000e+03
-9.999000000000000000e+03
-9.999000000000000000e+03
-9.999000000000000000e+03
-9.999000000000000000e+03
-9.999000000000000000e+03
-9.999000000000000000e+03
3.635628148913383484e-02
-3.848664835095405579e-02
-7.873077690601348877e-02
-1.052054166793823242e-01
-1.225104182958602905e-01
-1.460976451635360718e-01
-8.891370147466659546e-02
-2.948621986433863640e-03
8.758701384067535400e-02
7.725650072097778320e-02
3.714985772967338562e-02
1.482530310750007629e-02
3.260583057999610901e-02
-9.999000000000000000e+03
-9.999000000000000000e+03
-9.999000000000000000e+03
-9.999000000000000000e+03
-9.999000000000000000e+03
-9.999000000000000000e+03
-9.999000000000000000e+03
-9.999000000000000000e+03
-9.999000000000000000e+03
-9.999000000000000000e+03
-9.999000000000000000e+03
-9.999000000000000000e+03
-9.999000000000000000e+03
-9.999000000000000000e+03
-9.999000000000000000e+03
-9.999000000000000000e+03
-9.999000000000000000e+03
4.740781709551811218e-02
4.243714362382888794e-02
1.293213944882154465e-02
-3.091769851744174957e-02
-7.300978899002075195e-02
-1.148500069975852966e-01
-1.129963546991348267e-01
-7.382011413574218750e-02
-7.648108527064323425e-03
7.310421019792556763e-02
4.931448772549629211e-02
-9.024965576827526093e-03
1.484168879687786102e-02
2.312866598367691040e-02
-9.999000000000000000e+03
-9.999000000000000000e+03
-9.999000000000000000e+03
-9.999000000000000000e+03
-9.999000000000000000e+03
-9.999000000000000000e+03
-9.999000000000000000e+03
-9.999000000000000000e+03
-9.999000000000000000e+03
-9.999000000000000000e+03
-9.999000000000000000e+03
-9.999000000000000000e+03
-9.999000000000000000e+03
-9.999000000000000000e+03
-9.999000000000000000e+03
4.402055218815803528e-02
5.261522158980369568e-02
3.475432097911834717e-02
3.143926709890365601e-02
2.161963284015655518e-02
-3.740333952009677887e-03
-3.990309312939643860e-02
-8.557241410017013550e-02
-1.097824126482009888e-01
-7.274857163429260254e-02
2.927454188466072083e-03
2.663745358586311340e-02
5.611228197813034058e-02
4.000264778733253479e-02
-9.999000000000000000e+03
-9.999000000000000000e+03
-9.999000000000000000e+03
-9.999000000000000000e+03
-9.999000000000000000e+03
-9.999000000000000000e+03
-9.999000000000000000e+03
-9.999000000000000000e+03
-9.999000000000000000e+03
-9.999000000000000000e+03
-9.999000000000000000e+03
-9.999000000000000000e+03
-9.999000000000000000e+03
-9.999000000000000000e+03
-9.999000000000000000e+03
-9.999000000000000000e+03
1.793571747839450836e-02
2.906440570950508118e-02
7.079216837882995605e-02
7.064684480428695679e-02
4.946054518222808838e-02
2.079427428543567657e-02
-2.401101589202880859e-02
-4.481578245759010315e-02
-5.957689881324768066e-02
-7.793903350830078125e-02
-8.035656809806823730e-02
-3.501063957810401917e-02
-1.473574712872505188e-02
7.161803543567657471e-02
-9.999000000000000000e+03
-9.999000000000000000e+03
-9.999000000000000000e+03
-9.999000000000000000e+03
-9.999000000000000000e+03
-9.999000000000000000e+03
-9.999000000000000000e+03
-9.999000000000000000e+03
-9.999000000000000000e+03
-9.999000000000000000e+03
-9.999000000000000000e+03
-9.999000000000000000e+03
-9.999000000000000000e+03
-9.999000000000000000e+03
-9.999000000000000000e+03
-9.999000000000000000e+03
-9.999000000000000000e+03
5.489650182425975800e-03
1.836098916828632355e-02
8.588169515132904053e-02
8.019974827766418457e-02
3.016158007085323334e-02
-1.663565263152122498e-02
-5.645214393734931946e-02
-6.259763240814208984e-02
-4.431086778640747070e-02
-4.975189268589019775e-02
-5.338959395885467529e-02
-3.450328111648559570e-02
-1.220390200614929199e-02
3.556346520781517029e-02
-9.999000000000000000e+03
-9.999000000000000000e+03
-9.999000000000000000e+03
-9.999000000000000000e+03
-9.999000000000000000e+03
-9.999000000000000000e+03
-9.999000000000000000e+03
-9.999000000000000000e+03
-9.999000000000000000e+03
-9.999000000000000000e+03
-9.999000000000000000e+03
-9.999000000000000000e+03
-9.999000000000000000e+03
-9.999000000000000000e+03
-9.999000000000000000e+03
-9.999000000000000000e+03
-9.999000000000000000e+03
1.726853847503662109e-02
5.897599086165428162e-02
8.123073726892471313e-02
6.289118528366088867e-02
-6.230809376575052738e-04
-7.258854061365127563e-02
-9.123915433883666992e-02
-8.237557858228683472e-02
-4.671239107847213745e-02
-2.895738370716571808e-02
-3.092294372618198395e-02
-1.243583485484123230e-02
-3.465456888079643250e-02
-9.999000000000000000e+03
-9.999000000000000000e+03
-9.999000000000000000e+03
-9.999000000000000000e+03
-9.999000000000000000e+03
-9.999000000000000000e+03
-9.999000000000000000e+03
-9.999000000000000000e+03
-9.999000000000000000e+03
-9.999000000000000000e+03
-9.999000000000000000e+03
-9.999000000000000000e+03
-9.999000000000000000e+03
-9.999000000000000000e+03
-9.999000000000000000e+03
-9.999000000000000000e+03
-9.999000000000000000e+03
-9.999000000000000000e+03
4.418747499585151672e-02
7.930263876914978027e-02
6.633043289184570312e-02
2.533108927309513092e-02
-5.023176223039627075e-02
-1.040923297405242920e-01
-1.103448048233985901e-01
-9.482689946889877319e-02
-3.926444426178932190e-02
-3.306590253487229347e-03
-2.493025735020637512e-03
-1.430333405733108521e-02
-9.999000000000000000e+03
-9.999000000000000000e+03
-9.999000000000000000e+03
-9.999000000000000000e+03
-9.999000000000000000e+03
-9.999000000000000000e+03
-9.999000000000000000e+03
-9.999000000000000000e+03
-9.999000000000000000e+03
-9.999000000000000000e+03
-9.999000000000000000e+03
-9.999000000000000000e+03
-9.999000000000000000e+03
-9.999000000000000000e+03
-9.999000000000000000e+03
-9.999000000000000000e+03
-9.999000000000000000e+03
-9.999000000000000000e+03
-9.999000000000000000e+03
5.044842883944511414e-02
6.150541454553604126e-02
4.386089742183685303e-02
1.188104879111051559e-02
-1.010245159268379211e-01
-1.104117110371589661e-01
-9.244841337203979492e-02
-5.441431328654289246e-02
-2.750161103904247284e-02
-9.988050907850265503e-03
-9.999000000000000000e+03
-9.999000000000000000e+03
-9.999000000000000000e+03
-9.999000000000000000e+03
-9.999000000000000000e+03
-9.999000000000000000e+03
-9.999000000000000000e+03
-9.999000000000000000e+03
-9.999000000000000000e+03
-9.999000000000000000e+03
-9.999000000000000000e+03
-9.999000000000000000e+03
-9.999000000000000000e+03
-9.999000000000000000e+03
-9.999000000000000000e+03
-9.999000000000000000e+03
-9.999000000000000000e+03
-9.999000000000000000e+03
-9.999000000000000000e+03
-9.999000000000000000e+03
-9.999000000000000000e+03
3.910822421312332153e-02
2.613462507724761963e-02
1.381612755358219147e-02
-4.577903822064399719e-02
-8.379745483398437500e-02
-8.375818282365798950e-02
-9.999000000000000000e+03
-9.999000000000000000e+03
-9.999000000000000000e+03
-9.999000000000000000e+03
-9.999000000000000000e+03
-9.999000000000000000e+03
-9.999000000000000000e+03
-9.999000000000000000e+03
-9.999000000000000000e+03
-9.999000000000000000e+03
-9.999000000000000000e+03
-9.999000000000000000e+03
-9.999000000000000000e+03
-9.999000000000000000e+03
-9.999000000000000000e+03
-9.999000000000000000e+03
-9.999000000000000000e+03
-9.999000000000000000e+03
-9.999000000000000000e+03
-9.999000000000000000e+03
-9.999000000000000000e+03
-9.999000000000000000e+03
-9.999000000000000000e+03
-9.999000000000000000e+03
-9.999000000000000000e+03
3.208869602531194687e-03
8.367858827114105225e-03
7.796069141477346420e-03
-9.999000000000000000e+03
-9.999000000000000000e+03
-9.999000000000000000e+03
-9.999000000000000000e+03
-9.999000000000000000e+03
-9.999000000000000000e+03
-9.999000000000000000e+03
-9.999000000000000000e+03
-9.999000000000000000e+03
-9.999000000000000000e+03
-9.999000000000000000e+03
-9.999000000000000000e+03
-9.999000000000000000e+03
-9.999000000000000000e+03
-9.999000000000000000e+03
-9.999000000000000000e+03
-9.999000000000000000e+03
-9.999000000000000000e+03
-9.999000000000000000e+03
-9.999000000000000000e+03
-9.999000000000000000e+03
-9.999000000000000000e+03
-9.999000000000000000e+03
-9.999000000000000000e+03
-9.999000000000000000e+03
-9.999000000000000000e+03
-9.999000000000000000e+03
-9.999000000000000000e+03
