-1.625721454620361328e-01
-1.068893298506736755e-01
-4.910283535718917847e-02
-1.050468627363443375e-02
4.605727642774581909e-02
1.080550625920295715e-01
1.806359589099884033e-01
2.364519238471984863e-01
2.802304625511169434e-01
2.992165088653564453e-01
2.805493474006652832e-01
-9.999000000000000000e+03
-9.999000000000000000e+03
-9.999000000000000000e+03
-9.999000000000000000e+03
-9.999000000000000000e+03
-9.999000000000000000e+03
-9.999000000000000000e+03
-9.999000000000000000e+03
-9.999000000000000000e+03
-9.999000000000000000e+03
-9.999000000000000000e+03
-9.999000000000000000e+03
2.967800758779048920e-02
1.099206856451928616e-03
1.564224623143672943e-02
3.028112463653087616e-02
1.676506735384464264e-02
2.332713454961776733e-02
2.496651373803615570e-02
3.404206410050392151e-02
-1.404004693031311035e-01
-9.968940168619155884e-02
-5.751573294401168823e-02
-2.082488127052783966e-02
3.994545713067054749e-02
1.093071773648262024e-01
1.873960793018341064e-01
2.442326545715332031e-01
2.776828408241271973e-01
3.017713129520416260e-01
2.951992452144622803e-01
1.709195375442504883e-01
-9.999000000000000000e+03
-9.999000000000000000e+03
-9.999000000000000000e+03
-9.999000000000000000e+03
-9.999000000000000000e+03
-9.999000000000000000e+03
-9.999000000000000000e+03
-9.999000000000000000e+03
-9.999000000000000000e+03
-1.733448822051286697e-03
1.588425226509571075e-02
2.861312776803970337e-02
2.213896252214908600e-03
2.399788005277514458e-03
-1.402845699340105057e-02
-1.488567702472209930e-02
-7.813817821443080902e-03
8.234523236751556396e-03
2.590606734156608582e-02
-1.263604611158370972e-01
-7.809312641620635986e-02
-4.411780461668968201e-02
4.467622842639684677e-03
5.736782401800155640e-02
1.191979199647903442e-01
1.821019649505615234e-01
2.382645010948181152e-01
2.742462456226348877e-01
2.959225773811340332e-01
2.832750380039215088e-01
1.979273110628128052e-01
-9.999000000000000000e+03
-9.999000000000000000e+03
-9.999000000000000000e+03
-9.999000000000000000e+03
-9.999000000000000000e+03
-9.999000000000000000e+03
-9.999000000000000000e+03
-2.224767580628395081e-02
-1.254734862595796585e-02
1.678121159784495831e-03
4.039498977363109589e-03
8.419431746006011963e-03
7.708674296736717224e-03
2.677552947716321796e-05
-1.738300919532775879e-02
-2.611918561160564423e-02
-1.949082314968109131e-02
2.264262409880757332e-03
1.872774958610534668e-02
-8.813406527042388916e-02
-5.399334058165550232e-02
-2.368327602744102478e-02
2.514518424868583679e-02
8.493254333734512329e-02
1.494707018136978149e-01
1.940502077341079712e-01
2.345003187656402588e-01
2.567889392375946045e-01
2.794167101383209229e-01
2.916845977306365967e-01
2.261828333139419556e-01
1.202782914042472839e-01
-9.999000000000000000e+03
-9.999000000000000000e+03
-9.999000000000000000e+03
-3.493971377611160278e-02
-4.730233922600746155e-02
-4.442196711897850037e-02
-1.348821818828582764e-02
6.480640731751918793e-03
1.351826637983322144e-02
1.825925707817077637e-02
9.922700002789497375e-03
9.331525303423404694e-03
-5.925884470343589783e-03
-2.476776577532291412e-02
-3.560718148946762085e-02
-3.643364459276199341e-02
-1.816093921661376953e-02
-1.382078393362462521e-03
-5.948365479707717896e-02
-2.349674887955188751e-02
2.082228660583496094e-02
6.376454234123229980e-02
1.059055998921394348e-01
1.463201045989990234e-01
1.754830181598663330e-01
2.064260244369506836e-01
2.125206738710403442e-01
2.172243148088455200e-01
2.106247991323471069e-01
1.576519459486007690e-01
9.590785950422286987e-02
4.223851114511489868e-02
-1.601636968553066254e-02
-4.750183597207069397e-02
-5.556293204426765442e-02
-4.666987806558609009e-02
-2.747774682939052582e-02
6.582450587302446365e-03
3.235261887311935425e-02
3.766195476055145264e-02
5.331726744771003723e-02
2.267785184085369110e-02
-9.503907640464603901e-04
-3.145797178149223328e-02
-5.028643459081649780e-02
-6.396998465061187744e-02
-6.491532921791076660e-02
-3.980550915002822876e-02
-1.875212416052818298e-02
-4.305422678589820862e-02
-1.092149689793586731e-02
2.626467123627662659e-02
7.663315534591674805e-02
1.174735799431800842e-01
1.387141793966293335e-01
1.446423977613449097e-01
1.599632501602172852e-01
1.634086072444915771e-01
1.701708585023880005e-01
1.387435644865036011e-01
9.055354446172714233e-02
5.475756525993347168e-02
8.109983056783676147e-03
-2.608121372759342194e-02
-4.447795078158378601e-02
-3.983695060014724731e-02
-1.531987637281417847e-02
1.207862328737974167e-02
5.568157508969306946e-02
7.226207852363586426e-02
6.764478236436843872e-02
4.879662394523620605e-02
1.144027151167392731e-02
-3.310484066605567932e-02
-7.668890804052352905e-02
-8.824464678764343262e-02
-1.031417697668075562e-01
-1.014639064669609070e-01
-7.637781649827957153e-02
-5.075482279062271118e-02
-2.799894474446773529e-02
1.136264950037002563e-02
4.674352332949638367e-02
7.717962563037872314e-02
1.053998842835426331e-01
1.236547455191612244e-01
1.273828446865081787e-01
1.354384422302246094e-01
1.402834951877593994e-01
1.212370991706848145e-01
9.716222435235977173e-02
6.058221310377120972e-02
3.414834663271903992e-02
-8.475534617900848389e-03
-1.191200036555528641e-02
-7.980648428201675415e-03
1.290655881166458130e-02
4.108932241797447205e-02
5.362420529127120972e-02
8.941640704870223999e-02
8.264520764350891113e-02
5.442245304584503174e-02
8.855373598635196686e-03
-2.549718134105205536e-02
-7.119137048721313477e-02
-1.074745580554008484e-01
-1.298212110996246338e-01
-1.503150612115859985e-01
-1.454090327024459839e-01
-1.048482879996299744e-01
-8.211350440979003906e-02
-2.593464590609073639e-02
1.042259018868207932e-02
4.717264324426651001e-02
6.616665422916412354e-02
9.159082174301147461e-02
1.128651425242424011e-01
1.243776530027389526e-01
1.266716122627258301e-01
1.170337945222854614e-01
7.988307625055313110e-02
5.297293141484260559e-02
2.168596908450126648e-02
1.717799529433250427e-02
1.302060391753911972e-02
2.629084885120391846e-02
3.699139878153800964e-02
7.242059707641601562e-02
9.216032177209854126e-02
9.371236711740493774e-02
8.757918328046798706e-02
6.975238770246505737e-02
4.737187549471855164e-02
1.345477718859910965e-02
-3.877890855073928833e-02
-1.073611155152320862e-01
-1.412902772426605225e-01
-1.765599101781845093e-01
-1.960786432027816772e-01
-1.936031281948089600e-01
-1.487858146429061890e-01
-1.198137179017066956e-01
-1.329845841974020004e-02
2.412142464891076088e-03
2.525961399078369141e-02
4.402469098567962646e-02
7.428333908319473267e-02
1.052683964371681213e-01
1.177455782890319824e-01
1.059074997901916504e-01
7.667756080627441406e-02
4.199093952775001526e-02
2.772222645580768585e-02
2.222765237092971802e-02
4.165821522474288940e-02
5.681031942367553711e-02
8.146140724420547485e-02
8.688884973526000977e-02
9.884011745452880859e-02
9.639728814363479614e-02
8.858431875705718994e-02
7.614810764789581299e-02
5.217142775654792786e-02
3.175090998411178589e-02
9.243746288120746613e-03
-2.455644868314266205e-02
-6.228024512529373169e-02
-1.368974298238754272e-01
-2.008858025074005127e-01
-2.546878159046173096e-01
-2.484226971864700317e-01
-2.021738588809967041e-01
-1.622162312269210815e-01
-1.830326579511165619e-02
1.469623995944857597e-03
1.762013696134090424e-02
4.033075273036956787e-02
8.010203391313552856e-02
1.016160547733306885e-01
1.026491448283195496e-01
9.456950426101684570e-02
5.934466049075126648e-02
2.498534880578517914e-02
2.983190678060054779e-02
6.213109940290451050e-02
8.232592791318893433e-02
9.166640043258666992e-02
1.072975322604179382e-01
1.091353595256805420e-01
9.924867749214172363e-02
6.236541643738746643e-02
4.990131407976150513e-02
2.708130888640880585e-02
3.634902462363243103e-02
-9.999000000000000000e+03
-9.999000000000000000e+03
-9.999000000000000000e+03
-9.999000000000000000e+03
-9.999000000000000000e+03
-9.999000000000000000e+03
-2.023795992136001587e-01
-2.673147916793823242e-01
-2.397895008325576782e-01
-1.808821558952331543e-01
-2.599742077291011810e-02
-8.133703842759132385e-03
1.526050735265016556e-02
4.035928100347518921e-02
8.480309695005416870e-02
9.461513906717300415e-02
8.559010177850723267e-02
7.317973673343658447e-02
4.748160019516944885e-02
4.109195619821548462e-02
5.319335311651229858e-02
1.046135947108268738e-01
1.074831560254096985e-01
1.123396083712577820e-01
1.128551512956619263e-01
1.051628440618515015e-01
1.154341325163841248e-01
-9.999000000000000000e+03
-9.999000000000000000e+03
-9.999000000000000000e+03
-9.999000000000000000e+03
-9.999000000000000000e+03
-9.999000000000000000e+03
-9.999000000000000000e+03
-9.999000000000000000e+03
-9.999000000000000000e+03
-9.999000000000000000e+03
-1.674136519432067871e-01
-2.340587675571441650e-01
-2.401226460933685303e-01
-1.870711743831634521e-01
-5.910413339734077454e-02
-4.627598449587821960e-02
-1.552079105749726295e-03
3.287477046251296997e-02
6.281777471303939819e-02
7.382880151271820068e-02
7.976393401622772217e-02
6.475611031055450439e-02
4.825706034898757935e-02
9.048234671354293823e-02
1.081418469548225403e-01
1.206811890006065369e-01
1.223008260130882263e-01
1.173989176750183105e-01
6.819818168878555298e-02
6.993243843317031860e-02
-9.999000000000000000e+03
-9.999000000000000000e+03
-9.999000000000000000e+03
-9.999000000000000000e+03
-9.999000000000000000e+03
-9.999000000000000000e+03
-9.999000000000000000e+03
-9.999000000000000000e+03
-9.999000000000000000e+03
-9.999000000000000000e+03
-9.999000000000000000e+03
-9.999000000000000000e+03
-1.462562680244445801e-01
-1.882137060165405273e-01
-1.314894855022430420e-01
-9.845926612615585327e-02
-9.441728889942169189e-02
-5.285913869738578796e-02
-1.392651814967393875e-02
3.348603844642639160e-02
6.929221004247665405e-02
6.352512538433074951e-02
6.957700848579406738e-02
8.574364334344863892e-02
1.230126395821571350e-01
1.330004930496215820e-01
1.221202388405799866e-01
1.079561412334442139e-01
1.194161847233772278e-01
-9.999000000000000000e+03
-9.999000000000000000e+03
-9.999000000000000000e+03
-9.999000000000000000e+03
-9.999000000000000000e+03
-9.999000000000000000e+03
-9.999000000000000000e+03
-9.999000000000000000e+03
-9.999000000000000000e+03
-9.999000000000000000e+03
-9.999000000000000000e+03
-9.999000000000000000e+03
-9.999000000000000000e+03
-9.999000000000000000e+03
-9.999000000000000000e+03
-1.357335746288299561e-01
-1.006312966346740723e-01
-9.999000000000000000e+03
-9.299043565988540649e-02
-8.878365904092788696e-02
-4.755497723817825317e-02
3.711082274094223976e-03
4.072905331850051880e-02
4.812175035476684570e-02
9.229341149330139160e-02
1.338063180446624756e-01
1.295397132635116577e-01
1.192103624343872070e-01
1.014557257294654846e-01
7.936507463455200195e-02
-9.999000000000000000e+03
-9.999000000000000000e+03
-9.999000000000000000e+03
-9.999000000000000000e+03
-9.999000000000000000e+03
-9.999000000000000000e+03
-9.999000000000000000e+03
-9.999000000000000000e+03
-9.999000000000000000e+03
-9.999000000000000000e+03
-9.999000000000000000e+03
-9.999000000000000000e+03
-9.999000000000000000e+03
-9.999000000000000000e+03
-9.999000000000000000e+03
-9.999000000000000000e+03
-6.416391581296920776e-02
-4.023846983909606934e-02
-9.999000000000000000e+03
-9.999000000000000000e+03
-1.002473235130310059e-01
-6.277620047330856323e-02
-1.165629830211400986e-02
2.943337708711624146e-02
7.316190004348754883e-02
1.072575300931930542e-01
1.277987509965896606e-01
1.116097718477249146e-01
7.812946289777755737e-02
9.841382503509521484e-03
-9.999000000000000000e+03
-9.999000000000000000e+03
-9.999000000000000000e+03
-9.999000000000000000e+03
-9.999000000000000000e+03
-9.999000000000000000e+03
-9.999000000000000000e+03
-9.999000000000000000e+03
-9.999000000000000000e+03
-9.999000000000000000e+03
-9.999000000000000000e+03
-9.999000000000000000e+03
-9.999000000000000000e+03
-9.999000000000000000e+03
-9.999000000000000000e+03
-9.999000000000000000e+03
-9.999000000000000000e+03
-2.833135612308979034e-02
-8.816009387373924255e-03
-9.999000000000000000e+03
-9.999000000000000000e+03
-5.787323042750358582e-02
-4.626007378101348877e-02
-1.288627367466688156e-02
3.588270023465156555e-02
1.052915379405021667e-01
1.108686476945877075e-01
1.082479581236839294e-01
9.138838201761245728e-02
6.020218878984451294e-02
1.828737743198871613e-02
-9.999000000000000000e+03
-9.999000000000000000e+03
-9.999000000000000000e+03
-9.999000000000000000e+03
-9.999000000000000000e+03
-9.999000000000000000e+03
-9.999000000000000000e+03
-9.999000000000000000e+03
-9.999000000000000000e+03
-9.999000000000000000e+03
-9.999000000000000000e+03
-9.999000000000000000e+03
-9.999000000000000000e+03
-9.999000000000000000e+03
-9.999000000000000000e+03
-9.999000000000000000e+03
-9.999000000000000000e+03
-9.999000000000000000e+03
-9.999000000000000000e+03
-9.999000000000000000e+03
-9.999000000000000000e+03
-2.473677881062030792e-02
-2.022519707679748535e-02
-4.224779549986124039e-03
5.235118791460990906e-02
9.504832327365875244e-02
1.054345294833183289e-01
1.017060577869415283e-01
9.466373920440673828e-02
6.691039353609085083e-02
4.112496972084045410e-02
-9.999000000000000000e+03
-9.999000000000000000e+03
-9.999000000000000000e+03
-9.999000000000000000e+03
-9.999000000000000000e+03
-9.999000000000000000e+03
-9.999000000000000000e+03
-9.999000000000000000e+03
-9.999000000000000000e+03
-9.999000000000000000e+03
-9.999000000000000000e+03
-9.999000000000000000e+03
-9.999000000000000000e+03
-9.999000000000000000e+03
-9.999000000000000000e+03
-9.999000000000000000e+03
-9.999000000000000000e+03
-9.999000000000000000e+03
-9.999000000000000000e+03
-9.999000000000000000e+03
-9.999000000000000000e+03
-9.999000000000000000e+03
-1.388368569314479828e-02
-1.237939670681953430e-02
4.238256067037582397e-02
6.358662247657775879e-02
7.891266047954559326e-02
1.096221134066581726e-01
1.223418265581130981e-01
7.542940229177474976e-02
-9.999000000000000000e+03
-9.999000000000000000e+03
-9.999000000000000000e+03
-9.999000000000000000e+03
-9.999000000000000000e+03
-9.999000000000000000e+03
-9.999000000000000000e+03
-9.999000000000000000e+03
-9.999000000000000000e+03
-9.999000000000000000e+03
-9.999000000000000000e+03
-9.999000000000000000e+03
-9.999000000000000000e+03
-9.999000000000000000e+03
-9.999000000000000000e+03
-9.999000000000000000e+03
-9.999000000000000000e+03
-9.999000000000000000e+03
-9.999000000000000000e+03
-9.999000000000000000e+03
-9.999000000000000000e+03
-9.999000000000000000e+03
-9.999000000000000000e+03
-1.276265457272529602e-02
-8.037423714995384216e-03
5.300157703459262848e-03
1.111552119255065918e-02
5.675290897488594055e-02
1.249509528279304504e-01
1.221159026026725769e-01
5.566121637821197510e-02
1.759024336934089661e-02
-9.999000000000000000e+03
-9.999000000000000000e+03
-9.999000000000000000e+03
-9.999000000000000000e+03
-9.999000000000000000e+03
-9.999000000000000000e+03
-9.999000000000000000e+03
-9.999000000000000000e+03
-9.999000000000000000e+03
-9.999000000000000000e+03
-9.999000000000000000e+03
-9.999000000000000000e+03
-9.999000000000000000e+03
-9.999000000000000000e+03
-9.999000000000000000e+03
-9.999000000000000000e+03
-9.999000000000000000e+03
-9.999000000000000000e+03
-9.999000000000000000e+03
-9.999000000000000000e+03
-9.999000000000000000e+03
-9.999000000000000000e+03
-9.999000000000000000e+03
-1.851839944720268250e-03
-9.964173659682273865e-04
8.080024272203445435e-03
5.568014085292816162e-02
7.878519594669342041e-02
1.463089790195226669e-02
1.000466477125883102e-02
5.791970714926719666e-02
-9.999000000000000000e+03
-9.999000000000000000e+03
-9.999000000000000000e+03
-9.999000000000000000e+03
-9.999000000000000000e+03
-9.999000000000000000e+03
-9.999000000000000000e+03
-9.999000000000000000e+03
-9.999000000000000000e+03
-9.999000000000000000e+03
-9.999000000000000000e+03
-9.999000000000000000e+03
-9.999000000000000000e+03
-9.999000000000000000e+03
-9.999000000000000000e+03
-9.999000000000000000e+03
-9.999000000000000000e+03
-9.999000000000000000e+03
-9.999000000000000000e+03
-9.999000000000000000e+03
-9.999000000000000000e+03
-9.999000000000000000e+03
-9.999000000000000000e+03
1.046098209917545319e-02
5.998074542731046677e-03
1.217927783727645874e-02
7.945825345814228058e-03
-4.952265322208404541e-02
-1.266238689422607422e-01
-9.997705370187759399e-02
-1.133891567587852478e-02
4.530562460422515869e-02
-9.999000000000000000e+03
-9.999000000000000000e+03
-9.999000000000000000e+03
-9.999000000000000000e+03
-9.999000000000000000e+03
-9.999000000000000000e+03
-9.999000000000000000e+03
-9.999000000000000000e+03
-9.999000000000000000e+03
-9.999000000000000000e+03
-9.999000000000000000e+03
-9.999000000000000000e+03
-9.999000000000000000e+03
-9.999000000000000000e+03
-9.999000000000000000e+03
-9.999000000000000000e+03
-9.999000000000000000e+03
-9.999000000000000000e+03
-9.999000000000000000e+03
-9.999000000000000000e+03
-9.999000000000000000e+03
-9.999000000000000000e+03
4.649272933602333069e-02
2.760029025375843048e-02
1.570052653551101685e-02
-1.457920484244823456e-02
-5.797446519136428833e-02
-1.275069117546081543e-01
-1.150296926498413086e-01
-2.003034576773643494e-02
7.853232324123382568e-02
5.440786108374595642e-02
2.217964828014373779e-02
3.447525575757026672e-02
4.817353934049606323e-02
-9.999000000000000000e+03
-9.999000000000000000e+03
-9.999000000000000000e+03
-9.999000000000000000e+03
-9.999000000000000000e+03
-9.999000000000000000e+03
-9.999000000000000000e+03
-9.999000000000000000e+03
-9.999000000000000000e+03
-9.999000000000000000e+03
-9.999000000000000000e+03
-9.999000000000000000e+03
-9.999000000000000000e+03
-9.999000000000000000e+03
-9.999000000000000000e+03
-9.999000000000000000e+03
-9.999000000000000000e+03
4.586474597454071045e-02
4.897356033325195312e-02
4.273926094174385071e-02
1.340947020798921585e-02
-2.104259096086025238e-02
-5.101392790675163269e-02
-6.194461137056350708e-02
-5.725555494427680969e-02
-2.042764052748680115e-02
3.843702748417854309e-02
5.938493460416793823e-02
7.828821986913681030e-02
5.364533141255378723e-02
5.207430943846702576e-02
-9.999000000000000000e+03
-9.999000000000000000e+03
-9.999000000000000000e+03
-9.999000000000000000e+03
-9.999000000000000000e+03
-9.999000000000000000e+03
-9.999000000000000000e+03
-9.999000000000000000e+03
-9.999000000000000000e+03
-9.999000000000000000e+03
-9.999000000000000000e+03
-9.999000000000000000e+03
-9.999000000000000000e+03
-9.999000000000000000e+03
-9.999000000000000000e+03
3.911138325929641724e-02
3.760025650262832642e-02
2.820900455117225647e-02
2.415673620998859406e-02
1.360506098717451096e-02
-2.915877848863601685e-03
-1.292479410767555237e-02
-1.746793650090694427e-02
-2.329221740365028381e-02
-2.766437456011772156e-02
-2.465676330029964447e-02
2.581451088190078735e-02
8.669055998325347900e-02
1.097476854920387268e-01
-9.999000000000000000e+03
-9.999000000000000000e+03
-9.999000000000000000e+03
-9.999000000000000000e+03
-9.999000000000000000e+03
-9.999000000000000000e+03
-9.999000000000000000e+03
-9.999000000000000000e+03
-9.999000000000000000e+03
-9.999000000000000000e+03
-9.999000000000000000e+03
-9.999000000000000000e+03
-9.999000000000000000e+03
-9.999000000000000000e+03
-9.999000000000000000e+03
-9.999000000000000000e+03
9.249200113117694855e-03
3.616363182663917542e-02
5.711439251899719238e-02
3.802496939897537231e-02
1.593919657170772552e-02
-1.322252303361892700e-02
-2.251689136028289795e-02
-1.454121246933937073e-02
-9.968891972675919533e-04
-5.675173088093288243e-05
-1.631237752735614777e-02
-3.559283539652824402e-02
1.030306145548820496e-02
1.089937239885330200e-01
-9.999000000000000000e+03
-9.999000000000000000e+03
-9.999000000000000000e+03
-9.999000000000000000e+03
-9.999000000000000000e+03
-9.999000000000000000e+03
-9.999000000000000000e+03
-9.999000000000000000e+03
-9.999000000000000000e+03
-9.999000000000000000e+03
-9.999000000000000000e+03
-9.999000000000000000e+03
-9.999000000000000000e+03
-9.999000000000000000e+03
-9.999000000000000000e+03
-9.999000000000000000e+03
-9.999000000000000000e+03
2.864216454327106476e-02
3.805740922689437866e-02
7.254783064126968384e-02
4.273663833737373352e-02
2.057963050901889801e-03
-2.569532021880149841e-02
-3.191191703081130981e-02
-1.924043707549571991e-02
3.939903341233730316e-03
1.194829400628805161e-02
2.515859086997807026e-04
-2.478732913732528687e-02
6.502934265881776810e-04
7.176082581281661987e-02
-9.999000000000000000e+03
-9.999000000000000000e+03
-9.999000000000000000e+03
-9.999000000000000000e+03
-9.999000000000000000e+03
-9.999000000000000000e+03
-9.999000000000000000e+03
-9.999000000000000000e+03
-9.999000000000000000e+03
-9.999000000000000000e+03
-9.999000000000000000e+03
-9.999000000000000000e+03
-9.999000000000000000e+03
-9.999000000000000000e+03
-9.999000000000000000e+03
-9.999000000000000000e+03
-9.999000000000000000e+03
6.123428791761398315e-02
9.110753983259201050e-02
8.889581263065338135e-02
5.472139269113540649e-02
1.669466122984886169e-02
-1.748272590339183807e-02
-2.680255472660064697e-02
-1.328103151172399521e-02
5.633635446429252625e-03
1.466248463839292526e-02
1.568767329445108771e-04
-3.910867497324943542e-02
-2.031936310231685638e-02
-9.999000000000000000e+03
-9.999000000000000000e+03
-9.999000000000000000e+03
-9.999000000000000000e+03
-9.999000000000000000e+03
-9.999000000000000000e+03
-9.999000000000000000e+03
-9.999000000000000000e+03
-9.999000000000000000e+03
-9.999000000000000000e+03
-9.999000000000000000e+03
-9.999000000000000000e+03
-9.999000000000000000e+03
-9.999000000000000000e+03
-9.999000000000000000e+03
-9.999000000000000000e+03
-9.999000000000000000e+03
-9.999000000000000000e+03
1.117579862475395203e-01
1.457870900630950928e-01
1.094823330640792847e-01
6.033584102988243103e-02
1.590757071971893311e-02
-1.880787312984466553e-02
-3.102464228868484497e-02
-1.996070146560668945e-02
5.151411052793264389e-03
2.080916054546833038e-02
5.193710094317793846e-04
-2.594748511910438538e-02
-9.999000000000000000e+03
-9.999000000000000000e+03
-9.999000000000000000e+03
-9.999000000000000000e+03
-9.999000000000000000e+03
-9.999000000000000000e+03
-9.999000000000000000e+03
-9.999000000000000000e+03
-9.999000000000000000e+03
-9.999000000000000000e+03
-9.999000000000000000e+03
-9.999000000000000000e+03
-9.999000000000000000e+03
-9.999000000000000000e+03
-9.999000000000000000e+03
-9.999000000000000000e+03
-9.999000000000000000e+03
-9.999000000000000000e+03
-9.999000000000000000e+03
1.342906802892684937e-01
1.421323865652084351e-01
1.166918426752090454e-01
6.658510863780975342e-02
-1.457465626299381256e-02
-4.812870547175407410e-02
-3.690622746944427490e-02
-1.771760731935501099e-02
-2.904729451984167099e-03
3.880333853885531425e-03
-9.999000000000000000e+03
-9.999000000000000000e+03
-9.999000000000000000e+03
-9.999000000000000000e+03
-9.999000000000000000e+03
-9.999000000000000000e+03
-9.999000000000000000e+03
-9.999000000000000000e+03
-9.999000000000000000e+03
-9.999000000000000000e+03
-9.999000000000000000e+03
-9.999000000000000000e+03
-9.999000000000000000e+03
-9.999000000000000000e+03
-9.999000000000000000e+03
-9.999000000000000000e+03
-9.999000000000000000e+03
-9.999000000000000000e+03
-9.999000000000000000e+03
-9.999000000000000000e+03
-9.999000000000000000e+03
1.092528402805328369e-01
1.139748990535736084e-01
8.095945417881011963e-02
2.976408042013645172e-02
-2.066924795508384705e-02
-4.816244542598724365e-02
-9.999000000000000000e+03
-9.999000000000000000e+03
-9.999000000000000000e+03
-9.999000000000000000e+03
-9.999000000000000000e+03
-9.999000000000000000e+03
-9.999000000000000000e+03
-9.999000000000000000e+03
-9.999000000000000000e+03
-9.999000000000000000e+03
-9.999000000000000000e+03
-9.999000000000000000e+03
-9.999000000000000000e+03
-9.999000000000000000e+03
-9.999000000000000000e+03
-9.999000000000000000e+03
-9.999000000000000000e+03
-9.999000000000000000e+03
-9.999000000000000000e+03
-9.999000000000000000e+03
-9.999000000000000000e+03
-9.999000000000000000e+03
-9.999000000000000000e+03
-9.999000000000000000e+03
-9.999000000000000000e+03
4.696854576468467712e-02
5.537801235914230347e-02
5.763210728764533997e-02
-9.999000000000000000e+03
-9.999000000000000000e+03
-9.999000000000000000e+03
-9.999000000000000000e+03
-9.999000000000000000e+03
-9.999000000000000000e+03
-9.999000000000000000e+03
-9.999000000000000000e+03
-9.999000000000000000e+03
-9.999000000000000000e+03
-9.999000000000000000e+03
-9.999000000000000000e+03
-9.999000000000000000e+03
-9.999000000000000000e+03
-9.999000000000000000e+03
-9.999000000000000000e+03
-9.999000000000000000e+03
-9.999000000000000000e+03
-9.999000000000000000e+03
-9.999000000000000000e+03
-9.999000000000000000e+03
-9.999000000000000000e+03
-9.999000000000000000e+03
-9.999000000000000000e+03
-9.999000000000000000e+03
-9.999000000000000000e+03
-9.999000000000000000e+03
-9.999000000000000000e+03
