-1.486531943082809448e-01
-1.056665033102035522e-01
-4.987369477748870850e-02
-2.833778969943523407e-03
4.034100472927093506e-02
8.301970362663269043e-02
1.387255638837814331e-01
1.936533451080322266e-01
2.504526376724243164e-01
2.792904973030090332e-01
2.673353254795074463e-01
-9.999000000000000000e+03
-9.999000000000000000e+03
-9.999000000000000000e+03
-9.999000000000000000e+03
-9.999000000000000000e+03
-9.999000000000000000e+03
-9.999000000000000000e+03
-9.999000000000000000e+03
-9.999000000000000000e+03
-9.999000000000000000e+03
-9.999000000000000000e+03
-9.999000000000000000e+03
5.244579911231994629e-02
8.089541643857955933e-02
9.418541193008422852e-02
9.793810546398162842e-02
7.759552448987960815e-02
7.861869782209396362e-02
7.195185869932174683e-02
7.562241703271865845e-02
-1.397411078214645386e-01
-1.053023338317871094e-01
-6.169350072741508484e-02
-1.993932388722896576e-02
3.518679738044738770e-02
9.656158834695816040e-02
1.677196472883224487e-01
2.226048111915588379e-01
2.623326480388641357e-01
2.848731279373168945e-01
2.756895422935485840e-01
1.527333557605743408e-01
-9.999000000000000000e+03
-9.999000000000000000e+03
-9.999000000000000000e+03
-9.999000000000000000e+03
-9.999000000000000000e+03
-9.999000000000000000e+03
-9.999000000000000000e+03
-9.999000000000000000e+03
-9.999000000000000000e+03
4.625699948519468307e-03
2.840678766369819641e-02
5.324230715632438660e-02
4.678950458765029907e-02
6.654319912195205688e-02
5.824527516961097717e-02
5.677457153797149658e-02
5.080947279930114746e-02
5.392796918749809265e-02
6.141447648406028748e-02
-1.357924193143844604e-01
-9.879404306411743164e-02
-6.499919295310974121e-02
-1.101992279291152954e-02
4.746480658650398254e-02
1.113291829824447632e-01
1.738727390766143799e-01
2.304788976907730103e-01
2.636729776859283447e-01
2.751952409744262695e-01
2.495118379592895508e-01
1.620484292507171631e-01
-9.999000000000000000e+03
-9.999000000000000000e+03
-9.999000000000000000e+03
-9.999000000000000000e+03
-9.999000000000000000e+03
-9.999000000000000000e+03
-9.999000000000000000e+03
-1.311960536986589432e-02
-6.843014620244503021e-03
8.161599747836589813e-03
1.533831283450126648e-02
2.231109328567981720e-02
3.612461313605308533e-02
3.935345262289047241e-02
3.847521543502807617e-02
3.119971975684165955e-02
3.067944571375846863e-02
3.482315316796302795e-02
4.501442983746528625e-02
-1.092485785484313965e-01
-8.585623651742935181e-02
-5.914724618196487427e-02
-5.630940664559602737e-03
6.597831100225448608e-02
1.353801935911178589e-01
1.787977218627929688e-01
2.201169580221176147e-01
2.388407737016677856e-01
2.528181374073028564e-01
2.447724342346191406e-01
1.647201478481292725e-01
7.693321257829666138e-02
-9.999000000000000000e+03
-9.999000000000000000e+03
-9.999000000000000000e+03
-2.166610024869441986e-02
-2.538727223873138428e-02
-2.607786282896995544e-02
-5.490814801305532455e-03
5.271194502711296082e-03
1.271223090589046478e-02
2.020889148116111755e-02
2.229490876197814941e-02
3.184081986546516418e-02
1.525053475052118301e-02
1.651847548782825470e-02
2.554383827373385429e-04
-5.988349672406911850e-03
6.649165879935026169e-03
2.013239823281764984e-02
-7.403835654258728027e-02
-5.163945257663726807e-02
-1.716952584683895111e-02
2.313540130853652954e-02
6.991367042064666748e-02
1.147520393133163452e-01
1.511093229055404663e-01
1.902332305908203125e-01
1.970268785953521729e-01
1.921150386333465576e-01
1.730088740587234497e-01
1.176799014210700989e-01
5.744820088148117065e-02
7.623858284205198288e-03
-3.297438099980354309e-02
-4.135561734437942505e-02
-3.646467626094818115e-02
-1.902334205806255341e-02
-3.546120133250951767e-03
2.365359477698802948e-02
3.332463651895523071e-02
2.997374720871448517e-02
4.205285012722015381e-02
2.535034529864788055e-02
8.848723024129867554e-03
-2.083596214652061462e-02
-2.867555432021617889e-02
-4.768202453851699829e-02
-4.888413846492767334e-02
-2.262046188116073608e-02
-5.421356763690710068e-04
-3.869517892599105835e-02
-2.588081359863281250e-02
-2.605593996122479439e-03
3.732531145215034485e-02
7.479989528656005859e-02
1.042047888040542603e-01
1.215502992272377014e-01
1.431082040071487427e-01
1.455096602439880371e-01
1.433050036430358887e-01
1.121289879083633423e-01
7.636597752571105957e-02
4.147782549262046814e-02
-4.396089643705636263e-04
-2.266507782042026520e-02
-3.217338398098945618e-02
-1.545583643019199371e-02
2.498703636229038239e-02
5.581733211874961853e-02
8.383744210004806519e-02
7.964406907558441162e-02
6.344278156757354736e-02
4.050241038203239441e-02
7.127735763788223267e-03
-3.076288476586341858e-02
-7.339321821928024292e-02
-8.394787460565567017e-02
-9.606395661830902100e-02
-8.555867522954940796e-02
-5.280793458223342896e-02
-1.590795069932937622e-02
-7.995459251105785370e-03
9.108225814998149872e-03
2.542819827795028687e-02
4.544318467378616333e-02
6.514582782983779907e-02
8.724913001060485840e-02
1.004714444279670715e-01
1.131418719887733459e-01
1.061103418469429016e-01
9.360835701227188110e-02
8.024998754262924194e-02
6.267730891704559326e-02
4.318144544959068298e-02
1.216923724859952927e-02
1.175688393414020538e-02
2.126271650195121765e-02
5.268774554133415222e-02
8.608047664165496826e-02
9.857761859893798828e-02
1.139932572841644287e-01
8.929077535867691040e-02
5.319385975599288940e-02
1.453963760286569595e-02
-2.119489014148712158e-02
-6.517195701599121094e-02
-1.036634817719459534e-01
-1.259128004312515259e-01
-1.375254839658737183e-01
-1.180687546730041504e-01
-6.635729223489761353e-02
-3.994768485426902771e-02
-9.806970134377479553e-03
1.906971260905265808e-02
3.995169699192047119e-02
4.788558557629585266e-02
5.913688242435455322e-02
7.581555098295211792e-02
8.527544885873794556e-02
9.150364249944686890e-02
8.870057016611099243e-02
6.842572242021560669e-02
6.127383187413215637e-02
3.708010539412498474e-02
3.908443823456764221e-02
4.259254038333892822e-02
6.191192194819450378e-02
7.574819773435592651e-02
1.140466555953025818e-01
1.253401041030883789e-01
1.189248859882354736e-01
1.073597148060798645e-01
8.860263228416442871e-02
6.571719050407409668e-02
3.814375028014183044e-02
-2.036731503903865814e-02
-9.275826066732406616e-02
-1.487393379211425781e-01
-1.813430786132812500e-01
-1.953770220279693604e-01
-1.733673661947250366e-01
-1.072281748056411743e-01
-7.812161743640899658e-02
-2.390186535194516182e-03
1.600618474185466766e-02
3.414832800626754761e-02
4.304569587111473083e-02
5.168717727065086365e-02
6.847496330738067627e-02
8.307088166475296021e-02
6.529159843921661377e-02
4.653923213481903076e-02
2.953871153295040131e-02
3.484115749597549438e-02
4.267212375998497009e-02
6.782342493534088135e-02
9.424744546413421631e-02
1.200745925307273865e-01
1.227989047765731812e-01
1.300961822271347046e-01
1.217005401849746704e-01
1.098622530698776245e-01
9.986846894025802612e-02
7.813028991222381592e-02
6.302897632122039795e-02
3.477196767926216125e-02
-1.431143959052860737e-03
-4.095574095845222473e-02
-1.342021673917770386e-01
-1.962299644947052002e-01
-2.440604567527770996e-01
-2.210559844970703125e-01
-1.602832823991775513e-01
-1.097046211361885071e-01
-7.921309210360050201e-03
4.316889215260744095e-03
2.666584961116313934e-02
4.115899279713630676e-02
5.107552185654640198e-02
6.014176085591316223e-02
5.739878118038177490e-02
4.018290340900421143e-02
3.845300991088151932e-03
-4.806781362276524305e-04
3.808168694376945496e-02
8.209764957427978516e-02
1.101089119911193848e-01
1.254470646381378174e-01
1.324995011091232300e-01
1.288279891014099121e-01
1.202284917235374451e-01
8.084213733673095703e-02
6.740812957286834717e-02
3.917745128273963928e-02
5.136786028742790222e-02
-9.999000000000000000e+03
-9.999000000000000000e+03
-9.999000000000000000e+03
-9.999000000000000000e+03
-9.999000000000000000e+03
-9.999000000000000000e+03
-1.870339512825012207e-01
-2.329634875059127808e-01
-1.860628724098205566e-01
-1.196154356002807617e-01
-2.155367471277713776e-02
-1.686247251927852631e-02
-2.844709670171141624e-03
7.673002313822507858e-03
2.872623875737190247e-02
1.761820167303085327e-02
2.476086094975471497e-02
1.198807917535305023e-02
-1.726403861539438367e-04
2.335598878562450409e-02
6.248706951737403870e-02
1.227278187870979309e-01
1.282022744417190552e-01
1.317417770624160767e-01
1.158325895667076111e-01
1.050976589322090149e-01
1.169841587543487549e-01
-9.999000000000000000e+03
-9.999000000000000000e+03
-9.999000000000000000e+03
-9.999000000000000000e+03
-9.999000000000000000e+03
-9.999000000000000000e+03
-9.999000000000000000e+03
-9.999000000000000000e+03
-9.999000000000000000e+03
-9.999000000000000000e+03
-1.462481468915939331e-01
-1.985989809036254883e-01
-1.947722136974334717e-01
-1.380273699760437012e-01
-3.368544206023216248e-02
-2.861380390822887421e-02
-1.297010295093059540e-02
1.249893195927143097e-02
1.696412637829780579e-02
1.427153963595628738e-02
2.423161640763282776e-02
1.317069027572870255e-02
2.591509930789470673e-02
9.320328384637832642e-02
1.142734065651893616e-01
1.307609528303146362e-01
1.366531997919082642e-01
1.298655122518539429e-01
5.973392352461814880e-02
6.153825297951698303e-02
-9.999000000000000000e+03
-9.999000000000000000e+03
-9.999000000000000000e+03
-9.999000000000000000e+03
-9.999000000000000000e+03
-9.999000000000000000e+03
-9.999000000000000000e+03
-9.999000000000000000e+03
-9.999000000000000000e+03
-9.999000000000000000e+03
-9.999000000000000000e+03
-9.999000000000000000e+03
-1.208921372890472412e-01
-1.538881361484527588e-01
-9.842624515295028687e-02
-5.235129594802856445e-02
-4.840297251939773560e-02
-1.903225295245647430e-02
2.254426293075084686e-02
3.252738714218139648e-02
4.062801226973533630e-02
2.339500933885574341e-02
3.383548557758331299e-02
7.287549972534179688e-02
1.233015134930610657e-01
1.322340220212936401e-01
1.386431753635406494e-01
1.172948479652404785e-01
1.285365372896194458e-01
-9.999000000000000000e+03
-9.999000000000000000e+03
-9.999000000000000000e+03
-9.999000000000000000e+03
-9.999000000000000000e+03
-9.999000000000000000e+03
-9.999000000000000000e+03
-9.999000000000000000e+03
-9.999000000000000000e+03
-9.999000000000000000e+03
-9.999000000000000000e+03
-9.999000000000000000e+03
-9.999000000000000000e+03
-9.999000000000000000e+03
-9.999000000000000000e+03
-9.901168197393417358e-02
-7.171402871608734131e-02
-9.999000000000000000e+03
-5.514099821448326111e-02
-3.792365640401840210e-02
-4.439684562385082245e-03
2.858823724091053009e-02
4.116056114435195923e-02
2.179057337343692780e-02
7.134154438972473145e-02
1.235834583640098572e-01
1.250733882188796997e-01
1.281766891479492188e-01
1.261235326528549194e-01
9.162962436676025391e-02
-9.999000000000000000e+03
-9.999000000000000000e+03
-9.999000000000000000e+03
-9.999000000000000000e+03
-9.999000000000000000e+03
-9.999000000000000000e+03
-9.999000000000000000e+03
-9.999000000000000000e+03
-9.999000000000000000e+03
-9.999000000000000000e+03
-9.999000000000000000e+03
-9.999000000000000000e+03
-9.999000000000000000e+03
-9.999000000000000000e+03
-9.999000000000000000e+03
-9.999000000000000000e+03
-1.769219711422920227e-02
4.535181447863578796e-03
-9.999000000000000000e+03
-9.999000000000000000e+03
-5.813610553741455078e-02
-3.403294458985328674e-02
2.381226979196071625e-03
2.577943727374076843e-02
6.208464503288269043e-02
9.874337166547775269e-02
1.226576492190361023e-01
1.110606715083122253e-01
9.751395881175994873e-02
4.661034420132637024e-02
-9.999000000000000000e+03
-9.999000000000000000e+03
-9.999000000000000000e+03
-9.999000000000000000e+03
-9.999000000000000000e+03
-9.999000000000000000e+03
-9.999000000000000000e+03
-9.999000000000000000e+03
-9.999000000000000000e+03
-9.999000000000000000e+03
-9.999000000000000000e+03
-9.999000000000000000e+03
-9.999000000000000000e+03
-9.999000000000000000e+03
-9.999000000000000000e+03
-9.999000000000000000e+03
-9.999000000000000000e+03
1.953798159956932068e-02
6.509712338447570801e-02
-9.999000000000000000e+03
-9.999000000000000000e+03
-3.940396755933761597e-02
-3.682382404804229736e-02
-1.297547761350870132e-02
2.965039946138858795e-02
1.009171605110168457e-01
1.174962073564529419e-01
1.199682652950286865e-01
1.012088432908058167e-01
7.860984653234481812e-02
6.355863064527511597e-02
-9.999000000000000000e+03
-9.999000000000000000e+03
-9.999000000000000000e+03
-9.999000000000000000e+03
-9.999000000000000000e+03
-9.999000000000000000e+03
-9.999000000000000000e+03
-9.999000000000000000e+03
-9.999000000000000000e+03
-9.999000000000000000e+03
-9.999000000000000000e+03
-9.999000000000000000e+03
-9.999000000000000000e+03
-9.999000000000000000e+03
-9.999000000000000000e+03
-9.999000000000000000e+03
-9.999000000000000000e+03
-9.999000000000000000e+03
-9.999000000000000000e+03
-9.999000000000000000e+03
-9.999000000000000000e+03
-2.231074497103691101e-02
-3.507844358682632446e-02
-1.598326116800308228e-02
3.891359642148017883e-02
8.035591989755630493e-02
1.066817864775657654e-01
1.228309869766235352e-01
1.047978624701499939e-01
6.888215243816375732e-02
4.938247427344322205e-02
-9.999000000000000000e+03
-9.999000000000000000e+03
-9.999000000000000000e+03
-9.999000000000000000e+03
-9.999000000000000000e+03
-9.999000000000000000e+03
-9.999000000000000000e+03
-9.999000000000000000e+03
-9.999000000000000000e+03
-9.999000000000000000e+03
-9.999000000000000000e+03
-9.999000000000000000e+03
-9.999000000000000000e+03
-9.999000000000000000e+03
-9.999000000000000000e+03
-9.999000000000000000e+03
-9.999000000000000000e+03
-9.999000000000000000e+03
-9.999000000000000000e+03
-9.999000000000000000e+03
-9.999000000000000000e+03
-9.999000000000000000e+03
-2.843082509934902191e-02
-2.521369606256484985e-02
2.945603616535663605e-02
2.843476459383964539e-02
5.561521276831626892e-02
1.078623086214065552e-01
1.347584724426269531e-01
8.178618550300598145e-02
-9.999000000000000000e+03
-9.999000000000000000e+03
-9.999000000000000000e+03
-9.999000000000000000e+03
-9.999000000000000000e+03
-9.999000000000000000e+03
-9.999000000000000000e+03
-9.999000000000000000e+03
-9.999000000000000000e+03
-9.999000000000000000e+03
-9.999000000000000000e+03
-9.999000000000000000e+03
-9.999000000000000000e+03
-9.999000000000000000e+03
-9.999000000000000000e+03
-9.999000000000000000e+03
-9.999000000000000000e+03
-9.999000000000000000e+03
-9.999000000000000000e+03
-9.999000000000000000e+03
-9.999000000000000000e+03
-9.999000000000000000e+03
-9.999000000000000000e+03
-2.296174131333827972e-02
-7.331042550504207611e-03
-3.767829155549407005e-03
-2.661193534731864929e-02
2.804441191256046295e-02
1.123803108930587769e-01
1.485661268234252930e-01
8.120411634445190430e-02
3.607213869690895081e-02
-9.999000000000000000e+03
-9.999000000000000000e+03
-9.999000000000000000e+03
-9.999000000000000000e+03
-9.999000000000000000e+03
-9.999000000000000000e+03
-9.999000000000000000e+03
-9.999000000000000000e+03
-9.999000000000000000e+03
-9.999000000000000000e+03
-9.999000000000000000e+03
-9.999000000000000000e+03
-9.999000000000000000e+03
-9.999000000000000000e+03
-9.999000000000000000e+03
-9.999000000000000000e+03
-9.999000000000000000e+03
-9.999000000000000000e+03
-9.999000000000000000e+03
-9.999000000000000000e+03
-9.999000000000000000e+03
-9.999000000000000000e+03
-9.999000000000000000e+03
-4.647648427635431290e-03
-1.011697947978973389e-02
-1.705629378557205200e-02
3.047255054116249084e-02
5.029032751917839050e-02
-4.720900673419237137e-03
1.572084426879882812e-02
7.117088884115219116e-02
-9.999000000000000000e+03
-9.999000000000000000e+03
-9.999000000000000000e+03
-9.999000000000000000e+03
-9.999000000000000000e+03
-9.999000000000000000e+03
-9.999000000000000000e+03
-9.999000000000000000e+03
-9.999000000000000000e+03
-9.999000000000000000e+03
-9.999000000000000000e+03
-9.999000000000000000e+03
-9.999000000000000000e+03
-9.999000000000000000e+03
-9.999000000000000000e+03
-9.999000000000000000e+03
-9.999000000000000000e+03
-9.999000000000000000e+03
-9.999000000000000000e+03
-9.999000000000000000e+03
-9.999000000000000000e+03
-9.999000000000000000e+03
-9.999000000000000000e+03
-2.779247937723994255e-03
-1.701203174889087677e-02
-3.315843269228935242e-02
-3.185803815722465515e-02
-1.068003401160240173e-01
-1.648556888103485107e-01
-1.109581440687179565e-01
-6.489322986453771591e-03
5.376140400767326355e-02
-9.999000000000000000e+03
-9.999000000000000000e+03
-9.999000000000000000e+03
-9.999000000000000000e+03
-9.999000000000000000e+03
-9.999000000000000000e+03
-9.999000000000000000e+03
-9.999000000000000000e+03
-9.999000000000000000e+03
-9.999000000000000000e+03
-9.999000000000000000e+03
-9.999000000000000000e+03
-9.999000000000000000e+03
-9.999000000000000000e+03
-9.999000000000000000e+03
-9.999000000000000000e+03
-9.999000000000000000e+03
-9.999000000000000000e+03
-9.999000000000000000e+03
-9.999000000000000000e+03
-9.999000000000000000e+03
-9.999000000000000000e+03
3.998113051056861877e-02
1.161725446581840515e-02
-6.983953993767499924e-03
-4.792867600917816162e-02
-1.036532968282699585e-01
-1.552072614431381226e-01
-1.188730001449584961e-01
-8.890246972441673279e-03
9.216174483299255371e-02
1.083359122276306152e-02
-4.695623740553855896e-02
-7.648213300853967667e-03
9.160414338111877441e-03
-9.999000000000000000e+03
-9.999000000000000000e+03
-9.999000000000000000e+03
-9.999000000000000000e+03
-9.999000000000000000e+03
-9.999000000000000000e+03
-9.999000000000000000e+03
-9.999000000000000000e+03
-9.999000000000000000e+03
-9.999000000000000000e+03
-9.999000000000000000e+03
-9.999000000000000000e+03
-9.999000000000000000e+03
-9.999000000000000000e+03
-9.999000000000000000e+03
-9.999000000000000000e+03
-9.999000000000000000e+03
5.800066888332366943e-02
6.658764928579330444e-02
6.122016534209251404e-02
2.187522128224372864e-02
-3.645028546452522278e-02
-8.396386355161666870e-02
-9.438338130712509155e-02
-8.113319426774978638e-02
-3.508818149566650391e-02
3.580605983734130859e-02
7.245300803333520889e-03
2.843435108661651611e-02
8.639239706099033356e-03
1.505222357809543610e-02
-9.999000000000000000e+03
-9.999000000000000000e+03
-9.999000000000000000e+03
-9.999000000000000000e+03
-9.999000000000000000e+03
-9.999000000000000000e+03
-9.999000000000000000e+03
-9.999000000000000000e+03
-9.999000000000000000e+03
-9.999000000000000000e+03
-9.999000000000000000e+03
-9.999000000000000000e+03
-9.999000000000000000e+03
-9.999000000000000000e+03
-9.999000000000000000e+03
8.652354031801223755e-02
7.261922210454940796e-02
6.488764286041259766e-02
8.101728558540344238e-02
6.004364416003227234e-02
1.762391068041324615e-02
-1.797443442046642303e-02
-4.684490710496902466e-02
-6.663008779287338257e-02
-6.814507395029067993e-02
-4.888074100017547607e-02
1.901712035760283470e-03
6.224864348769187927e-02
9.017672389745712280e-02
-9.999000000000000000e+03
-9.999000000000000000e+03
-9.999000000000000000e+03
-9.999000000000000000e+03
-9.999000000000000000e+03
-9.999000000000000000e+03
-9.999000000000000000e+03
-9.999000000000000000e+03
-9.999000000000000000e+03
-9.999000000000000000e+03
-9.999000000000000000e+03
-9.999000000000000000e+03
-9.999000000000000000e+03
-9.999000000000000000e+03
-9.999000000000000000e+03
-9.999000000000000000e+03
6.835665553808212280e-02
9.785377979278564453e-02
1.103717237710952759e-01
8.621789515018463135e-02
6.869553774595260620e-02
4.180121049284934998e-02
3.121571615338325500e-03
-1.411617500707507133e-03
-9.607515297830104828e-03
-2.796207554638385773e-02
-5.605830997228622437e-02
-6.697544455528259277e-02
-2.013807557523250580e-02
9.748104959726333618e-02
-9.999000000000000000e+03
-9.999000000000000000e+03
-9.999000000000000000e+03
-9.999000000000000000e+03
-9.999000000000000000e+03
-9.999000000000000000e+03
-9.999000000000000000e+03
-9.999000000000000000e+03
-9.999000000000000000e+03
-9.999000000000000000e+03
-9.999000000000000000e+03
-9.999000000000000000e+03
-9.999000000000000000e+03
-9.999000000000000000e+03
-9.999000000000000000e+03
-9.999000000000000000e+03
-9.999000000000000000e+03
1.005778312683105469e-01
9.733197838068008423e-02
1.272780597209930420e-01
7.963972538709640503e-02
3.491509333252906799e-02
5.704821553081274033e-03
-1.693814806640148163e-02
-1.604679785668849945e-02
8.514078333973884583e-03
-1.093703322112560272e-02
-3.846643492579460144e-02
-5.170558765530586243e-02
-5.197148770093917847e-03
7.318057119846343994e-02
-9.999000000000000000e+03
-9.999000000000000000e+03
-9.999000000000000000e+03
-9.999000000000000000e+03
-9.999000000000000000e+03
-9.999000000000000000e+03
-9.999000000000000000e+03
-9.999000000000000000e+03
-9.999000000000000000e+03
-9.999000000000000000e+03
-9.999000000000000000e+03
-9.999000000000000000e+03
-9.999000000000000000e+03
-9.999000000000000000e+03
-9.999000000000000000e+03
-9.999000000000000000e+03
-9.999000000000000000e+03
1.111550778150558472e-01
1.351885050535202026e-01
1.248651519417762756e-01
7.461567223072052002e-02
1.744750328361988068e-02
-3.512190654873847961e-02
-5.990142375230789185e-02
-3.022593818604946136e-02
-1.028885319828987122e-02
-2.217273786664009094e-02
-4.718512669205665588e-02
-5.071287602186203003e-02
3.268029773607850075e-03
-9.999000000000000000e+03
-9.999000000000000000e+03
-9.999000000000000000e+03
-9.999000000000000000e+03
-9.999000000000000000e+03
-9.999000000000000000e+03
-9.999000000000000000e+03
-9.999000000000000000e+03
-9.999000000000000000e+03
-9.999000000000000000e+03
-9.999000000000000000e+03
-9.999000000000000000e+03
-9.999000000000000000e+03
-9.999000000000000000e+03
-9.999000000000000000e+03
-9.999000000000000000e+03
-9.999000000000000000e+03
-9.999000000000000000e+03
1.179443821310997009e-01
1.334466785192489624e-01
9.632873535156250000e-02
4.756366088986396790e-02
-1.641205139458179474e-02
-6.249655038118362427e-02
-7.639964669942855835e-02
-4.321470484137535095e-02
-2.429265156388282776e-02
-2.480076625943183899e-02
-3.578885644674301147e-02
-3.995785489678382874e-02
-9.999000000000000000e+03
-9.999000000000000000e+03
-9.999000000000000000e+03
-9.999000000000000000e+03
-9.999000000000000000e+03
-9.999000000000000000e+03
-9.999000000000000000e+03
-9.999000000000000000e+03
-9.999000000000000000e+03
-9.999000000000000000e+03
-9.999000000000000000e+03
-9.999000000000000000e+03
-9.999000000000000000e+03
-9.999000000000000000e+03
-9.999000000000000000e+03
-9.999000000000000000e+03
-9.999000000000000000e+03
-9.999000000000000000e+03
-9.999000000000000000e+03
9.805646538734436035e-02
1.034755557775497437e-01
8.220690488815307617e-02
3.863530233502388000e-02
-6.218408793210983276e-02
-7.168096303939819336e-02
-5.066595599055290222e-02
-2.816848456859588623e-02
-2.519749850034713745e-02
-2.440459839999675751e-02
-9.999000000000000000e+03
-9.999000000000000000e+03
-9.999000000000000000e+03
-9.999000000000000000e+03
-9.999000000000000000e+03
-9.999000000000000000e+03
-9.999000000000000000e+03
-9.999000000000000000e+03
-9.999000000000000000e+03
-9.999000000000000000e+03
-9.999000000000000000e+03
-9.999000000000000000e+03
-9.999000000000000000e+03
-9.999000000000000000e+03
-9.999000000000000000e+03
-9.999000000000000000e+03
-9.999000000000000000e+03
-9.999000000000000000e+03
-9.999000000000000000e+03
-9.999000000000000000e+03
-9.999000000000000000e+03
8.179785311222076416e-02
7.495477795600891113e-02
4.681074619293212891e-02
-1.294256001710891724e-02
-5.393316969275474548e-02
-5.215186253190040588e-02
-9.999000000000000000e+03
-9.999000000000000000e+03
-9.999000000000000000e+03
-9.999000000000000000e+03
-9.999000000000000000e+03
-9.999000000000000000e+03
-9.999000000000000000e+03
-9.999000000000000000e+03
-9.999000000000000000e+03
-9.999000000000000000e+03
-9.999000000000000000e+03
-9.999000000000000000e+03
-9.999000000000000000e+03
-9.999000000000000000e+03
-9.999000000000000000e+03
-9.999000000000000000e+03
-9.999000000000000000e+03
-9.999000000000000000e+03
-9.999000000000000000e+03
-9.999000000000000000e+03
-9.999000000000000000e+03
-9.999000000000000000e+03
-9.999000000000000000e+03
-9.999000000000000000e+03
-9.999000000000000000e+03
3.547563403844833374e-02
3.592045232653617859e-02
2.919407188892364502e-02
-9.999000000000000000e+03
-9.999000000000000000e+03
-9.999000000000000000e+03
-9.999000000000000000e+03
-9.999000000000000000e+03
-9.999000000000000000e+03
-9.999000000000000000e+03
-9.999000000000000000e+03
-9.999000000000000000e+03
-9.999000000000000000e+03
-9.999000000000000000e+03
-9.999000000000000000e+03
-9.999000000000000000e+03
-9.999000000000000000e+03
-9.999000000000000000e+03
-9.999000000000000000e+03
-9.999000000000000000e+03
-9.999000000000000000e+03
-9.999000000000000000e+03
-9.999000000000000000e+03
-9.999000000000000000e+03
-9.999000000000000000e+03
-9.999000000000000000e+03
-9.999000000000000000e+03
-9.999000000000000000e+03
-9.999000000000000000e+03
-9.999000000000000000e+03
-9.999000000000000000e+03
