-1.354299187660217285e-01
-8.408774435520172119e-02
-2.685716561973094940e-02
1.278288941830396652e-02
4.907250776886940002e-02
9.068480879068374634e-02
1.449524909257888794e-01
1.941807270050048828e-01
2.373968809843063354e-01
2.608201205730438232e-01
2.406829595565795898e-01
-9.999000000000000000e+03
-9.999000000000000000e+03
-9.999000000000000000e+03
-9.999000000000000000e+03
-9.999000000000000000e+03
-9.999000000000000000e+03
-9.999000000000000000e+03
-9.999000000000000000e+03
-9.999000000000000000e+03
-9.999000000000000000e+03
-9.999000000000000000e+03
-9.999000000000000000e+03
1.855074614286422729e-02
-1.079858397133648396e-03
1.051768288016319275e-02
2.318041212856769562e-02
1.474056765437126160e-02
1.723474077880382538e-02
1.861913874745368958e-02
3.275870531797409058e-02
-1.277177482843399048e-01
-8.082309365272521973e-02
-2.755812369287014008e-02
1.360138971358537674e-02
5.691942572593688965e-02
1.044437289237976074e-01
1.684366911649703979e-01
2.173791974782943726e-01
2.517545819282531738e-01
2.719722092151641846e-01
2.632159292697906494e-01
1.454297006130218506e-01
-9.999000000000000000e+03
-9.999000000000000000e+03
-9.999000000000000000e+03
-9.999000000000000000e+03
-9.999000000000000000e+03
-9.999000000000000000e+03
-9.999000000000000000e+03
-9.999000000000000000e+03
-9.999000000000000000e+03
-1.064069755375385284e-02
-4.884996451437473297e-03
4.789335653185844421e-03
-1.921835355460643768e-02
-4.944110289216041565e-03
-1.183419674634933472e-02
-7.803618442267179489e-03
-1.123635913245379925e-03
1.428114809095859528e-02
3.219236433506011963e-02
-1.321219205856323242e-01
-7.397604733705520630e-02
-1.356558781117200851e-02
3.184092789888381958e-02
7.225215435028076172e-02
1.184926331043243408e-01
1.711500883102416992e-01
2.241438180208206177e-01
2.526605725288391113e-01
2.678079009056091309e-01
2.429785132408142090e-01
1.599357277154922485e-01
-9.999000000000000000e+03
-9.999000000000000000e+03
-9.999000000000000000e+03
-9.999000000000000000e+03
-9.999000000000000000e+03
-9.999000000000000000e+03
-9.999000000000000000e+03
-4.121338948607444763e-02
-2.975944615900516510e-02
-1.687052287161350250e-02
-1.786865666508674622e-02
-1.243628561496734619e-02
5.565743776969611645e-04
8.158165146596729755e-04
-9.638128802180290222e-03
-1.337319146841764450e-02
-8.349482901394367218e-03
7.882565259933471680e-03
1.534270495176315308e-02
-1.125187277793884277e-01
-7.387385517358779907e-02
-2.590603753924369812e-02
2.856296487152576447e-02
8.703117072582244873e-02
1.374268084764480591e-01
1.733200550079345703e-01
2.106362432241439819e-01
2.319609224796295166e-01
2.525279521942138672e-01
2.508949339389801025e-01
1.817750632762908936e-01
1.016651019454002380e-01
-9.999000000000000000e+03
-9.999000000000000000e+03
-9.999000000000000000e+03
-5.273800715804100037e-02
-7.556900382041931152e-02
-7.329627871513366699e-02
-4.954794421792030334e-02
-2.727690711617469788e-02
-1.682422123849391937e-02
-2.970958594232797623e-03
2.586314687505364418e-03
1.546930242329835892e-02
1.485159969888627529e-03
-8.637451566755771637e-03
-2.169115468859672546e-02
-2.909266389906406403e-02
-2.048965543508529663e-02
-1.550080161541700363e-02
-9.152333438396453857e-02
-5.743868649005889893e-02
-8.748196065425872803e-03
3.739652782678604126e-02
8.642571419477462769e-02
1.258022785186767578e-01
1.574599146842956543e-01
1.889117211103439331e-01
2.049109190702438354e-01
2.097595632076263428e-01
1.980916261672973633e-01
1.493284255266189575e-01
9.002392739057540894e-02
3.914516791701316833e-02
-3.663104027509689331e-02
-7.495288550853729248e-02
-8.884264528751373291e-02
-7.903373986482620239e-02
-6.096055358648300171e-02
-2.847176976501941681e-02
-4.461876524146646261e-04
1.400341559201478958e-02
3.590346872806549072e-02
1.602769456803798676e-02
7.648969767615199089e-04
-2.477689459919929504e-02
-3.642572462558746338e-02
-5.182471498847007751e-02
-6.443895399570465088e-02
-5.432727560400962830e-02
-4.396785795688629150e-02
-6.345802545547485352e-02
-4.254459589719772339e-02
-1.073916349560022354e-02
4.171332344412803650e-02
9.059099853038787842e-02
1.248801052570343018e-01
1.415144652128219604e-01
1.616600900888442993e-01
1.693004667758941650e-01
1.702490150928497314e-01
1.456270515918731689e-01
8.657214790582656860e-02
3.989129513502120972e-02
-1.342014316469430923e-02
-5.396753177046775818e-02
-7.461585104465484619e-02
-7.025080919265747070e-02
-3.541703149676322937e-02
-8.602044545114040375e-03
3.275993838906288147e-02
4.497910663485527039e-02
4.454069584608078003e-02
3.295049443840980530e-02
5.640239920467138290e-03
-2.771271392703056335e-02
-6.627920269966125488e-02
-7.945518940687179565e-02
-1.025025323033332825e-01
-1.164723187685012817e-01
-1.027246564626693726e-01
-9.247631579637527466e-02
-3.053412958979606628e-02
-4.303535446524620056e-03
2.275067754089832306e-02
5.607079342007637024e-02
8.408346027135848999e-02
1.100338846445083618e-01
1.214887350797653198e-01
1.329766958951950073e-01
1.261114180088043213e-01
1.005317270755767822e-01
7.540556043386459351e-02
3.448964655399322510e-02
6.641567684710025787e-03
-3.740756213665008545e-02
-3.657701984047889709e-02
-3.407644852995872498e-02
-9.569407440721988678e-03
1.810562796890735626e-02
2.931401878595352173e-02
5.734706297516822815e-02
5.379899963736534119e-02
3.508628904819488525e-02
5.209676455706357956e-03
-2.111254446208477020e-02
-5.809790268540382385e-02
-9.645237028598785400e-02
-1.294589787721633911e-01
-1.776398420333862305e-01
-1.928011029958724976e-01
-1.614073514938354492e-01
-1.443573087453842163e-01
-2.703526802361011505e-02
8.340951986610889435e-03
4.536322131752967834e-02
6.209085509181022644e-02
7.992270588874816895e-02
9.784021973609924316e-02
1.030288785696029663e-01
9.941760450601577759e-02
7.808658480644226074e-02
4.494225606322288513e-02
2.147300727665424347e-02
1.296482631005346775e-03
2.092125825583934784e-03
-2.539396518841385841e-04
1.020031794905662537e-02
1.457391772419214249e-02
4.261571168899536133e-02
5.744449049234390259e-02
5.753865838050842285e-02
5.726107209920883179e-02
5.128218233585357666e-02
3.901651129126548767e-02
1.840230263769626617e-02
-3.095621056854724884e-02
-1.004953905940055847e-01
-1.427993625402450562e-01
-1.914519518613815308e-01
-2.309176325798034668e-01
-2.391330450773239136e-01
-2.103571146726608276e-01
-1.682775914669036865e-01
-9.167438256554305553e-04
1.749481260776519775e-02
3.447492420673370361e-02
4.575074836611747742e-02
6.677750498056411743e-02
9.138777852058410645e-02
9.471897780895233154e-02
6.849020719528198242e-02
3.896867856383323669e-02
9.663319215178489685e-03
-1.755190023686736822e-04
4.020962398499250412e-03
2.996102720499038696e-02
4.477433115243911743e-02
6.848648190498352051e-02
6.718638539314270020e-02
7.253416627645492554e-02
6.788534671068191528e-02
5.988073721528053284e-02
5.915696546435356140e-02
4.948023334145545959e-02
3.971078619360923767e-02
1.950790919363498688e-02
-1.586970314383506775e-02
-5.616131797432899475e-02
-1.407369226217269897e-01
-2.136861383914947510e-01
-2.665740251541137695e-01
-2.586257457733154297e-01
-2.171611487865447998e-01
-1.615512967109680176e-01
7.267997600138187408e-03
1.681319996714591980e-02
2.456033416092395782e-02
4.120503365993499756e-02
6.925714761018753052e-02
8.531773090362548828e-02
8.563359081745147705e-02
6.869690865278244019e-02
3.091271407902240753e-02
3.737485501915216446e-03
1.363928429782390594e-02
4.902167990803718567e-02
7.443106174468994141e-02
8.777181804180145264e-02
1.035083532333374023e-01
9.576867520809173584e-02
7.927742600440979004e-02
4.895216226577758789e-02
3.938218951225280762e-02
2.548470534384250641e-02
3.662268817424774170e-02
-9.999000000000000000e+03
-9.999000000000000000e+03
-9.999000000000000000e+03
-9.999000000000000000e+03
-9.999000000000000000e+03
-9.999000000000000000e+03
-2.119045853614807129e-01
-2.665448188781738281e-01
-2.292086184024810791e-01
-1.707968562841415405e-01
9.756414219737052917e-03
1.982484571635723114e-02
2.774274349212646484e-02
4.379215463995933533e-02
7.428695261478424072e-02
8.020015805959701538e-02
7.730018347501754761e-02
5.638660117983818054e-02
2.834286354482173920e-02
2.705083973705768585e-02
4.558566212654113770e-02
9.771014750003814697e-02
1.074179485440254211e-01
1.192059367895126343e-01
1.127143651247024536e-01
9.683918207883834839e-02
9.882743656635284424e-02
-9.999000000000000000e+03
-9.999000000000000000e+03
-9.999000000000000000e+03
-9.999000000000000000e+03
-9.999000000000000000e+03
-9.999000000000000000e+03
-9.999000000000000000e+03
-9.999000000000000000e+03
-9.999000000000000000e+03
-9.999000000000000000e+03
-1.650611162185668945e-01
-2.265450060367584229e-01
-2.371391952037811279e-01
-1.881968230009078979e-01
2.958809491246938705e-03
1.033810200169682503e-03
2.499174699187278748e-02
4.952559247612953186e-02
6.439293175935745239e-02
6.681694090366363525e-02
6.583505868911743164e-02
4.357862472534179688e-02
2.347374893724918365e-02
7.592558115720748901e-02
9.624143689870834351e-02
1.088219657540321350e-01
1.150890439748764038e-01
1.212283447384834290e-01
6.566734611988067627e-02
6.629137694835662842e-02
-9.999000000000000000e+03
-9.999000000000000000e+03
-9.999000000000000000e+03
-9.999000000000000000e+03
-9.999000000000000000e+03
-9.999000000000000000e+03
-9.999000000000000000e+03
-9.999000000000000000e+03
-9.999000000000000000e+03
-9.999000000000000000e+03
-9.999000000000000000e+03
-9.999000000000000000e+03
-1.386574953794479370e-01
-1.942866146564483643e-01
-1.392903029918670654e-01
-6.237580254673957825e-02
-6.240924820303916931e-02
-2.939941920340061188e-02
7.600103039294481277e-03
3.664347156882286072e-02
5.813268199563026428e-02
4.206687584519386292e-02
4.378641396760940552e-02
6.181110814213752747e-02
1.029826775193214417e-01
1.115795075893402100e-01
9.471823275089263916e-02
8.419983834028244019e-02
1.026353016495704651e-01
-9.999000000000000000e+03
-9.999000000000000000e+03
-9.999000000000000000e+03
-9.999000000000000000e+03
-9.999000000000000000e+03
-9.999000000000000000e+03
-9.999000000000000000e+03
-9.999000000000000000e+03
-9.999000000000000000e+03
-9.999000000000000000e+03
-9.999000000000000000e+03
-9.999000000000000000e+03
-9.999000000000000000e+03
-9.999000000000000000e+03
-9.999000000000000000e+03
-1.429551541805267334e-01
-1.180147230625152588e-01
-9.999000000000000000e+03
-7.720160484313964844e-02
-6.790971755981445312e-02
-2.864192239940166473e-02
1.366309076547622681e-02
4.219878464937210083e-02
3.344678133726119995e-02
7.211342453956604004e-02
1.140317767858505249e-01
1.111385151743888855e-01
9.803835302591323853e-02
8.029150217771530151e-02
5.832216888666152954e-02
-9.999000000000000000e+03
-9.999000000000000000e+03
-9.999000000000000000e+03
-9.999000000000000000e+03
-9.999000000000000000e+03
-9.999000000000000000e+03
-9.999000000000000000e+03
-9.999000000000000000e+03
-9.999000000000000000e+03
-9.999000000000000000e+03
-9.999000000000000000e+03
-9.999000000000000000e+03
-9.999000000000000000e+03
-9.999000000000000000e+03
-9.999000000000000000e+03
-9.999000000000000000e+03
-7.683476805686950684e-02
-6.124766543507575989e-02
-9.999000000000000000e+03
-9.999000000000000000e+03
-7.960539311170578003e-02
-3.458654135465621948e-02
4.061916843056678772e-03
3.247229382395744324e-02
6.710090488195419312e-02
9.613538533449172974e-02
1.167604178190231323e-01
1.001877561211585999e-01
6.981287151575088501e-02
2.095637470483779907e-02
-9.999000000000000000e+03
-9.999000000000000000e+03
-9.999000000000000000e+03
-9.999000000000000000e+03
-9.999000000000000000e+03
-9.999000000000000000e+03
-9.999000000000000000e+03
-9.999000000000000000e+03
-9.999000000000000000e+03
-9.999000000000000000e+03
-9.999000000000000000e+03
-9.999000000000000000e+03
-9.999000000000000000e+03
-9.999000000000000000e+03
-9.999000000000000000e+03
-9.999000000000000000e+03
-9.999000000000000000e+03
-3.790557011961936951e-02
-2.973195537924766541e-02
-9.999000000000000000e+03
-9.999000000000000000e+03
-4.565578699111938477e-02
-3.201895952224731445e-02
-6.962092593312263489e-04
3.774192556738853455e-02
9.036719053983688354e-02
9.551686048507690430e-02
9.217807650566101074e-02
7.543553411960601807e-02
4.798188060522079468e-02
1.571518741548061371e-02
-9.999000000000000000e+03
-9.999000000000000000e+03
-9.999000000000000000e+03
-9.999000000000000000e+03
-9.999000000000000000e+03
-9.999000000000000000e+03
-9.999000000000000000e+03
-9.999000000000000000e+03
-9.999000000000000000e+03
-9.999000000000000000e+03
-9.999000000000000000e+03
-9.999000000000000000e+03
-9.999000000000000000e+03
-9.999000000000000000e+03
-9.999000000000000000e+03
-9.999000000000000000e+03
-9.999000000000000000e+03
-9.999000000000000000e+03
-9.999000000000000000e+03
-9.999000000000000000e+03
-9.999000000000000000e+03
-2.529957517981529236e-02
-2.284069359302520752e-02
3.791206981986761093e-03
4.954395070672035217e-02
7.500256597995758057e-02
8.000787347555160522e-02
7.657356560230255127e-02
6.837920099496841431e-02
3.017836622893810272e-02
1.032275613397359848e-02
-9.999000000000000000e+03
-9.999000000000000000e+03
-9.999000000000000000e+03
-9.999000000000000000e+03
-9.999000000000000000e+03
-9.999000000000000000e+03
-9.999000000000000000e+03
-9.999000000000000000e+03
-9.999000000000000000e+03
-9.999000000000000000e+03
-9.999000000000000000e+03
-9.999000000000000000e+03
-9.999000000000000000e+03
-9.999000000000000000e+03
-9.999000000000000000e+03
-9.999000000000000000e+03
-9.999000000000000000e+03
-9.999000000000000000e+03
-9.999000000000000000e+03
-9.999000000000000000e+03
-9.999000000000000000e+03
-9.999000000000000000e+03
-2.021059952676296234e-02
-3.978088963776826859e-03
5.187434330582618713e-02
4.071201384067535400e-02
5.432856455445289612e-02
9.274573624134063721e-02
1.160241439938545227e-01
5.553229525685310364e-02
-9.999000000000000000e+03
-9.999000000000000000e+03
-9.999000000000000000e+03
-9.999000000000000000e+03
-9.999000000000000000e+03
-9.999000000000000000e+03
-9.999000000000000000e+03
-9.999000000000000000e+03
-9.999000000000000000e+03
-9.999000000000000000e+03
-9.999000000000000000e+03
-9.999000000000000000e+03
-9.999000000000000000e+03
-9.999000000000000000e+03
-9.999000000000000000e+03
-9.999000000000000000e+03
-9.999000000000000000e+03
-9.999000000000000000e+03
-9.999000000000000000e+03
-9.999000000000000000e+03
-9.999000000000000000e+03
-9.999000000000000000e+03
-9.999000000000000000e+03
-1.456993818283081055e-02
1.609783270396292210e-03
2.439711987972259521e-02
1.564970053732395172e-02
4.284751042723655701e-02
1.157592609524726868e-01
1.342695057392120361e-01
6.613783538341522217e-02
1.867572031915187836e-02
-9.999000000000000000e+03
-9.999000000000000000e+03
-9.999000000000000000e+03
-9.999000000000000000e+03
-9.999000000000000000e+03
-9.999000000000000000e+03
-9.999000000000000000e+03
-9.999000000000000000e+03
-9.999000000000000000e+03
-9.999000000000000000e+03
-9.999000000000000000e+03
-9.999000000000000000e+03
-9.999000000000000000e+03
-9.999000000000000000e+03
-9.999000000000000000e+03
-9.999000000000000000e+03
-9.999000000000000000e+03
-9.999000000000000000e+03
-9.999000000000000000e+03
-9.999000000000000000e+03
-9.999000000000000000e+03
-9.999000000000000000e+03
-9.999000000000000000e+03
-1.322384178638458252e-02
4.787578713148832321e-03
5.557159893214702606e-04
3.861612081527709961e-02
7.262277603149414062e-02
2.400458604097366333e-02
3.308979049324989319e-02
7.754296809434890747e-02
-9.999000000000000000e+03
-9.999000000000000000e+03
-9.999000000000000000e+03
-9.999000000000000000e+03
-9.999000000000000000e+03
-9.999000000000000000e+03
-9.999000000000000000e+03
-9.999000000000000000e+03
-9.999000000000000000e+03
-9.999000000000000000e+03
-9.999000000000000000e+03
-9.999000000000000000e+03
-9.999000000000000000e+03
-9.999000000000000000e+03
-9.999000000000000000e+03
-9.999000000000000000e+03
-9.999000000000000000e+03
-9.999000000000000000e+03
-9.999000000000000000e+03
-9.999000000000000000e+03
-9.999000000000000000e+03
-9.999000000000000000e+03
-9.999000000000000000e+03
-1.689870096743106842e-02
-2.893918193876743317e-02
-2.749071083962917328e-02
-2.474848739802837372e-02
-5.384847894310951233e-02
-1.233713775873184204e-01
-7.825444638729095459e-02
1.694771088659763336e-02
6.302439421415328979e-02
-9.999000000000000000e+03
-9.999000000000000000e+03
-9.999000000000000000e+03
-9.999000000000000000e+03
-9.999000000000000000e+03
-9.999000000000000000e+03
-9.999000000000000000e+03
-9.999000000000000000e+03
-9.999000000000000000e+03
-9.999000000000000000e+03
-9.999000000000000000e+03
-9.999000000000000000e+03
-9.999000000000000000e+03
-9.999000000000000000e+03
-9.999000000000000000e+03
-9.999000000000000000e+03
-9.999000000000000000e+03
-9.999000000000000000e+03
-9.999000000000000000e+03
-9.999000000000000000e+03
-9.999000000000000000e+03
-9.999000000000000000e+03
2.629977464675903320e-02
-8.997416007332503796e-04
-1.207769103348255157e-02
-4.093163087964057922e-02
-7.866948097944259644e-02
-1.533361971378326416e-01
-1.257679462432861328e-01
-1.057722792029380798e-02
9.866934269666671753e-02
5.687974020838737488e-02
8.877844549715518951e-03
2.367583289742469788e-02
4.559721052646636963e-02
-9.999000000000000000e+03
-9.999000000000000000e+03
-9.999000000000000000e+03
-9.999000000000000000e+03
-9.999000000000000000e+03
-9.999000000000000000e+03
-9.999000000000000000e+03
-9.999000000000000000e+03
-9.999000000000000000e+03
-9.999000000000000000e+03
-9.999000000000000000e+03
-9.999000000000000000e+03
-9.999000000000000000e+03
-9.999000000000000000e+03
-9.999000000000000000e+03
-9.999000000000000000e+03
-9.999000000000000000e+03
1.912867091596126556e-02
2.831128612160682678e-02
3.079489618539810181e-02
4.882732406258583069e-03
-4.142351076006889343e-02
-9.491189569234848022e-02
-1.155903786420822144e-01
-1.010651141405105591e-01
-4.314192011952400208e-02
3.079676814377307892e-02
4.645329713821411133e-02
5.380859971046447754e-02
4.532016813755035400e-02
5.402381345629692078e-02
-9.999000000000000000e+03
-9.999000000000000000e+03
-9.999000000000000000e+03
-9.999000000000000000e+03
-9.999000000000000000e+03
-9.999000000000000000e+03
-9.999000000000000000e+03
-9.999000000000000000e+03
-9.999000000000000000e+03
-9.999000000000000000e+03
-9.999000000000000000e+03
-9.999000000000000000e+03
-9.999000000000000000e+03
-9.999000000000000000e+03
-9.999000000000000000e+03
3.493449836969375610e-02
2.276211231946945190e-02
3.636897774413228035e-03
1.832498237490653992e-02
1.099423505365848541e-02
-1.095426641404628754e-02
-3.414471074938774109e-02
-5.973558500409126282e-02
-7.900507748126983643e-02
-7.223815470933914185e-02
-5.570831894874572754e-02
6.674820557236671448e-03
7.180973887443542480e-02
9.624780714511871338e-02
-9.999000000000000000e+03
-9.999000000000000000e+03
-9.999000000000000000e+03
-9.999000000000000000e+03
-9.999000000000000000e+03
-9.999000000000000000e+03
-9.999000000000000000e+03
-9.999000000000000000e+03
-9.999000000000000000e+03
-9.999000000000000000e+03
-9.999000000000000000e+03
-9.999000000000000000e+03
-9.999000000000000000e+03
-9.999000000000000000e+03
-9.999000000000000000e+03
-9.999000000000000000e+03
2.301518432796001434e-02
5.007828772068023682e-02
6.747350096702575684e-02
4.239016026258468628e-02
1.813844777643680573e-02
-9.487811475992202759e-03
-2.688374370336532593e-02
-2.577402628958225250e-02
-3.193088248372077942e-02
-4.232937842607498169e-02
-5.650041624903678894e-02
-6.296966224908828735e-02
-2.182618482038378716e-03
9.136064350605010986e-02
-9.999000000000000000e+03
-9.999000000000000000e+03
-9.999000000000000000e+03
-9.999000000000000000e+03
-9.999000000000000000e+03
-9.999000000000000000e+03
-9.999000000000000000e+03
-9.999000000000000000e+03
-9.999000000000000000e+03
-9.999000000000000000e+03
-9.999000000000000000e+03
-9.999000000000000000e+03
-9.999000000000000000e+03
-9.999000000000000000e+03
-9.999000000000000000e+03
-9.999000000000000000e+03
-9.999000000000000000e+03
5.081276968121528625e-02
6.533075869083404541e-02
1.016849353909492493e-01
5.715103819966316223e-02
1.545534003525972366e-02
-1.002235803753137589e-02
-2.017045393586158752e-02
-2.317287772893905640e-02
-1.466239895671606064e-02
-2.619209140539169312e-02
-3.322897106409072876e-02
-4.649708792567253113e-02
-1.296919770538806915e-02
5.554801598191261292e-02
-9.999000000000000000e+03
-9.999000000000000000e+03
-9.999000000000000000e+03
-9.999000000000000000e+03
-9.999000000000000000e+03
-9.999000000000000000e+03
-9.999000000000000000e+03
-9.999000000000000000e+03
-9.999000000000000000e+03
-9.999000000000000000e+03
-9.999000000000000000e+03
-9.999000000000000000e+03
-9.999000000000000000e+03
-9.999000000000000000e+03
-9.999000000000000000e+03
-9.999000000000000000e+03
-9.999000000000000000e+03
8.066044747829437256e-02
1.064763665199279785e-01
1.023613587021827698e-01
6.372850388288497925e-02
2.612967789173126221e-02
-6.507653277367353439e-03
-3.147350996732711792e-02
-2.313449792563915253e-02
-1.443655509501695633e-02
-1.728703454136848450e-02
-3.014365211129188538e-02
-5.759569630026817322e-02
-2.901609987020492554e-02
-9.999000000000000000e+03
-9.999000000000000000e+03
-9.999000000000000000e+03
-9.999000000000000000e+03
-9.999000000000000000e+03
-9.999000000000000000e+03
-9.999000000000000000e+03
-9.999000000000000000e+03
-9.999000000000000000e+03
-9.999000000000000000e+03
-9.999000000000000000e+03
-9.999000000000000000e+03
-9.999000000000000000e+03
-9.999000000000000000e+03
-9.999000000000000000e+03
-9.999000000000000000e+03
-9.999000000000000000e+03
-9.999000000000000000e+03
1.127149164676666260e-01
1.295594274997711182e-01
9.559731930494308472e-02
5.559097975492477417e-02
1.000330504029989243e-02
-2.750876732170581818e-02
-4.887963458895683289e-02
-3.152996301651000977e-02
-1.270051393657922745e-02
9.596589021384716034e-03
-7.124655880033969879e-03
-3.709531575441360474e-02
-9.999000000000000000e+03
-9.999000000000000000e+03
-9.999000000000000000e+03
-9.999000000000000000e+03
-9.999000000000000000e+03
-9.999000000000000000e+03
-9.999000000000000000e+03
-9.999000000000000000e+03
-9.999000000000000000e+03
-9.999000000000000000e+03
-9.999000000000000000e+03
-9.999000000000000000e+03
-9.999000000000000000e+03
-9.999000000000000000e+03
-9.999000000000000000e+03
-9.999000000000000000e+03
-9.999000000000000000e+03
-9.999000000000000000e+03
-9.999000000000000000e+03
1.170114353299140930e-01
1.236481666564941406e-01
9.956231713294982910e-02
5.627506598830223083e-02
-4.172377660870552063e-02
-6.555982679128646851e-02
-4.543915763497352600e-02
-1.969979144632816315e-02
-5.786434281617403030e-03
4.113971255719661713e-03
-9.999000000000000000e+03
-9.999000000000000000e+03
-9.999000000000000000e+03
-9.999000000000000000e+03
-9.999000000000000000e+03
-9.999000000000000000e+03
-9.999000000000000000e+03
-9.999000000000000000e+03
-9.999000000000000000e+03
-9.999000000000000000e+03
-9.999000000000000000e+03
-9.999000000000000000e+03
-9.999000000000000000e+03
-9.999000000000000000e+03
-9.999000000000000000e+03
-9.999000000000000000e+03
-9.999000000000000000e+03
-9.999000000000000000e+03
-9.999000000000000000e+03
-9.999000000000000000e+03
-9.999000000000000000e+03
9.737329930067062378e-02
9.226530790328979492e-02
6.303164362907409668e-02
3.557210322469472885e-03
-4.642792791128158569e-02
-5.930874124169349670e-02
-9.999000000000000000e+03
-9.999000000000000000e+03
-9.999000000000000000e+03
-9.999000000000000000e+03
-9.999000000000000000e+03
-9.999000000000000000e+03
-9.999000000000000000e+03
-9.999000000000000000e+03
-9.999000000000000000e+03
-9.999000000000000000e+03
-9.999000000000000000e+03
-9.999000000000000000e+03
-9.999000000000000000e+03
-9.999000000000000000e+03
-9.999000000000000000e+03
-9.999000000000000000e+03
-9.999000000000000000e+03
-9.999000000000000000e+03
-9.999000000000000000e+03
-9.999000000000000000e+03
-9.999000000000000000e+03
-9.999000000000000000e+03
-9.999000000000000000e+03
-9.999000000000000000e+03
-9.999000000000000000e+03
4.279431328177452087e-02
4.239584505558013916e-02
4.086409881711006165e-02
-9.999000000000000000e+03
-9.999000000000000000e+03
-9.999000000000000000e+03
-9.999000000000000000e+03
-9.999000000000000000e+03
-9.999000000000000000e+03
-9.999000000000000000e+03
-9.999000000000000000e+03
-9.999000000000000000e+03
-9.999000000000000000e+03
-9.999000000000000000e+03
-9.999000000000000000e+03
-9.999000000000000000e+03
-9.999000000000000000e+03
-9.999000000000000000e+03
-9.999000000000000000e+03
-9.999000000000000000e+03
-9.999000000000000000e+03
-9.999000000000000000e+03
-9.999000000000000000e+03
-9.999000000000000000e+03
-9.999000000000000000e+03
-9.999000000000000000e+03
-9.999000000000000000e+03
-9.999000000000000000e+03
-9.999000000000000000e+03
-9.999000000000000000e+03
-9.999000000000000000e+03
