-1.574846059083938599e-01
-1.066490113735198975e-01
-4.302202537655830383e-02
1.569763198494911194e-02
5.835971236228942871e-02
9.390362352132797241e-02
1.296463757753372192e-01
1.588442623615264893e-01
1.870394349098205566e-01
2.211329638957977295e-01
2.226545661687850952e-01
-9.999000000000000000e+03
-9.999000000000000000e+03
-9.999000000000000000e+03
-9.999000000000000000e+03
-9.999000000000000000e+03
-9.999000000000000000e+03
-9.999000000000000000e+03
-9.999000000000000000e+03
-9.999000000000000000e+03
-9.999000000000000000e+03
-9.999000000000000000e+03
-9.999000000000000000e+03
-2.218765765428543091e-02
2.255250699818134308e-03
4.467488825321197510e-02
9.152479469776153564e-02
9.518610686063766479e-02
8.941485732793807983e-02
8.021173626184463501e-02
7.474958896636962891e-02
-1.589099466800689697e-01
-1.024645566940307617e-01
-3.776594251394271851e-02
1.154562924057245255e-02
5.844465643167495728e-02
9.312649816274642944e-02
1.332569867372512817e-01
1.678933799266815186e-01
1.982391327619552612e-01
2.295033782720565796e-01
2.406177669763565063e-01
1.366222202777862549e-01
-9.999000000000000000e+03
-9.999000000000000000e+03
-9.999000000000000000e+03
-9.999000000000000000e+03
-9.999000000000000000e+03
-9.999000000000000000e+03
-9.999000000000000000e+03
-9.999000000000000000e+03
-9.999000000000000000e+03
-5.551229231059551239e-03
-3.355164825916290283e-02
-4.867964610457420349e-02
-4.181472957134246826e-02
1.008794549852609634e-02
5.496333539485931396e-02
6.771778315305709839e-02
6.495615839958190918e-02
6.891212612390518188e-02
7.794856280088424683e-02
-1.775213181972503662e-01
-9.878944605588912964e-02
-3.121953271329402924e-02
9.344233199954032898e-03
4.827420413494110107e-02
8.408272266387939453e-02
1.291261166334152222e-01
1.731658875942230225e-01
2.070395946502685547e-01
2.338007986545562744e-01
2.228216975927352905e-01
1.493164598941802979e-01
-9.999000000000000000e+03
-9.999000000000000000e+03
-9.999000000000000000e+03
-9.999000000000000000e+03
-9.999000000000000000e+03
-9.999000000000000000e+03
-9.999000000000000000e+03
-2.206151373684406281e-02
-1.713863573968410492e-02
-9.423526003956794739e-03
-4.233600944280624390e-02
-4.850078374147415161e-02
-1.989083364605903625e-02
-6.666713394224643707e-03
1.826919429004192352e-02
3.118259645998477936e-02
4.854018241167068481e-02
5.895971879363059998e-02
7.180367410182952881e-02
-1.714514642953872681e-01
-1.086006090044975281e-01
-5.117763206362724304e-02
-3.845383878797292709e-03
4.284282773733139038e-02
9.285335987806320190e-02
1.352005898952484131e-01
1.744138151407241821e-01
2.030692696571350098e-01
2.261573672294616699e-01
2.270774692296981812e-01
1.588374525308609009e-01
8.460121601819992065e-02
-9.999000000000000000e+03
-9.999000000000000000e+03
-9.999000000000000000e+03
-2.281824313104152679e-02
-2.881213463842868805e-02
-3.777161613106727600e-02
-2.937900274991989136e-02
-2.525122836232185364e-02
-2.449391409754753113e-02
-2.956099249422550201e-02
-3.041813895106315613e-02
1.433741854270920157e-04
-1.889869011938571930e-02
6.565811112523078918e-03
2.106288820505142212e-02
3.342934325337409973e-02
4.971787706017494202e-02
6.302379816770553589e-02
-1.724300384521484375e-01
-1.032515466213226318e-01
-4.018686339259147644e-02
1.752479001879692078e-03
4.481750354170799255e-02
8.368377387523651123e-02
1.215800866484642029e-01
1.626033335924148560e-01
1.925791352987289429e-01
2.025756388902664185e-01
1.792716830968856812e-01
1.244548782706260681e-01
6.862788647413253784e-02
2.931381762027740479e-02
-1.712389290332794189e-02
-3.109676949679851532e-02
-2.758689038455486298e-02
-2.118118852376937866e-02
-2.204591035842895508e-02
-1.062451675534248352e-02
-1.345338579267263412e-02
-8.002298884093761444e-03
-1.416571158915758133e-02
-2.492370270192623138e-02
-2.932060882449150085e-02
-3.655129671096801758e-02
-1.994059234857559204e-02
-1.138459518551826477e-02
1.188610401004552841e-02
4.570230469107627869e-02
7.011713087558746338e-02
-1.531846374273300171e-01
-1.084315404295921326e-01
-5.579926073551177979e-02
-3.481913590803742409e-03
4.644473642110824585e-02
7.840712368488311768e-02
9.914250671863555908e-02
1.322123259305953979e-01
1.533472537994384766e-01
1.667696833610534668e-01
1.399911493062973022e-01
8.560550212860107422e-02
3.534347191452980042e-02
-5.933585111051797867e-03
-2.033839002251625061e-02
-1.600801944732666016e-02
2.734834095463156700e-03
2.156632766127586365e-02
1.922236382961273193e-02
2.019394375383853912e-02
1.544622471556067467e-03
-1.949301175773143768e-02
-4.603806883096694946e-02
-5.759131163358688354e-02
-7.219763845205307007e-02
-8.199865370988845825e-02
-5.231862142682075500e-02
-3.778217360377311707e-02
-1.450507715344429016e-02
2.353842183947563171e-02
5.710566043853759766e-02
-1.266917288303375244e-01
-8.798424154520034790e-02
-4.427015781402587891e-02
-8.422099985182285309e-03
2.699823863804340363e-02
5.151198804378509521e-02
6.472772359848022461e-02
9.276901930570602417e-02
9.637857973575592041e-02
9.463804960250854492e-02
8.223360031843185425e-02
4.815953969955444336e-02
1.390787400305271149e-02
-1.704472675919532776e-02
9.023405611515045166e-03
3.341967985033988953e-02
6.064024195075035095e-02
7.465970516204833984e-02
6.309899687767028809e-02
5.191881582140922546e-02
8.461887016892433167e-03
-5.200647190213203430e-02
-9.556149691343307495e-02
-1.178079321980476379e-01
-1.365035474300384521e-01
-1.376069039106369019e-01
-1.116463690996170044e-01
-1.004156097769737244e-01
-7.021787762641906738e-02
1.730081741698086262e-03
3.620137274265289307e-02
-9.826728701591491699e-02
-7.857032865285873413e-02
-4.332980886101722717e-02
-2.398732863366603851e-02
2.835522172972559929e-03
1.178135070949792862e-02
2.086270973086357117e-02
4.415161162614822388e-02
4.295541718602180481e-02
4.887599498033523560e-02
4.378450661897659302e-02
1.329216454178094864e-02
3.118690103292465210e-03
1.382152829319238663e-02
5.160274729132652283e-02
7.755763828754425049e-02
1.078681796789169312e-01
1.119695529341697693e-01
9.259112924337387085e-02
6.284885108470916748e-02
9.835285134613513947e-03
-3.955126926302909851e-02
-7.971478998661041260e-02
-1.316806823015213013e-01
-1.834918707609176636e-01
-1.846019476652145386e-01
-1.920776516199111938e-01
-1.919842809438705444e-01
-1.477609276771545410e-01
-5.432143434882164001e-02
-1.000082585960626602e-02
-7.302530854940414429e-02
-6.187979504466056824e-02
-5.288521945476531982e-02
-4.288250207901000977e-02
-2.207953855395317078e-02
-2.117135748267173767e-02
-6.393271498382091522e-03
1.731759682297706604e-02
2.366444095969200134e-02
2.705954760313034058e-02
2.479519508779048920e-02
1.110082212835550308e-02
2.979162894189357758e-02
7.018402218818664551e-02
1.054776385426521301e-01
1.141296848654747009e-01
1.224590241909027100e-01
1.147600710391998291e-01
1.005303263664245605e-01
5.373002216219902039e-02
-1.284619607031345367e-02
-4.238753393292427063e-02
-4.977105930447578430e-02
-8.530812710523605347e-02
-9.475473314523696899e-02
-1.747255027294158936e-01
-2.296142131090164185e-01
-2.543050050735473633e-01
-1.941052675247192383e-01
-1.033144667744636536e-01
-3.081384487450122833e-02
-4.438895359635353088e-02
-3.982356935739517212e-02
-5.087714642286300659e-02
-4.666477441787719727e-02
-4.518008977174758911e-02
-3.564020618796348572e-02
-1.807202585041522980e-02
1.061677187681198120e-02
1.172491628676652908e-02
2.030983567237854004e-02
2.290012314915657043e-02
4.794967174530029297e-02
7.582099735736846924e-02
1.009142175316810608e-01
1.196574270725250244e-01
1.210798621177673340e-01
1.125287413597106934e-01
6.630346179008483887e-02
6.148175895214080811e-02
1.473499462008476257e-02
-1.876765303313732147e-02
-9.999000000000000000e+03
-9.999000000000000000e+03
-9.999000000000000000e+03
-9.999000000000000000e+03
-9.999000000000000000e+03
-9.999000000000000000e+03
-2.208271920680999756e-01
-2.484976798295974731e-01
-1.410757452249526978e-01
-5.217587947845458984e-02
-2.861707657575607300e-02
-1.850346848368644714e-02
-2.156305685639381409e-02
-2.722293883562088013e-02
-5.265977233648300171e-02
-4.580391570925712585e-02
-2.513868175446987152e-02
-1.781345461495220661e-03
1.623060554265975952e-02
4.016268998384475708e-02
4.852350056171417236e-02
9.676618874073028564e-02
1.106249243021011353e-01
1.186276376247406006e-01
1.054608896374702454e-01
9.098298847675323486e-02
8.544809371232986450e-02
-9.999000000000000000e+03
-9.999000000000000000e+03
-9.999000000000000000e+03
-9.999000000000000000e+03
-9.999000000000000000e+03
-9.999000000000000000e+03
-9.999000000000000000e+03
-9.999000000000000000e+03
-9.999000000000000000e+03
-9.999000000000000000e+03
-1.797148138284683228e-01
-2.369773685932159424e-01
-2.030776143074035645e-01
-1.146127432584762573e-01
-5.103521794080734253e-02
-2.844978682696819305e-02
-2.518449537456035614e-02
-4.781765118241310120e-02
-6.997625529766082764e-02
-7.139731198549270630e-02
-4.054760932922363281e-02
2.913414267823100090e-03
4.853274300694465637e-02
8.278944343328475952e-02
9.453479945659637451e-02
1.165390759706497192e-01
1.177852228283882141e-01
1.078923195600509644e-01
4.809440299868583679e-02
4.670601710677146912e-02
-9.999000000000000000e+03
-9.999000000000000000e+03
-9.999000000000000000e+03
-9.999000000000000000e+03
-9.999000000000000000e+03
-9.999000000000000000e+03
-9.999000000000000000e+03
-9.999000000000000000e+03
-9.999000000000000000e+03
-9.999000000000000000e+03
-9.999000000000000000e+03
-9.999000000000000000e+03
-1.598877310752868652e-01
-1.902308464050292969e-01
-9.624285995960235596e-02
-5.879433825612068176e-02
-6.453070789575576782e-02
-5.913669615983963013e-02
-5.951787158846855164e-02
-7.012199610471725464e-02
-5.874987691640853882e-02
-6.824706215411424637e-03
3.688881918787956238e-02
7.564184069633483887e-02
9.136927872896194458e-02
1.044681593775749207e-01
1.320068836212158203e-01
7.977697253227233887e-02
8.451107144355773926e-02
-9.999000000000000000e+03
-9.999000000000000000e+03
-9.999000000000000000e+03
-9.999000000000000000e+03
-9.999000000000000000e+03
-9.999000000000000000e+03
-9.999000000000000000e+03
-9.999000000000000000e+03
-9.999000000000000000e+03
-9.999000000000000000e+03
-9.999000000000000000e+03
-9.999000000000000000e+03
-9.999000000000000000e+03
-9.999000000000000000e+03
-9.999000000000000000e+03
-1.570492088794708252e-01
-1.010544598102569580e-01
-9.999000000000000000e+03
-8.000316470861434937e-02
-9.130164235830307007e-02
-7.785160839557647705e-02
-5.715479701757431030e-02
-3.689381480216979980e-02
2.653660997748374939e-02
7.742740213871002197e-02
7.215137034654617310e-02
9.328841418027877808e-02
1.125282645225524902e-01
1.152546927332878113e-01
5.884214863181114197e-02
-9.999000000000000000e+03
-9.999000000000000000e+03
-9.999000000000000000e+03
-9.999000000000000000e+03
-9.999000000000000000e+03
-9.999000000000000000e+03
-9.999000000000000000e+03
-9.999000000000000000e+03
-9.999000000000000000e+03
-9.999000000000000000e+03
-9.999000000000000000e+03
-9.999000000000000000e+03
-9.999000000000000000e+03
-9.999000000000000000e+03
-9.999000000000000000e+03
-9.999000000000000000e+03
-7.860883325338363647e-02
-4.503544047474861145e-02
-9.999000000000000000e+03
-9.999000000000000000e+03
-1.086285859346389771e-01
-8.556655794382095337e-02
-4.473376646637916565e-02
1.156817190349102020e-03
6.366723030805587769e-02
8.710984140634536743e-02
6.837437301874160767e-02
9.437555819749832153e-02
9.643764793872833252e-02
8.441699668765068054e-03
-9.999000000000000000e+03
-9.999000000000000000e+03
-9.999000000000000000e+03
-9.999000000000000000e+03
-9.999000000000000000e+03
-9.999000000000000000e+03
-9.999000000000000000e+03
-9.999000000000000000e+03
-9.999000000000000000e+03
-9.999000000000000000e+03
-9.999000000000000000e+03
-9.999000000000000000e+03
-9.999000000000000000e+03
-9.999000000000000000e+03
-9.999000000000000000e+03
-9.999000000000000000e+03
-9.999000000000000000e+03
-3.300748020410537720e-02
-3.553773276507854462e-03
-9.999000000000000000e+03
-9.999000000000000000e+03
-8.096424490213394165e-02
-8.100422471761703491e-02
-4.620946571230888367e-02
8.793038316071033478e-03
8.321126550436019897e-02
7.183445990085601807e-02
8.862800896167755127e-02
1.032716110348701477e-01
7.241851091384887695e-02
1.076635159552097321e-02
-9.999000000000000000e+03
-9.999000000000000000e+03
-9.999000000000000000e+03
-9.999000000000000000e+03
-9.999000000000000000e+03
-9.999000000000000000e+03
-9.999000000000000000e+03
-9.999000000000000000e+03
-9.999000000000000000e+03
-9.999000000000000000e+03
-9.999000000000000000e+03
-9.999000000000000000e+03
-9.999000000000000000e+03
-9.999000000000000000e+03
-9.999000000000000000e+03
-9.999000000000000000e+03
-9.999000000000000000e+03
-9.999000000000000000e+03
-9.999000000000000000e+03
-9.999000000000000000e+03
-9.999000000000000000e+03
-5.437689274549484253e-02
-7.368019968271255493e-02
-4.244120419025421143e-02
1.387550216168165207e-02
3.826090693473815918e-02
6.045224145054817200e-02
1.068264618515968323e-01
1.328194290399551392e-01
5.045374482870101929e-02
2.246470935642719269e-02
-9.999000000000000000e+03
-9.999000000000000000e+03
-9.999000000000000000e+03
-9.999000000000000000e+03
-9.999000000000000000e+03
-9.999000000000000000e+03
-9.999000000000000000e+03
-9.999000000000000000e+03
-9.999000000000000000e+03
-9.999000000000000000e+03
-9.999000000000000000e+03
-9.999000000000000000e+03
-9.999000000000000000e+03
-9.999000000000000000e+03
-9.999000000000000000e+03
-9.999000000000000000e+03
-9.999000000000000000e+03
-9.999000000000000000e+03
-9.999000000000000000e+03
-9.999000000000000000e+03
-9.999000000000000000e+03
-9.999000000000000000e+03
-5.553537607192993164e-02
-4.776163399219512939e-02
-4.558495245873928070e-03
-5.595325678586959839e-02
4.841234907507896423e-02
1.322200000286102295e-01
1.685631126165390015e-01
9.733247011899948120e-02
-9.999000000000000000e+03
-9.999000000000000000e+03
-9.999000000000000000e+03
-9.999000000000000000e+03
-9.999000000000000000e+03
-9.999000000000000000e+03
-9.999000000000000000e+03
-9.999000000000000000e+03
-9.999000000000000000e+03
-9.999000000000000000e+03
-9.999000000000000000e+03
-9.999000000000000000e+03
-9.999000000000000000e+03
-9.999000000000000000e+03
-9.999000000000000000e+03
-9.999000000000000000e+03
-9.999000000000000000e+03
-9.999000000000000000e+03
-9.999000000000000000e+03
-9.999000000000000000e+03
-9.999000000000000000e+03
-9.999000000000000000e+03
-9.999000000000000000e+03
-4.235510528087615967e-02
-3.723468258976936340e-02
-4.411067068576812744e-02
-8.821701258420944214e-02
4.132749140262603760e-02
1.692062020301818848e-01
1.969825476408004761e-01
1.493492573499679565e-01
9.136962890625000000e-02
-9.999000000000000000e+03
-9.999000000000000000e+03
-9.999000000000000000e+03
-9.999000000000000000e+03
-9.999000000000000000e+03
-9.999000000000000000e+03
-9.999000000000000000e+03
-9.999000000000000000e+03
-9.999000000000000000e+03
-9.999000000000000000e+03
-9.999000000000000000e+03
-9.999000000000000000e+03
-9.999000000000000000e+03
-9.999000000000000000e+03
-9.999000000000000000e+03
-9.999000000000000000e+03
-9.999000000000000000e+03
-9.999000000000000000e+03
-9.999000000000000000e+03
-9.999000000000000000e+03
-9.999000000000000000e+03
-9.999000000000000000e+03
-9.999000000000000000e+03
-4.317205026745796204e-02
-6.064348667860031128e-02
-5.243051052093505859e-02
6.877427548170089722e-02
1.193615645170211792e-01
5.990772694349288940e-02
9.369764477014541626e-02
8.832585811614990234e-02
-9.999000000000000000e+03
-9.999000000000000000e+03
-9.999000000000000000e+03
-9.999000000000000000e+03
-9.999000000000000000e+03
-9.999000000000000000e+03
-9.999000000000000000e+03
-9.999000000000000000e+03
-9.999000000000000000e+03
-9.999000000000000000e+03
-9.999000000000000000e+03
-9.999000000000000000e+03
-9.999000000000000000e+03
-9.999000000000000000e+03
-9.999000000000000000e+03
-9.999000000000000000e+03
-9.999000000000000000e+03
-9.999000000000000000e+03
-9.999000000000000000e+03
-9.999000000000000000e+03
-9.999000000000000000e+03
-9.999000000000000000e+03
-9.999000000000000000e+03
-3.067900985479354858e-02
-6.694821268320083618e-02
-7.813485711812973022e-02
-4.830219969153404236e-02
-6.773554533720016479e-02
-1.073767766356468201e-01
-5.515651404857635498e-02
2.533553726971149445e-02
7.563183456659317017e-02
-9.999000000000000000e+03
-9.999000000000000000e+03
-9.999000000000000000e+03
-9.999000000000000000e+03
-9.999000000000000000e+03
-9.999000000000000000e+03
-9.999000000000000000e+03
-9.999000000000000000e+03
-9.999000000000000000e+03
-9.999000000000000000e+03
-9.999000000000000000e+03
-9.999000000000000000e+03
-9.999000000000000000e+03
-9.999000000000000000e+03
-9.999000000000000000e+03
-9.999000000000000000e+03
-9.999000000000000000e+03
-9.999000000000000000e+03
-9.999000000000000000e+03
-9.999000000000000000e+03
-9.999000000000000000e+03
-9.999000000000000000e+03
4.095681384205818176e-02
-3.060462884604930878e-02
-6.980606168508529663e-02
-9.621866047382354736e-02
-1.130204945802688599e-01
-1.471527069807052612e-01
-9.432394057512283325e-02
4.668318666517734528e-03
8.917930722236633301e-02
8.400369435548782349e-02
4.361168295145034790e-02
6.102225277572870255e-03
1.727959723211824894e-03
-9.999000000000000000e+03
-9.999000000000000000e+03
-9.999000000000000000e+03
-9.999000000000000000e+03
-9.999000000000000000e+03
-9.999000000000000000e+03
-9.999000000000000000e+03
-9.999000000000000000e+03
-9.999000000000000000e+03
-9.999000000000000000e+03
-9.999000000000000000e+03
-9.999000000000000000e+03
-9.999000000000000000e+03
-9.999000000000000000e+03
-9.999000000000000000e+03
-9.999000000000000000e+03
-9.999000000000000000e+03
4.061320796608924866e-02
4.201330244541168213e-02
2.103812992572784424e-02
-2.425164729356765747e-02
-7.370192557573318481e-02
-1.179822012782096863e-01
-1.180317029356956482e-01
-7.103063166141510010e-02
9.853265946730971336e-04
7.367990911006927490e-02
6.086860597133636475e-02
7.482032291591167450e-03
6.415633019059896469e-03
6.372991017997264862e-03
-9.999000000000000000e+03
-9.999000000000000000e+03
-9.999000000000000000e+03
-9.999000000000000000e+03
-9.999000000000000000e+03
-9.999000000000000000e+03
-9.999000000000000000e+03
-9.999000000000000000e+03
-9.999000000000000000e+03
-9.999000000000000000e+03
-9.999000000000000000e+03
-9.999000000000000000e+03
-9.999000000000000000e+03
-9.999000000000000000e+03
-9.999000000000000000e+03
2.463694848120212555e-02
3.371543809771537781e-02
2.980511263012886047e-02
3.838652372360229492e-02
2.968567237257957458e-02
-1.166754635050892830e-03
-4.233248159289360046e-02
-8.623617887496948242e-02
-1.081795394420623779e-01
-6.408399343490600586e-02
1.803250610828399658e-02
3.156388923525810242e-02
6.253197044134140015e-02
5.123505741357803345e-02
-9.999000000000000000e+03
-9.999000000000000000e+03
-9.999000000000000000e+03
-9.999000000000000000e+03
-9.999000000000000000e+03
-9.999000000000000000e+03
-9.999000000000000000e+03
-9.999000000000000000e+03
-9.999000000000000000e+03
-9.999000000000000000e+03
-9.999000000000000000e+03
-9.999000000000000000e+03
-9.999000000000000000e+03
-9.999000000000000000e+03
-9.999000000000000000e+03
-9.999000000000000000e+03
1.182543393224477768e-02
1.236705202609300613e-02
5.196503177285194397e-02
6.472029536962509155e-02
5.797360837459564209e-02
2.888407558202743530e-02
-2.575149200856685638e-02
-4.396197572350502014e-02
-5.710537731647491455e-02
-7.138446718454360962e-02
-7.159197330474853516e-02
-2.505766600370407104e-02
-1.795801334083080292e-02
7.390656322240829468e-02
-9.999000000000000000e+03
-9.999000000000000000e+03
-9.999000000000000000e+03
-9.999000000000000000e+03
-9.999000000000000000e+03
-9.999000000000000000e+03
-9.999000000000000000e+03
-9.999000000000000000e+03
-9.999000000000000000e+03
-9.999000000000000000e+03
-9.999000000000000000e+03
-9.999000000000000000e+03
-9.999000000000000000e+03
-9.999000000000000000e+03
-9.999000000000000000e+03
-9.999000000000000000e+03
-9.999000000000000000e+03
-7.774542551487684250e-03
1.045641209930181503e-02
9.108822792768478394e-02
9.341176599264144897e-02
5.120803415775299072e-02
-2.716529415920376778e-03
-4.975096136331558228e-02
-5.860462039709091187e-02
-4.168473929166793823e-02
-4.136734455823898315e-02
-4.820265248417854309e-02
-3.046120889484882355e-02
-1.074446737766265869e-02
3.637424856424331665e-02
-9.999000000000000000e+03
-9.999000000000000000e+03
-9.999000000000000000e+03
-9.999000000000000000e+03
-9.999000000000000000e+03
-9.999000000000000000e+03
-9.999000000000000000e+03
-9.999000000000000000e+03
-9.999000000000000000e+03
-9.999000000000000000e+03
-9.999000000000000000e+03
-9.999000000000000000e+03
-9.999000000000000000e+03
-9.999000000000000000e+03
-9.999000000000000000e+03
-9.999000000000000000e+03
-9.999000000000000000e+03
3.657193854451179504e-02
8.855850994586944580e-02
1.139569953083992004e-01
9.529349952936172485e-02
3.336923196911811829e-02
-5.062080919742584229e-02
-7.746362686157226562e-02
-7.298316061496734619e-02
-4.194964095950126648e-02
-2.228215150535106659e-02
-2.329541370272636414e-02
-6.788944825530052185e-03
-3.747032210230827332e-02
-9.999000000000000000e+03
-9.999000000000000000e+03
-9.999000000000000000e+03
-9.999000000000000000e+03
-9.999000000000000000e+03
-9.999000000000000000e+03
-9.999000000000000000e+03
-9.999000000000000000e+03
-9.999000000000000000e+03
-9.999000000000000000e+03
-9.999000000000000000e+03
-9.999000000000000000e+03
-9.999000000000000000e+03
-9.999000000000000000e+03
-9.999000000000000000e+03
-9.999000000000000000e+03
-9.999000000000000000e+03
-9.999000000000000000e+03
7.214467972517013550e-02
1.180705055594444275e-01
1.002877876162528992e-01
5.715331807732582092e-02
-2.226847596466541290e-02
-8.063543587923049927e-02
-9.265881776809692383e-02
-7.714675366878509521e-02
-2.936540171504020691e-02
1.083590928465127945e-02
7.415324449539184570e-03
-5.263887345790863037e-03
-9.999000000000000000e+03
-9.999000000000000000e+03
-9.999000000000000000e+03
-9.999000000000000000e+03
-9.999000000000000000e+03
-9.999000000000000000e+03
-9.999000000000000000e+03
-9.999000000000000000e+03
-9.999000000000000000e+03
-9.999000000000000000e+03
-9.999000000000000000e+03
-9.999000000000000000e+03
-9.999000000000000000e+03
-9.999000000000000000e+03
-9.999000000000000000e+03
-9.999000000000000000e+03
-9.999000000000000000e+03
-9.999000000000000000e+03
-9.999000000000000000e+03
6.849037855863571167e-02
8.255002647638320923e-02
6.706589460372924805e-02
3.360301256179809570e-02
-7.202365249395370483e-02
-8.485131710767745972e-02
-7.047349959611892700e-02
-4.020141437649726868e-02
-1.801401190459728241e-02
5.316908354870975018e-04
-9.999000000000000000e+03
-9.999000000000000000e+03
-9.999000000000000000e+03
-9.999000000000000000e+03
-9.999000000000000000e+03
-9.999000000000000000e+03
-9.999000000000000000e+03
-9.999000000000000000e+03
-9.999000000000000000e+03
-9.999000000000000000e+03
-9.999000000000000000e+03
-9.999000000000000000e+03
-9.999000000000000000e+03
-9.999000000000000000e+03
-9.999000000000000000e+03
-9.999000000000000000e+03
-9.999000000000000000e+03
-9.999000000000000000e+03
-9.999000000000000000e+03
-9.999000000000000000e+03
-9.999000000000000000e+03
5.284111574292182922e-02
4.948072507977485657e-02
3.267823532223701477e-02
-2.057319320738315582e-02
-5.503480881452560425e-02
-5.831957608461380005e-02
-9.999000000000000000e+03
-9.999000000000000000e+03
-9.999000000000000000e+03
-9.999000000000000000e+03
-9.999000000000000000e+03
-9.999000000000000000e+03
-9.999000000000000000e+03
-9.999000000000000000e+03
-9.999000000000000000e+03
-9.999000000000000000e+03
-9.999000000000000000e+03
-9.999000000000000000e+03
-9.999000000000000000e+03
-9.999000000000000000e+03
-9.999000000000000000e+03
-9.999000000000000000e+03
-9.999000000000000000e+03
-9.999000000000000000e+03
-9.999000000000000000e+03
-9.999000000000000000e+03
-9.999000000000000000e+03
-9.999000000000000000e+03
-9.999000000000000000e+03
-9.999000000000000000e+03
-9.999000000000000000e+03
2.803396619856357574e-02
2.625008299946784973e-02
2.576922066509723663e-02
-9.999000000000000000e+03
-9.999000000000000000e+03
-9.999000000000000000e+03
-9.999000000000000000e+03
-9.999000000000000000e+03
-9.999000000000000000e+03
-9.999000000000000000e+03
-9.999000000000000000e+03
-9.999000000000000000e+03
-9.999000000000000000e+03
-9.999000000000000000e+03
-9.999000000000000000e+03
-9.999000000000000000e+03
-9.999000000000000000e+03
-9.999000000000000000e+03
-9.999000000000000000e+03
-9.999000000000000000e+03
-9.999000000000000000e+03
-9.999000000000000000e+03
-9.999000000000000000e+03
-9.999000000000000000e+03
-9.999000000000000000e+03
-9.999000000000000000e+03
-9.999000000000000000e+03
-9.999000000000000000e+03
-9.999000000000000000e+03
-9.999000000000000000e+03
-9.999000000000000000e+03
