9.555375576019287109e-02
9.475287050008773804e-02
8.454702794551849365e-02
7.656380534172058105e-02
8.811025321483612061e-02
6.785980612039566040e-02
5.597575381398200989e-02
5.026474595069885254e-02
3.174772858619689941e-02
3.045072592794895172e-02
-2.370287291705608368e-02
-9.999000000000000000e+03
-9.999000000000000000e+03
-9.999000000000000000e+03
-9.999000000000000000e+03
-9.999000000000000000e+03
-9.999000000000000000e+03
-9.999000000000000000e+03
-9.999000000000000000e+03
-9.999000000000000000e+03
-9.999000000000000000e+03
-9.999000000000000000e+03
-9.999000000000000000e+03
1.867949590086936951e-02
5.769101530313491821e-02
7.718623429536819458e-02
1.192605420947074890e-01
1.716837882995605469e-01
1.957296580076217651e-01
2.074081897735595703e-01
1.963687688112258911e-01
3.858614712953567505e-02
3.815492242574691772e-02
2.970238588750362396e-02
2.285754494369029999e-02
2.899665944278240204e-02
8.878341177478432655e-04
-1.110068615525960922e-02
-5.432599224150180817e-03
-8.796867914497852325e-03
9.257933124899864197e-03
2.272345498204231262e-02
2.680607885122299194e-02
-9.999000000000000000e+03
-9.999000000000000000e+03
-9.999000000000000000e+03
-9.999000000000000000e+03
-9.999000000000000000e+03
-9.999000000000000000e+03
-9.999000000000000000e+03
-9.999000000000000000e+03
-9.999000000000000000e+03
7.023466378450393677e-02
9.313397854566574097e-02
8.307981491088867188e-02
1.169146969914436340e-01
1.153303310275077820e-01
1.350500583648681641e-01
1.587449163198471069e-01
1.694340258836746216e-01
1.856578439474105835e-01
1.945964694023132324e-01
-3.254224313423037529e-03
-1.423461269587278366e-02
-2.830889821052551270e-02
-3.997855633497238159e-02
-3.414713591337203979e-02
-5.051906406879425049e-02
-5.374047160148620605e-02
-4.225086048245429993e-02
-4.035335406661033630e-02
-1.345455273985862732e-02
2.198800817131996155e-02
3.294907510280609131e-02
-9.999000000000000000e+03
-9.999000000000000000e+03
-9.999000000000000000e+03
-9.999000000000000000e+03
-9.999000000000000000e+03
-9.999000000000000000e+03
-9.999000000000000000e+03
1.020021438598632812e-01
1.042318865656852722e-01
1.284326910972595215e-01
1.273927390575408936e-01
1.241638734936714172e-01
1.127346828579902649e-01
9.602722525596618652e-02
1.040905863046646118e-01
9.972195327281951904e-02
1.181287541985511780e-01
1.563128083944320679e-01
1.796002686023712158e-01
-4.501963034272193909e-02
-5.488102883100509644e-02
-6.916801631450653076e-02
-8.387648314237594604e-02
-8.510676026344299316e-02
-9.007921814918518066e-02
-8.540509641170501709e-02
-7.345803827047348022e-02
-6.416127085685729980e-02
-3.775350376963615417e-02
-7.871924899518489838e-03
3.278454393148422241e-02
4.955247789621353149e-02
-9.999000000000000000e+03
-9.999000000000000000e+03
-9.999000000000000000e+03
6.335183233022689819e-02
1.012877970933914185e-01
1.378250718116760254e-01
1.382794529199600220e-01
1.238306760787963867e-01
1.081955581903457642e-01
7.538600265979766846e-02
7.615399360656738281e-02
4.531117156147956848e-02
-2.325102686882019043e-03
1.721430011093616486e-02
1.898756809532642365e-02
5.169953778386116028e-02
9.806022047996520996e-02
1.288850307464599609e-01
-7.849789410829544067e-02
-8.670129626989364624e-02
-1.040637493133544922e-01
-1.138308718800544739e-01
-1.125380024313926697e-01
-1.077739670872688293e-01
-9.737122058868408203e-02
-8.678464591503143311e-02
-7.317169010639190674e-02
-5.261560901999473572e-02
-1.720176078379154205e-02
1.886367239058017731e-02
4.982374608516693115e-02
5.198406055569648743e-02
6.674226373434066772e-02
8.028772473335266113e-02
9.133227914571762085e-02
8.607901632785797119e-02
9.038424491882324219e-02
5.981505289673805237e-02
5.082124844193458557e-02
1.280351635068655014e-02
-5.781947448849678040e-02
-4.817744344472885132e-02
-7.941436022520065308e-02
-8.416584879159927368e-02
-5.516044422984123230e-02
-2.993882820010185242e-02
1.906731911003589630e-02
6.957113742828369141e-02
1.011493727564811707e-01
-9.467243403196334839e-02
-9.888454526662826538e-02
-1.083458811044692993e-01
-1.183187812566757202e-01
-1.201989427208900452e-01
-1.098615452647209167e-01
-9.715221822261810303e-02
-8.346617966890335083e-02
-7.201198488473892212e-02
-5.363263189792633057e-02
-1.695991121232509613e-02
3.744343295693397522e-02
5.634918808937072754e-02
6.577522307634353638e-02
6.262229382991790771e-02
6.048694252967834473e-02
4.385498538613319397e-02
-7.329753134399652481e-04
-3.438599780201911926e-02
-9.167149662971496582e-02
-1.065378263592720032e-01
-1.146963164210319519e-01
-1.433114260435104370e-01
-1.278165131807327271e-01
-1.209750846028327942e-01
-9.726881980895996094e-02
-6.952738761901855469e-02
-3.816609457135200500e-02
-1.333664404228329659e-03
3.666060045361518860e-02
6.340919435024261475e-02
-1.000113114714622498e-01
-1.052038595080375671e-01
-1.165793091058731079e-01
-1.213948056101799011e-01
-1.174718067049980164e-01
-1.109648495912551880e-01
-1.000007838010787964e-01
-8.496387302875518799e-02
-6.869232654571533203e-02
-3.181751072406768799e-02
1.231082621961832047e-02
5.030515417456626892e-02
6.412757933139801025e-02
5.940474569797515869e-02
1.769147068262100220e-02
-6.081995088607072830e-03
-4.313687235116958618e-02
-8.551699668169021606e-02
-1.118613407015800476e-01
-1.624206006526947021e-01
-1.749550253152847290e-01
-1.780311614274978638e-01
-1.651356220245361328e-01
-1.496355384588241577e-01
-1.329761892557144165e-01
-1.172047778964042664e-01
-8.152590692043304443e-02
-4.948835447430610657e-02
-2.229609899222850800e-02
1.647584699094295502e-02
3.628847002983093262e-02
-7.701050490140914917e-02
-9.558090567588806152e-02
-1.264289021492004395e-01
-1.305650472640991211e-01
-1.103845238685607910e-01
-9.614712744951248169e-02
-9.143545478582382202e-02
-8.738467842340469360e-02
-6.519762426614761353e-02
-1.445773523300886154e-02
2.893358841538429260e-02
3.867965191602706909e-02
2.650387585163116455e-02
2.320412080734968185e-03
-3.919851034879684448e-02
-6.324370950460433960e-02
-1.074799448251724243e-01
-1.462396383285522461e-01
-1.697998791933059692e-01
-1.820759773254394531e-01
-1.764839440584182739e-01
-1.688964962959289551e-01
-1.603043079376220703e-01
-1.586129814386367798e-01
-1.668235361576080322e-01
-1.665208488702774048e-01
-1.196693405508995056e-01
-8.921995759010314941e-02
-6.008565798401832581e-02
-1.952466927468776703e-02
-9.099396876990795135e-03
-5.928116664290428162e-02
-8.395737409591674805e-02
-1.120431870222091675e-01
-1.138150468468666077e-01
-1.039881333708763123e-01
-7.776022702455520630e-02
-7.356041669845581055e-02
-6.151187419891357422e-02
-3.179637342691421509e-02
3.973556740675121546e-04
1.651262119412422180e-02
1.077183615416288376e-02
-3.547300025820732117e-02
-8.000188320875167847e-02
-1.127461120486259460e-01
-1.237625852227210999e-01
-1.473596990108489990e-01
-1.592817753553390503e-01
-1.724976152181625366e-01
-1.683901995420455933e-01
-1.500834375619888306e-01
-1.449301540851593018e-01
-1.185844466090202332e-01
-1.293184906244277954e-01
-1.082568988204002380e-01
-1.390353143215179443e-01
-1.249213293194770813e-01
-1.166096925735473633e-01
-9.835894405841827393e-02
-7.412941753864288330e-02
-7.439649105072021484e-02
-7.191463559865951538e-02
-7.583884149789810181e-02
-8.349637687206268311e-02
-7.339072227478027344e-02
-7.975246012210845947e-02
-6.561680883169174194e-02
-4.573410749435424805e-02
-4.351528733968734741e-02
-2.228249050676822662e-02
3.618604270741343498e-03
-7.584910839796066284e-03
-5.564759299159049988e-02
-9.758672118186950684e-02
-1.215649247169494629e-01
-1.373008191585540771e-01
-1.433255225419998169e-01
-1.496051251888275146e-01
-1.076038330793380737e-01
-1.362501233816146851e-01
-1.168773099780082703e-01
-1.054932102560997009e-01
-9.999000000000000000e+03
-9.999000000000000000e+03
-9.999000000000000000e+03
-9.999000000000000000e+03
-9.999000000000000000e+03
-9.999000000000000000e+03
-1.226930841803550720e-01
-1.171205937862396240e-01
-1.167043671011924744e-01
-1.325548440217971802e-01
-1.050664633512496948e-01
-8.155358582735061646e-02
-6.596578657627105713e-02
-5.538683757185935974e-02
-6.050048395991325378e-02
-4.355093836784362793e-02
-2.831144630908966064e-02
-2.638659626245498657e-02
-1.602694764733314514e-02
-9.947088547050952911e-03
-2.557147480547428131e-02
-9.325416386127471924e-02
-1.221904009580612183e-01
-1.309611797332763672e-01
-1.269088536500930786e-01
-1.122975125908851624e-01
-9.457304328680038452e-02
-9.999000000000000000e+03
-9.999000000000000000e+03
-9.999000000000000000e+03
-9.999000000000000000e+03
-9.999000000000000000e+03
-9.999000000000000000e+03
-9.999000000000000000e+03
-9.999000000000000000e+03
-9.999000000000000000e+03
-9.999000000000000000e+03
-8.678425848484039307e-02
-1.260874867439270020e-01
-1.524827927350997925e-01
-1.711946576833724976e-01
-1.239127665758132935e-01
-9.429168701171875000e-02
-7.171729207038879395e-02
-6.098684668540954590e-02
-5.290520936250686646e-02
-4.505457729101181030e-02
-3.715182095766067505e-02
-2.120881527662277222e-02
-9.877497330307960510e-03
-4.392441362142562866e-02
-7.477622479200363159e-02
-1.026628091931343079e-01
-1.093398928642272949e-01
-1.139271184802055359e-01
-6.565204262733459473e-02
-7.074096798896789551e-02
-9.999000000000000000e+03
-9.999000000000000000e+03
-9.999000000000000000e+03
-9.999000000000000000e+03
-9.999000000000000000e+03
-9.999000000000000000e+03
-9.999000000000000000e+03
-9.999000000000000000e+03
-9.999000000000000000e+03
-9.999000000000000000e+03
-9.999000000000000000e+03
-9.999000000000000000e+03
-8.817355334758758545e-02
-1.583265513181686401e-01
-1.918382495641708374e-01
-1.332016736268997192e-01
-1.142888292670249939e-01
-9.115148335695266724e-02
-7.931542396545410156e-02
-6.718447804450988770e-02
-5.263098701834678650e-02
-4.085553064942359924e-02
-3.464265912771224976e-02
-4.445463046431541443e-02
-7.470421493053436279e-02
-9.323024004697799683e-02
-8.510266989469528198e-02
-6.359590590000152588e-02
-7.457161694765090942e-02
-9.999000000000000000e+03
-9.999000000000000000e+03
-9.999000000000000000e+03
-9.999000000000000000e+03
-9.999000000000000000e+03
-9.999000000000000000e+03
-9.999000000000000000e+03
-9.999000000000000000e+03
-9.999000000000000000e+03
-9.999000000000000000e+03
-9.999000000000000000e+03
-9.999000000000000000e+03
-9.999000000000000000e+03
-9.999000000000000000e+03
-9.999000000000000000e+03
-1.291741728782653809e-01
-1.717525273561477661e-01
-9.999000000000000000e+03
-8.415900915861129761e-02
-1.102011278271675110e-01
-1.075988262891769409e-01
-9.495246410369873047e-02
-8.532216399908065796e-02
-8.692496269941329956e-02
-8.611182868480682373e-02
-1.053491160273551941e-01
-9.458962082862854004e-02
-8.150233328342437744e-02
-6.209347397089004517e-02
-4.591403529047966003e-02
-9.999000000000000000e+03
-9.999000000000000000e+03
-9.999000000000000000e+03
-9.999000000000000000e+03
-9.999000000000000000e+03
-9.999000000000000000e+03
-9.999000000000000000e+03
-9.999000000000000000e+03
-9.999000000000000000e+03
-9.999000000000000000e+03
-9.999000000000000000e+03
-9.999000000000000000e+03
-9.999000000000000000e+03
-9.999000000000000000e+03
-9.999000000000000000e+03
-9.999000000000000000e+03
-8.905788511037826538e-02
-1.268502771854400635e-01
-9.999000000000000000e+03
-9.999000000000000000e+03
-9.951668977737426758e-02
-1.212996020913124084e-01
-1.183880865573883057e-01
-1.120494976639747620e-01
-1.187310665845870972e-01
-1.182882338762283325e-01
-1.072539240121841431e-01
-6.272682547569274902e-02
-4.321815818548202515e-02
-1.901047676801681519e-02
-9.999000000000000000e+03
-9.999000000000000000e+03
-9.999000000000000000e+03
-9.999000000000000000e+03
-9.999000000000000000e+03
-9.999000000000000000e+03
-9.999000000000000000e+03
-9.999000000000000000e+03
-9.999000000000000000e+03
-9.999000000000000000e+03
-9.999000000000000000e+03
-9.999000000000000000e+03
-9.999000000000000000e+03
-9.999000000000000000e+03
-9.999000000000000000e+03
-9.999000000000000000e+03
-9.999000000000000000e+03
-4.373480752110481262e-02
-7.735144346952438354e-02
-9.999000000000000000e+03
-9.999000000000000000e+03
-6.148950383067131042e-02
-8.881531655788421631e-02
-1.062809228897094727e-01
-1.073217317461967468e-01
-9.648200124502182007e-02
-8.123806118965148926e-02
-5.875606462359428406e-02
-3.548489883542060852e-02
-1.670830883085727692e-02
-1.822214946150779724e-02
-9.999000000000000000e+03
-9.999000000000000000e+03
-9.999000000000000000e+03
-9.999000000000000000e+03
-9.999000000000000000e+03
-9.999000000000000000e+03
-9.999000000000000000e+03
-9.999000000000000000e+03
-9.999000000000000000e+03
-9.999000000000000000e+03
-9.999000000000000000e+03
-9.999000000000000000e+03
-9.999000000000000000e+03
-9.999000000000000000e+03
-9.999000000000000000e+03
-9.999000000000000000e+03
-9.999000000000000000e+03
-9.999000000000000000e+03
-9.999000000000000000e+03
-9.999000000000000000e+03
-9.999000000000000000e+03
-2.243921533226966858e-02
-4.183648154139518738e-02
-5.906156450510025024e-02
-6.246287748217582703e-02
-4.485836252570152283e-02
-4.336293786764144897e-02
-3.643982857465744019e-02
-7.538646459579467773e-02
-6.095284223556518555e-02
-5.222663283348083496e-02
-9.999000000000000000e+03
-9.999000000000000000e+03
-9.999000000000000000e+03
-9.999000000000000000e+03
-9.999000000000000000e+03
-9.999000000000000000e+03
-9.999000000000000000e+03
-9.999000000000000000e+03
-9.999000000000000000e+03
-9.999000000000000000e+03
-9.999000000000000000e+03
-9.999000000000000000e+03
-9.999000000000000000e+03
-9.999000000000000000e+03
-9.999000000000000000e+03
-9.999000000000000000e+03
-9.999000000000000000e+03
-9.999000000000000000e+03
-9.999000000000000000e+03
-9.999000000000000000e+03
-9.999000000000000000e+03
-9.999000000000000000e+03
-2.421107515692710876e-02
-4.445077851414680481e-02
-3.131973743438720703e-02
7.226672489196062088e-03
-1.612417108844965696e-04
-2.544996887445449829e-02
-3.304681554436683655e-02
-6.879220157861709595e-02
-9.999000000000000000e+03
-9.999000000000000000e+03
-9.999000000000000000e+03
-9.999000000000000000e+03
-9.999000000000000000e+03
-9.999000000000000000e+03
-9.999000000000000000e+03
-9.999000000000000000e+03
-9.999000000000000000e+03
-9.999000000000000000e+03
-9.999000000000000000e+03
-9.999000000000000000e+03
-9.999000000000000000e+03
-9.999000000000000000e+03
-9.999000000000000000e+03
-9.999000000000000000e+03
-9.999000000000000000e+03
-9.999000000000000000e+03
-9.999000000000000000e+03
-9.999000000000000000e+03
-9.999000000000000000e+03
-9.999000000000000000e+03
-9.999000000000000000e+03
-3.517882153391838074e-02
-5.985865741968154907e-02
-4.044087231159210205e-02
9.552261908538639545e-04
4.196609929203987122e-02
5.053262226283550262e-03
1.136556938290596008e-01
1.406060010194778442e-01
9.234984219074249268e-02
-9.999000000000000000e+03
-9.999000000000000000e+03
-9.999000000000000000e+03
-9.999000000000000000e+03
-9.999000000000000000e+03
-9.999000000000000000e+03
-9.999000000000000000e+03
-9.999000000000000000e+03
-9.999000000000000000e+03
-9.999000000000000000e+03
-9.999000000000000000e+03
-9.999000000000000000e+03
-9.999000000000000000e+03
-9.999000000000000000e+03
-9.999000000000000000e+03
-9.999000000000000000e+03
-9.999000000000000000e+03
-9.999000000000000000e+03
-9.999000000000000000e+03
-9.999000000000000000e+03
-9.999000000000000000e+03
-9.999000000000000000e+03
-9.999000000000000000e+03
-5.434890463948249817e-02
-5.764178931713104248e-02
-2.763636969029903412e-02
2.278455719351768494e-02
7.017171382904052734e-02
7.280384749174118042e-02
1.707340776920318604e-01
1.684679388999938965e-01
-9.999000000000000000e+03
-9.999000000000000000e+03
-9.999000000000000000e+03
-9.999000000000000000e+03
-9.999000000000000000e+03
-9.999000000000000000e+03
-9.999000000000000000e+03
-9.999000000000000000e+03
-9.999000000000000000e+03
-9.999000000000000000e+03
-9.999000000000000000e+03
-9.999000000000000000e+03
-9.999000000000000000e+03
-9.999000000000000000e+03
-9.999000000000000000e+03
-9.999000000000000000e+03
-9.999000000000000000e+03
-9.999000000000000000e+03
-9.999000000000000000e+03
-9.999000000000000000e+03
-9.999000000000000000e+03
-9.999000000000000000e+03
-9.999000000000000000e+03
-6.391048431396484375e-02
-7.708988338708877563e-02
-7.663682103157043457e-02
-1.137663573026657104e-01
-1.142456233501434326e-01
-1.306346207857131958e-01
-5.643802508711814880e-02
5.020859837532043457e-02
7.704218477010726929e-02
-9.999000000000000000e+03
-9.999000000000000000e+03
-9.999000000000000000e+03
-9.999000000000000000e+03
-9.999000000000000000e+03
-9.999000000000000000e+03
-9.999000000000000000e+03
-9.999000000000000000e+03
-9.999000000000000000e+03
-9.999000000000000000e+03
-9.999000000000000000e+03
-9.999000000000000000e+03
-9.999000000000000000e+03
-9.999000000000000000e+03
-9.999000000000000000e+03
-9.999000000000000000e+03
-9.999000000000000000e+03
-9.999000000000000000e+03
-9.999000000000000000e+03
-9.999000000000000000e+03
-9.999000000000000000e+03
-9.999000000000000000e+03
-6.226705014705657959e-02
-1.231004223227500916e-01
-1.478557288646697998e-01
-1.522389650344848633e-01
-1.589235365390777588e-01
-1.455194503068923950e-01
-1.285836696624755859e-01
-1.179025471210479736e-01
-5.194426700472831726e-02
1.953075639903545380e-02
2.223344892263412476e-02
1.478488836437463760e-02
9.679076261818408966e-03
-9.999000000000000000e+03
-9.999000000000000000e+03
-9.999000000000000000e+03
-9.999000000000000000e+03
-9.999000000000000000e+03
-9.999000000000000000e+03
-9.999000000000000000e+03
-9.999000000000000000e+03
-9.999000000000000000e+03
-9.999000000000000000e+03
-9.999000000000000000e+03
-9.999000000000000000e+03
-9.999000000000000000e+03
-9.999000000000000000e+03
-9.999000000000000000e+03
-9.999000000000000000e+03
-9.999000000000000000e+03
-5.459265783429145813e-02
-6.932663917541503906e-02
-1.032195314764976501e-01
-1.209489256143569946e-01
-1.228418946266174316e-01
-1.234334260225296021e-01
-1.051108688116073608e-01
-8.793468773365020752e-02
-7.995988428592681885e-02
-4.351601377129554749e-02
-9.740135632455348969e-03
-9.001395665109157562e-03
-1.214443589560687542e-03
5.586243234574794769e-03
-9.999000000000000000e+03
-9.999000000000000000e+03
-9.999000000000000000e+03
-9.999000000000000000e+03
-9.999000000000000000e+03
-9.999000000000000000e+03
-9.999000000000000000e+03
-9.999000000000000000e+03
-9.999000000000000000e+03
-9.999000000000000000e+03
-9.999000000000000000e+03
-9.999000000000000000e+03
-9.999000000000000000e+03
-9.999000000000000000e+03
-9.999000000000000000e+03
-3.019028715789318085e-02
-4.290112853050231934e-02
-8.045280724763870239e-02
-1.076771989464759827e-01
-1.053753644227981567e-01
-9.981306642293930054e-02
-8.943741768598556519e-02
-8.477908372879028320e-02
-7.154113054275512695e-02
-6.243286654353141785e-02
-4.920775815844535828e-02
-3.519846498966217041e-02
-2.052050083875656128e-02
-3.599392250180244446e-02
-9.999000000000000000e+03
-9.999000000000000000e+03
-9.999000000000000000e+03
-9.999000000000000000e+03
-9.999000000000000000e+03
-9.999000000000000000e+03
-9.999000000000000000e+03
-9.999000000000000000e+03
-9.999000000000000000e+03
-9.999000000000000000e+03
-9.999000000000000000e+03
-9.999000000000000000e+03
-9.999000000000000000e+03
-9.999000000000000000e+03
-9.999000000000000000e+03
-9.999000000000000000e+03
-2.158950269222259521e-02
-3.800385445356369019e-02
-6.934050470590591431e-02
-1.067240312695503235e-01
-1.283110082149505615e-01
-1.197511777281761169e-01
-1.008852943778038025e-01
-7.706732302904129028e-02
-6.261110305786132812e-02
-5.651127547025680542e-02
-6.641905009746551514e-02
-7.909777015447616577e-02
-9.586469829082489014e-02
-5.520332604646682739e-02
-9.999000000000000000e+03
-9.999000000000000000e+03
-9.999000000000000000e+03
-9.999000000000000000e+03
-9.999000000000000000e+03
-9.999000000000000000e+03
-9.999000000000000000e+03
-9.999000000000000000e+03
-9.999000000000000000e+03
-9.999000000000000000e+03
-9.999000000000000000e+03
-9.999000000000000000e+03
-9.999000000000000000e+03
-9.999000000000000000e+03
-9.999000000000000000e+03
-9.999000000000000000e+03
-9.999000000000000000e+03
-3.555565699934959412e-02
-6.613710522651672363e-02
-1.052066832780838013e-01
-1.205054819583892822e-01
-1.147348582744598389e-01
-1.179592981934547424e-01
-1.085160300135612488e-01
-8.208577334880828857e-02
-4.831849783658981323e-02
-1.128797698765993118e-02
-9.607563726603984833e-03
-3.057775273919105530e-02
-3.215001896023750305e-02
-5.905713886022567749e-02
-9.999000000000000000e+03
-9.999000000000000000e+03
-9.999000000000000000e+03
-9.999000000000000000e+03
-9.999000000000000000e+03
-9.999000000000000000e+03
-9.999000000000000000e+03
-9.999000000000000000e+03
-9.999000000000000000e+03
-9.999000000000000000e+03
-9.999000000000000000e+03
-9.999000000000000000e+03
-9.999000000000000000e+03
-9.999000000000000000e+03
-9.999000000000000000e+03
-9.999000000000000000e+03
-9.999000000000000000e+03
-6.800161302089691162e-02
-9.562961757183074951e-02
-1.051340401172637939e-01
-1.011531874537467957e-01
-8.585327118635177612e-02
-9.285667538642883301e-02
-8.316908776760101318e-02
-5.723223835229873657e-02
-3.418886289000511169e-02
-3.241330618038773537e-03
1.645165123045444489e-02
3.370283544063568115e-02
1.840311475098133087e-02
-9.999000000000000000e+03
-9.999000000000000000e+03
-9.999000000000000000e+03
-9.999000000000000000e+03
-9.999000000000000000e+03
-9.999000000000000000e+03
-9.999000000000000000e+03
-9.999000000000000000e+03
-9.999000000000000000e+03
-9.999000000000000000e+03
-9.999000000000000000e+03
-9.999000000000000000e+03
-9.999000000000000000e+03
-9.999000000000000000e+03
-9.999000000000000000e+03
-9.999000000000000000e+03
-9.999000000000000000e+03
-9.999000000000000000e+03
-6.475446373224258423e-02
-7.565580308437347412e-02
-5.406565964221954346e-02
-4.685520753264427185e-02
-3.316735103726387024e-02
-4.110531508922576904e-02
-3.841974586248397827e-02
-1.332634128630161285e-02
-6.873975973576307297e-03
1.007913425564765930e-02
1.504992041736841202e-02
1.539777964353561401e-02
-9.999000000000000000e+03
-9.999000000000000000e+03
-9.999000000000000000e+03
-9.999000000000000000e+03
-9.999000000000000000e+03
-9.999000000000000000e+03
-9.999000000000000000e+03
-9.999000000000000000e+03
-9.999000000000000000e+03
-9.999000000000000000e+03
-9.999000000000000000e+03
-9.999000000000000000e+03
-9.999000000000000000e+03
-9.999000000000000000e+03
-9.999000000000000000e+03
-9.999000000000000000e+03
-9.999000000000000000e+03
-9.999000000000000000e+03
-9.999000000000000000e+03
-5.240012332797050476e-02
-3.676507249474525452e-02
-1.715085655450820923e-02
1.907754805870354176e-03
3.614067658782005310e-02
2.681555785238742828e-02
2.588136121630668640e-02
1.950876973569393158e-02
1.659740507602691650e-02
1.309389062225818634e-02
-9.999000000000000000e+03
-9.999000000000000000e+03
-9.999000000000000000e+03
-9.999000000000000000e+03
-9.999000000000000000e+03
-9.999000000000000000e+03
-9.999000000000000000e+03
-9.999000000000000000e+03
-9.999000000000000000e+03
-9.999000000000000000e+03
-9.999000000000000000e+03
-9.999000000000000000e+03
-9.999000000000000000e+03
-9.999000000000000000e+03
-9.999000000000000000e+03
-9.999000000000000000e+03
-9.999000000000000000e+03
-9.999000000000000000e+03
-9.999000000000000000e+03
-9.999000000000000000e+03
-9.999000000000000000e+03
-4.489322379231452942e-02
-5.686722695827484131e-03
3.475232422351837158e-02
5.315953493118286133e-02
6.307208538055419922e-02
4.236414283514022827e-02
-9.999000000000000000e+03
-9.999000000000000000e+03
-9.999000000000000000e+03
-9.999000000000000000e+03
-9.999000000000000000e+03
-9.999000000000000000e+03
-9.999000000000000000e+03
-9.999000000000000000e+03
-9.999000000000000000e+03
-9.999000000000000000e+03
-9.999000000000000000e+03
-9.999000000000000000e+03
-9.999000000000000000e+03
-9.999000000000000000e+03
-9.999000000000000000e+03
-9.999000000000000000e+03
-9.999000000000000000e+03
-9.999000000000000000e+03
-9.999000000000000000e+03
-9.999000000000000000e+03
-9.999000000000000000e+03
-9.999000000000000000e+03
-9.999000000000000000e+03
-9.999000000000000000e+03
-9.999000000000000000e+03
-4.256495088338851929e-02
-1.415202673524618149e-02
4.204886034131050110e-02
-9.999000000000000000e+03
-9.999000000000000000e+03
-9.999000000000000000e+03
-9.999000000000000000e+03
-9.999000000000000000e+03
-9.999000000000000000e+03
-9.999000000000000000e+03
-9.999000000000000000e+03
-9.999000000000000000e+03
-9.999000000000000000e+03
-9.999000000000000000e+03
-9.999000000000000000e+03
-9.999000000000000000e+03
-9.999000000000000000e+03
-9.999000000000000000e+03
-9.999000000000000000e+03
-9.999000000000000000e+03
-9.999000000000000000e+03
-9.999000000000000000e+03
-9.999000000000000000e+03
-9.999000000000000000e+03
-9.999000000000000000e+03
-9.999000000000000000e+03
-9.999000000000000000e+03
-9.999000000000000000e+03
-9.999000000000000000e+03
-9.999000000000000000e+03
-9.999000000000000000e+03
