-1.229773759841918945e-01
-8.266013860702514648e-02
-2.708200551569461823e-02
2.843846566975116730e-02
8.006624132394790649e-02
1.188613399863243103e-01
1.578477025032043457e-01
1.957863569259643555e-01
2.352961450815200806e-01
2.616482675075531006e-01
2.606126368045806885e-01
-9.999000000000000000e+03
-9.999000000000000000e+03
-9.999000000000000000e+03
-9.999000000000000000e+03
-9.999000000000000000e+03
-9.999000000000000000e+03
-9.999000000000000000e+03
-9.999000000000000000e+03
-9.999000000000000000e+03
-9.999000000000000000e+03
-9.999000000000000000e+03
-9.999000000000000000e+03
2.512058429419994354e-02
6.182142719626426697e-02
8.717293292284011841e-02
1.053502112627029419e-01
9.969229996204376221e-02
1.058713346719741821e-01
9.077789634466171265e-02
8.923352509737014771e-02
-1.180489137768745422e-01
-8.082538843154907227e-02
-2.920945733785629272e-02
2.281229756772518158e-02
8.330237865447998047e-02
1.258915662765502930e-01
1.784903556108474731e-01
2.172079235315322876e-01
2.499900162220001221e-01
2.705169320106506348e-01
2.664784789085388184e-01
1.540289670228958130e-01
-9.999000000000000000e+03
-9.999000000000000000e+03
-9.999000000000000000e+03
-9.999000000000000000e+03
-9.999000000000000000e+03
-9.999000000000000000e+03
-9.999000000000000000e+03
-9.999000000000000000e+03
-9.999000000000000000e+03
1.042781304568052292e-02
1.644744724035263062e-02
3.204331919550895691e-02
3.194572776556015015e-02
6.274765729904174805e-02
7.528971880674362183e-02
6.942861527204513550e-02
6.120114400982856750e-02
6.346108764410018921e-02
7.339949160814285278e-02
-1.259056627750396729e-01
-7.972849160432815552e-02
-2.470263838768005371e-02
3.317295387387275696e-02
8.953015506267547607e-02
1.398624181747436523e-01
1.872637718915939331e-01
2.309736162424087524e-01
2.623170614242553711e-01
2.723894715309143066e-01
2.481986433267593384e-01
1.639311164617538452e-01
-9.999000000000000000e+03
-9.999000000000000000e+03
-9.999000000000000000e+03
-9.999000000000000000e+03
-9.999000000000000000e+03
-9.999000000000000000e+03
-9.999000000000000000e+03
-1.793326810002326965e-02
-6.709481589496135712e-03
1.020551472902297974e-02
-5.636808928102254868e-03
1.271947659552097321e-02
3.762455657124519348e-02
3.829910606145858765e-02
4.365152493119239807e-02
3.792707994580268860e-02
4.273974895477294922e-02
4.767555743455886841e-02
5.854412540793418884e-02
-1.109238266944885254e-01
-7.837989926338195801e-02
-3.468196094036102295e-02
2.466614544391632080e-02
9.788022190332412720e-02
1.542645990848541260e-01
1.914253830909729004e-01
2.290681153535842896e-01
2.483071237802505493e-01
2.595614492893218994e-01
2.480254620313644409e-01
1.741810292005538940e-01
7.452434301376342773e-02
-9.999000000000000000e+03
-9.999000000000000000e+03
-9.999000000000000000e+03
-3.450451046228408813e-02
-3.497136011719703674e-02
-3.165978938341140747e-02
-1.220318116247653961e-02
-8.122752420604228973e-03
-5.734140519052743912e-03
-1.609005266800522804e-03
1.084124296903610229e-02
3.574006631970405579e-02
7.935284636914730072e-03
1.806189492344856262e-02
1.607304997742176056e-02
1.512120850384235382e-02
2.859418839216232300e-02
4.278915748000144958e-02
-9.061822295188903809e-02
-5.582483112812042236e-02
-1.272585336118936539e-02
3.092989698052406311e-02
8.590361475944519043e-02
1.280308514833450317e-01
1.611688882112503052e-01
1.986191421747207642e-01
2.075171619653701782e-01
2.046526968479156494e-01
1.899515986442565918e-01
1.336313039064407349e-01
5.670935288071632385e-02
-5.575782619416713715e-03
-5.402028560638427734e-02
-6.099876016378402710e-02
-4.306700080633163452e-02
-1.799527928233146667e-02
-2.261834917590022087e-03
1.696118712425231934e-02
1.491732615977525711e-02
7.116697262972593307e-03
1.082939002662897110e-02
2.132534747943282127e-03
-5.390002857893705368e-03
-2.902277372777462006e-02
-2.914599142968654633e-02
-2.767433784902095795e-02
-2.510862238705158234e-02
8.624431677162647247e-03
3.283801674842834473e-02
-6.152731925249099731e-02
-4.509654268622398376e-02
-1.739962771534919739e-02
2.179122343659400940e-02
7.289485633373260498e-02
1.032276302576065063e-01
1.185762584209442139e-01
1.422411054372787476e-01
1.457827836275100708e-01
1.528856009244918823e-01
1.394168585538864136e-01
8.439995348453521729e-02
3.464454784989356995e-02
-2.145744115114212036e-02
-4.834436252713203430e-02
-5.136648193001747131e-02
-2.033567987382411957e-02
3.063448891043663025e-02
5.359838157892227173e-02
6.803152710199356079e-02
5.519106239080429077e-02
3.049210645258426666e-02
3.751710290089249611e-03
-2.562313526868820190e-02
-5.136312544345855713e-02
-8.814357966184616089e-02
-8.123621344566345215e-02
-8.365218341350555420e-02
-6.773415952920913696e-02
-2.789768017828464508e-02
1.538405660539865494e-02
-3.640505298972129822e-02
-3.388533741235733032e-02
-1.212651748210191727e-02
1.396126206964254379e-02
4.597739130258560181e-02
6.935612857341766357e-02
8.154366165399551392e-02
9.826514869928359985e-02
9.626525640487670898e-02
9.965981543064117432e-02
9.394887089729309082e-02
5.779271200299263000e-02
2.913362719118595123e-02
-1.185288745909929276e-02
-1.078516896814107895e-02
1.084690168499946594e-02
5.499827861785888672e-02
8.929570764303207397e-02
9.534450620412826538e-02
9.768062829971313477e-02
7.002762705087661743e-02
2.840675041079521179e-02
-1.421205326914787292e-02
-5.758956074714660645e-02
-1.018491238355636597e-01
-1.369969397783279419e-01
-1.406674087047576904e-01
-1.392524540424346924e-01
-1.111872643232345581e-01
-4.712684080004692078e-02
-1.280819624662399292e-02
-2.621438913047313690e-02
-2.730209380388259888e-02
-1.227339170873165131e-02
1.857256167568266392e-03
2.591859735548496246e-02
4.224625974893569946e-02
5.441984534263610840e-02
6.947746872901916504e-02
7.310451567173004150e-02
6.820164620876312256e-02
6.478163599967956543e-02
3.837494924664497375e-02
2.776110731065273285e-02
2.304790914058685303e-02
4.252078756690025330e-02
6.577350944280624390e-02
1.143040135502815247e-01
1.204612329602241516e-01
1.115443706512451172e-01
9.915268421173095703e-02
7.816188782453536987e-02
5.086151883006095886e-02
9.987332858145236969e-03
-6.580451875925064087e-02
-1.399944126605987549e-01
-1.789113581180572510e-01
-2.039129734039306641e-01
-2.076839953660964966e-01
-1.735171079635620117e-01
-9.132041037082672119e-02
-5.643579363822937012e-02
-1.853108778595924377e-02
-1.443120650947093964e-02
-5.050762090831995010e-03
4.489577375352382660e-03
1.512663345783948898e-02
2.171969227492809296e-02
3.856455162167549133e-02
4.350562393665313721e-02
3.794395178556442261e-02
4.264463856816291809e-02
5.280232802033424377e-02
4.753561317920684814e-02
5.649729445576667786e-02
7.662550359964370728e-02
1.103373691439628601e-01
1.152497380971908569e-01
1.247150525450706482e-01
1.146453619003295898e-01
1.057140305638313293e-01
9.360478818416595459e-02
6.068570539355278015e-02
3.340149298310279846e-02
2.213735133409500122e-03
-3.903044760227203369e-02
-6.129077449440956116e-02
-1.592109948396682739e-01
-2.209211885929107666e-01
-2.594581842422485352e-01
-2.207387238740921021e-01
-1.472142189741134644e-01
-8.776430040597915649e-02
-3.060709871351718903e-02
-1.782142743468284607e-02
3.114297287538647652e-03
2.214716002345085144e-02
3.206574171781539917e-02
3.579392284154891968e-02
3.054467402398586273e-02
1.900425367057323456e-02
-4.561736714094877243e-03
3.053782321512699127e-02
6.222470849752426147e-02
9.185625612735748291e-02
1.112407445907592773e-01
1.249519512057304382e-01
1.363314688205718994e-01
1.284282058477401733e-01
1.150484085083007812e-01
7.388626784086227417e-02
6.284279376268386841e-02
3.030305169522762299e-02
3.202233463525772095e-02
-9.999000000000000000e+03
-9.999000000000000000e+03
-9.999000000000000000e+03
-9.999000000000000000e+03
-9.999000000000000000e+03
-9.999000000000000000e+03
-2.081449180841445923e-01
-2.466800808906555176e-01
-1.790008395910263062e-01
-1.069394126534461975e-01
-3.714340552687644958e-02
-2.799762785434722900e-02
-7.769733201712369919e-03
1.664852909743785858e-02
3.123082965612411499e-02
2.190675027668476105e-02
8.395479060709476471e-03
-5.377314984798431396e-03
9.654449298977851868e-03
6.115196272730827332e-02
9.600446373224258423e-02
1.450920850038528442e-01
1.504560858011245728e-01
1.463403701782226562e-01
1.269948631525039673e-01
1.100272610783576965e-01
1.181594729423522949e-01
-9.999000000000000000e+03
-9.999000000000000000e+03
-9.999000000000000000e+03
-9.999000000000000000e+03
-9.999000000000000000e+03
-9.999000000000000000e+03
-9.999000000000000000e+03
-9.999000000000000000e+03
-9.999000000000000000e+03
-9.999000000000000000e+03
-1.624364703893661499e-01
-2.162418216466903687e-01
-2.050452232360839844e-01
-1.438263654708862305e-01
-5.129981040954589844e-02
-3.555437922477722168e-02
-5.523021798580884933e-03
1.679742895066738129e-02
1.898226700723171234e-02
9.627427905797958374e-03
1.026416011154651642e-02
5.740989465266466141e-03
6.431546062231063843e-02
1.202647238969802856e-01
1.386519968509674072e-01
1.588630974292755127e-01
1.608579307794570923e-01
1.425106227397918701e-01
6.680023670196533203e-02
6.545573472976684570e-02
-9.999000000000000000e+03
-9.999000000000000000e+03
-9.999000000000000000e+03
-9.999000000000000000e+03
-9.999000000000000000e+03
-9.999000000000000000e+03
-9.999000000000000000e+03
-9.999000000000000000e+03
-9.999000000000000000e+03
-9.999000000000000000e+03
-9.999000000000000000e+03
-9.999000000000000000e+03
-1.328147500753402710e-01
-1.661476939916610718e-01
-1.130915731191635132e-01
-6.832266598939895630e-02
-5.133773759007453918e-02
-1.395371556282043457e-02
1.825862377882003784e-02
2.606595121324062347e-02
2.968303486704826355e-02
2.758748643100261688e-02
5.645408108830451965e-02
1.126257181167602539e-01
1.416173875331878662e-01
1.451566219329833984e-01
1.752109080553054810e-01
1.249904781579971313e-01
1.319485306739807129e-01
-9.999000000000000000e+03
-9.999000000000000000e+03
-9.999000000000000000e+03
-9.999000000000000000e+03
-9.999000000000000000e+03
-9.999000000000000000e+03
-9.999000000000000000e+03
-9.999000000000000000e+03
-9.999000000000000000e+03
-9.999000000000000000e+03
-9.999000000000000000e+03
-9.999000000000000000e+03
-9.999000000000000000e+03
-9.999000000000000000e+03
-9.999000000000000000e+03
-1.126164197921752930e-01
-8.440028131008148193e-02
-9.999000000000000000e+03
-5.056667700409889221e-02
-3.508616238832473755e-02
-8.504810743033885956e-03
2.138586528599262238e-02
3.527018800377845764e-02
4.101198539137840271e-02
1.166796758770942688e-01
1.530738621950149536e-01
1.423838287591934204e-01
1.513982564210891724e-01
1.590847969055175781e-01
1.000579744577407837e-01
-9.999000000000000000e+03
-9.999000000000000000e+03
-9.999000000000000000e+03
-9.999000000000000000e+03
-9.999000000000000000e+03
-9.999000000000000000e+03
-9.999000000000000000e+03
-9.999000000000000000e+03
-9.999000000000000000e+03
-9.999000000000000000e+03
-9.999000000000000000e+03
-9.999000000000000000e+03
-9.999000000000000000e+03
-9.999000000000000000e+03
-9.999000000000000000e+03
-9.999000000000000000e+03
-3.697781264781951904e-02
-2.394003607332706451e-02
-9.999000000000000000e+03
-9.999000000000000000e+03
-5.732431262731552124e-02
-4.069590568542480469e-02
1.390104065649211407e-03
3.006261028349399567e-02
8.588223904371261597e-02
1.406339854001998901e-01
1.556302309036254883e-01
1.444063037633895874e-01
1.415422260761260986e-01
6.367532908916473389e-02
-9.999000000000000000e+03
-9.999000000000000000e+03
-9.999000000000000000e+03
-9.999000000000000000e+03
-9.999000000000000000e+03
-9.999000000000000000e+03
-9.999000000000000000e+03
-9.999000000000000000e+03
-9.999000000000000000e+03
-9.999000000000000000e+03
-9.999000000000000000e+03
-9.999000000000000000e+03
-9.999000000000000000e+03
-9.999000000000000000e+03
-9.999000000000000000e+03
-9.999000000000000000e+03
-9.999000000000000000e+03
-1.350326812826097012e-03
1.760580576956272125e-02
-9.999000000000000000e+03
-9.999000000000000000e+03
-3.894979506731033325e-02
-4.003874957561492920e-02
-1.704688556492328644e-02
3.047074936330318451e-02
1.059204190969467163e-01
1.364808082580566406e-01
1.510775834321975708e-01
1.453674286603927612e-01
1.247062683105468750e-01
9.477937966585159302e-02
-9.999000000000000000e+03
-9.999000000000000000e+03
-9.999000000000000000e+03
-9.999000000000000000e+03
-9.999000000000000000e+03
-9.999000000000000000e+03
-9.999000000000000000e+03
-9.999000000000000000e+03
-9.999000000000000000e+03
-9.999000000000000000e+03
-9.999000000000000000e+03
-9.999000000000000000e+03
-9.999000000000000000e+03
-9.999000000000000000e+03
-9.999000000000000000e+03
-9.999000000000000000e+03
-9.999000000000000000e+03
-9.999000000000000000e+03
-9.999000000000000000e+03
-9.999000000000000000e+03
-9.999000000000000000e+03
-2.085071057081222534e-02
-3.830930963158607483e-02
-2.186101861298084259e-02
2.952761761844158173e-02
6.268064677715301514e-02
1.125910431146621704e-01
1.634361296892166138e-01
1.477648615837097168e-01
9.857120364904403687e-02
7.719312608242034912e-02
-9.999000000000000000e+03
-9.999000000000000000e+03
-9.999000000000000000e+03
-9.999000000000000000e+03
-9.999000000000000000e+03
-9.999000000000000000e+03
-9.999000000000000000e+03
-9.999000000000000000e+03
-9.999000000000000000e+03
-9.999000000000000000e+03
-9.999000000000000000e+03
-9.999000000000000000e+03
-9.999000000000000000e+03
-9.999000000000000000e+03
-9.999000000000000000e+03
-9.999000000000000000e+03
-9.999000000000000000e+03
-9.999000000000000000e+03
-9.999000000000000000e+03
-9.999000000000000000e+03
-9.999000000000000000e+03
-9.999000000000000000e+03
-2.705576643347740173e-02
-2.917616255581378937e-02
9.745117276906967163e-03
-1.854687370359897614e-02
7.813690602779388428e-02
1.437369585037231445e-01
1.707531660795211792e-01
1.260293722152709961e-01
-9.999000000000000000e+03
-9.999000000000000000e+03
-9.999000000000000000e+03
-9.999000000000000000e+03
-9.999000000000000000e+03
-9.999000000000000000e+03
-9.999000000000000000e+03
-9.999000000000000000e+03
-9.999000000000000000e+03
-9.999000000000000000e+03
-9.999000000000000000e+03
-9.999000000000000000e+03
-9.999000000000000000e+03
-9.999000000000000000e+03
-9.999000000000000000e+03
-9.999000000000000000e+03
-9.999000000000000000e+03
-9.999000000000000000e+03
-9.999000000000000000e+03
-9.999000000000000000e+03
-9.999000000000000000e+03
-9.999000000000000000e+03
-9.999000000000000000e+03
-2.332677319645881653e-02
-8.684138767421245575e-03
-2.717614732682704926e-02
-6.456258893013000488e-02
4.800222441554069519e-02
1.391003578901290894e-01
2.191911786794662476e-01
1.723368614912033081e-01
1.150644496083259583e-01
-9.999000000000000000e+03
-9.999000000000000000e+03
-9.999000000000000000e+03
-9.999000000000000000e+03
-9.999000000000000000e+03
-9.999000000000000000e+03
-9.999000000000000000e+03
-9.999000000000000000e+03
-9.999000000000000000e+03
-9.999000000000000000e+03
-9.999000000000000000e+03
-9.999000000000000000e+03
-9.999000000000000000e+03
-9.999000000000000000e+03
-9.999000000000000000e+03
-9.999000000000000000e+03
-9.999000000000000000e+03
-9.999000000000000000e+03
-9.999000000000000000e+03
-9.999000000000000000e+03
-9.999000000000000000e+03
-9.999000000000000000e+03
-9.999000000000000000e+03
-7.441153866238892078e-04
-3.235567361116409302e-02
-2.490716241300106049e-02
6.025143340229988098e-02
1.051355078816413879e-01
8.788961172103881836e-02
1.265332102775573730e-01
1.280019283294677734e-01
-9.999000000000000000e+03
-9.999000000000000000e+03
-9.999000000000000000e+03
-9.999000000000000000e+03
-9.999000000000000000e+03
-9.999000000000000000e+03
-9.999000000000000000e+03
-9.999000000000000000e+03
-9.999000000000000000e+03
-9.999000000000000000e+03
-9.999000000000000000e+03
-9.999000000000000000e+03
-9.999000000000000000e+03
-9.999000000000000000e+03
-9.999000000000000000e+03
-9.999000000000000000e+03
-9.999000000000000000e+03
-9.999000000000000000e+03
-9.999000000000000000e+03
-9.999000000000000000e+03
-9.999000000000000000e+03
-9.999000000000000000e+03
-9.999000000000000000e+03
2.144746296107769012e-02
-1.082990784198045731e-03
-1.412413362413644791e-02
-1.572387479245662689e-02
-5.916260927915573120e-02
-1.031509935855865479e-01
-3.176677599549293518e-02
5.790095776319503784e-02
9.214001148939132690e-02
-9.999000000000000000e+03
-9.999000000000000000e+03
-9.999000000000000000e+03
-9.999000000000000000e+03
-9.999000000000000000e+03
-9.999000000000000000e+03
-9.999000000000000000e+03
-9.999000000000000000e+03
-9.999000000000000000e+03
-9.999000000000000000e+03
-9.999000000000000000e+03
-9.999000000000000000e+03
-9.999000000000000000e+03
-9.999000000000000000e+03
-9.999000000000000000e+03
-9.999000000000000000e+03
-9.999000000000000000e+03
-9.999000000000000000e+03
-9.999000000000000000e+03
-9.999000000000000000e+03
-9.999000000000000000e+03
-9.999000000000000000e+03
7.927380502223968506e-02
2.751616761088371277e-02
-1.813460141420364380e-02
-6.041403859853744507e-02
-9.520645439624786377e-02
-1.359619796276092529e-01
-7.411811500787734985e-02
3.669694438576698303e-02
1.225770115852355957e-01
3.699965029954910278e-02
-1.096713636070489883e-02
2.826528251171112061e-02
2.245769649744033813e-02
-9.999000000000000000e+03
-9.999000000000000000e+03
-9.999000000000000000e+03
-9.999000000000000000e+03
-9.999000000000000000e+03
-9.999000000000000000e+03
-9.999000000000000000e+03
-9.999000000000000000e+03
-9.999000000000000000e+03
-9.999000000000000000e+03
-9.999000000000000000e+03
-9.999000000000000000e+03
-9.999000000000000000e+03
-9.999000000000000000e+03
-9.999000000000000000e+03
-9.999000000000000000e+03
-9.999000000000000000e+03
6.840647757053375244e-02
7.739212363958358765e-02
5.910904332995414734e-02
4.888270515948534012e-03
-4.478999227285385132e-02
-8.631724864244461060e-02
-8.500843495130538940e-02
-5.414966121315956116e-02
8.410297334194183350e-03
8.671943843364715576e-02
3.823188319802284241e-02
5.484523624181747437e-02
2.944547683000564575e-02
2.374364249408245087e-02
-9.999000000000000000e+03
-9.999000000000000000e+03
-9.999000000000000000e+03
-9.999000000000000000e+03
-9.999000000000000000e+03
-9.999000000000000000e+03
-9.999000000000000000e+03
-9.999000000000000000e+03
-9.999000000000000000e+03
-9.999000000000000000e+03
-9.999000000000000000e+03
-9.999000000000000000e+03
-9.999000000000000000e+03
-9.999000000000000000e+03
-9.999000000000000000e+03
4.098877683281898499e-02
3.787104785442352295e-02
4.405214264988899231e-02
5.564179643988609314e-02
4.754642397165298462e-02
2.234419435262680054e-02
-4.918545018881559372e-03
-4.081002622842788696e-02
-5.848138034343719482e-02
-5.674007162451744080e-02
-1.825385354459285736e-02
2.217260934412479401e-02
7.621913403272628784e-02
8.658289164304733276e-02
-9.999000000000000000e+03
-9.999000000000000000e+03
-9.999000000000000000e+03
-9.999000000000000000e+03
-9.999000000000000000e+03
-9.999000000000000000e+03
-9.999000000000000000e+03
-9.999000000000000000e+03
-9.999000000000000000e+03
-9.999000000000000000e+03
-9.999000000000000000e+03
-9.999000000000000000e+03
-9.999000000000000000e+03
-9.999000000000000000e+03
-9.999000000000000000e+03
-9.999000000000000000e+03
1.991884596645832062e-02
4.113974049687385559e-02
6.167609989643096924e-02
5.338358134031295776e-02
4.844233021140098572e-02
3.674504905939102173e-02
1.879782229661941528e-02
5.445889197289943695e-03
-6.506780628114938736e-03
-3.092465177178382874e-02
-5.822118744254112244e-02
-5.208515748381614685e-02
-4.259247332811355591e-03
1.090635284781455994e-01
-9.999000000000000000e+03
-9.999000000000000000e+03
-9.999000000000000000e+03
-9.999000000000000000e+03
-9.999000000000000000e+03
-9.999000000000000000e+03
-9.999000000000000000e+03
-9.999000000000000000e+03
-9.999000000000000000e+03
-9.999000000000000000e+03
-9.999000000000000000e+03
-9.999000000000000000e+03
-9.999000000000000000e+03
-9.999000000000000000e+03
-9.999000000000000000e+03
-9.999000000000000000e+03
-9.999000000000000000e+03
2.724444121122360229e-02
2.993256784975528717e-02
7.874918729066848755e-02
5.865586176514625549e-02
2.545877918601036072e-02
1.410231925547122955e-03
-1.770303398370742798e-02
-2.094992622733116150e-02
-4.419482778757810593e-03
-2.964973822236061096e-02
-4.766636341810226440e-02
-3.387735038995742798e-02
2.218136750161647797e-02
9.461225569248199463e-02
-9.999000000000000000e+03
-9.999000000000000000e+03
-9.999000000000000000e+03
-9.999000000000000000e+03
-9.999000000000000000e+03
-9.999000000000000000e+03
-9.999000000000000000e+03
-9.999000000000000000e+03
-9.999000000000000000e+03
-9.999000000000000000e+03
-9.999000000000000000e+03
-9.999000000000000000e+03
-9.999000000000000000e+03
-9.999000000000000000e+03
-9.999000000000000000e+03
-9.999000000000000000e+03
-9.999000000000000000e+03
4.049798101186752319e-02
7.569471746683120728e-02
8.509559184312820435e-02
5.427581444382667542e-02
1.143401209264993668e-02
-4.123289510607719421e-02
-6.681644916534423828e-02
-4.638380929827690125e-02
-1.800125092267990112e-02
-2.147402428090572357e-02
-4.081537574529647827e-02
-2.106569148600101471e-02
2.226959913969039917e-02
-9.999000000000000000e+03
-9.999000000000000000e+03
-9.999000000000000000e+03
-9.999000000000000000e+03
-9.999000000000000000e+03
-9.999000000000000000e+03
-9.999000000000000000e+03
-9.999000000000000000e+03
-9.999000000000000000e+03
-9.999000000000000000e+03
-9.999000000000000000e+03
-9.999000000000000000e+03
-9.999000000000000000e+03
-9.999000000000000000e+03
-9.999000000000000000e+03
-9.999000000000000000e+03
-9.999000000000000000e+03
-9.999000000000000000e+03
6.349281221628189087e-02
9.618270397186279297e-02
7.606259733438491821e-02
3.655182197690010071e-02
-2.496601082384586334e-02
-6.989811360836029053e-02
-8.619709312915802002e-02
-6.984458863735198975e-02
-2.573892660439014435e-02
-1.213031727820634842e-02
-1.660344935953617096e-02
-1.731383241713047028e-02
-9.999000000000000000e+03
-9.999000000000000000e+03
-9.999000000000000000e+03
-9.999000000000000000e+03
-9.999000000000000000e+03
-9.999000000000000000e+03
-9.999000000000000000e+03
-9.999000000000000000e+03
-9.999000000000000000e+03
-9.999000000000000000e+03
-9.999000000000000000e+03
-9.999000000000000000e+03
-9.999000000000000000e+03
-9.999000000000000000e+03
-9.999000000000000000e+03
-9.999000000000000000e+03
-9.999000000000000000e+03
-9.999000000000000000e+03
-9.999000000000000000e+03
7.321252673864364624e-02
8.292984962463378906e-02
6.276226043701171875e-02
2.698821760714054108e-02
-7.186256349086761475e-02
-8.578261733055114746e-02
-7.635466754436492920e-02
-5.126203224062919617e-02
-3.367550298571586609e-02
-1.737177185714244843e-02
-9.999000000000000000e+03
-9.999000000000000000e+03
-9.999000000000000000e+03
-9.999000000000000000e+03
-9.999000000000000000e+03
-9.999000000000000000e+03
-9.999000000000000000e+03
-9.999000000000000000e+03
-9.999000000000000000e+03
-9.999000000000000000e+03
-9.999000000000000000e+03
-9.999000000000000000e+03
-9.999000000000000000e+03
-9.999000000000000000e+03
-9.999000000000000000e+03
-9.999000000000000000e+03
-9.999000000000000000e+03
-9.999000000000000000e+03
-9.999000000000000000e+03
-9.999000000000000000e+03
-9.999000000000000000e+03
6.145901605486869812e-02
4.483453184366226196e-02
3.378999978303909302e-02
-2.508112601935863495e-02
-6.836410611867904663e-02
-7.082121819257736206e-02
-9.999000000000000000e+03
-9.999000000000000000e+03
-9.999000000000000000e+03
-9.999000000000000000e+03
-9.999000000000000000e+03
-9.999000000000000000e+03
-9.999000000000000000e+03
-9.999000000000000000e+03
-9.999000000000000000e+03
-9.999000000000000000e+03
-9.999000000000000000e+03
-9.999000000000000000e+03
-9.999000000000000000e+03
-9.999000000000000000e+03
-9.999000000000000000e+03
-9.999000000000000000e+03
-9.999000000000000000e+03
-9.999000000000000000e+03
-9.999000000000000000e+03
-9.999000000000000000e+03
-9.999000000000000000e+03
-9.999000000000000000e+03
-9.999000000000000000e+03
-9.999000000000000000e+03
-9.999000000000000000e+03
1.435802411288022995e-02
1.869040541350841522e-02
2.020333521068096161e-02
-9.999000000000000000e+03
-9.999000000000000000e+03
-9.999000000000000000e+03
-9.999000000000000000e+03
-9.999000000000000000e+03
-9.999000000000000000e+03
-9.999000000000000000e+03
-9.999000000000000000e+03
-9.999000000000000000e+03
-9.999000000000000000e+03
-9.999000000000000000e+03
-9.999000000000000000e+03
-9.999000000000000000e+03
-9.999000000000000000e+03
-9.999000000000000000e+03
-9.999000000000000000e+03
-9.999000000000000000e+03
-9.999000000000000000e+03
-9.999000000000000000e+03
-9.999000000000000000e+03
-9.999000000000000000e+03
-9.999000000000000000e+03
-9.999000000000000000e+03
-9.999000000000000000e+03
-9.999000000000000000e+03
-9.999000000000000000e+03
-9.999000000000000000e+03
-9.999000000000000000e+03
