-1.315320581197738647e-01
-7.961507141590118408e-02
-3.689458966255187988e-02
2.181971631944179535e-02
9.355056285858154297e-02
1.570111364126205444e-01
2.160628437995910645e-01
2.587904036045074463e-01
2.930268645286560059e-01
3.203818798065185547e-01
3.140104115009307861e-01
-9.999000000000000000e+03
-9.999000000000000000e+03
-9.999000000000000000e+03
-9.999000000000000000e+03
-9.999000000000000000e+03
-9.999000000000000000e+03
-9.999000000000000000e+03
-9.999000000000000000e+03
-9.999000000000000000e+03
-9.999000000000000000e+03
-9.999000000000000000e+03
-9.999000000000000000e+03
1.855995319783687592e-02
-1.443204004317522049e-02
1.412309706211090088e-02
3.521361574530601501e-02
2.452053315937519073e-02
2.043090760707855225e-02
9.451333433389663696e-03
1.850794814527034760e-02
-1.109424531459808350e-01
-7.533829659223556519e-02
-3.939418494701385498e-02
9.814812801778316498e-03
8.917402476072311401e-02
1.660317629575729370e-01
2.276994735002517700e-01
2.672441899776458740e-01
2.890782654285430908e-01
3.102619349956512451e-01
3.071514070034027100e-01
1.694779843091964722e-01
-9.999000000000000000e+03
-9.999000000000000000e+03
-9.999000000000000000e+03
-9.999000000000000000e+03
-9.999000000000000000e+03
-9.999000000000000000e+03
-9.999000000000000000e+03
-9.999000000000000000e+03
-9.999000000000000000e+03
-1.902472600340843201e-02
-1.301054283976554871e-02
3.438009880483150482e-03
-4.905613139271736145e-03
1.289435382932424545e-02
1.179148536175489426e-02
2.963456092402338982e-03
-3.382693103048950434e-04
6.468810606747865677e-03
2.287090383470058441e-02
-1.091495677828788757e-01
-6.120922788977622986e-02
-2.352521941065788269e-02
3.674662113189697266e-02
1.020872369408607483e-01
1.671115756034851074e-01
2.203698605298995972e-01
2.586510479450225830e-01
2.719717025756835938e-01
2.803268432617187500e-01
2.598881721496582031e-01
1.711528599262237549e-01
-9.999000000000000000e+03
-9.999000000000000000e+03
-9.999000000000000000e+03
-9.999000000000000000e+03
-9.999000000000000000e+03
-9.999000000000000000e+03
-9.999000000000000000e+03
-3.701858595013618469e-02
-3.025753796100616455e-02
-2.851510979235172272e-02
-2.001762203872203827e-02
-8.737898431718349457e-03
1.022874284535646439e-02
1.529442891478538513e-02
6.513365544378757477e-03
-4.169952124357223511e-03
-4.120934754610061646e-03
6.724400445818901062e-03
1.920693321153521538e-03
-8.251929283142089844e-02
-3.913450241088867188e-02
-2.502451883628964424e-03
5.409523472189903259e-02
1.236364170908927917e-01
1.845500022172927856e-01
2.165268808603286743e-01
2.384331971406936646e-01
2.416150569915771484e-01
2.498425841331481934e-01
2.402560412883758545e-01
1.687727272510528564e-01
8.269987255334854126e-02
-9.999000000000000000e+03
-9.999000000000000000e+03
-9.999000000000000000e+03
-3.571204468607902527e-02
-5.772908776998519897e-02
-6.222749501466751099e-02
-3.697196766734123230e-02
-1.526098884642124176e-02
-3.713135141879320145e-03
8.230576291680335999e-03
3.871091408655047417e-03
8.103471249341964722e-03
7.647331804037094116e-03
-7.926809601485729218e-03
-2.692436613142490387e-02
-3.764903545379638672e-02
-2.958277054131031036e-02
-2.927591279149055481e-02
-6.571891158819198608e-02
-8.092386648058891296e-03
4.074820876121520996e-02
8.421411365270614624e-02
1.324685961008071899e-01
1.720911860466003418e-01
1.954284459352493286e-01
2.064451277256011963e-01
2.033116519451141357e-01
2.023563086986541748e-01
1.747386455535888672e-01
1.106496229767799377e-01
5.425317212939262390e-02
1.527321711182594299e-02
-3.636021167039871216e-02
-6.038020551204681396e-02
-7.665947824716567993e-02
-6.869167089462280273e-02
-5.400668829679489136e-02
-2.294106036424636841e-02
7.400850765407085419e-03
2.940209954977035522e-02
5.001761764287948608e-02
3.004274517297744751e-02
1.448785886168479919e-02
-1.231705117970705032e-02
-3.657110780477523804e-02
-6.812608987092971802e-02
-8.489074558019638062e-02
-7.417246699333190918e-02
-6.663897633552551270e-02
-4.990810900926589966e-02
-5.034960922785103321e-04
4.930187761783599854e-02
9.274931997060775757e-02
1.383385360240936279e-01
1.625691205263137817e-01
1.669779121875762939e-01
1.743084341287612915e-01
1.741537898778915405e-01
1.700000613927841187e-01
1.211843565106391907e-01
4.306324943900108337e-02
3.926858305931091309e-03
-3.352558985352516174e-02
-6.058960407972335815e-02
-7.198833674192428589e-02
-6.980878859758377075e-02
-3.532826527953147888e-02
-1.235346868634223938e-02
3.001957759261131287e-02
4.806088283658027649e-02
5.792510882019996643e-02
5.960677564144134521e-02
3.683335334062576294e-02
4.900805186480283737e-03
-4.306801408529281616e-02
-7.565353810787200928e-02
-1.083180308341979980e-01
-1.266187131404876709e-01
-1.197742074728012085e-01
-1.123317107558250427e-01
-3.998284414410591125e-02
1.210252568125724792e-02
6.348701566457748413e-02
9.413849562406539917e-02
1.220557540655136108e-01
1.392925083637237549e-01
1.459741741418838501e-01
1.538725197315216064e-01
1.496881842613220215e-01
1.114471927285194397e-01
6.410456448793411255e-02
8.379773236811161041e-03
-2.316333726048469543e-02
-5.445654690265655518e-02
-4.832182452082633972e-02
-3.742663189768791199e-02
-1.118351053446531296e-02
1.809944957494735718e-02
2.988366782665252686e-02
5.972685664892196655e-02
6.632516533136367798e-02
6.387858837842941284e-02
4.298469796776771545e-02
1.398637704551219940e-02
-2.442125603556632996e-02
-5.889457091689109802e-02
-9.825433045625686646e-02
-1.388843506574630737e-01
-1.637342274188995361e-01
-1.570509523153305054e-01
-1.460741907358169556e-01
-3.655089437961578369e-02
6.638826802372932434e-03
7.079039514064788818e-02
8.285172283649444580e-02
9.868445247411727905e-02
1.162209138274192810e-01
1.335062086582183838e-01
1.414348930120468140e-01
1.286505013704299927e-01
6.633432954549789429e-02
8.377227932214736938e-03
-2.863979339599609375e-02
-2.666265890002250671e-02
-2.010796219110488892e-02
5.590455839410424232e-04
1.128392014652490616e-02
4.155220463871955872e-02
5.864654853940010071e-02
6.212684884667396545e-02
6.466951966285705566e-02
6.320139765739440918e-02
5.698333308100700378e-02
4.004313424229621887e-02
-3.361717099323868752e-03
-5.300067365169525146e-02
-9.661623090505599976e-02
-1.373742073774337769e-01
-1.742894500494003296e-01
-1.938995569944381714e-01
-1.844256222248077393e-01
-1.698842495679855347e-01
-2.503353357315063477e-02
1.575502380728721619e-02
5.090102925896644592e-02
5.961792171001434326e-02
7.879438251256942749e-02
9.998414665460586548e-02
1.251107007265090942e-01
1.149327903985977173e-01
8.188553154468536377e-02
3.284660726785659790e-02
-2.303978893905878067e-03
-2.241034246981143951e-02
8.715147152543067932e-03
3.474124893546104431e-02
5.233674123883247375e-02
5.686545744538307190e-02
6.762247532606124878e-02
6.786305457353591919e-02
6.111536175012588501e-02
5.972983315587043762e-02
5.960626527667045593e-02
5.385310202836990356e-02
3.134404122829437256e-02
1.082281232811510563e-04
-3.365299850702285767e-02
-9.706752747297286987e-02
-1.563463658094406128e-01
-2.109951525926589966e-01
-2.244470715522766113e-01
-2.127669602632522583e-01
-1.910934299230575562e-01
1.031404593959450722e-03
2.492604032158851624e-02
3.514650091528892517e-02
4.432161524891853333e-02
7.604847848415374756e-02
1.043549031019210815e-01
1.123632118105888367e-01
9.813852608203887939e-02
7.330052554607391357e-02
2.477052249014377594e-02
2.685744082555174828e-03
2.835105732083320618e-02
5.085146054625511169e-02
6.235935166478157043e-02
7.213648408651351929e-02
7.821863144636154175e-02
8.074092864990234375e-02
4.521780088543891907e-02
3.606801480054855347e-02
2.952053770422935486e-02
4.751466959714889526e-02
-9.999000000000000000e+03
-9.999000000000000000e+03
-9.999000000000000000e+03
-9.999000000000000000e+03
-9.999000000000000000e+03
-9.999000000000000000e+03
-1.527091711759567261e-01
-2.134554237127304077e-01
-2.228648811578750610e-01
-1.917856782674789429e-01
-1.980038732290267944e-02
2.228627854492515326e-04
2.255413122475147247e-02
3.967342898249626160e-02
7.632283121347427368e-02
9.951759129762649536e-02
1.001333072781562805e-01
8.983595669269561768e-02
6.890640407800674438e-02
4.940147325396537781e-02
3.580185770988464355e-02
8.183480054140090942e-02
7.881321758031845093e-02
7.598913460969924927e-02
7.392451912164688110e-02
6.957389414310455322e-02
7.632845640182495117e-02
-9.999000000000000000e+03
-9.999000000000000000e+03
-9.999000000000000000e+03
-9.999000000000000000e+03
-9.999000000000000000e+03
-9.999000000000000000e+03
-9.999000000000000000e+03
-9.999000000000000000e+03
-9.999000000000000000e+03
-9.999000000000000000e+03
-1.269035190343856812e-01
-1.864925771951675415e-01
-2.127168774604797363e-01
-1.915055215358734131e-01
-8.104718476533889771e-02
-4.066045954823493958e-02
2.283809473738074303e-03
3.529638051986694336e-02
6.078182905912399292e-02
8.094932138919830322e-02
9.705542027950286865e-02
8.732001483440399170e-02
7.617850601673126221e-02
9.819247573614120483e-02
1.005696132779121399e-01
1.033791601657867432e-01
9.114867448806762695e-02
7.668651640415191650e-02
4.039688035845756531e-02
3.996053338050842285e-02
-9.999000000000000000e+03
-9.999000000000000000e+03
-9.999000000000000000e+03
-9.999000000000000000e+03
-9.999000000000000000e+03
-9.999000000000000000e+03
-9.999000000000000000e+03
-9.999000000000000000e+03
-9.999000000000000000e+03
-9.999000000000000000e+03
-9.999000000000000000e+03
-9.999000000000000000e+03
-1.193143576383590698e-01
-1.733487695455551147e-01
-1.432418823242187500e-01
-7.106765359640121460e-02
-5.868836864829063416e-02
-2.258909121155738831e-02
1.004023663699626923e-02
4.311562329530715942e-02
8.157462626695632935e-02
8.929749578237533569e-02
9.585622698068618774e-02
1.083578318357467651e-01
1.320907175540924072e-01
1.308085471391677856e-01
1.064690798521041870e-01
8.151954412460327148e-02
8.263076841831207275e-02
-9.999000000000000000e+03
-9.999000000000000000e+03
-9.999000000000000000e+03
-9.999000000000000000e+03
-9.999000000000000000e+03
-9.999000000000000000e+03
-9.999000000000000000e+03
-9.999000000000000000e+03
-9.999000000000000000e+03
-9.999000000000000000e+03
-9.999000000000000000e+03
-9.999000000000000000e+03
-9.999000000000000000e+03
-9.999000000000000000e+03
-9.999000000000000000e+03
-1.250776648521423340e-01
-1.023437976837158203e-01
-9.999000000000000000e+03
-5.773742124438285828e-02
-4.789289087057113647e-02
-1.702257618308067322e-02
2.727294154465198517e-02
6.256584823131561279e-02
8.044942468404769897e-02
1.186854168772697449e-01
1.487303078174591064e-01
1.420631706714630127e-01
1.198422759771347046e-01
9.637787938117980957e-02
6.838683784008026123e-02
-9.999000000000000000e+03
-9.999000000000000000e+03
-9.999000000000000000e+03
-9.999000000000000000e+03
-9.999000000000000000e+03
-9.999000000000000000e+03
-9.999000000000000000e+03
-9.999000000000000000e+03
-9.999000000000000000e+03
-9.999000000000000000e+03
-9.999000000000000000e+03
-9.999000000000000000e+03
-9.999000000000000000e+03
-9.999000000000000000e+03
-9.999000000000000000e+03
-9.999000000000000000e+03
-6.988999247550964355e-02
-4.941217228770256042e-02
-9.999000000000000000e+03
-9.999000000000000000e+03
-6.966037303209304810e-02
-2.802560292184352875e-02
2.940348535776138306e-02
6.553591787815093994e-02
1.024922356009483337e-01
1.286988407373428345e-01
1.408035606145858765e-01
1.271523237228393555e-01
9.032616764307022095e-02
4.513164982199668884e-02
-9.999000000000000000e+03
-9.999000000000000000e+03
-9.999000000000000000e+03
-9.999000000000000000e+03
-9.999000000000000000e+03
-9.999000000000000000e+03
-9.999000000000000000e+03
-9.999000000000000000e+03
-9.999000000000000000e+03
-9.999000000000000000e+03
-9.999000000000000000e+03
-9.999000000000000000e+03
-9.999000000000000000e+03
-9.999000000000000000e+03
-9.999000000000000000e+03
-9.999000000000000000e+03
-9.999000000000000000e+03
-3.860569745302200317e-02
-2.568399347364902496e-02
-9.999000000000000000e+03
-9.999000000000000000e+03
-4.760422930121421814e-02
-2.219727076590061188e-02
2.851702086627483368e-02
7.303103059530258179e-02
1.185670271515846252e-01
1.247522681951522827e-01
1.185814067721366882e-01
1.061053201556205750e-01
8.715867251157760620e-02
7.975682616233825684e-02
-9.999000000000000000e+03
-9.999000000000000000e+03
-9.999000000000000000e+03
-9.999000000000000000e+03
-9.999000000000000000e+03
-9.999000000000000000e+03
-9.999000000000000000e+03
-9.999000000000000000e+03
-9.999000000000000000e+03
-9.999000000000000000e+03
-9.999000000000000000e+03
-9.999000000000000000e+03
-9.999000000000000000e+03
-9.999000000000000000e+03
-9.999000000000000000e+03
-9.999000000000000000e+03
-9.999000000000000000e+03
-9.999000000000000000e+03
-9.999000000000000000e+03
-9.999000000000000000e+03
-9.999000000000000000e+03
-3.150314465165138245e-02
-1.335228886455297470e-02
2.615375258028507233e-02
7.422047853469848633e-02
1.079317405819892883e-01
1.212072372436523438e-01
1.181985735893249512e-01
1.125326752662658691e-01
8.185128867626190186e-02
6.668138504028320312e-02
-9.999000000000000000e+03
-9.999000000000000000e+03
-9.999000000000000000e+03
-9.999000000000000000e+03
-9.999000000000000000e+03
-9.999000000000000000e+03
-9.999000000000000000e+03
-9.999000000000000000e+03
-9.999000000000000000e+03
-9.999000000000000000e+03
-9.999000000000000000e+03
-9.999000000000000000e+03
-9.999000000000000000e+03
-9.999000000000000000e+03
-9.999000000000000000e+03
-9.999000000000000000e+03
-9.999000000000000000e+03
-9.999000000000000000e+03
-9.999000000000000000e+03
-9.999000000000000000e+03
-9.999000000000000000e+03
-9.999000000000000000e+03
-1.890477910637855530e-02
1.027886196970939636e-02
6.097074225544929504e-02
9.453668445348739624e-02
1.115013286471366882e-01
1.387521922588348389e-01
1.481680721044540405e-01
8.782034367322921753e-02
-9.999000000000000000e+03
-9.999000000000000000e+03
-9.999000000000000000e+03
-9.999000000000000000e+03
-9.999000000000000000e+03
-9.999000000000000000e+03
-9.999000000000000000e+03
-9.999000000000000000e+03
-9.999000000000000000e+03
-9.999000000000000000e+03
-9.999000000000000000e+03
-9.999000000000000000e+03
-9.999000000000000000e+03
-9.999000000000000000e+03
-9.999000000000000000e+03
-9.999000000000000000e+03
-9.999000000000000000e+03
-9.999000000000000000e+03
-9.999000000000000000e+03
-9.999000000000000000e+03
-9.999000000000000000e+03
-9.999000000000000000e+03
-9.999000000000000000e+03
-7.591662928462028503e-03
9.851329959928989410e-03
3.628756850957870483e-02
5.639893561601638794e-02
9.574934840202331543e-02
1.494740247726440430e-01
1.697862446308135986e-01
1.070040464401245117e-01
6.037848815321922302e-02
-9.999000000000000000e+03
-9.999000000000000000e+03
-9.999000000000000000e+03
-9.999000000000000000e+03
-9.999000000000000000e+03
-9.999000000000000000e+03
-9.999000000000000000e+03
-9.999000000000000000e+03
-9.999000000000000000e+03
-9.999000000000000000e+03
-9.999000000000000000e+03
-9.999000000000000000e+03
-9.999000000000000000e+03
-9.999000000000000000e+03
-9.999000000000000000e+03
-9.999000000000000000e+03
-9.999000000000000000e+03
-9.999000000000000000e+03
-9.999000000000000000e+03
-9.999000000000000000e+03
-9.999000000000000000e+03
-9.999000000000000000e+03
-9.999000000000000000e+03
1.359975524246692657e-02
2.678522840142250061e-02
2.997411973774433136e-02
4.266643151640892029e-02
8.339616656303405762e-02
5.135669186711311340e-02
5.689572542905807495e-02
6.768222153186798096e-02
-9.999000000000000000e+03
-9.999000000000000000e+03
-9.999000000000000000e+03
-9.999000000000000000e+03
-9.999000000000000000e+03
-9.999000000000000000e+03
-9.999000000000000000e+03
-9.999000000000000000e+03
-9.999000000000000000e+03
-9.999000000000000000e+03
-9.999000000000000000e+03
-9.999000000000000000e+03
-9.999000000000000000e+03
-9.999000000000000000e+03
-9.999000000000000000e+03
-9.999000000000000000e+03
-9.999000000000000000e+03
-9.999000000000000000e+03
-9.999000000000000000e+03
-9.999000000000000000e+03
-9.999000000000000000e+03
-9.999000000000000000e+03
-9.999000000000000000e+03
9.057636372745037079e-03
1.055212598294019699e-02
-6.046914495527744293e-05
-2.091151289641857147e-02
-3.741000220179557800e-02
-8.650410175323486328e-02
-7.373952120542526245e-02
4.806345794349908829e-03
7.005966454744338989e-02
-9.999000000000000000e+03
-9.999000000000000000e+03
-9.999000000000000000e+03
-9.999000000000000000e+03
-9.999000000000000000e+03
-9.999000000000000000e+03
-9.999000000000000000e+03
-9.999000000000000000e+03
-9.999000000000000000e+03
-9.999000000000000000e+03
-9.999000000000000000e+03
-9.999000000000000000e+03
-9.999000000000000000e+03
-9.999000000000000000e+03
-9.999000000000000000e+03
-9.999000000000000000e+03
-9.999000000000000000e+03
-9.999000000000000000e+03
-9.999000000000000000e+03
-9.999000000000000000e+03
-9.999000000000000000e+03
-9.999000000000000000e+03
1.813160255551338196e-02
9.501699823886156082e-04
-1.045978814363479614e-02
-2.640176564455032349e-02
-3.939509019255638123e-02
-7.756784558296203613e-02
-8.751736581325531006e-02
-1.519958488643169403e-02
5.864993855357170105e-02
4.851232841610908508e-02
2.597107551991939545e-02
2.166024595499038696e-02
1.791877672076225281e-02
-9.999000000000000000e+03
-9.999000000000000000e+03
-9.999000000000000000e+03
-9.999000000000000000e+03
-9.999000000000000000e+03
-9.999000000000000000e+03
-9.999000000000000000e+03
-9.999000000000000000e+03
-9.999000000000000000e+03
-9.999000000000000000e+03
-9.999000000000000000e+03
-9.999000000000000000e+03
-9.999000000000000000e+03
-9.999000000000000000e+03
-9.999000000000000000e+03
-9.999000000000000000e+03
-9.999000000000000000e+03
4.144863784313201904e-02
3.663190826773643494e-02
1.349173206835985184e-02
-1.345072872936725616e-02
-3.185407444834709167e-02
-4.017678648233413696e-02
-4.588209092617034912e-02
-5.178340896964073181e-02
-2.733161486685276031e-02
1.938002556562423706e-02
1.987527310848236084e-02
3.571099415421485901e-02
1.456399634480476379e-02
2.091681957244873047e-02
-9.999000000000000000e+03
-9.999000000000000000e+03
-9.999000000000000000e+03
-9.999000000000000000e+03
-9.999000000000000000e+03
-9.999000000000000000e+03
-9.999000000000000000e+03
-9.999000000000000000e+03
-9.999000000000000000e+03
-9.999000000000000000e+03
-9.999000000000000000e+03
-9.999000000000000000e+03
-9.999000000000000000e+03
-9.999000000000000000e+03
-9.999000000000000000e+03
3.285207599401473999e-02
3.565141558647155762e-02
4.899530112743377686e-02
3.623750805854797363e-02
4.657314158976078033e-03
-1.595707982778549194e-02
-2.115421742200851440e-02
-1.833222433924674988e-02
-1.857866905629634857e-02
-3.437615185976028442e-02
-3.731042891740798950e-02
-2.221994102001190186e-02
2.621652185916900635e-02
5.133977904915809631e-02
-9.999000000000000000e+03
-9.999000000000000000e+03
-9.999000000000000000e+03
-9.999000000000000000e+03
-9.999000000000000000e+03
-9.999000000000000000e+03
-9.999000000000000000e+03
-9.999000000000000000e+03
-9.999000000000000000e+03
-9.999000000000000000e+03
-9.999000000000000000e+03
-9.999000000000000000e+03
-9.999000000000000000e+03
-9.999000000000000000e+03
-9.999000000000000000e+03
-9.999000000000000000e+03
2.677774429321289062e-02
3.620989248156547546e-02
5.911556258797645569e-02
5.345534160733222961e-02
2.358751371502876282e-02
-1.526026707142591476e-02
-2.372837625443935394e-02
-2.044122666120529175e-02
-4.693287191912531853e-04
2.808254677802324295e-03
-1.529091037809848785e-02
-4.113704711198806763e-02
-7.712756097316741943e-02
2.760744653642177582e-02
-9.999000000000000000e+03
-9.999000000000000000e+03
-9.999000000000000000e+03
-9.999000000000000000e+03
-9.999000000000000000e+03
-9.999000000000000000e+03
-9.999000000000000000e+03
-9.999000000000000000e+03
-9.999000000000000000e+03
-9.999000000000000000e+03
-9.999000000000000000e+03
-9.999000000000000000e+03
-9.999000000000000000e+03
-9.999000000000000000e+03
-9.999000000000000000e+03
-9.999000000000000000e+03
-9.999000000000000000e+03
4.870932549238204956e-02
6.210198625922203064e-02
8.925250172615051270e-02
4.954921454191207886e-02
-1.501351016486296430e-05
-2.841388247907161713e-02
-3.673274070024490356e-02
-3.223165869712829590e-02
9.824794251471757889e-04
1.211444102227687836e-02
-2.439206698909401894e-03
-5.008511990308761597e-02
-5.089316144585609436e-02
-9.296383941546082497e-04
-9.999000000000000000e+03
-9.999000000000000000e+03
-9.999000000000000000e+03
-9.999000000000000000e+03
-9.999000000000000000e+03
-9.999000000000000000e+03
-9.999000000000000000e+03
-9.999000000000000000e+03
-9.999000000000000000e+03
-9.999000000000000000e+03
-9.999000000000000000e+03
-9.999000000000000000e+03
-9.999000000000000000e+03
-9.999000000000000000e+03
-9.999000000000000000e+03
-9.999000000000000000e+03
-9.999000000000000000e+03
9.655708074569702148e-02
1.105540394783020020e-01
9.551009535789489746e-02
5.367642641067504883e-02
9.226344409398734570e-04
-2.871897257864475250e-02
-4.335302114486694336e-02
-3.874955326318740845e-02
-1.551272440701723099e-02
-7.703603478148579597e-04
-1.191295217722654343e-02
-6.425758451223373413e-02
-6.044533103704452515e-02
-9.999000000000000000e+03
-9.999000000000000000e+03
-9.999000000000000000e+03
-9.999000000000000000e+03
-9.999000000000000000e+03
-9.999000000000000000e+03
-9.999000000000000000e+03
-9.999000000000000000e+03
-9.999000000000000000e+03
-9.999000000000000000e+03
-9.999000000000000000e+03
-9.999000000000000000e+03
-9.999000000000000000e+03
-9.999000000000000000e+03
-9.999000000000000000e+03
-9.999000000000000000e+03
-9.999000000000000000e+03
-9.999000000000000000e+03
1.295855641365051270e-01
1.368190795183181763e-01
8.353202044963836670e-02
2.586193010210990906e-02
-2.048450894653797150e-02
-4.422992095351219177e-02
-5.354097113013267517e-02
-5.150590464472770691e-02
-2.448799833655357361e-02
-1.053631305694580078e-02
-2.006227709352970123e-02
-4.822770133614540100e-02
-9.999000000000000000e+03
-9.999000000000000000e+03
-9.999000000000000000e+03
-9.999000000000000000e+03
-9.999000000000000000e+03
-9.999000000000000000e+03
-9.999000000000000000e+03
-9.999000000000000000e+03
-9.999000000000000000e+03
-9.999000000000000000e+03
-9.999000000000000000e+03
-9.999000000000000000e+03
-9.999000000000000000e+03
-9.999000000000000000e+03
-9.999000000000000000e+03
-9.999000000000000000e+03
-9.999000000000000000e+03
-9.999000000000000000e+03
-9.999000000000000000e+03
1.196734160184860229e-01
1.225084587931632996e-01
8.534993976354598999e-02
1.879698224365711212e-02
-6.794328987598419189e-02
-8.028693497180938721e-02
-6.933858990669250488e-02
-4.924596846103668213e-02
-3.371988236904144287e-02
-1.431164331734180450e-02
-9.999000000000000000e+03
-9.999000000000000000e+03
-9.999000000000000000e+03
-9.999000000000000000e+03
-9.999000000000000000e+03
-9.999000000000000000e+03
-9.999000000000000000e+03
-9.999000000000000000e+03
-9.999000000000000000e+03
-9.999000000000000000e+03
-9.999000000000000000e+03
-9.999000000000000000e+03
-9.999000000000000000e+03
-9.999000000000000000e+03
-9.999000000000000000e+03
-9.999000000000000000e+03
-9.999000000000000000e+03
-9.999000000000000000e+03
-9.999000000000000000e+03
-9.999000000000000000e+03
-9.999000000000000000e+03
1.041232720017433167e-01
1.145737767219543457e-01
6.090141460299491882e-02
-3.786125918850302696e-03
-5.235257372260093689e-02
-7.391601800918579102e-02
-9.999000000000000000e+03
-9.999000000000000000e+03
-9.999000000000000000e+03
-9.999000000000000000e+03
-9.999000000000000000e+03
-9.999000000000000000e+03
-9.999000000000000000e+03
-9.999000000000000000e+03
-9.999000000000000000e+03
-9.999000000000000000e+03
-9.999000000000000000e+03
-9.999000000000000000e+03
-9.999000000000000000e+03
-9.999000000000000000e+03
-9.999000000000000000e+03
-9.999000000000000000e+03
-9.999000000000000000e+03
-9.999000000000000000e+03
-9.999000000000000000e+03
-9.999000000000000000e+03
-9.999000000000000000e+03
-9.999000000000000000e+03
-9.999000000000000000e+03
-9.999000000000000000e+03
-9.999000000000000000e+03
5.982634052634239197e-02
5.811935663223266602e-02
4.752475023269653320e-02
-9.999000000000000000e+03
-9.999000000000000000e+03
-9.999000000000000000e+03
-9.999000000000000000e+03
-9.999000000000000000e+03
-9.999000000000000000e+03
-9.999000000000000000e+03
-9.999000000000000000e+03
-9.999000000000000000e+03
-9.999000000000000000e+03
-9.999000000000000000e+03
-9.999000000000000000e+03
-9.999000000000000000e+03
-9.999000000000000000e+03
-9.999000000000000000e+03
-9.999000000000000000e+03
-9.999000000000000000e+03
-9.999000000000000000e+03
-9.999000000000000000e+03
-9.999000000000000000e+03
-9.999000000000000000e+03
-9.999000000000000000e+03
-9.999000000000000000e+03
-9.999000000000000000e+03
-9.999000000000000000e+03
-9.999000000000000000e+03
-9.999000000000000000e+03
-9.999000000000000000e+03
