1.211946383118629456e-01
1.260898709297180176e-01
1.124591007828712463e-01
9.034807235002517700e-02
8.612451702356338501e-02
5.946021899580955505e-02
4.912089556455612183e-02
4.605962336063385010e-02
2.701948210597038269e-02
2.958453632891178131e-02
-2.384629845619201660e-02
-9.999000000000000000e+03
-9.999000000000000000e+03
-9.999000000000000000e+03
-9.999000000000000000e+03
-9.999000000000000000e+03
-9.999000000000000000e+03
-9.999000000000000000e+03
-9.999000000000000000e+03
-9.999000000000000000e+03
-9.999000000000000000e+03
-9.999000000000000000e+03
-9.999000000000000000e+03
1.149995159357786179e-02
4.564926400780677795e-02
7.179374247789382935e-02
1.047203540802001953e-01
1.441444009542465210e-01
1.538972109556198120e-01
1.571278721094131470e-01
1.470447182655334473e-01
4.966033995151519775e-02
5.673478543758392334e-02
4.932082816958427429e-02
3.240712359547615051e-02
2.449515089392662048e-02
-1.558711193501949310e-02
-2.987311221659183502e-02
-1.791671849787235260e-02
-1.666463725268840790e-02
7.313681300729513168e-03
2.003215812146663666e-02
1.793386414647102356e-02
-9.999000000000000000e+03
-9.999000000000000000e+03
-9.999000000000000000e+03
-9.999000000000000000e+03
-9.999000000000000000e+03
-9.999000000000000000e+03
-9.999000000000000000e+03
-9.999000000000000000e+03
-9.999000000000000000e+03
5.124109983444213867e-02
7.046380639076232910e-02
6.536884605884552002e-02
1.049699634313583374e-01
1.159466058015823364e-01
1.260127723217010498e-01
1.433801203966140747e-01
1.429658234119415283e-01
1.416466385126113892e-01
1.339202821254730225e-01
-5.730252247303724289e-03
-1.115867961198091507e-02
-2.303489856421947479e-02
-5.172667652368545532e-02
-5.537431687116622925e-02
-8.121293783187866211e-02
-8.752974122762680054e-02
-6.959310173988342285e-02
-5.515925958752632141e-02
-1.738920807838439941e-02
1.745104975998401642e-02
2.814478613436222076e-02
-9.999000000000000000e+03
-9.999000000000000000e+03
-9.999000000000000000e+03
-9.999000000000000000e+03
-9.999000000000000000e+03
-9.999000000000000000e+03
-9.999000000000000000e+03
8.262490481138229370e-02
8.526650816202163696e-02
1.110462024807929993e-01
1.067036390304565430e-01
1.002898886799812317e-01
1.031566262245178223e-01
1.027540490031242371e-01
1.136910319328308105e-01
1.038650870323181152e-01
1.026457026600837708e-01
1.111185476183891296e-01
1.059660539031028748e-01
-5.725608393549919128e-02
-6.859322637319564819e-02
-8.171637356281280518e-02
-1.092350408434867859e-01
-1.256729960441589355e-01
-1.471748948097229004e-01
-1.415517479181289673e-01
-1.111128255724906921e-01
-8.417005091905593872e-02
-4.281279072165489197e-02
-1.512369606643915176e-03
4.653661698102951050e-02
9.333894401788711548e-02
-9.999000000000000000e+03
-9.999000000000000000e+03
-9.999000000000000000e+03
7.516217231750488281e-02
9.916613996028900146e-02
1.164607405662536621e-01
1.031680181622505188e-01
8.236347138881683350e-02
7.825197279453277588e-02
4.879407212138175964e-02
4.804348200559616089e-02
3.165104240179061890e-02
5.027414765208959579e-03
3.629869595170021057e-02
3.053825162351131439e-02
4.383587092161178589e-02
6.457456201314926147e-02
7.488012313842773438e-02
-9.347270429134368896e-02
-1.109418421983718872e-01
-1.294530481100082397e-01
-1.500930935144424438e-01
-1.629270017147064209e-01
-1.707859486341476440e-01
-1.606165170669555664e-01
-1.305539608001708984e-01
-9.801951050758361816e-02
-6.487251073122024536e-02
-1.314503047615289688e-02
3.425023332238197327e-02
9.648532420396804810e-02
1.219774484634399414e-01
1.063815355300903320e-01
1.081665605306625366e-01
9.486766904592514038e-02
7.390029728412628174e-02
6.693721562623977661e-02
2.356983721256256104e-02
2.858745574485510588e-04
-3.528681769967079163e-02
-8.316947519779205322e-02
-7.270153611898422241e-02
-8.571345359086990356e-02
-6.980411708354949951e-02
-3.536898642778396606e-02
-1.432719267904758453e-02
1.056902389973402023e-02
3.779289126396179199e-02
5.418514087796211243e-02
-1.150839626789093018e-01
-1.225967705249786377e-01
-1.378708481788635254e-01
-1.620651632547378540e-01
-1.742616891860961914e-01
-1.694036722183227539e-01
-1.485818326473236084e-01
-1.270756274461746216e-01
-1.077615469694137573e-01
-7.850701361894607544e-02
-3.534082695841789246e-02
1.161726191639900208e-02
5.703167617321014404e-02
8.024401217699050903e-02
7.593140751123428345e-02
7.232298702001571655e-02
3.107661940157413483e-02
-3.227269276976585388e-02
-7.088996469974517822e-02
-1.426444500684738159e-01
-1.578176915645599365e-01
-1.523115932941436768e-01
-1.592009365558624268e-01
-1.347821503877639771e-01
-1.151065528392791748e-01
-8.625407516956329346e-02
-5.633910372853279114e-02
-4.286380484700202942e-02
-2.586355805397033691e-02
2.712657907977700233e-03
1.769457571208477020e-02
-1.372176110744476318e-01
-1.300796121358871460e-01
-1.334915012121200562e-01
-1.472552418708801270e-01
-1.634681224822998047e-01
-1.607860177755355835e-01
-1.359262466430664062e-01
-1.224461570382118225e-01
-1.091350093483924866e-01
-7.842738181352615356e-02
-3.507119044661521912e-02
3.888936480507254601e-03
3.974784538149833679e-02
5.257807299494743347e-02
1.157817617058753967e-02
-2.384599857032299042e-02
-8.443398773670196533e-02
-1.419979482889175415e-01
-1.665941625833511353e-01
-2.213246822357177734e-01
-2.192845940589904785e-01
-1.974532306194305420e-01
-1.724095791578292847e-01
-1.531803011894226074e-01
-1.318076252937316895e-01
-1.230822205543518066e-01
-9.544024616479873657e-02
-8.902268111705780029e-02
-8.357402682304382324e-02
-5.162258073687553406e-02
-3.824829310178756714e-02
-1.492129564285278320e-01
-1.444437652826309204e-01
-1.273426711559295654e-01
-1.306905150413513184e-01
-1.358972191810607910e-01
-1.308051198720932007e-01
-1.250681728124618530e-01
-1.221259385347366333e-01
-1.160656362771987915e-01
-7.916773855686187744e-02
-3.779031708836555481e-02
-1.887747831642627716e-02
-8.652381598949432373e-03
-1.669275388121604919e-02
-6.031810119748115540e-02
-9.753784537315368652e-02
-1.715640723705291748e-01
-2.095880210399627686e-01
-2.189429700374603271e-01
-2.134618312120437622e-01
-1.983597874641418457e-01
-1.854117661714553833e-01
-1.650254577398300171e-01
-1.600270420312881470e-01
-1.729641109704971313e-01
-1.836844384670257568e-01
-1.617164015769958496e-01
-1.563482284545898438e-01
-1.413690596818923950e-01
-1.072619333863258362e-01
-8.939468860626220703e-02
-1.372731178998947144e-01
-1.423656344413757324e-01
-1.385969370603561401e-01
-1.278377324342727661e-01
-1.186409890651702881e-01
-1.153306737542152405e-01
-1.194628700613975525e-01
-1.041292846202850342e-01
-8.644222468137741089e-02
-7.547449320554733276e-02
-6.493838131427764893e-02
-6.154362484812736511e-02
-7.770367711782455444e-02
-1.064255535602569580e-01
-1.472065895795822144e-01
-1.692352443933486938e-01
-2.034100741147994995e-01
-2.094753831624984741e-01
-2.040272206068038940e-01
-1.739969849586486816e-01
-1.478898972272872925e-01
-1.378163844347000122e-01
-1.069500371813774109e-01
-1.149097234010696411e-01
-9.330955147743225098e-02
-1.604137420654296875e-01
-1.766542196273803711e-01
-1.912283003330230713e-01
-1.777311712503433228e-01
-1.487333476543426514e-01
-1.289092004299163818e-01
-1.271038651466369629e-01
-1.191933602094650269e-01
-1.123198568820953369e-01
-1.003368794918060303e-01
-9.712437540292739868e-02
-9.836950153112411499e-02
-9.663753956556320190e-02
-8.308072388172149658e-02
-6.203404068946838379e-02
-7.335018366575241089e-02
-8.841221034526824951e-02
-1.156696453690528870e-01
-1.356202661991119385e-01
-1.498236358165740967e-01
-1.687236428260803223e-01
-1.879426538944244385e-01
-2.042258083820343018e-01
-1.439110189676284790e-01
-1.615795046091079712e-01
-1.256058067083358765e-01
-1.016357392072677612e-01
-9.999000000000000000e+03
-9.999000000000000000e+03
-9.999000000000000000e+03
-9.999000000000000000e+03
-9.999000000000000000e+03
-9.999000000000000000e+03
-1.929792016744613647e-01
-1.782071739435195923e-01
-1.741693764925003052e-01
-1.675485670566558838e-01
-1.144404411315917969e-01
-1.009565219283103943e-01
-9.163002669811248779e-02
-7.825607806444168091e-02
-7.932482659816741943e-02
-6.953668594360351562e-02
-6.700519472360610962e-02
-6.578589230775833130e-02
-6.161781400442123413e-02
-7.572202384471893311e-02
-9.751350432634353638e-02
-1.384968310594558716e-01
-1.485175043344497681e-01
-1.557132452726364136e-01
-1.535838395357131958e-01
-1.429890543222427368e-01
-1.247818097472190857e-01
-9.999000000000000000e+03
-9.999000000000000000e+03
-9.999000000000000000e+03
-9.999000000000000000e+03
-9.999000000000000000e+03
-9.999000000000000000e+03
-9.999000000000000000e+03
-9.999000000000000000e+03
-9.999000000000000000e+03
-9.999000000000000000e+03
-9.903586655855178833e-02
-1.471392810344696045e-01
-1.880588382482528687e-01
-2.021387964487075806e-01
-1.394535899162292480e-01
-1.203184798359870911e-01
-9.041740745306015015e-02
-7.753539085388183594e-02
-6.512687355279922485e-02
-6.109485402703285217e-02
-5.776661634445190430e-02
-5.666448175907135010e-02
-5.968854948878288269e-02
-9.566791355609893799e-02
-1.215224489569664001e-01
-1.343939155340194702e-01
-1.273120790719985962e-01
-1.296083480119705200e-01
-7.597872614860534668e-02
-8.967180550098419189e-02
-9.999000000000000000e+03
-9.999000000000000000e+03
-9.999000000000000000e+03
-9.999000000000000000e+03
-9.999000000000000000e+03
-9.999000000000000000e+03
-9.999000000000000000e+03
-9.999000000000000000e+03
-9.999000000000000000e+03
-9.999000000000000000e+03
-9.999000000000000000e+03
-9.999000000000000000e+03
-7.629472762346267700e-02
-1.767501085996627808e-01
-2.256294041872024536e-01
-1.993118822574615479e-01
-1.674086600542068481e-01
-1.242617666721343994e-01
-1.029678359627723694e-01
-6.942671537399291992e-02
-5.755590647459030151e-02
-4.354818537831306458e-02
-5.109413713216781616e-02
-7.450518757104873657e-02
-1.086182817816734314e-01
-1.266537904739379883e-01
-1.195049211382865906e-01
-8.030200749635696411e-02
-8.391108363866806030e-02
-9.999000000000000000e+03
-9.999000000000000000e+03
-9.999000000000000000e+03
-9.999000000000000000e+03
-9.999000000000000000e+03
-9.999000000000000000e+03
-9.999000000000000000e+03
-9.999000000000000000e+03
-9.999000000000000000e+03
-9.999000000000000000e+03
-9.999000000000000000e+03
-9.999000000000000000e+03
-9.999000000000000000e+03
-9.999000000000000000e+03
-9.999000000000000000e+03
-1.275253593921661377e-01
-2.080046087503433228e-01
-9.999000000000000000e+03
-1.232586205005645752e-01
-1.389744132757186890e-01
-1.149683594703674316e-01
-8.838395774364471436e-02
-7.367187738418579102e-02
-7.378981262445449829e-02
-8.280287683010101318e-02
-1.159543618559837341e-01
-1.245862394571304321e-01
-1.150092706084251404e-01
-8.609093725681304932e-02
-6.665330380201339722e-02
-9.999000000000000000e+03
-9.999000000000000000e+03
-9.999000000000000000e+03
-9.999000000000000000e+03
-9.999000000000000000e+03
-9.999000000000000000e+03
-9.999000000000000000e+03
-9.999000000000000000e+03
-9.999000000000000000e+03
-9.999000000000000000e+03
-9.999000000000000000e+03
-9.999000000000000000e+03
-9.999000000000000000e+03
-9.999000000000000000e+03
-9.999000000000000000e+03
-9.999000000000000000e+03
-7.645744830369949341e-02
-1.478841900825500488e-01
-9.999000000000000000e+03
-9.999000000000000000e+03
-1.242528036236763000e-01
-1.003977954387664795e-01
-9.193076938390731812e-02
-9.280178695917129517e-02
-1.011500731110572815e-01
-1.051305830478668213e-01
-1.078567281365394592e-01
-9.590439498424530029e-02
-9.270726889371871948e-02
-4.690576344728469849e-02
-9.999000000000000000e+03
-9.999000000000000000e+03
-9.999000000000000000e+03
-9.999000000000000000e+03
-9.999000000000000000e+03
-9.999000000000000000e+03
-9.999000000000000000e+03
-9.999000000000000000e+03
-9.999000000000000000e+03
-9.999000000000000000e+03
-9.999000000000000000e+03
-9.999000000000000000e+03
-9.999000000000000000e+03
-9.999000000000000000e+03
-9.999000000000000000e+03
-9.999000000000000000e+03
-9.999000000000000000e+03
-3.009580634534358978e-02
-6.461407244205474854e-02
-9.999000000000000000e+03
-9.999000000000000000e+03
-7.798643410205841064e-02
-8.274233341217041016e-02
-7.105897367000579834e-02
-7.522465288639068604e-02
-7.998524606227874756e-02
-6.708063185214996338e-02
-5.527485162019729614e-02
-4.259059578180313110e-02
-4.771710187196731567e-02
-3.949249163269996643e-02
-9.999000000000000000e+03
-9.999000000000000000e+03
-9.999000000000000000e+03
-9.999000000000000000e+03
-9.999000000000000000e+03
-9.999000000000000000e+03
-9.999000000000000000e+03
-9.999000000000000000e+03
-9.999000000000000000e+03
-9.999000000000000000e+03
-9.999000000000000000e+03
-9.999000000000000000e+03
-9.999000000000000000e+03
-9.999000000000000000e+03
-9.999000000000000000e+03
-9.999000000000000000e+03
-9.999000000000000000e+03
-9.999000000000000000e+03
-9.999000000000000000e+03
-9.999000000000000000e+03
-9.999000000000000000e+03
-4.727305471897125244e-02
-6.017947942018508911e-02
-3.542070835828781128e-02
-3.723730519413948059e-02
-3.555351495742797852e-02
-3.135316818952560425e-02
-8.139277808368206024e-03
-2.868262305855751038e-02
-4.459344595670700073e-02
-4.279850050806999207e-02
-9.999000000000000000e+03
-9.999000000000000000e+03
-9.999000000000000000e+03
-9.999000000000000000e+03
-9.999000000000000000e+03
-9.999000000000000000e+03
-9.999000000000000000e+03
-9.999000000000000000e+03
-9.999000000000000000e+03
-9.999000000000000000e+03
-9.999000000000000000e+03
-9.999000000000000000e+03
-9.999000000000000000e+03
-9.999000000000000000e+03
-9.999000000000000000e+03
-9.999000000000000000e+03
-9.999000000000000000e+03
-9.999000000000000000e+03
-9.999000000000000000e+03
-9.999000000000000000e+03
-9.999000000000000000e+03
-9.999000000000000000e+03
-3.907096013426780701e-02
-3.604976460337638855e-02
-7.090735016390681267e-04
1.279990002512931824e-02
5.970854312181472778e-03
3.510476555675268173e-03
1.191673893481492996e-02
-2.153188362717628479e-02
-9.999000000000000000e+03
-9.999000000000000000e+03
-9.999000000000000000e+03
-9.999000000000000000e+03
-9.999000000000000000e+03
-9.999000000000000000e+03
-9.999000000000000000e+03
-9.999000000000000000e+03
-9.999000000000000000e+03
-9.999000000000000000e+03
-9.999000000000000000e+03
-9.999000000000000000e+03
-9.999000000000000000e+03
-9.999000000000000000e+03
-9.999000000000000000e+03
-9.999000000000000000e+03
-9.999000000000000000e+03
-9.999000000000000000e+03
-9.999000000000000000e+03
-9.999000000000000000e+03
-9.999000000000000000e+03
-9.999000000000000000e+03
-9.999000000000000000e+03
-2.480411902070045471e-02
-3.081419318914413452e-02
-1.814074814319610596e-02
-9.453629143536090851e-03
1.431177649646997452e-02
1.414945628494024277e-02
9.901115298271179199e-02
1.460850089788436890e-01
1.062430739402770996e-01
-9.999000000000000000e+03
-9.999000000000000000e+03
-9.999000000000000000e+03
-9.999000000000000000e+03
-9.999000000000000000e+03
-9.999000000000000000e+03
-9.999000000000000000e+03
-9.999000000000000000e+03
-9.999000000000000000e+03
-9.999000000000000000e+03
-9.999000000000000000e+03
-9.999000000000000000e+03
-9.999000000000000000e+03
-9.999000000000000000e+03
-9.999000000000000000e+03
-9.999000000000000000e+03
-9.999000000000000000e+03
-9.999000000000000000e+03
-9.999000000000000000e+03
-9.999000000000000000e+03
-9.999000000000000000e+03
-9.999000000000000000e+03
-9.999000000000000000e+03
-2.232737280428409576e-02
-2.000190317630767822e-02
-1.701465807855129242e-02
-1.003717910498380661e-02
2.901075966656208038e-02
5.451112613081932068e-02
1.560429930686950684e-01
1.548179388046264648e-01
-9.999000000000000000e+03
-9.999000000000000000e+03
-9.999000000000000000e+03
-9.999000000000000000e+03
-9.999000000000000000e+03
-9.999000000000000000e+03
-9.999000000000000000e+03
-9.999000000000000000e+03
-9.999000000000000000e+03
-9.999000000000000000e+03
-9.999000000000000000e+03
-9.999000000000000000e+03
-9.999000000000000000e+03
-9.999000000000000000e+03
-9.999000000000000000e+03
-9.999000000000000000e+03
-9.999000000000000000e+03
-9.999000000000000000e+03
-9.999000000000000000e+03
-9.999000000000000000e+03
-9.999000000000000000e+03
-9.999000000000000000e+03
-9.999000000000000000e+03
-2.530340850353240967e-02
-2.724364772439002991e-02
-1.830734685063362122e-02
-6.980323046445846558e-02
-1.100325435400009155e-01
-1.306414604187011719e-01
-5.510214716196060181e-02
2.669144608080387115e-02
1.382148079574108124e-02
-9.999000000000000000e+03
-9.999000000000000000e+03
-9.999000000000000000e+03
-9.999000000000000000e+03
-9.999000000000000000e+03
-9.999000000000000000e+03
-9.999000000000000000e+03
-9.999000000000000000e+03
-9.999000000000000000e+03
-9.999000000000000000e+03
-9.999000000000000000e+03
-9.999000000000000000e+03
-9.999000000000000000e+03
-9.999000000000000000e+03
-9.999000000000000000e+03
-9.999000000000000000e+03
-9.999000000000000000e+03
-9.999000000000000000e+03
-9.999000000000000000e+03
-9.999000000000000000e+03
-9.999000000000000000e+03
-9.999000000000000000e+03
-3.007924929261207581e-02
-4.290091991424560547e-02
-5.495658144354820251e-02
-6.732895970344543457e-02
-9.247236698865890503e-02
-1.101465523242950439e-01
-1.299854665994644165e-01
-1.359156370162963867e-01
-8.401511609554290771e-02
-3.317248448729515076e-02
-2.800997719168663025e-02
-3.405893966555595398e-02
-2.863806858658790588e-02
-9.999000000000000000e+03
-9.999000000000000000e+03
-9.999000000000000000e+03
-9.999000000000000000e+03
-9.999000000000000000e+03
-9.999000000000000000e+03
-9.999000000000000000e+03
-9.999000000000000000e+03
-9.999000000000000000e+03
-9.999000000000000000e+03
-9.999000000000000000e+03
-9.999000000000000000e+03
-9.999000000000000000e+03
-9.999000000000000000e+03
-9.999000000000000000e+03
-9.999000000000000000e+03
-9.999000000000000000e+03
-4.475275427103042603e-02
-4.173123463988304138e-02
-3.704108297824859619e-02
-3.295817971229553223e-02
-2.799748256802558899e-02
-4.846978187561035156e-02
-6.065154075622558594e-02
-8.231793344020843506e-02
-9.413520991802215576e-02
-5.866177007555961609e-02
-3.836108371615409851e-02
-3.636482357978820801e-02
-3.282263875007629395e-02
-3.786825016140937805e-02
-9.999000000000000000e+03
-9.999000000000000000e+03
-9.999000000000000000e+03
-9.999000000000000000e+03
-9.999000000000000000e+03
-9.999000000000000000e+03
-9.999000000000000000e+03
-9.999000000000000000e+03
-9.999000000000000000e+03
-9.999000000000000000e+03
-9.999000000000000000e+03
-9.999000000000000000e+03
-9.999000000000000000e+03
-9.999000000000000000e+03
-9.999000000000000000e+03
-6.196529790759086609e-02
-4.932017996907234192e-02
-7.026809453964233398e-02
-6.134525686502456665e-02
-3.298605978488922119e-02
-5.867065396159887314e-03
6.835470907390117645e-03
-8.660627529025077820e-03
-3.626838326454162598e-02
-6.458503752946853638e-02
-7.018282264471054077e-02
-6.768699735403060913e-02
-5.374531447887420654e-02
-6.000719591975212097e-02
-9.999000000000000000e+03
-9.999000000000000000e+03
-9.999000000000000000e+03
-9.999000000000000000e+03
-9.999000000000000000e+03
-9.999000000000000000e+03
-9.999000000000000000e+03
-9.999000000000000000e+03
-9.999000000000000000e+03
-9.999000000000000000e+03
-9.999000000000000000e+03
-9.999000000000000000e+03
-9.999000000000000000e+03
-9.999000000000000000e+03
-9.999000000000000000e+03
-9.999000000000000000e+03
-6.643223762512207031e-02
-9.223490208387374878e-02
-7.479593157768249512e-02
-6.709257513284683228e-02
-6.298803538084030151e-02
-3.154885768890380859e-02
8.175570517778396606e-03
8.489820174872875214e-03
-8.147519081830978394e-03
-3.228937089443206787e-02
-6.824569404125213623e-02
-1.018524840474128723e-01
-9.732767194509506226e-02
-7.114818692207336426e-02
-9.999000000000000000e+03
-9.999000000000000000e+03
-9.999000000000000000e+03
-9.999000000000000000e+03
-9.999000000000000000e+03
-9.999000000000000000e+03
-9.999000000000000000e+03
-9.999000000000000000e+03
-9.999000000000000000e+03
-9.999000000000000000e+03
-9.999000000000000000e+03
-9.999000000000000000e+03
-9.999000000000000000e+03
-9.999000000000000000e+03
-9.999000000000000000e+03
-9.999000000000000000e+03
-9.999000000000000000e+03
-7.746742665767669678e-02
-1.102970540523529053e-01
-1.028764396905899048e-01
-7.178150862455368042e-02
-5.431164056062698364e-02
-3.604330494999885559e-02
-1.512845698744058609e-02
-1.050287205725908279e-02
-1.365851797163486481e-02
-4.831744357943534851e-03
-9.250488132238388062e-03
-3.522343561053276062e-02
-3.281715884804725647e-02
-5.550580471754074097e-02
-9.999000000000000000e+03
-9.999000000000000000e+03
-9.999000000000000000e+03
-9.999000000000000000e+03
-9.999000000000000000e+03
-9.999000000000000000e+03
-9.999000000000000000e+03
-9.999000000000000000e+03
-9.999000000000000000e+03
-9.999000000000000000e+03
-9.999000000000000000e+03
-9.999000000000000000e+03
-9.999000000000000000e+03
-9.999000000000000000e+03
-9.999000000000000000e+03
-9.999000000000000000e+03
-9.999000000000000000e+03
-1.310347914695739746e-01
-1.328198760747909546e-01
-1.167300343513488770e-01
-8.825569599866867065e-02
-6.381370872259140015e-02
-3.910982236266136169e-02
-2.554612793028354645e-02
-2.141202986240386963e-02
-1.670392975211143494e-02
-8.383786305785179138e-03
-1.641081180423498154e-03
1.655268669128417969e-02
-2.140719676390290260e-03
-9.999000000000000000e+03
-9.999000000000000000e+03
-9.999000000000000000e+03
-9.999000000000000000e+03
-9.999000000000000000e+03
-9.999000000000000000e+03
-9.999000000000000000e+03
-9.999000000000000000e+03
-9.999000000000000000e+03
-9.999000000000000000e+03
-9.999000000000000000e+03
-9.999000000000000000e+03
-9.999000000000000000e+03
-9.999000000000000000e+03
-9.999000000000000000e+03
-9.999000000000000000e+03
-9.999000000000000000e+03
-9.999000000000000000e+03
-1.086115911602973938e-01
-1.054606661200523376e-01
-9.695458412170410156e-02
-8.240668475627899170e-02
-5.232827737927436829e-02
-1.889724470674991608e-02
-2.408008731435984373e-04
1.335196383297443390e-02
3.633876098319888115e-03
2.537635900080204010e-02
1.445022970438003540e-02
3.124358481727540493e-04
-9.999000000000000000e+03
-9.999000000000000000e+03
-9.999000000000000000e+03
-9.999000000000000000e+03
-9.999000000000000000e+03
-9.999000000000000000e+03
-9.999000000000000000e+03
-9.999000000000000000e+03
-9.999000000000000000e+03
-9.999000000000000000e+03
-9.999000000000000000e+03
-9.999000000000000000e+03
-9.999000000000000000e+03
-9.999000000000000000e+03
-9.999000000000000000e+03
-9.999000000000000000e+03
-9.999000000000000000e+03
-9.999000000000000000e+03
-9.999000000000000000e+03
-6.209048628807067871e-02
-6.203578040003776550e-02
-6.516136974096298218e-02
-6.982167810201644897e-02
-8.403998799622058868e-03
3.582851961255073547e-02
4.617803171277046204e-02
3.321104124188423157e-02
2.383902855217456818e-02
1.705502159893512726e-02
-9.999000000000000000e+03
-9.999000000000000000e+03
-9.999000000000000000e+03
-9.999000000000000000e+03
-9.999000000000000000e+03
-9.999000000000000000e+03
-9.999000000000000000e+03
-9.999000000000000000e+03
-9.999000000000000000e+03
-9.999000000000000000e+03
-9.999000000000000000e+03
-9.999000000000000000e+03
-9.999000000000000000e+03
-9.999000000000000000e+03
-9.999000000000000000e+03
-9.999000000000000000e+03
-9.999000000000000000e+03
-9.999000000000000000e+03
-9.999000000000000000e+03
-9.999000000000000000e+03
-9.999000000000000000e+03
-2.995192445814609528e-02
-1.504707336425781250e-02
-8.072157390415668488e-03
7.377873174846172333e-03
3.752770647406578064e-02
4.545822739601135254e-02
-9.999000000000000000e+03
-9.999000000000000000e+03
-9.999000000000000000e+03
-9.999000000000000000e+03
-9.999000000000000000e+03
-9.999000000000000000e+03
-9.999000000000000000e+03
-9.999000000000000000e+03
-9.999000000000000000e+03
-9.999000000000000000e+03
-9.999000000000000000e+03
-9.999000000000000000e+03
-9.999000000000000000e+03
-9.999000000000000000e+03
-9.999000000000000000e+03
-9.999000000000000000e+03
-9.999000000000000000e+03
-9.999000000000000000e+03
-9.999000000000000000e+03
-9.999000000000000000e+03
-9.999000000000000000e+03
-9.999000000000000000e+03
-9.999000000000000000e+03
-9.999000000000000000e+03
-9.999000000000000000e+03
-3.046818263828754425e-02
-1.113554649055004120e-02
7.405135314911603928e-03
-9.999000000000000000e+03
-9.999000000000000000e+03
-9.999000000000000000e+03
-9.999000000000000000e+03
-9.999000000000000000e+03
-9.999000000000000000e+03
-9.999000000000000000e+03
-9.999000000000000000e+03
-9.999000000000000000e+03
-9.999000000000000000e+03
-9.999000000000000000e+03
-9.999000000000000000e+03
-9.999000000000000000e+03
-9.999000000000000000e+03
-9.999000000000000000e+03
-9.999000000000000000e+03
-9.999000000000000000e+03
-9.999000000000000000e+03
-9.999000000000000000e+03
-9.999000000000000000e+03
-9.999000000000000000e+03
-9.999000000000000000e+03
-9.999000000000000000e+03
-9.999000000000000000e+03
-9.999000000000000000e+03
-9.999000000000000000e+03
-9.999000000000000000e+03
-9.999000000000000000e+03
