-1.508473455905914307e-01
-1.051822379231452942e-01
-6.702291220426559448e-02
-1.868252828717231750e-02
3.299890086054801941e-02
1.003019660711288452e-01
1.693670749664306641e-01
2.254066765308380127e-01
2.716163396835327148e-01
3.073834776878356934e-01
3.012711703777313232e-01
-9.999000000000000000e+03
-9.999000000000000000e+03
-9.999000000000000000e+03
-9.999000000000000000e+03
-9.999000000000000000e+03
-9.999000000000000000e+03
-9.999000000000000000e+03
-9.999000000000000000e+03
-9.999000000000000000e+03
-9.999000000000000000e+03
-9.999000000000000000e+03
-9.999000000000000000e+03
8.554624393582344055e-03
-1.340991631150245667e-02
1.914448919706046581e-03
2.364402823150157928e-02
1.696122065186500549e-02
2.063446678221225739e-02
1.419178210198879242e-02
3.583194315433502197e-02
-1.399111598730087280e-01
-9.876015782356262207e-02
-5.578972771763801575e-02
-8.866896852850914001e-03
5.148639902472496033e-02
1.277770698070526123e-01
1.875191479921340942e-01
2.343990057706832886e-01
2.651017606258392334e-01
2.960642874240875244e-01
3.013625442981719971e-01
1.789385974407196045e-01
-9.999000000000000000e+03
-9.999000000000000000e+03
-9.999000000000000000e+03
-9.999000000000000000e+03
-9.999000000000000000e+03
-9.999000000000000000e+03
-9.999000000000000000e+03
-9.999000000000000000e+03
-9.999000000000000000e+03
-7.013333379290997982e-04
-8.315658487845212221e-05
-3.176220227032899857e-03
-2.525739744305610657e-02
-1.382425520569086075e-02
-1.193852722644805908e-02
-5.304982769303023815e-04
3.360866568982601166e-03
1.420924626290798187e-02
2.825995720922946930e-02
-1.497618705034255981e-01
-9.268309175968170166e-02
-4.190664365887641907e-02
1.653409563004970551e-02
7.476297020912170410e-02
1.319059878587722778e-01
1.816249936819076538e-01
2.247770279645919800e-01
2.480256706476211548e-01
2.777388691902160645e-01
2.763526737689971924e-01
1.941704601049423218e-01
-9.999000000000000000e+03
-9.999000000000000000e+03
-9.999000000000000000e+03
-9.999000000000000000e+03
-9.999000000000000000e+03
-9.999000000000000000e+03
-9.999000000000000000e+03
-2.245727367699146271e-02
-8.194093592464923859e-03
1.022436073981225491e-03
-1.624368829652667046e-03
-8.234355598688125610e-03
-9.547759778797626495e-03
-4.683007486164569855e-03
-1.094287075102329254e-02
-1.454837899655103683e-02
-1.577853038907051086e-02
-9.765560738742351532e-03
-3.274917835369706154e-03
-1.354872137308120728e-01
-9.091315418481826782e-02
-5.064826458692550659e-02
1.039864402264356613e-02
8.423230797052383423e-02
1.395272165536880493e-01
1.773919761180877686e-01
2.109328508377075195e-01
2.330024093389511108e-01
2.561654150485992432e-01
2.613256871700286865e-01
2.119372487068176270e-01
1.180367246270179749e-01
-9.999000000000000000e+03
-9.999000000000000000e+03
-9.999000000000000000e+03
-4.079014807939529419e-02
-5.126718431711196899e-02
-4.905310273170471191e-02
-2.165451832115650177e-02
-8.600616711191833019e-04
8.652785792946815491e-03
2.020539902150630951e-02
1.399278547614812851e-02
6.669202353805303574e-03
3.014227608218789101e-03
-1.564792171120643616e-02
-4.198437184095382690e-02
-5.907290428876876831e-02
-5.362003296613693237e-02
-4.356174170970916748e-02
-1.259422898292541504e-01
-7.125948369503021240e-02
-1.895001530647277832e-02
3.166795149445533752e-02
8.308647572994232178e-02
1.269795596599578857e-01
1.624834090471267700e-01
1.965751349925994873e-01
2.148229181766510010e-01
2.172001749277114868e-01
2.033173441886901855e-01
1.498553752899169922e-01
9.026175737380981445e-02
4.160265997052192688e-02
-2.753590047359466553e-02
-5.352147668600082397e-02
-5.921958759427070618e-02
-5.180192738771438599e-02
-3.766315057873725891e-02
-7.937983609735965729e-03
2.417635917663574219e-02
4.498293623328208923e-02
6.415886431932449341e-02
4.010743647813796997e-02
1.346001401543617249e-02
-2.224998921155929565e-02
-4.652206972241401672e-02
-7.629585266113281250e-02
-9.786133468151092529e-02
-8.984514325857162476e-02
-7.494323700666427612e-02
-1.007439717650413513e-01
-5.694973096251487732e-02
-7.303442806005477905e-03
5.258838087320327759e-02
9.589692950248718262e-02
1.298233866691589355e-01
1.464339643716812134e-01
1.694198101758956909e-01
1.793887615203857422e-01
1.797368973493576050e-01
1.446693688631057739e-01
7.299435883760452271e-02
3.571911528706550598e-02
-3.039240371435880661e-03
-2.849086746573448181e-02
-4.463865607976913452e-02
-4.001064598560333252e-02
-1.763550937175750732e-02
-6.664612446911633015e-04
4.891331121325492859e-02
7.529221475124359131e-02
8.142869919538497925e-02
6.922850012779235840e-02
3.999987244606018066e-02
-1.111763808876276016e-02
-6.172889843583106995e-02
-9.147940576076507568e-02
-1.220362111926078796e-01
-1.370472013950347900e-01
-1.258892714977264404e-01
-1.115447431802749634e-01
-6.956335902214050293e-02
-1.857042685151100159e-02
3.344888985157012939e-02
7.739030569791793823e-02
1.012241691350936890e-01
1.224482953548431396e-01
1.363242566585540771e-01
1.537265777587890625e-01
1.563153564929962158e-01
1.238143742084503174e-01
8.704131841659545898e-02
3.984858468174934387e-02
1.546654850244522095e-02
-5.965711083263158798e-03
2.052176278084516525e-03
1.876106834970414639e-03
1.433140505105257034e-02
3.114768303930759430e-02
4.128025099635124207e-02
8.288004249334335327e-02
9.202739596366882324e-02
7.740332931280136108e-02
3.684692457318305969e-02
7.789005991071462631e-03
-3.453892096877098083e-02
-7.402642816305160522e-02
-1.198333799839019775e-01
-1.643082797527313232e-01
-1.816691756248474121e-01
-1.615719050168991089e-01
-1.427013427019119263e-01
-3.531555086374282837e-02
-4.631214309483766556e-03
5.721737816929817200e-02
9.283635020256042480e-02
1.089458912611007690e-01
1.282303184270858765e-01
1.425040364265441895e-01
1.466556787490844727e-01
1.402259618043899536e-01
8.221269398927688599e-02
3.635727986693382263e-02
2.625779947265982628e-03
8.503261022269725800e-03
2.139713987708091736e-02
4.062042385339736938e-02
4.599457606673240662e-02
5.605571717023849487e-02
7.004871219396591187e-02
7.794229686260223389e-02
8.506277948617935181e-02
8.515460789203643799e-02
7.375545799732208252e-02
4.725272580981254578e-02
5.345549900084733963e-03
-4.842298105359077454e-02
-1.060831546783447266e-01
-1.594112962484359741e-01
-2.034817785024642944e-01
-2.198196053504943848e-01
-1.972312331199645996e-01
-1.613957136869430542e-01
2.226738259196281433e-03
1.938505098223686218e-02
4.813868179917335510e-02
6.541896611452102661e-02
9.114378690719604492e-02
1.224818527698516846e-01
1.400407701730728149e-01
1.231156885623931885e-01
9.029075503349304199e-02
4.512988030910491943e-02
1.463569048792123795e-02
-2.641505794599652290e-03
2.598252519965171814e-02
5.637005344033241272e-02
7.745393365621566772e-02
7.929723709821701050e-02
8.052041381597518921e-02
7.447703182697296143e-02
7.008371502161026001e-02
7.424647361040115356e-02
7.325848937034606934e-02
7.248432189226150513e-02
4.876922443509101868e-02
2.147475443780422211e-02
-1.446892507374286652e-02
-1.015673726797103882e-01
-1.715171784162521362e-01
-2.309898585081100464e-01
-2.376454919576644897e-01
-2.111648172140121460e-01
-1.604544520378112793e-01
3.132736077532172203e-03
2.002674527466297150e-02
3.734062984585762024e-02
4.130330681800842285e-02
7.292716950178146362e-02
1.069249138236045837e-01
1.154071167111396790e-01
9.874089062213897705e-02
6.983000040054321289e-02
2.791872620582580566e-02
1.140497811138629913e-02
3.595880791544914246e-02
5.731374770402908325e-02
7.347708195447921753e-02
8.579451590776443481e-02
9.036996960639953613e-02
8.291479200124740601e-02
4.566275700926780701e-02
3.890162333846092224e-02
3.028868883848190308e-02
4.868517071008682251e-02
-9.999000000000000000e+03
-9.999000000000000000e+03
-9.999000000000000000e+03
-9.999000000000000000e+03
-9.999000000000000000e+03
-9.999000000000000000e+03
-1.709095835685729980e-01
-2.195309996604919434e-01
-2.104540616273880005e-01
-1.563575118780136108e-01
-9.261307306587696075e-03
8.623762056231498718e-03
1.939733698964118958e-02
3.017294593155384064e-02
6.493143737316131592e-02
9.174326807260513306e-02
9.701316058635711670e-02
8.276180922985076904e-02
5.278921127319335938e-02
3.422958031296730042e-02
3.512619063258171082e-02
8.173530548810958862e-02
7.390817254781723022e-02
7.797100394964218140e-02
7.611300051212310791e-02
7.650206983089447021e-02
8.556491136550903320e-02
-9.999000000000000000e+03
-9.999000000000000000e+03
-9.999000000000000000e+03
-9.999000000000000000e+03
-9.999000000000000000e+03
-9.999000000000000000e+03
-9.999000000000000000e+03
-9.999000000000000000e+03
-9.999000000000000000e+03
-9.999000000000000000e+03
-1.249218657612800598e-01
-1.762345433235168457e-01
-1.967298090457916260e-01
-1.591253429651260376e-01
-2.623072825372219086e-02
-8.225448429584503174e-03
5.592013243585824966e-03
3.290101140737533569e-02
4.924919456243515015e-02
6.299768388271331787e-02
7.961940020322799683e-02
7.077668607234954834e-02
4.197928309440612793e-02
7.127659022808074951e-02
8.119969069957733154e-02
8.239593356847763062e-02
7.118902355432510376e-02
6.714474409818649292e-02
3.899582847952842712e-02
4.509535059332847595e-02
-9.999000000000000000e+03
-9.999000000000000000e+03
-9.999000000000000000e+03
-9.999000000000000000e+03
-9.999000000000000000e+03
-9.999000000000000000e+03
-9.999000000000000000e+03
-9.999000000000000000e+03
-9.999000000000000000e+03
-9.999000000000000000e+03
-9.999000000000000000e+03
-9.999000000000000000e+03
-1.011843979358673096e-01
-1.533938348293304443e-01
-1.101085990667343140e-01
-6.258901953697204590e-02
-6.006036698818206787e-02
-3.120781667530536652e-02
1.073138788342475891e-02
3.649715334177017212e-02
6.579227000474929810e-02
5.682839080691337585e-02
6.337302923202514648e-02
7.604627311229705811e-02
1.026064604520797729e-01
1.008290275931358337e-01
7.029622048139572144e-02
4.976996406912803650e-02
5.795194208621978760e-02
-9.999000000000000000e+03
-9.999000000000000000e+03
-9.999000000000000000e+03
-9.999000000000000000e+03
-9.999000000000000000e+03
-9.999000000000000000e+03
-9.999000000000000000e+03
-9.999000000000000000e+03
-9.999000000000000000e+03
-9.999000000000000000e+03
-9.999000000000000000e+03
-9.999000000000000000e+03
-9.999000000000000000e+03
-9.999000000000000000e+03
-9.999000000000000000e+03
-9.705016762018203735e-02
-8.331614732742309570e-02
-9.999000000000000000e+03
-7.932039350271224976e-02
-6.235253810882568359e-02
-2.185600437223911285e-02
2.375786751508712769e-02
5.530988425016403198e-02
5.018908530473709106e-02
8.405231684446334839e-02
1.229162439703941345e-01
1.181064397096633911e-01
9.654021263122558594e-02
7.383035123348236084e-02
3.993482515215873718e-02
-9.999000000000000000e+03
-9.999000000000000000e+03
-9.999000000000000000e+03
-9.999000000000000000e+03
-9.999000000000000000e+03
-9.999000000000000000e+03
-9.999000000000000000e+03
-9.999000000000000000e+03
-9.999000000000000000e+03
-9.999000000000000000e+03
-9.999000000000000000e+03
-9.999000000000000000e+03
-9.999000000000000000e+03
-9.999000000000000000e+03
-9.999000000000000000e+03
-9.999000000000000000e+03
-2.705756947398185730e-02
-1.705596037209033966e-02
-9.999000000000000000e+03
-9.999000000000000000e+03
-8.865696936845779419e-02
-4.137213155627250671e-02
1.009145844727754593e-02
4.420566558837890625e-02
7.412701100111007690e-02
1.001832485198974609e-01
1.231477484107017517e-01
1.135547757148742676e-01
7.634352892637252808e-02
3.482851386070251465e-02
-9.999000000000000000e+03
-9.999000000000000000e+03
-9.999000000000000000e+03
-9.999000000000000000e+03
-9.999000000000000000e+03
-9.999000000000000000e+03
-9.999000000000000000e+03
-9.999000000000000000e+03
-9.999000000000000000e+03
-9.999000000000000000e+03
-9.999000000000000000e+03
-9.999000000000000000e+03
-9.999000000000000000e+03
-9.999000000000000000e+03
-9.999000000000000000e+03
-9.999000000000000000e+03
-9.999000000000000000e+03
3.720733802765607834e-03
2.807089127600193024e-02
-9.999000000000000000e+03
-9.999000000000000000e+03
-6.259478628635406494e-02
-4.527961835265159607e-02
-2.164924051612615585e-03
4.260725528001785278e-02
9.061901271343231201e-02
9.783542901277542114e-02
9.907640516757965088e-02
8.598042279481887817e-02
7.630686461925506592e-02
7.156825810670852661e-02
-9.999000000000000000e+03
-9.999000000000000000e+03
-9.999000000000000000e+03
-9.999000000000000000e+03
-9.999000000000000000e+03
-9.999000000000000000e+03
-9.999000000000000000e+03
-9.999000000000000000e+03
-9.999000000000000000e+03
-9.999000000000000000e+03
-9.999000000000000000e+03
-9.999000000000000000e+03
-9.999000000000000000e+03
-9.999000000000000000e+03
-9.999000000000000000e+03
-9.999000000000000000e+03
-9.999000000000000000e+03
-9.999000000000000000e+03
-9.999000000000000000e+03
-9.999000000000000000e+03
-9.999000000000000000e+03
-4.330838099122047424e-02
-4.098999872803688049e-02
-9.308383800089359283e-03
3.857588022947311401e-02
7.477116584777832031e-02
8.553244918584823608e-02
7.818149030208587646e-02
7.215682417154312134e-02
7.749325782060623169e-02
6.623107194900512695e-02
-9.999000000000000000e+03
-9.999000000000000000e+03
-9.999000000000000000e+03
-9.999000000000000000e+03
-9.999000000000000000e+03
-9.999000000000000000e+03
-9.999000000000000000e+03
-9.999000000000000000e+03
-9.999000000000000000e+03
-9.999000000000000000e+03
-9.999000000000000000e+03
-9.999000000000000000e+03
-9.999000000000000000e+03
-9.999000000000000000e+03
-9.999000000000000000e+03
-9.999000000000000000e+03
-9.999000000000000000e+03
-9.999000000000000000e+03
-9.999000000000000000e+03
-9.999000000000000000e+03
-9.999000000000000000e+03
-9.999000000000000000e+03
-3.235438093543052673e-02
-2.255828492343425751e-02
3.412158042192459106e-02
7.841832190752029419e-02
6.550584733486175537e-02
8.251769840717315674e-02
1.032792851328849792e-01
8.001133054494857788e-02
-9.999000000000000000e+03
-9.999000000000000000e+03
-9.999000000000000000e+03
-9.999000000000000000e+03
-9.999000000000000000e+03
-9.999000000000000000e+03
-9.999000000000000000e+03
-9.999000000000000000e+03
-9.999000000000000000e+03
-9.999000000000000000e+03
-9.999000000000000000e+03
-9.999000000000000000e+03
-9.999000000000000000e+03
-9.999000000000000000e+03
-9.999000000000000000e+03
-9.999000000000000000e+03
-9.999000000000000000e+03
-9.999000000000000000e+03
-9.999000000000000000e+03
-9.999000000000000000e+03
-9.999000000000000000e+03
-9.999000000000000000e+03
-9.999000000000000000e+03
-2.242851071059703827e-02
-1.097718346863985062e-02
2.258768863976001740e-02
3.999247029423713684e-02
4.801085218787193298e-02
9.435430914163589478e-02
1.217081621289253235e-01
8.888074755668640137e-02
5.396072193980216980e-02
-9.999000000000000000e+03
-9.999000000000000000e+03
-9.999000000000000000e+03
-9.999000000000000000e+03
-9.999000000000000000e+03
-9.999000000000000000e+03
-9.999000000000000000e+03
-9.999000000000000000e+03
-9.999000000000000000e+03
-9.999000000000000000e+03
-9.999000000000000000e+03
-9.999000000000000000e+03
-9.999000000000000000e+03
-9.999000000000000000e+03
-9.999000000000000000e+03
-9.999000000000000000e+03
-9.999000000000000000e+03
-9.999000000000000000e+03
-9.999000000000000000e+03
-9.999000000000000000e+03
-9.999000000000000000e+03
-9.999000000000000000e+03
-9.999000000000000000e+03
-5.370465572923421860e-03
2.283486723899841309e-02
2.351527661085128784e-02
4.861691594123840332e-02
7.064159214496612549e-02
4.681520909070968628e-02
5.296522751450538635e-02
6.169022619724273682e-02
-9.999000000000000000e+03
-9.999000000000000000e+03
-9.999000000000000000e+03
-9.999000000000000000e+03
-9.999000000000000000e+03
-9.999000000000000000e+03
-9.999000000000000000e+03
-9.999000000000000000e+03
-9.999000000000000000e+03
-9.999000000000000000e+03
-9.999000000000000000e+03
-9.999000000000000000e+03
-9.999000000000000000e+03
-9.999000000000000000e+03
-9.999000000000000000e+03
-9.999000000000000000e+03
-9.999000000000000000e+03
-9.999000000000000000e+03
-9.999000000000000000e+03
-9.999000000000000000e+03
-9.999000000000000000e+03
-9.999000000000000000e+03
-9.999000000000000000e+03
1.055106054991483688e-02
7.910576649010181427e-03
1.350310631096363068e-02
4.003939405083656311e-02
-1.195902191102504730e-02
-7.468312978744506836e-02
-5.503269657492637634e-02
8.868438191711902618e-03
6.265851110219955444e-02
-9.999000000000000000e+03
-9.999000000000000000e+03
-9.999000000000000000e+03
-9.999000000000000000e+03
-9.999000000000000000e+03
-9.999000000000000000e+03
-9.999000000000000000e+03
-9.999000000000000000e+03
-9.999000000000000000e+03
-9.999000000000000000e+03
-9.999000000000000000e+03
-9.999000000000000000e+03
-9.999000000000000000e+03
-9.999000000000000000e+03
-9.999000000000000000e+03
-9.999000000000000000e+03
-9.999000000000000000e+03
-9.999000000000000000e+03
-9.999000000000000000e+03
-9.999000000000000000e+03
-9.999000000000000000e+03
-9.999000000000000000e+03
6.235751137137413025e-02
4.551485553383827209e-02
5.428317189216613770e-02
4.224016517400741577e-02
-1.040329341776669025e-03
-6.330046057701110840e-02
-6.435692310333251953e-02
-1.883559016278013587e-04
6.518466770648956299e-02
5.430985614657402039e-02
2.084454707801342010e-02
1.037475187331438065e-02
1.344374474138021469e-02
-9.999000000000000000e+03
-9.999000000000000000e+03
-9.999000000000000000e+03
-9.999000000000000000e+03
-9.999000000000000000e+03
-9.999000000000000000e+03
-9.999000000000000000e+03
-9.999000000000000000e+03
-9.999000000000000000e+03
-9.999000000000000000e+03
-9.999000000000000000e+03
-9.999000000000000000e+03
-9.999000000000000000e+03
-9.999000000000000000e+03
-9.999000000000000000e+03
-9.999000000000000000e+03
-9.999000000000000000e+03
7.915401458740234375e-02
8.452118933200836182e-02
8.056507259607315063e-02
6.597736477851867676e-02
3.851481899619102478e-02
-5.370605736970901489e-03
-2.482162602245807648e-02
-3.368157893419265747e-02
-1.901826635003089905e-02
9.690021164715290070e-03
3.442825004458427429e-02
3.603510931134223938e-02
1.650579087436199188e-02
1.298406161367893219e-02
-9.999000000000000000e+03
-9.999000000000000000e+03
-9.999000000000000000e+03
-9.999000000000000000e+03
-9.999000000000000000e+03
-9.999000000000000000e+03
-9.999000000000000000e+03
-9.999000000000000000e+03
-9.999000000000000000e+03
-9.999000000000000000e+03
-9.999000000000000000e+03
-9.999000000000000000e+03
-9.999000000000000000e+03
-9.999000000000000000e+03
-9.999000000000000000e+03
6.909959763288497925e-02
7.868561893701553345e-02
8.450409770011901855e-02
8.860625326633453369e-02
8.053292334079742432e-02
5.936211720108985901e-02
3.101488016545772552e-02
5.604117177426815033e-03
-1.229987852275371552e-02
-3.416258096694946289e-02
-4.812929034233093262e-02
-1.776080392301082611e-02
4.997846484184265137e-02
7.256460934877395630e-02
-9.999000000000000000e+03
-9.999000000000000000e+03
-9.999000000000000000e+03
-9.999000000000000000e+03
-9.999000000000000000e+03
-9.999000000000000000e+03
-9.999000000000000000e+03
-9.999000000000000000e+03
-9.999000000000000000e+03
-9.999000000000000000e+03
-9.999000000000000000e+03
-9.999000000000000000e+03
-9.999000000000000000e+03
-9.999000000000000000e+03
-9.999000000000000000e+03
-9.999000000000000000e+03
1.235619839280843735e-02
6.634126603603363037e-02
1.083421409130096436e-01
1.017860919237136841e-01
8.286695182323455811e-02
5.924168974161148071e-02
2.994892932474613190e-02
2.042196132242679596e-02
2.155844122171401978e-02
1.391126494854688644e-02
-1.727105304598808289e-02
-5.157814547419548035e-02
-4.486647993326187134e-02
7.209333032369613647e-02
-9.999000000000000000e+03
-9.999000000000000000e+03
-9.999000000000000000e+03
-9.999000000000000000e+03
-9.999000000000000000e+03
-9.999000000000000000e+03
-9.999000000000000000e+03
-9.999000000000000000e+03
-9.999000000000000000e+03
-9.999000000000000000e+03
-9.999000000000000000e+03
-9.999000000000000000e+03
-9.999000000000000000e+03
-9.999000000000000000e+03
-9.999000000000000000e+03
-9.999000000000000000e+03
-9.999000000000000000e+03
3.310470283031463623e-02
6.890840083360671997e-02
1.189742013812065125e-01
9.819836914539337158e-02
5.248738452792167664e-02
2.966292575001716614e-02
1.002840790897607803e-02
5.471653770655393600e-03
2.943943813443183899e-02
3.250105679035186768e-02
4.244874231517314911e-03
-2.652639709413051605e-02
-8.156037889420986176e-03
4.884773865342140198e-02
-9.999000000000000000e+03
-9.999000000000000000e+03
-9.999000000000000000e+03
-9.999000000000000000e+03
-9.999000000000000000e+03
-9.999000000000000000e+03
-9.999000000000000000e+03
-9.999000000000000000e+03
-9.999000000000000000e+03
-9.999000000000000000e+03
-9.999000000000000000e+03
-9.999000000000000000e+03
-9.999000000000000000e+03
-9.999000000000000000e+03
-9.999000000000000000e+03
-9.999000000000000000e+03
-9.999000000000000000e+03
4.460715129971504211e-02
8.748146891593933105e-02
1.054351776838302612e-01
8.288266509771347046e-02
3.287853300571441650e-02
4.568571690469980240e-03
-2.458450943231582642e-02
-3.120786137878894806e-02
-1.135282684117555618e-02
-2.331331605091691017e-03
-6.188834551721811295e-03
-2.513507381081581116e-02
-3.676011459901928902e-03
-9.999000000000000000e+03
-9.999000000000000000e+03
-9.999000000000000000e+03
-9.999000000000000000e+03
-9.999000000000000000e+03
-9.999000000000000000e+03
-9.999000000000000000e+03
-9.999000000000000000e+03
-9.999000000000000000e+03
-9.999000000000000000e+03
-9.999000000000000000e+03
-9.999000000000000000e+03
-9.999000000000000000e+03
-9.999000000000000000e+03
-9.999000000000000000e+03
-9.999000000000000000e+03
-9.999000000000000000e+03
-9.999000000000000000e+03
6.133996322751045227e-02
8.906764537096023560e-02
7.534728199243545532e-02
4.397913813591003418e-02
-2.348477020859718323e-03
-3.153939545154571533e-02
-5.672113597393035889e-02
-5.652206763625144958e-02
-3.385310620069503784e-02
1.099877525120973587e-02
5.957846064120531082e-03
-7.902489975094795227e-03
-9.999000000000000000e+03
-9.999000000000000000e+03
-9.999000000000000000e+03
-9.999000000000000000e+03
-9.999000000000000000e+03
-9.999000000000000000e+03
-9.999000000000000000e+03
-9.999000000000000000e+03
-9.999000000000000000e+03
-9.999000000000000000e+03
-9.999000000000000000e+03
-9.999000000000000000e+03
-9.999000000000000000e+03
-9.999000000000000000e+03
-9.999000000000000000e+03
-9.999000000000000000e+03
-9.999000000000000000e+03
-9.999000000000000000e+03
-9.999000000000000000e+03
6.308054924011230469e-02
7.132913172245025635e-02
5.363882705569267273e-02
2.177188731729984283e-02
-6.574407219886779785e-02
-5.877538397908210754e-02
-3.237704932689666748e-02
-1.533332001417875290e-02
-1.125374436378479004e-02
4.568800795823335648e-03
-9.999000000000000000e+03
-9.999000000000000000e+03
-9.999000000000000000e+03
-9.999000000000000000e+03
-9.999000000000000000e+03
-9.999000000000000000e+03
-9.999000000000000000e+03
-9.999000000000000000e+03
-9.999000000000000000e+03
-9.999000000000000000e+03
-9.999000000000000000e+03
-9.999000000000000000e+03
-9.999000000000000000e+03
-9.999000000000000000e+03
-9.999000000000000000e+03
-9.999000000000000000e+03
-9.999000000000000000e+03
-9.999000000000000000e+03
-9.999000000000000000e+03
-9.999000000000000000e+03
-9.999000000000000000e+03
3.726484999060630798e-02
3.105169534683227539e-02
1.047345437109470367e-02
-2.707593888044357300e-02
-4.727356135845184326e-02
-3.733997046947479248e-02
-9.999000000000000000e+03
-9.999000000000000000e+03
-9.999000000000000000e+03
-9.999000000000000000e+03
-9.999000000000000000e+03
-9.999000000000000000e+03
-9.999000000000000000e+03
-9.999000000000000000e+03
-9.999000000000000000e+03
-9.999000000000000000e+03
-9.999000000000000000e+03
-9.999000000000000000e+03
-9.999000000000000000e+03
-9.999000000000000000e+03
-9.999000000000000000e+03
-9.999000000000000000e+03
-9.999000000000000000e+03
-9.999000000000000000e+03
-9.999000000000000000e+03
-9.999000000000000000e+03
-9.999000000000000000e+03
-9.999000000000000000e+03
-9.999000000000000000e+03
-9.999000000000000000e+03
-9.999000000000000000e+03
-7.165833376348018646e-03
5.342996679246425629e-03
-2.223285613581538200e-03
-9.999000000000000000e+03
-9.999000000000000000e+03
-9.999000000000000000e+03
-9.999000000000000000e+03
-9.999000000000000000e+03
-9.999000000000000000e+03
-9.999000000000000000e+03
-9.999000000000000000e+03
-9.999000000000000000e+03
-9.999000000000000000e+03
-9.999000000000000000e+03
-9.999000000000000000e+03
-9.999000000000000000e+03
-9.999000000000000000e+03
-9.999000000000000000e+03
-9.999000000000000000e+03
-9.999000000000000000e+03
-9.999000000000000000e+03
-9.999000000000000000e+03
-9.999000000000000000e+03
-9.999000000000000000e+03
-9.999000000000000000e+03
-9.999000000000000000e+03
-9.999000000000000000e+03
-9.999000000000000000e+03
-9.999000000000000000e+03
-9.999000000000000000e+03
-9.999000000000000000e+03
