-1.423089504241943359e-01
-9.607774764299392700e-02
-3.871798515319824219e-02
2.281482703983783722e-02
8.049642294645309448e-02
1.239406764507293701e-01
1.609183698892593384e-01
1.885066926479339600e-01
2.195776253938674927e-01
2.498257458209991455e-01
2.426326125860214233e-01
-9.999000000000000000e+03
-9.999000000000000000e+03
-9.999000000000000000e+03
-9.999000000000000000e+03
-9.999000000000000000e+03
-9.999000000000000000e+03
-9.999000000000000000e+03
-9.999000000000000000e+03
-9.999000000000000000e+03
-9.999000000000000000e+03
-9.999000000000000000e+03
-9.999000000000000000e+03
-5.028564017266035080e-03
7.753871381282806396e-02
1.065193116664886475e-01
1.365128159523010254e-01
1.243900135159492493e-01
1.171308457851409912e-01
1.154141575098037720e-01
9.710592031478881836e-02
-1.337641030550003052e-01
-9.223034232854843140e-02
-3.711053356528282166e-02
2.044887468218803406e-02
8.561906218528747559e-02
1.283753514289855957e-01
1.689575910568237305e-01
2.002185583114624023e-01
2.261308729648590088e-01
2.500365972518920898e-01
2.510620057582855225e-01
1.448210924863815308e-01
-9.999000000000000000e+03
-9.999000000000000000e+03
-9.999000000000000000e+03
-9.999000000000000000e+03
-9.999000000000000000e+03
-9.999000000000000000e+03
-9.999000000000000000e+03
-9.999000000000000000e+03
-9.999000000000000000e+03
-2.753563458099961281e-04
-2.015053853392601013e-02
-2.150220237672328949e-02
1.825028099119663239e-02
5.937679484486579895e-02
9.215518087148666382e-02
7.726514339447021484e-02
6.528556346893310547e-02
7.037409394979476929e-02
7.787727564573287964e-02
-1.346862465143203735e-01
-8.090184628963470459e-02
-1.895156875252723694e-02
4.464166983962059021e-02
9.479719400405883789e-02
1.342548280954360962e-01
1.692153215408325195e-01
2.027036696672439575e-01
2.269763946533203125e-01
2.432699650526046753e-01
2.269703894853591919e-01
1.492144763469696045e-01
-9.999000000000000000e+03
-9.999000000000000000e+03
-9.999000000000000000e+03
-9.999000000000000000e+03
-9.999000000000000000e+03
-9.999000000000000000e+03
-9.999000000000000000e+03
-3.544663079082965851e-03
-4.394250456243753433e-03
5.101990886032581329e-03
-2.552902325987815857e-02
-2.865247428417205811e-02
-3.336831694468855858e-03
8.971685543656349182e-03
3.211913630366325378e-02
4.378107935190200806e-02
4.977609217166900635e-02
5.520665273070335388e-02
6.079512462019920349e-02
-1.159095838665962219e-01
-6.558094918727874756e-02
-1.210390310734510422e-02
4.674335196614265442e-02
1.053461730480194092e-01
1.457797288894653320e-01
1.711271554231643677e-01
1.985876858234405518e-01
2.145667225122451782e-01
2.271216213703155518e-01
2.201387882232666016e-01
1.435884386301040649e-01
6.381335854530334473e-02
-9.999000000000000000e+03
-9.999000000000000000e+03
-9.999000000000000000e+03
-9.087765938602387905e-04
-4.336126614362001419e-03
-6.626087240874767303e-03
-3.669124096632003784e-03
-9.785485453903675079e-03
-1.260503288358449936e-02
-2.515243180096149445e-02
-2.398180402815341949e-02
1.645637117326259613e-02
1.559847383759915829e-03
3.230402618646621704e-02
4.021165519952774048e-02
4.044401273131370544e-02
4.617986828088760376e-02
5.505820736289024353e-02
-1.131470277905464172e-01
-4.509992524981498718e-02
1.561762671917676926e-02
5.121784284710884094e-02
9.424660354852676392e-02
1.247117072343826294e-01
1.476816385984420776e-01
1.763110011816024780e-01
1.868507713079452515e-01
1.859601289033889771e-01
1.578185856342315674e-01
1.016888618469238281e-01
4.526070505380630493e-02
5.419810302555561066e-03
-7.706013042479753494e-03
-9.048623964190483093e-03
-3.367082914337515831e-03
7.393175736069679260e-03
6.981549784541130066e-03
1.028402615338563919e-02
-3.742308588698506355e-03
-1.650957576930522919e-02
-2.212467975914478302e-02
-1.673590019345283508e-02
-9.649457409977912903e-03
-1.727941446006298065e-02
-4.685578751377761364e-04
8.775670430622994900e-04
1.518578920513391495e-02
3.543478623032569885e-02
5.070160329341888428e-02
-1.048617511987686157e-01
-5.615769699215888977e-02
-6.376978475600481033e-03
3.034077398478984833e-02
7.057350873947143555e-02
9.396580606698989868e-02
1.051009520888328552e-01
1.296445727348327637e-01
1.400554329156875610e-01
1.481114178895950317e-01
1.169772967696189880e-01
7.357104867696762085e-02
2.856710925698280334e-02
-7.343163248151540756e-03
-1.271279156208038330e-02
-3.498649690300226212e-03
2.084557525813579559e-02
4.698828980326652527e-02
4.508269205689430237e-02
3.996671363711357117e-02
1.389992143958806992e-02
-1.716900989413261414e-02
-4.100925102829933167e-02
-4.887811467051506042e-02
-5.666766315698623657e-02
-6.851778924465179443e-02
-4.599760100245475769e-02
-3.939941525459289551e-02
-2.162423916161060333e-02
1.181747484952211380e-02
4.424459114670753479e-02
-8.876358717679977417e-02
-5.518877878785133362e-02
-1.859299838542938232e-02
2.330634510144591331e-03
3.060169890522956848e-02
4.736857488751411438e-02
5.976931378245353699e-02
8.370091766119003296e-02
8.607982844114303589e-02
9.089352935552597046e-02
8.333357423543930054e-02
5.638527125120162964e-02
2.524725720286369324e-02
-5.824801512062549591e-03
2.606376260519027710e-02
5.151293054223060608e-02
8.275040239095687866e-02
9.944078326225280762e-02
8.783072233200073242e-02
7.469490170478820801e-02
2.766834571957588196e-02
-3.522020578384399414e-02
-8.519639074802398682e-02
-1.077456027269363403e-01
-1.251806616783142090e-01
-1.298567503690719604e-01
-1.084640771150588989e-01
-1.045946702361106873e-01
-7.513856142759323120e-02
-3.685548668727278709e-03
3.269516676664352417e-02
-8.118449151515960693e-02
-5.277250707149505615e-02
-2.487391792237758636e-02
-1.887244172394275665e-02
-4.053522367030382156e-03
1.178499218076467514e-02
1.608010381460189819e-02
3.372706845402717590e-02
3.684113547205924988e-02
5.506213381886482239e-02
6.192829459905624390e-02
4.694496840238571167e-02
3.769588097929954529e-02
4.474484547972679138e-02
7.974303513765335083e-02
1.035305187106132507e-01
1.348075717687606812e-01
1.359058171510696411e-01
1.119005829095840454e-01
8.112721145153045654e-02
3.160275891423225403e-02
-1.678386889398097992e-02
-6.481411308050155640e-02
-1.253887265920639038e-01
-1.837833672761917114e-01
-1.894103437662124634e-01
-1.982004642486572266e-01
-1.960174590349197388e-01
-1.478009223937988281e-01
-4.439958184957504272e-02
2.814145060256123543e-03
-6.604558974504470825e-02
-4.674741625785827637e-02
-3.482282161712646484e-02
-3.201964497566223145e-02
-2.427509799599647522e-02
-2.782315574586391449e-02
-2.378368005156517029e-02
-4.979576915502548218e-03
1.578669995069503784e-02
3.975878283381462097e-02
5.186631903052330017e-02
4.953208565711975098e-02
6.746281683444976807e-02
1.028927415609359741e-01
1.362817883491516113e-01
1.434439271688461304e-01
1.490062773227691650e-01
1.353985220193862915e-01
1.161358430981636047e-01
7.383388280868530273e-02
8.676681667566299438e-03
-2.733994461596012115e-02
-4.012246429920196533e-02
-8.008138835430145264e-02
-9.620937705039978027e-02
-1.838784515857696533e-01
-2.458917796611785889e-01
-2.701247930526733398e-01
-2.105404287576675415e-01
-1.121031865477561951e-01
-4.159051179885864258e-02
-6.348613649606704712e-02
-4.619253799319267273e-02
-3.938826546072959900e-02
-3.445106744766235352e-02
-4.469739645719528198e-02
-4.928849637508392334e-02
-4.588454589247703552e-02
-2.396503835916519165e-02
6.143806967884302139e-04
3.267097845673561096e-02
5.183306336402893066e-02
8.192761987447738647e-02
1.100580245256423950e-01
1.325980573892593384e-01
1.459868699312210083e-01
1.441897600889205933e-01
1.321478486061096191e-01
8.193437010049819946e-02
7.220020145177841187e-02
2.258909307420253754e-02
-4.792062565684318542e-03
-9.999000000000000000e+03
-9.999000000000000000e+03
-9.999000000000000000e+03
-9.999000000000000000e+03
-9.999000000000000000e+03
-9.999000000000000000e+03
-2.372867763042449951e-01
-2.755838930606842041e-01
-1.688774824142456055e-01
-8.536963909864425659e-02
-8.114152401685714722e-02
-6.227331981062889099e-02
-4.975629597902297974e-02
-5.117908865213394165e-02
-6.563966721296310425e-02
-7.947560399770736694e-02
-5.600087344646453857e-02
-2.400438860058784485e-02
1.310328207910060883e-02
5.136853829026222229e-02
7.188383489847183228e-02
1.243322566151618958e-01
1.349714845418930054e-01
1.370272934436798096e-01
1.176926940679550171e-01
1.054458543658256531e-01
1.066396832466125488e-01
-9.999000000000000000e+03
-9.999000000000000000e+03
-9.999000000000000000e+03
-9.999000000000000000e+03
-9.999000000000000000e+03
-9.999000000000000000e+03
-9.999000000000000000e+03
-9.999000000000000000e+03
-9.999000000000000000e+03
-9.999000000000000000e+03
-1.981068849563598633e-01
-2.598440945148468018e-01
-2.255785465240478516e-01
-1.400874853134155273e-01
-1.161126419901847839e-01
-7.484174519777297974e-02
-6.189762428402900696e-02
-5.895645543932914734e-02
-7.424326241016387939e-02
-7.779142260551452637e-02
-4.629210382699966431e-02
-3.303937381133437157e-03
5.177675932645797729e-02
9.229879081249237061e-02
1.114893555641174316e-01
1.330197900533676147e-01
1.335708945989608765e-01
1.212419867515563965e-01
5.262353271245956421e-02
5.496836081147193909e-02
-9.999000000000000000e+03
-9.999000000000000000e+03
-9.999000000000000000e+03
-9.999000000000000000e+03
-9.999000000000000000e+03
-9.999000000000000000e+03
-9.999000000000000000e+03
-9.999000000000000000e+03
-9.999000000000000000e+03
-9.999000000000000000e+03
-9.999000000000000000e+03
-9.999000000000000000e+03
-1.743282675743103027e-01
-2.062472403049468994e-01
-1.182709038257598877e-01
-8.712492883205413818e-02
-7.766678184270858765e-02
-6.298853456974029541e-02
-3.932445123791694641e-02
-5.113660916686058044e-02
-4.150710999965667725e-02
1.902006682939827442e-03
4.343778267502784729e-02
8.604508638381958008e-02
1.035477742552757263e-01
1.152692213654518127e-01
1.424017846584320068e-01
9.324960410594940186e-02
9.968606382608413696e-02
-9.999000000000000000e+03
-9.999000000000000000e+03
-9.999000000000000000e+03
-9.999000000000000000e+03
-9.999000000000000000e+03
-9.999000000000000000e+03
-9.999000000000000000e+03
-9.999000000000000000e+03
-9.999000000000000000e+03
-9.999000000000000000e+03
-9.999000000000000000e+03
-9.999000000000000000e+03
-9.999000000000000000e+03
-9.999000000000000000e+03
-9.999000000000000000e+03
-1.707915663719177246e-01
-1.164167523384094238e-01
-9.999000000000000000e+03
-7.368536293506622314e-02
-7.576198130846023560e-02
-5.640039592981338501e-02
-3.917623311281204224e-02
-2.700648829340934753e-02
2.239157073199748993e-02
8.579826354980468750e-02
8.960205316543579102e-02
1.022952795028686523e-01
1.174068897962570190e-01
1.198890879750251770e-01
6.885511428117752075e-02
-9.999000000000000000e+03
-9.999000000000000000e+03
-9.999000000000000000e+03
-9.999000000000000000e+03
-9.999000000000000000e+03
-9.999000000000000000e+03
-9.999000000000000000e+03
-9.999000000000000000e+03
-9.999000000000000000e+03
-9.999000000000000000e+03
-9.999000000000000000e+03
-9.999000000000000000e+03
-9.999000000000000000e+03
-9.999000000000000000e+03
-9.999000000000000000e+03
-9.999000000000000000e+03
-9.144948422908782959e-02
-6.133846193552017212e-02
-9.999000000000000000e+03
-9.999000000000000000e+03
-9.635821729898452759e-02
-7.214266806840896606e-02
-3.670428693294525146e-02
-5.695648724213242531e-04
6.329289078712463379e-02
9.669441729784011841e-02
8.280095458030700684e-02
1.018279790878295898e-01
1.024286150932312012e-01
1.692859828472137451e-02
-9.999000000000000000e+03
-9.999000000000000000e+03
-9.999000000000000000e+03
-9.999000000000000000e+03
-9.999000000000000000e+03
-9.999000000000000000e+03
-9.999000000000000000e+03
-9.999000000000000000e+03
-9.999000000000000000e+03
-9.999000000000000000e+03
-9.999000000000000000e+03
-9.999000000000000000e+03
-9.999000000000000000e+03
-9.999000000000000000e+03
-9.999000000000000000e+03
-9.999000000000000000e+03
-9.999000000000000000e+03
-4.491274803876876831e-02
-2.815243229269981384e-02
-9.999000000000000000e+03
-9.999000000000000000e+03
-6.804390251636505127e-02
-7.081429660320281982e-02
-4.249099269509315491e-02
1.230613887310028076e-02
8.191750198602676392e-02
8.383604139089584351e-02
1.003279164433479309e-01
1.117823123931884766e-01
8.244757354259490967e-02
2.029822021722793579e-02
-9.999000000000000000e+03
-9.999000000000000000e+03
-9.999000000000000000e+03
-9.999000000000000000e+03
-9.999000000000000000e+03
-9.999000000000000000e+03
-9.999000000000000000e+03
-9.999000000000000000e+03
-9.999000000000000000e+03
-9.999000000000000000e+03
-9.999000000000000000e+03
-9.999000000000000000e+03
-9.999000000000000000e+03
-9.999000000000000000e+03
-9.999000000000000000e+03
-9.999000000000000000e+03
-9.999000000000000000e+03
-9.999000000000000000e+03
-9.999000000000000000e+03
-9.999000000000000000e+03
-9.999000000000000000e+03
-4.482367262244224548e-02
-7.270657271146774292e-02
-4.569934681057929993e-02
1.382467523217201233e-02
3.671134635806083679e-02
6.917425245046615601e-02
1.199947446584701538e-01
1.325665712356567383e-01
5.515125021338462830e-02
2.886567264795303345e-02
-9.999000000000000000e+03
-9.999000000000000000e+03
-9.999000000000000000e+03
-9.999000000000000000e+03
-9.999000000000000000e+03
-9.999000000000000000e+03
-9.999000000000000000e+03
-9.999000000000000000e+03
-9.999000000000000000e+03
-9.999000000000000000e+03
-9.999000000000000000e+03
-9.999000000000000000e+03
-9.999000000000000000e+03
-9.999000000000000000e+03
-9.999000000000000000e+03
-9.999000000000000000e+03
-9.999000000000000000e+03
-9.999000000000000000e+03
-9.999000000000000000e+03
-9.999000000000000000e+03
-9.999000000000000000e+03
-9.999000000000000000e+03
-5.542512610554695129e-02
-5.919624119997024536e-02
-1.433085557073354721e-02
-7.546537369489669800e-02
5.174748599529266357e-02
1.350724101066589355e-01
1.606609076261520386e-01
8.767943829298019409e-02
-9.999000000000000000e+03
-9.999000000000000000e+03
-9.999000000000000000e+03
-9.999000000000000000e+03
-9.999000000000000000e+03
-9.999000000000000000e+03
-9.999000000000000000e+03
-9.999000000000000000e+03
-9.999000000000000000e+03
-9.999000000000000000e+03
-9.999000000000000000e+03
-9.999000000000000000e+03
-9.999000000000000000e+03
-9.999000000000000000e+03
-9.999000000000000000e+03
-9.999000000000000000e+03
-9.999000000000000000e+03
-9.999000000000000000e+03
-9.999000000000000000e+03
-9.999000000000000000e+03
-9.999000000000000000e+03
-9.999000000000000000e+03
-9.999000000000000000e+03
-5.158564820885658264e-02
-5.046166852116584778e-02
-6.926456093788146973e-02
-1.212857738137245178e-01
3.655226901173591614e-02
1.571431159973144531e-01
2.011537104845046997e-01
1.410574167966842651e-01
8.450581133365631104e-02
-9.999000000000000000e+03
-9.999000000000000000e+03
-9.999000000000000000e+03
-9.999000000000000000e+03
-9.999000000000000000e+03
-9.999000000000000000e+03
-9.999000000000000000e+03
-9.999000000000000000e+03
-9.999000000000000000e+03
-9.999000000000000000e+03
-9.999000000000000000e+03
-9.999000000000000000e+03
-9.999000000000000000e+03
-9.999000000000000000e+03
-9.999000000000000000e+03
-9.999000000000000000e+03
-9.999000000000000000e+03
-9.999000000000000000e+03
-9.999000000000000000e+03
-9.999000000000000000e+03
-9.999000000000000000e+03
-9.999000000000000000e+03
-9.999000000000000000e+03
-5.743756145238876343e-02
-9.532745182514190674e-02
-7.650995254516601562e-02
4.520650953054428101e-02
9.542235732078552246e-02
5.956486612558364868e-02
1.062324717640876770e-01
1.149203255772590637e-01
-9.999000000000000000e+03
-9.999000000000000000e+03
-9.999000000000000000e+03
-9.999000000000000000e+03
-9.999000000000000000e+03
-9.999000000000000000e+03
-9.999000000000000000e+03
-9.999000000000000000e+03
-9.999000000000000000e+03
-9.999000000000000000e+03
-9.999000000000000000e+03
-9.999000000000000000e+03
-9.999000000000000000e+03
-9.999000000000000000e+03
-9.999000000000000000e+03
-9.999000000000000000e+03
-9.999000000000000000e+03
-9.999000000000000000e+03
-9.999000000000000000e+03
-9.999000000000000000e+03
-9.999000000000000000e+03
-9.999000000000000000e+03
-9.999000000000000000e+03
-3.889603540301322937e-02
-7.790580391883850098e-02
-7.781286537647247314e-02
-6.152791529893875122e-02
-8.468619734048843384e-02
-1.040550768375396729e-01
-3.430949896574020386e-02
4.769102483987808228e-02
7.545158267021179199e-02
-9.999000000000000000e+03
-9.999000000000000000e+03
-9.999000000000000000e+03
-9.999000000000000000e+03
-9.999000000000000000e+03
-9.999000000000000000e+03
-9.999000000000000000e+03
-9.999000000000000000e+03
-9.999000000000000000e+03
-9.999000000000000000e+03
-9.999000000000000000e+03
-9.999000000000000000e+03
-9.999000000000000000e+03
-9.999000000000000000e+03
-9.999000000000000000e+03
-9.999000000000000000e+03
-9.999000000000000000e+03
-9.999000000000000000e+03
-9.999000000000000000e+03
-9.999000000000000000e+03
-9.999000000000000000e+03
-9.999000000000000000e+03
3.800706565380096436e-02
-3.361208736896514893e-02
-7.388782501220703125e-02
-1.001644358038902283e-01
-1.182638034224510193e-01
-1.401770561933517456e-01
-8.601634949445724487e-02
-1.278107287362217903e-03
9.157760441303253174e-02
7.686533778905868530e-02
3.466282412409782410e-02
1.753475889563560486e-02
4.271288961172103882e-02
-9.999000000000000000e+03
-9.999000000000000000e+03
-9.999000000000000000e+03
-9.999000000000000000e+03
-9.999000000000000000e+03
-9.999000000000000000e+03
-9.999000000000000000e+03
-9.999000000000000000e+03
-9.999000000000000000e+03
-9.999000000000000000e+03
-9.999000000000000000e+03
-9.999000000000000000e+03
-9.999000000000000000e+03
-9.999000000000000000e+03
-9.999000000000000000e+03
-9.999000000000000000e+03
-9.999000000000000000e+03
4.936753213405609131e-02
4.416520521044731140e-02
1.423308905214071274e-02
-2.945751138031482697e-02
-6.852497160434722900e-02
-1.088532656431198120e-01
-1.076170131564140320e-01
-7.114132493734359741e-02
-4.411693196743726730e-03
7.945462316274642944e-02
5.089717730879783630e-02
-8.568212389945983887e-03
1.931113377213478088e-02
3.110824339091777802e-02
-9.999000000000000000e+03
-9.999000000000000000e+03
-9.999000000000000000e+03
-9.999000000000000000e+03
-9.999000000000000000e+03
-9.999000000000000000e+03
-9.999000000000000000e+03
-9.999000000000000000e+03
-9.999000000000000000e+03
-9.999000000000000000e+03
-9.999000000000000000e+03
-9.999000000000000000e+03
-9.999000000000000000e+03
-9.999000000000000000e+03
-9.999000000000000000e+03
4.639922454953193665e-02
5.477234348654747009e-02
3.624618053436279297e-02
3.167320042848587036e-02
2.175818756222724915e-02
-1.669450313784182072e-03
-3.570199385285377502e-02
-8.053746074438095093e-02
-1.066412553191184998e-01
-7.295753061771392822e-02
2.335988217964768410e-03
3.064228221774101257e-02
6.030807271599769592e-02
4.133114218711853027e-02
-9.999000000000000000e+03
-9.999000000000000000e+03
-9.999000000000000000e+03
-9.999000000000000000e+03
-9.999000000000000000e+03
-9.999000000000000000e+03
-9.999000000000000000e+03
-9.999000000000000000e+03
-9.999000000000000000e+03
-9.999000000000000000e+03
-9.999000000000000000e+03
-9.999000000000000000e+03
-9.999000000000000000e+03
-9.999000000000000000e+03
-9.999000000000000000e+03
-9.999000000000000000e+03
1.780555024743080139e-02
3.172766044735908508e-02
7.287058979272842407e-02
7.033956050872802734e-02
4.819315299391746521e-02
1.982549577951431274e-02
-1.979062892496585846e-02
-4.123621433973312378e-02
-5.659954249858856201e-02
-7.682550698518753052e-02
-8.005173504352569580e-02
-3.492564335465431213e-02
-6.432181689888238907e-03
7.911960780620574951e-02
-9.999000000000000000e+03
-9.999000000000000000e+03
-9.999000000000000000e+03
-9.999000000000000000e+03
-9.999000000000000000e+03
-9.999000000000000000e+03
-9.999000000000000000e+03
-9.999000000000000000e+03
-9.999000000000000000e+03
-9.999000000000000000e+03
-9.999000000000000000e+03
-9.999000000000000000e+03
-9.999000000000000000e+03
-9.999000000000000000e+03
-9.999000000000000000e+03
-9.999000000000000000e+03
-9.999000000000000000e+03
1.252447068691253662e-02
2.262560650706291199e-02
8.593610674142837524e-02
7.989335805177688599e-02
3.100526146590709686e-02
-1.464935950934886932e-02
-5.207899585366249084e-02
-5.938109010457992554e-02
-4.237239435315132141e-02
-5.071170255541801453e-02
-5.260128527879714966e-02
-3.181584551930427551e-02
-6.399918813258409500e-03
4.470783844590187073e-02
-9.999000000000000000e+03
-9.999000000000000000e+03
-9.999000000000000000e+03
-9.999000000000000000e+03
-9.999000000000000000e+03
-9.999000000000000000e+03
-9.999000000000000000e+03
-9.999000000000000000e+03
-9.999000000000000000e+03
-9.999000000000000000e+03
-9.999000000000000000e+03
-9.999000000000000000e+03
-9.999000000000000000e+03
-9.999000000000000000e+03
-9.999000000000000000e+03
-9.999000000000000000e+03
-9.999000000000000000e+03
1.693177409470081329e-02
5.684784427285194397e-02
8.053009212017059326e-02
6.452066451311111450e-02
3.125949529930949211e-03
-6.740822643041610718e-02
-8.755861222743988037e-02
-8.023504912853240967e-02
-4.592320322990417480e-02
-3.066682815551757812e-02
-3.352018818259239197e-02
-1.449222117662429810e-02
-3.044185601174831390e-02
-9.999000000000000000e+03
-9.999000000000000000e+03
-9.999000000000000000e+03
-9.999000000000000000e+03
-9.999000000000000000e+03
-9.999000000000000000e+03
-9.999000000000000000e+03
-9.999000000000000000e+03
-9.999000000000000000e+03
-9.999000000000000000e+03
-9.999000000000000000e+03
-9.999000000000000000e+03
-9.999000000000000000e+03
-9.999000000000000000e+03
-9.999000000000000000e+03
-9.999000000000000000e+03
-9.999000000000000000e+03
-9.999000000000000000e+03
4.557558521628379822e-02
8.046308159828186035e-02
6.960485875606536865e-02
2.912476658821105957e-02
-4.608469828963279724e-02
-9.978956729173660278e-02
-1.075378581881523132e-01
-9.663245081901550293e-02
-4.182155802845954895e-02
-9.363463148474693298e-03
-7.234321907162666321e-03
-1.686722412705421448e-02
-9.999000000000000000e+03
-9.999000000000000000e+03
-9.999000000000000000e+03
-9.999000000000000000e+03
-9.999000000000000000e+03
-9.999000000000000000e+03
-9.999000000000000000e+03
-9.999000000000000000e+03
-9.999000000000000000e+03
-9.999000000000000000e+03
-9.999000000000000000e+03
-9.999000000000000000e+03
-9.999000000000000000e+03
-9.999000000000000000e+03
-9.999000000000000000e+03
-9.999000000000000000e+03
-9.999000000000000000e+03
-9.999000000000000000e+03
-9.999000000000000000e+03
5.991929024457931519e-02
7.173587381839752197e-02
5.172024667263031006e-02
1.715950109064579010e-02
-9.791957587003707886e-02
-1.120826527476310730e-01
-9.635867923498153687e-02
-5.871133878827095032e-02
-3.197910636663436890e-02
-1.444308366626501083e-02
-9.999000000000000000e+03
-9.999000000000000000e+03
-9.999000000000000000e+03
-9.999000000000000000e+03
-9.999000000000000000e+03
-9.999000000000000000e+03
-9.999000000000000000e+03
-9.999000000000000000e+03
-9.999000000000000000e+03
-9.999000000000000000e+03
-9.999000000000000000e+03
-9.999000000000000000e+03
-9.999000000000000000e+03
-9.999000000000000000e+03
-9.999000000000000000e+03
-9.999000000000000000e+03
-9.999000000000000000e+03
-9.999000000000000000e+03
-9.999000000000000000e+03
-9.999000000000000000e+03
-9.999000000000000000e+03
5.193512514233589172e-02
3.581075370311737061e-02
1.997401565313339233e-02
-4.352791234850883484e-02
-8.666001260280609131e-02
-8.902091532945632935e-02
-9.999000000000000000e+03
-9.999000000000000000e+03
-9.999000000000000000e+03
-9.999000000000000000e+03
-9.999000000000000000e+03
-9.999000000000000000e+03
-9.999000000000000000e+03
-9.999000000000000000e+03
-9.999000000000000000e+03
-9.999000000000000000e+03
-9.999000000000000000e+03
-9.999000000000000000e+03
-9.999000000000000000e+03
-9.999000000000000000e+03
-9.999000000000000000e+03
-9.999000000000000000e+03
-9.999000000000000000e+03
-9.999000000000000000e+03
-9.999000000000000000e+03
-9.999000000000000000e+03
-9.999000000000000000e+03
-9.999000000000000000e+03
-9.999000000000000000e+03
-9.999000000000000000e+03
-9.999000000000000000e+03
7.506330031901597977e-03
1.258865185081958771e-02
1.095224916934967041e-02
-9.999000000000000000e+03
-9.999000000000000000e+03
-9.999000000000000000e+03
-9.999000000000000000e+03
-9.999000000000000000e+03
-9.999000000000000000e+03
-9.999000000000000000e+03
-9.999000000000000000e+03
-9.999000000000000000e+03
-9.999000000000000000e+03
-9.999000000000000000e+03
-9.999000000000000000e+03
-9.999000000000000000e+03
-9.999000000000000000e+03
-9.999000000000000000e+03
-9.999000000000000000e+03
-9.999000000000000000e+03
-9.999000000000000000e+03
-9.999000000000000000e+03
-9.999000000000000000e+03
-9.999000000000000000e+03
-9.999000000000000000e+03
-9.999000000000000000e+03
-9.999000000000000000e+03
-9.999000000000000000e+03
-9.999000000000000000e+03
-9.999000000000000000e+03
-9.999000000000000000e+03
