-1.463631540536880493e-01
-1.055922657251358032e-01
-4.792314022779464722e-02
1.669681631028652191e-02
6.283441185951232910e-02
9.142173081636428833e-02
1.206575334072113037e-01
1.497722268104553223e-01
1.921995431184768677e-01
2.233221530914306641e-01
2.119807451963424683e-01
-9.999000000000000000e+03
-9.999000000000000000e+03
-9.999000000000000000e+03
-9.999000000000000000e+03
-9.999000000000000000e+03
-9.999000000000000000e+03
-9.999000000000000000e+03
-9.999000000000000000e+03
-9.999000000000000000e+03
-9.999000000000000000e+03
-9.999000000000000000e+03
-9.999000000000000000e+03
1.381536386907100677e-02
6.592407822608947754e-02
8.239852637052536011e-02
9.527395665645599365e-02
8.238647133111953735e-02
7.745181024074554443e-02
5.781347304582595825e-02
4.693974927067756653e-02
-1.489236503839492798e-01
-1.072897985577583313e-01
-4.647887498140335083e-02
8.807425387203693390e-03
5.961653217673301697e-02
9.292545169591903687e-02
1.368966400623321533e-01
1.756702065467834473e-01
2.113402485847473145e-01
2.333950847387313843e-01
2.266384661197662354e-01
1.219245493412017822e-01
-9.999000000000000000e+03
-9.999000000000000000e+03
-9.999000000000000000e+03
-9.999000000000000000e+03
-9.999000000000000000e+03
-9.999000000000000000e+03
-9.999000000000000000e+03
-9.999000000000000000e+03
-9.999000000000000000e+03
-6.509005557745695114e-03
-1.019550208002328873e-02
3.168013878166675568e-03
1.775580644607543945e-02
5.292423814535140991e-02
6.626636534929275513e-02
6.238504499197006226e-02
5.640465766191482544e-02
4.918616637587547302e-02
5.034296587109565735e-02
-1.520494371652603149e-01
-1.006083264946937561e-01
-3.618865460157394409e-02
9.166601113975048065e-03
5.358035117387771606e-02
9.430623054504394531e-02
1.421950608491897583e-01
1.893593817949295044e-01
2.224469929933547974e-01
2.309533357620239258e-01
1.998050957918167114e-01
1.244463995099067688e-01
-9.999000000000000000e+03
-9.999000000000000000e+03
-9.999000000000000000e+03
-9.999000000000000000e+03
-9.999000000000000000e+03
-9.999000000000000000e+03
-9.999000000000000000e+03
-1.643579639494419098e-02
-1.195885613560676575e-02
-4.785660348716191947e-05
-2.195533178746700287e-02
-7.976667955517768860e-03
2.810890972614288330e-02
3.681436181068420410e-02
4.459303990006446838e-02
4.269758611917495728e-02
4.691982269287109375e-02
4.355214908719062805e-02
5.692769959568977356e-02
-1.367028504610061646e-01
-1.011602133512496948e-01
-5.735819786787033081e-02
-8.293613791465759277e-03
5.330037325620651245e-02
1.114825755357742310e-01
1.536191403865814209e-01
1.904964745044708252e-01
2.119987457990646362e-01
2.228336632251739502e-01
2.076050788164138794e-01
1.314680725336074829e-01
5.840992182493209839e-02
-9.999000000000000000e+03
-9.999000000000000000e+03
-9.999000000000000000e+03
-2.736258879303932190e-02
-3.166882321238517761e-02
-2.892935089766979218e-02
-7.813000120222568512e-03
-2.693504327908158302e-03
-3.375565167516469955e-03
-2.538668457418680191e-03
1.131594553589820862e-02
5.428516864776611328e-02
2.148112840950489044e-02
3.534323722124099731e-02
3.093121387064456940e-02
3.076811507344245911e-02
4.064933210611343384e-02
5.249160900712013245e-02
-1.284424811601638794e-01
-8.496624976396560669e-02
-4.212095215916633606e-02
1.538783661089837551e-03
5.259402468800544739e-02
9.849376231431961060e-02
1.393708437681198120e-01
1.761453002691268921e-01
1.951711624860763550e-01
1.976399421691894531e-01
1.781981438398361206e-01
1.257858276367187500e-01
5.400735512375831604e-02
-6.975691299885511398e-03
-2.983124367892742157e-02
-4.459531977772712708e-02
-3.944246843457221985e-02
-2.061209455132484436e-02
-6.239200010895729065e-03
1.521900482475757599e-02
1.556884869933128357e-02
1.880658417940139771e-02
1.814544200897216797e-02
1.084901671856641769e-02
5.006646271795034409e-03
-1.523551717400550842e-02
-8.119932375848293304e-03
-2.696807263419032097e-03
4.747096914798021317e-03
2.663525380194187164e-02
4.487239569425582886e-02
-9.768313169479370117e-02
-7.269489765167236328e-02
-4.051573947072029114e-02
7.122056093066930771e-03
5.935733020305633545e-02
9.703057259321212769e-02
1.178723573684692383e-01
1.432254612445831299e-01
1.531823724508285522e-01
1.646837592124938965e-01
1.575136780738830566e-01
9.606051445007324219e-02
4.290381073951721191e-02
-9.268467314541339874e-03
-3.275378048419952393e-02
-3.819825872778892517e-02
-1.741502061486244202e-02
2.390374429523944855e-02
4.086989536881446838e-02
5.472685024142265320e-02
4.281028360128402710e-02
2.590559050440788269e-02
2.881848486140370369e-03
-2.396940067410469055e-02
-4.447515681385993958e-02
-6.989270448684692383e-02
-5.053694546222686768e-02
-4.966920986771583557e-02
-3.862470760941505432e-02
-7.406988181173801422e-03
2.047814242541790009e-02
-5.449816957116127014e-02
-3.703484684228897095e-02
-1.244693156331777573e-02
1.798294670879840851e-02
4.800441116094589233e-02
7.454833388328552246e-02
9.004561603069305420e-02
1.088196411728858948e-01
1.053338497877120972e-01
1.090312972664833069e-01
1.053952351212501526e-01
6.765783578157424927e-02
3.676257655024528503e-02
-8.772357366979122162e-03
-3.132420126348733902e-03
1.332526467740535736e-02
4.828898981213569641e-02
7.495352625846862793e-02
7.832480221986770630e-02
7.953600585460662842e-02
5.370392277836799622e-02
1.572981849312782288e-02
-3.181029483675956726e-02
-6.954936683177947998e-02
-1.034389734268188477e-01
-1.241190358996391296e-01
-1.111241206526756287e-01
-1.197606027126312256e-01
-9.848675876855850220e-02
-3.870732337236404419e-02
-1.473855227231979370e-02
-3.518762066960334778e-02
-1.957572065293788910e-02
6.659990642219781876e-03
2.078822627663612366e-02
3.942102193832397461e-02
5.430403351783752441e-02
6.260024756193161011e-02
7.404810935258865356e-02
6.386291980743408203e-02
7.010310888290405273e-02
7.190922647714614868e-02
4.060941189527511597e-02
3.052411787211894989e-02
2.545060217380523682e-02
4.673483222723007202e-02
6.597536802291870117e-02
1.003386229276657104e-01
1.044618338346481323e-01
9.491899609565734863e-02
8.520340919494628906e-02
6.006205826997756958e-02
2.675809524953365326e-02
-2.544711157679557800e-02
-9.516564756631851196e-02
-1.647997796535491943e-01
-1.769998520612716675e-01
-1.909058690071105957e-01
-1.942424625158309937e-01
-1.612426340579986572e-01
-8.736731857061386108e-02
-5.721163749694824219e-02
-1.638040505349636078e-02
-3.557266667485237122e-03
4.160946235060691833e-03
6.226968951523303986e-03
2.056556567549705505e-02
3.052428551018238068e-02
2.762164734303951263e-02
3.602992370724678040e-02
3.918870538473129272e-02
5.488324537873268127e-02
6.355020403861999512e-02
4.836073517799377441e-02
5.378068611025810242e-02
7.015430927276611328e-02
9.874296188354492188e-02
1.064134016633033752e-01
1.149053499102592468e-01
1.083174571394920349e-01
9.926257282495498657e-02
8.667039871215820312e-02
4.545901715755462646e-02
4.485207609832286835e-03
-2.341676689684391022e-02
-6.717512011528015137e-02
-8.823597431182861328e-02
-1.685691922903060913e-01
-2.252703160047531128e-01
-2.505450546741485596e-01
-2.073435485363006592e-01
-1.335743069648742676e-01
-7.458592206239700317e-02
-9.488821960985660553e-03
-5.072950385510921478e-03
-6.177003495395183563e-03
-3.625516779720783234e-03
5.402945098467171192e-04
2.919230377301573753e-03
2.478715730831027031e-03
1.328882109373807907e-02
1.786301098763942719e-02
4.780202731490135193e-02
6.102744862437248230e-02
7.382290065288543701e-02
8.584763109683990479e-02
9.700517356395721436e-02
1.102606579661369324e-01
1.140666753053665161e-01
1.110330000519752502e-01
7.238391041755676270e-02
6.779843568801879883e-02
3.680517151951789856e-02
2.753357775509357452e-02
-9.999000000000000000e+03
-9.999000000000000000e+03
-9.999000000000000000e+03
-9.999000000000000000e+03
-9.999000000000000000e+03
-9.999000000000000000e+03
-2.134162038564682007e-01
-2.482525855302810669e-01
-1.727879643440246582e-01
-1.027670800685882568e-01
-1.969996467232704163e-02
-1.099158171564340591e-02
-4.917110200040042400e-04
1.082570850849151611e-02
2.095226896926760674e-03
-9.445569477975368500e-03
-1.024668011814355850e-02
-1.799731864593923092e-03
1.961841993033885956e-02
5.746694281697273254e-02
7.658711075782775879e-02
1.031132340431213379e-01
1.054238677024841309e-01
1.081378757953643799e-01
1.006355658173561096e-01
9.412440657615661621e-02
1.020426303148269653e-01
-9.999000000000000000e+03
-9.999000000000000000e+03
-9.999000000000000000e+03
-9.999000000000000000e+03
-9.999000000000000000e+03
-9.999000000000000000e+03
-9.999000000000000000e+03
-9.999000000000000000e+03
-9.999000000000000000e+03
-9.999000000000000000e+03
-1.673995405435562134e-01
-2.222663164138793945e-01
-2.081706374883651733e-01
-1.423493027687072754e-01
-3.783769533038139343e-02
-2.989483065903186798e-02
-7.734715938568115234e-03
2.927405294030904770e-04
-9.166358970105648041e-03
-2.579298987984657288e-02
-2.444834075868129730e-02
-6.625026930123567581e-03
4.204159229993820190e-02
9.201832115650177002e-02
1.015796065330505371e-01
1.161165237426757812e-01
1.160518601536750793e-01
1.020892933011054993e-01
5.058323219418525696e-02
5.620903521776199341e-02
-9.999000000000000000e+03
-9.999000000000000000e+03
-9.999000000000000000e+03
-9.999000000000000000e+03
-9.999000000000000000e+03
-9.999000000000000000e+03
-9.999000000000000000e+03
-9.999000000000000000e+03
-9.999000000000000000e+03
-9.999000000000000000e+03
-9.999000000000000000e+03
-9.999000000000000000e+03
-1.392038464546203613e-01
-1.732419878244400024e-01
-1.101215407252311707e-01
-6.849993020296096802e-02
-7.030511647462844849e-02
-4.863190650939941406e-02
-2.425277046859264374e-02
-2.504101954400539398e-02
-3.144652396440505981e-02
-1.859822310507297516e-02
2.185526303946971893e-02
7.507155090570449829e-02
1.001254245638847351e-01
1.041270568966865540e-01
1.373331695795059204e-01
9.074321389198303223e-02
9.464814513921737671e-02
-9.999000000000000000e+03
-9.999000000000000000e+03
-9.999000000000000000e+03
-9.999000000000000000e+03
-9.999000000000000000e+03
-9.999000000000000000e+03
-9.999000000000000000e+03
-9.999000000000000000e+03
-9.999000000000000000e+03
-9.999000000000000000e+03
-9.999000000000000000e+03
-9.999000000000000000e+03
-9.999000000000000000e+03
-9.999000000000000000e+03
-9.999000000000000000e+03
-1.258726418018341064e-01
-9.206990152597427368e-02
-9.999000000000000000e+03
-8.068706840276718140e-02
-7.858992367982864380e-02
-5.018554255366325378e-02
-2.743068523705005646e-02
-2.205106057226657867e-02
-3.754296572878956795e-03
7.186771929264068604e-02
1.003641635179519653e-01
9.594603627920150757e-02
1.136673912405967712e-01
1.243190020322799683e-01
7.027663290500640869e-02
-9.999000000000000000e+03
-9.999000000000000000e+03
-9.999000000000000000e+03
-9.999000000000000000e+03
-9.999000000000000000e+03
-9.999000000000000000e+03
-9.999000000000000000e+03
-9.999000000000000000e+03
-9.999000000000000000e+03
-9.999000000000000000e+03
-9.999000000000000000e+03
-9.999000000000000000e+03
-9.999000000000000000e+03
-9.999000000000000000e+03
-9.999000000000000000e+03
-9.999000000000000000e+03
-5.549195408821105957e-02
-4.387210682034492493e-02
-9.999000000000000000e+03
-9.999000000000000000e+03
-9.871214628219604492e-02
-6.563901901245117188e-02
-3.062484785914421082e-02
-8.477905765175819397e-03
4.591657593846321106e-02
9.261230379343032837e-02
9.867715835571289062e-02
9.049251675605773926e-02
1.019754111766815186e-01
2.421585656702518463e-02
-9.999000000000000000e+03
-9.999000000000000000e+03
-9.999000000000000000e+03
-9.999000000000000000e+03
-9.999000000000000000e+03
-9.999000000000000000e+03
-9.999000000000000000e+03
-9.999000000000000000e+03
-9.999000000000000000e+03
-9.999000000000000000e+03
-9.999000000000000000e+03
-9.999000000000000000e+03
-9.999000000000000000e+03
-9.999000000000000000e+03
-9.999000000000000000e+03
-9.999000000000000000e+03
-9.999000000000000000e+03
-2.223983407020568848e-02
-2.164425328373908997e-02
-9.999000000000000000e+03
-9.999000000000000000e+03
-7.397482544183731079e-02
-6.996851414442062378e-02
-3.438707441091537476e-02
2.821843605488538742e-03
6.729023903608322144e-02
8.606962114572525024e-02
9.584426134824752808e-02
9.066302329301834106e-02
7.100283354520797729e-02
2.793855965137481689e-02
-9.999000000000000000e+03
-9.999000000000000000e+03
-9.999000000000000000e+03
-9.999000000000000000e+03
-9.999000000000000000e+03
-9.999000000000000000e+03
-9.999000000000000000e+03
-9.999000000000000000e+03
-9.999000000000000000e+03
-9.999000000000000000e+03
-9.999000000000000000e+03
-9.999000000000000000e+03
-9.999000000000000000e+03
-9.999000000000000000e+03
-9.999000000000000000e+03
-9.999000000000000000e+03
-9.999000000000000000e+03
-9.999000000000000000e+03
-9.999000000000000000e+03
-9.999000000000000000e+03
-9.999000000000000000e+03
-5.294631794095039368e-02
-6.037908792495727539e-02
-2.331690117716789246e-02
2.295344509184360504e-02
3.899617493152618408e-02
6.996023654937744141e-02
1.162337809801101685e-01
9.625208377838134766e-02
4.538334533572196960e-02
2.967275120317935944e-02
-9.999000000000000000e+03
-9.999000000000000000e+03
-9.999000000000000000e+03
-9.999000000000000000e+03
-9.999000000000000000e+03
-9.999000000000000000e+03
-9.999000000000000000e+03
-9.999000000000000000e+03
-9.999000000000000000e+03
-9.999000000000000000e+03
-9.999000000000000000e+03
-9.999000000000000000e+03
-9.999000000000000000e+03
-9.999000000000000000e+03
-9.999000000000000000e+03
-9.999000000000000000e+03
-9.999000000000000000e+03
-9.999000000000000000e+03
-9.999000000000000000e+03
-9.999000000000000000e+03
-9.999000000000000000e+03
-9.999000000000000000e+03
-4.580799117684364319e-02
-2.961733750998973846e-02
1.810187846422195435e-02
-5.099773034453392029e-02
4.337642714381217957e-02
1.122624799609184265e-01
1.338012963533401489e-01
8.688503503799438477e-02
-9.999000000000000000e+03
-9.999000000000000000e+03
-9.999000000000000000e+03
-9.999000000000000000e+03
-9.999000000000000000e+03
-9.999000000000000000e+03
-9.999000000000000000e+03
-9.999000000000000000e+03
-9.999000000000000000e+03
-9.999000000000000000e+03
-9.999000000000000000e+03
-9.999000000000000000e+03
-9.999000000000000000e+03
-9.999000000000000000e+03
-9.999000000000000000e+03
-9.999000000000000000e+03
-9.999000000000000000e+03
-9.999000000000000000e+03
-9.999000000000000000e+03
-9.999000000000000000e+03
-9.999000000000000000e+03
-9.999000000000000000e+03
-9.999000000000000000e+03
-3.765092045068740845e-02
-2.377847768366336823e-02
-2.765028923749923706e-02
-7.565322518348693848e-02
2.041700296103954315e-02
1.222815066576004028e-01
1.727484762668609619e-01
1.480961292982101440e-01
9.948731958866119385e-02
-9.999000000000000000e+03
-9.999000000000000000e+03
-9.999000000000000000e+03
-9.999000000000000000e+03
-9.999000000000000000e+03
-9.999000000000000000e+03
-9.999000000000000000e+03
-9.999000000000000000e+03
-9.999000000000000000e+03
-9.999000000000000000e+03
-9.999000000000000000e+03
-9.999000000000000000e+03
-9.999000000000000000e+03
-9.999000000000000000e+03
-9.999000000000000000e+03
-9.999000000000000000e+03
-9.999000000000000000e+03
-9.999000000000000000e+03
-9.999000000000000000e+03
-9.999000000000000000e+03
-9.999000000000000000e+03
-9.999000000000000000e+03
-9.999000000000000000e+03
-4.189953953027725220e-02
-6.208076700568199158e-02
-6.086154654622077942e-02
9.129211306571960449e-03
5.489832907915115356e-02
3.184817358851432800e-02
9.825391322374343872e-02
9.494505077600479126e-02
-9.999000000000000000e+03
-9.999000000000000000e+03
-9.999000000000000000e+03
-9.999000000000000000e+03
-9.999000000000000000e+03
-9.999000000000000000e+03
-9.999000000000000000e+03
-9.999000000000000000e+03
-9.999000000000000000e+03
-9.999000000000000000e+03
-9.999000000000000000e+03
-9.999000000000000000e+03
-9.999000000000000000e+03
-9.999000000000000000e+03
-9.999000000000000000e+03
-9.999000000000000000e+03
-9.999000000000000000e+03
-9.999000000000000000e+03
-9.999000000000000000e+03
-9.999000000000000000e+03
-9.999000000000000000e+03
-9.999000000000000000e+03
-9.999000000000000000e+03
-4.767804220318794250e-02
-8.090747892856597900e-02
-7.740954309701919556e-02
-8.589204400777816772e-02
-1.166231706738471985e-01
-1.372491866350173950e-01
-6.744325906038284302e-02
2.951835282146930695e-02
8.699717372655868530e-02
-9.999000000000000000e+03
-9.999000000000000000e+03
-9.999000000000000000e+03
-9.999000000000000000e+03
-9.999000000000000000e+03
-9.999000000000000000e+03
-9.999000000000000000e+03
-9.999000000000000000e+03
-9.999000000000000000e+03
-9.999000000000000000e+03
-9.999000000000000000e+03
-9.999000000000000000e+03
-9.999000000000000000e+03
-9.999000000000000000e+03
-9.999000000000000000e+03
-9.999000000000000000e+03
-9.999000000000000000e+03
-9.999000000000000000e+03
-9.999000000000000000e+03
-9.999000000000000000e+03
-9.999000000000000000e+03
-9.999000000000000000e+03
1.997328922152519226e-02
-3.674166649580001831e-02
-7.514794170856475830e-02
-1.150120496749877930e-01
-1.460701972246170044e-01
-1.766246855258941650e-01
-1.187580525875091553e-01
4.220388364046812057e-03
9.892638772726058960e-02
3.623737394809722900e-02
-2.862167777493596077e-03
2.254340611398220062e-02
1.678665727376937866e-02
-9.999000000000000000e+03
-9.999000000000000000e+03
-9.999000000000000000e+03
-9.999000000000000000e+03
-9.999000000000000000e+03
-9.999000000000000000e+03
-9.999000000000000000e+03
-9.999000000000000000e+03
-9.999000000000000000e+03
-9.999000000000000000e+03
-9.999000000000000000e+03
-9.999000000000000000e+03
-9.999000000000000000e+03
-9.999000000000000000e+03
-9.999000000000000000e+03
-9.999000000000000000e+03
-9.999000000000000000e+03
1.699453219771385193e-02
2.076750062406063080e-02
6.111840717494487762e-03
-4.692218825221061707e-02
-9.212070703506469727e-02
-1.372548341751098633e-01
-1.389462202787399292e-01
-1.030953004956245422e-01
-2.706109546124935150e-02
6.451024860143661499e-02
2.130051702260971069e-02
3.468295559287071228e-02
1.718888618052005768e-02
9.397035464644432068e-03
-9.999000000000000000e+03
-9.999000000000000000e+03
-9.999000000000000000e+03
-9.999000000000000000e+03
-9.999000000000000000e+03
-9.999000000000000000e+03
-9.999000000000000000e+03
-9.999000000000000000e+03
-9.999000000000000000e+03
-9.999000000000000000e+03
-9.999000000000000000e+03
-9.999000000000000000e+03
-9.999000000000000000e+03
-9.999000000000000000e+03
-9.999000000000000000e+03
2.266568876802921295e-02
1.465455815196037292e-02
7.437577471137046814e-03
1.590686477720737457e-02
-3.597505856305360794e-04
-2.960483171045780182e-02
-6.025953218340873718e-02
-1.027710065245628357e-01
-1.236329600214958191e-01
-1.048481017351150513e-01
-4.336831346154212952e-02
1.464618369936943054e-03
5.455277860164642334e-02
6.715665757656097412e-02
-9.999000000000000000e+03
-9.999000000000000000e+03
-9.999000000000000000e+03
-9.999000000000000000e+03
-9.999000000000000000e+03
-9.999000000000000000e+03
-9.999000000000000000e+03
-9.999000000000000000e+03
-9.999000000000000000e+03
-9.999000000000000000e+03
-9.999000000000000000e+03
-9.999000000000000000e+03
-9.999000000000000000e+03
-9.999000000000000000e+03
-9.999000000000000000e+03
-9.999000000000000000e+03
2.331598103046417236e-02
3.764731064438819885e-02
5.929626524448394775e-02
5.093625932931900024e-02
3.159343451261520386e-02
5.506288143806159496e-04
-3.630664572119712830e-02
-4.551370069384574890e-02
-6.155570223927497864e-02
-8.583828806877136230e-02
-1.057764813303947449e-01
-7.926122844219207764e-02
-2.896155603229999542e-02
7.376353442668914795e-02
-9.999000000000000000e+03
-9.999000000000000000e+03
-9.999000000000000000e+03
-9.999000000000000000e+03
-9.999000000000000000e+03
-9.999000000000000000e+03
-9.999000000000000000e+03
-9.999000000000000000e+03
-9.999000000000000000e+03
-9.999000000000000000e+03
-9.999000000000000000e+03
-9.999000000000000000e+03
-9.999000000000000000e+03
-9.999000000000000000e+03
-9.999000000000000000e+03
-9.999000000000000000e+03
-9.999000000000000000e+03
3.079949691891670227e-02
4.805046319961547852e-02
1.090115234255790710e-01
7.361809164285659790e-02
2.890392579138278961e-02
-1.383719220757484436e-02
-4.444193840026855469e-02
-4.417676851153373718e-02
-3.400459513068199158e-02
-6.372646242380142212e-02
-7.289864867925643921e-02
-5.667917802929878235e-02
-1.621583476662635803e-02
4.036349803209304810e-02
-9.999000000000000000e+03
-9.999000000000000000e+03
-9.999000000000000000e+03
-9.999000000000000000e+03
-9.999000000000000000e+03
-9.999000000000000000e+03
-9.999000000000000000e+03
-9.999000000000000000e+03
-9.999000000000000000e+03
-9.999000000000000000e+03
-9.999000000000000000e+03
-9.999000000000000000e+03
-9.999000000000000000e+03
-9.999000000000000000e+03
-9.999000000000000000e+03
-9.999000000000000000e+03
-9.999000000000000000e+03
6.276010721921920776e-02
1.059754341840744019e-01
1.184103786945343018e-01
8.041419833898544312e-02
2.657852880656719208e-02
-3.762352839112281799e-02
-6.158759817481040955e-02
-5.158599466085433960e-02
-2.738691866397857666e-02
-3.103854320943355560e-02
-4.399066790938377380e-02
-2.942129969596862793e-02
-2.100552804768085480e-02
-9.999000000000000000e+03
-9.999000000000000000e+03
-9.999000000000000000e+03
-9.999000000000000000e+03
-9.999000000000000000e+03
-9.999000000000000000e+03
-9.999000000000000000e+03
-9.999000000000000000e+03
-9.999000000000000000e+03
-9.999000000000000000e+03
-9.999000000000000000e+03
-9.999000000000000000e+03
-9.999000000000000000e+03
-9.999000000000000000e+03
-9.999000000000000000e+03
-9.999000000000000000e+03
-9.999000000000000000e+03
-9.999000000000000000e+03
8.133678138256072998e-02
1.157594993710517883e-01
9.489732235670089722e-02
5.896478891372680664e-02
-7.236902136355638504e-03
-5.723621323704719543e-02
-7.575099170207977295e-02
-6.981952488422393799e-02
-2.112618274986743927e-02
3.929757047444581985e-03
-2.325705252587795258e-03
-2.121196687221527100e-02
-9.999000000000000000e+03
-9.999000000000000000e+03
-9.999000000000000000e+03
-9.999000000000000000e+03
-9.999000000000000000e+03
-9.999000000000000000e+03
-9.999000000000000000e+03
-9.999000000000000000e+03
-9.999000000000000000e+03
-9.999000000000000000e+03
-9.999000000000000000e+03
-9.999000000000000000e+03
-9.999000000000000000e+03
-9.999000000000000000e+03
-9.999000000000000000e+03
-9.999000000000000000e+03
-9.999000000000000000e+03
-9.999000000000000000e+03
-9.999000000000000000e+03
6.798242032527923584e-02
9.045317769050598145e-02
8.145586401224136353e-02
5.339528247714042664e-02
-5.777770653367042542e-02
-6.822703033685684204e-02
-6.329531967639923096e-02
-3.634580597281455994e-02
-1.452380884438753128e-02
-5.345745943486690521e-03
-9.999000000000000000e+03
-9.999000000000000000e+03
-9.999000000000000000e+03
-9.999000000000000000e+03
-9.999000000000000000e+03
-9.999000000000000000e+03
-9.999000000000000000e+03
-9.999000000000000000e+03
-9.999000000000000000e+03
-9.999000000000000000e+03
-9.999000000000000000e+03
-9.999000000000000000e+03
-9.999000000000000000e+03
-9.999000000000000000e+03
-9.999000000000000000e+03
-9.999000000000000000e+03
-9.999000000000000000e+03
-9.999000000000000000e+03
-9.999000000000000000e+03
-9.999000000000000000e+03
-9.999000000000000000e+03
4.396437481045722961e-02
6.148632243275642395e-02
4.784253984689712524e-02
-7.495213299989700317e-03
-4.991496726870536804e-02
-5.087389424443244934e-02
-9.999000000000000000e+03
-9.999000000000000000e+03
-9.999000000000000000e+03
-9.999000000000000000e+03
-9.999000000000000000e+03
-9.999000000000000000e+03
-9.999000000000000000e+03
-9.999000000000000000e+03
-9.999000000000000000e+03
-9.999000000000000000e+03
-9.999000000000000000e+03
-9.999000000000000000e+03
-9.999000000000000000e+03
-9.999000000000000000e+03
-9.999000000000000000e+03
-9.999000000000000000e+03
-9.999000000000000000e+03
-9.999000000000000000e+03
-9.999000000000000000e+03
-9.999000000000000000e+03
-9.999000000000000000e+03
-9.999000000000000000e+03
-9.999000000000000000e+03
-9.999000000000000000e+03
-9.999000000000000000e+03
1.068642083555459976e-02
2.556922845542430878e-02
3.030596673488616943e-02
-9.999000000000000000e+03
-9.999000000000000000e+03
-9.999000000000000000e+03
-9.999000000000000000e+03
-9.999000000000000000e+03
-9.999000000000000000e+03
-9.999000000000000000e+03
-9.999000000000000000e+03
-9.999000000000000000e+03
-9.999000000000000000e+03
-9.999000000000000000e+03
-9.999000000000000000e+03
-9.999000000000000000e+03
-9.999000000000000000e+03
-9.999000000000000000e+03
-9.999000000000000000e+03
-9.999000000000000000e+03
-9.999000000000000000e+03
-9.999000000000000000e+03
-9.999000000000000000e+03
-9.999000000000000000e+03
-9.999000000000000000e+03
-9.999000000000000000e+03
-9.999000000000000000e+03
-9.999000000000000000e+03
-9.999000000000000000e+03
-9.999000000000000000e+03
-9.999000000000000000e+03
