-1.569473594427108765e-01
-1.171876862645149231e-01
-5.823304876685142517e-02
-5.132375285029411316e-03
4.014864191412925720e-02
8.214706927537918091e-02
1.320015639066696167e-01
1.745429635047912598e-01
2.284092605113983154e-01
2.550246119499206543e-01
2.416974157094955444e-01
-9.999000000000000000e+03
-9.999000000000000000e+03
-9.999000000000000000e+03
-9.999000000000000000e+03
-9.999000000000000000e+03
-9.999000000000000000e+03
-9.999000000000000000e+03
-9.999000000000000000e+03
-9.999000000000000000e+03
-9.999000000000000000e+03
-9.999000000000000000e+03
-9.999000000000000000e+03
8.809391409158706665e-03
3.928584605455398560e-02
5.182065069675445557e-02
6.346921622753143311e-02
4.367445036768913269e-02
3.971065208315849304e-02
2.698012255132198334e-02
1.834749802947044373e-02
-1.507299989461898804e-01
-1.118592694401741028e-01
-6.123232096433639526e-02
-1.719496399164199829e-02
3.541363030672073364e-02
8.450986444950103760e-02
1.534849256277084351e-01
2.078863531351089478e-01
2.492661029100418091e-01
2.712815999984741211e-01
2.620779871940612793e-01
1.453648954629898071e-01
-9.999000000000000000e+03
-9.999000000000000000e+03
-9.999000000000000000e+03
-9.999000000000000000e+03
-9.999000000000000000e+03
-9.999000000000000000e+03
-9.999000000000000000e+03
-9.999000000000000000e+03
-9.999000000000000000e+03
-8.762795478105545044e-03
-6.806265097111463547e-03
-1.718110870569944382e-03
1.018645707517862320e-03
1.907109841704368591e-02
1.073020230978727341e-02
-5.637084177578799427e-05
-2.557824598625302315e-03
2.396160503849387169e-03
1.520031224936246872e-02
-1.483193784952163696e-01
-9.983289986848831177e-02
-5.273894965648651123e-02
-8.543103933334350586e-03
3.697184845805168152e-02
8.940057456493377686e-02
1.545243412256240845e-01
2.199831306934356689e-01
2.588821947574615479e-01
2.715070843696594238e-01
2.432625591754913330e-01
1.572415381669998169e-01
-9.999000000000000000e+03
-9.999000000000000000e+03
-9.999000000000000000e+03
-9.999000000000000000e+03
-9.999000000000000000e+03
-9.999000000000000000e+03
-9.999000000000000000e+03
-1.881097443401813507e-02
-1.234268955886363983e-02
-7.129856385290622711e-03
-1.170746516436338425e-02
-1.396103855222463608e-02
-1.147886272519826889e-03
-4.786647390574216843e-03
-1.037597190588712692e-02
-1.330840401351451874e-02
-1.224909164011478424e-02
-3.077519126236438751e-03
1.764797233045101166e-02
-1.234683319926261902e-01
-8.955191820859909058e-02
-5.219795927405357361e-02
-6.436120253056287766e-03
4.974428564310073853e-02
1.121973395347595215e-01
1.640737801790237427e-01
2.145329713821411133e-01
2.431668341159820557e-01
2.608451545238494873e-01
2.502909600734710693e-01
1.729772537946701050e-01
8.729059249162673950e-02
-9.999000000000000000e+03
-9.999000000000000000e+03
-9.999000000000000000e+03
-2.609080635011196136e-02
-3.598641604185104370e-02
-3.470316529273986816e-02
-1.530227065086364746e-02
-7.397020235657691956e-03
-3.791321301832795143e-03
-2.002005465328693390e-03
-4.552672151476144791e-03
1.359812356531620026e-02
-1.256942190229892731e-02
-9.304325096309185028e-03
-1.756303943693637848e-02
-2.061168476939201355e-02
-9.713047184050083160e-03
4.588326904922723770e-03
-1.060163080692291260e-01
-7.024566084146499634e-02
-2.562458813190460205e-02
1.342081837356090546e-02
5.690245702862739563e-02
1.016948446631431580e-01
1.441525965929031372e-01
1.906987577676773071e-01
2.109488993883132935e-01
2.148614972829818726e-01
1.999758630990982056e-01
1.423064917325973511e-01
7.408180087804794312e-02
2.218630537390708923e-02
-2.524775080382823944e-02
-4.057332873344421387e-02
-4.059853777289390564e-02
-2.825058065354824066e-02
-1.433528307825326920e-02
8.884162642061710358e-03
1.890567876398563385e-02
1.945931278169155121e-02
1.384584233164787292e-02
-4.498226568102836609e-03
-1.792698167264461517e-02
-3.987759351730346680e-02
-3.935438394546508789e-02
-4.143119603395462036e-02
-3.641008585691452026e-02
-1.915040239691734314e-02
-1.514182658866047859e-03
-8.475408703088760376e-02
-5.967793986201286316e-02
-2.419277466833591461e-02
2.137684822082519531e-02
6.401122361421585083e-02
9.534514695405960083e-02
1.169079393148422241e-01
1.459922492504119873e-01
1.566412299871444702e-01
1.650459319353103638e-01
1.459906995296478271e-01
8.716921508312225342e-02
4.751407355070114136e-02
-6.899657892063260078e-04
-2.991744503378868103e-02
-3.914581984281539917e-02
-2.808554284274578094e-02
9.996067732572555542e-03
3.338535130023956299e-02
6.066342070698738098e-02
5.469455942511558533e-02
3.491418436169624329e-02
6.349252536892890930e-03
-2.841967158019542694e-02
-5.555528402328491211e-02
-8.191924542188644409e-02
-7.573968917131423950e-02
-7.618396729230880737e-02
-6.617405265569686890e-02
-3.987332060933113098e-02
-1.428588014096021652e-02
-5.137364938855171204e-02
-2.389129623770713806e-02
4.449259955435991287e-03
2.942229434847831726e-02
5.192303657531738281e-02
7.326081395149230957e-02
9.171772748231887817e-02
1.063040047883987427e-01
9.991692751646041870e-02
8.708167076110839844e-02
8.035634458065032959e-02
5.625573173165321350e-02
3.633391112089157104e-02
-4.957614932209253311e-03
-1.158752385526895523e-02
-2.679683966562151909e-04
3.285938128829002380e-02
6.657844036817550659e-02
7.494176924228668213e-02
8.604764938354492188e-02
5.870451405644416809e-02
1.953849010169506073e-02
-1.920232176780700684e-02
-5.495662242174148560e-02
-9.146288782358169556e-02
-1.191846951842308044e-01
-1.227490007877349854e-01
-1.319088786840438843e-01
-1.184869185090065002e-01
-7.035499066114425659e-02
-5.562952160835266113e-02
-5.102472007274627686e-02
-1.401796285063028336e-02
2.210825681686401367e-02
2.851898595690727234e-02
4.360002651810646057e-02
6.411679089069366455e-02
7.248314470052719116e-02
7.327409833669662476e-02
5.494173243641853333e-02
4.287917539477348328e-02
5.350943654775619507e-02
2.930819056928157806e-02
2.388311922550201416e-02
1.765181683003902435e-02
3.125331923365592957e-02
4.751622676849365234e-02
9.338133037090301514e-02
1.043751612305641174e-01
9.475528448820114136e-02
8.273935317993164062e-02
6.128702685236930847e-02
3.430673107504844666e-02
3.859112039208412170e-03
-6.358040869235992432e-02
-1.432531625032424927e-01
-1.631296575069427490e-01
-1.918466836214065552e-01
-2.031231820583343506e-01
-1.824640184640884399e-01
-1.241708099842071533e-01
-9.945574402809143066e-02
-3.621226549148559570e-02
-9.821603074669837952e-03
9.240428917109966278e-03
1.575968414545059204e-02
2.559727802872657776e-02
4.074037447571754456e-02
5.285254493355751038e-02
3.939104080200195312e-02
2.318436466157436371e-02
1.868942752480506897e-02
3.371610119938850403e-02
3.699738532304763794e-02
4.602669179439544678e-02
5.895274877548217773e-02
9.154422581195831299e-02
9.675467014312744141e-02
1.081075668334960938e-01
1.010181680321693420e-01
9.093823283910751343e-02
8.452516049146652222e-02
5.671702325344085693e-02
3.609340637922286987e-02
3.194905119016766548e-03
-4.413433372974395752e-02
-8.161520212888717651e-02
-1.589802950620651245e-01
-2.249315977096557617e-01
-2.640052139759063721e-01
-2.318560481071472168e-01
-1.688098311424255371e-01
-1.160644441843032837e-01
-2.720883302390575409e-02
-4.837895277887582779e-03
1.297641452401876450e-02
3.424709290266036987e-02
2.947974763810634613e-02
3.110407106578350067e-02
3.376510739326477051e-02
2.354077249765396118e-02
-4.446823149919509888e-03
-8.093608630588278174e-05
3.513887152075767517e-02
6.330687552690505981e-02
8.538049459457397461e-02
9.928182512521743774e-02
1.127306669950485229e-01
1.083023250102996826e-01
9.957336634397506714e-02
6.679295003414154053e-02
5.943647772073745728e-02
3.454127535223960876e-02
3.684803470969200134e-02
-9.999000000000000000e+03
-9.999000000000000000e+03
-9.999000000000000000e+03
-9.999000000000000000e+03
-9.999000000000000000e+03
-9.999000000000000000e+03
-2.066541314125061035e-01
-2.525575160980224609e-01
-1.941016018390655518e-01
-1.319844573736190796e-01
-4.408794268965721130e-02
-2.863848768174648285e-02
2.523526782169938087e-03
2.945115789771080017e-02
3.343966603279113770e-02
1.553062070161104202e-02
1.003698166459798813e-02
-4.991368856281042099e-03
-1.274614408612251282e-02
1.448220107704401016e-02
4.984856396913528442e-02
9.440559893846511841e-02
1.092891171574592590e-01
1.162453144788742065e-01
1.038810387253761292e-01
9.296683222055435181e-02
1.023001894354820251e-01
-9.999000000000000000e+03
-9.999000000000000000e+03
-9.999000000000000000e+03
-9.999000000000000000e+03
-9.999000000000000000e+03
-9.999000000000000000e+03
-9.999000000000000000e+03
-9.999000000000000000e+03
-9.999000000000000000e+03
-9.999000000000000000e+03
-1.618064343929290771e-01
-2.139018774032592773e-01
-2.064182013273239136e-01
-1.479092240333557129e-01
-9.651587158441543579e-02
-7.346993684768676758e-02
-3.384553641080856323e-02
-1.011404674500226974e-02
1.961526926606893539e-03
-1.547100488096475601e-03
-1.094871666282415390e-03
-1.535826735198497772e-02
5.377577617764472961e-03
6.572001427412033081e-02
8.319925516843795776e-02
1.026404947042465210e-01
1.139800772070884705e-01
1.107226386666297913e-01
5.670807138085365295e-02
5.913763120770454407e-02
-9.999000000000000000e+03
-9.999000000000000000e+03
-9.999000000000000000e+03
-9.999000000000000000e+03
-9.999000000000000000e+03
-9.999000000000000000e+03
-9.999000000000000000e+03
-9.999000000000000000e+03
-9.999000000000000000e+03
-9.999000000000000000e+03
-9.999000000000000000e+03
-9.999000000000000000e+03
-1.287069618701934814e-01
-1.620559394359588623e-01
-1.045833379030227661e-01
-9.451640397310256958e-02
-9.779049456119537354e-02
-7.673103362321853638e-02
-3.461977466940879822e-02
-1.179743651300668716e-02
4.110816516913473606e-04
-8.559144102036952972e-03
8.446207270026206970e-03
5.038765817880630493e-02
9.032543748617172241e-02
8.859071880578994751e-02
1.034875363111495972e-01
8.736649155616760254e-02
9.871549904346466064e-02
-9.999000000000000000e+03
-9.999000000000000000e+03
-9.999000000000000000e+03
-9.999000000000000000e+03
-9.999000000000000000e+03
-9.999000000000000000e+03
-9.999000000000000000e+03
-9.999000000000000000e+03
-9.999000000000000000e+03
-9.999000000000000000e+03
-9.999000000000000000e+03
-9.999000000000000000e+03
-9.999000000000000000e+03
-9.999000000000000000e+03
-9.999000000000000000e+03
-1.075877770781517029e-01
-7.701581716537475586e-02
-9.999000000000000000e+03
-8.872190862894058228e-02
-8.950447291135787964e-02
-5.264683067798614502e-02
-1.602532714605331421e-02
-6.214915774762630463e-04
-6.975268479436635971e-03
5.239098146557807922e-02
1.013654619455337524e-01
9.596276283264160156e-02
9.360457211732864380e-02
9.264928847551345825e-02
6.486687809228897095e-02
-9.999000000000000000e+03
-9.999000000000000000e+03
-9.999000000000000000e+03
-9.999000000000000000e+03
-9.999000000000000000e+03
-9.999000000000000000e+03
-9.999000000000000000e+03
-9.999000000000000000e+03
-9.999000000000000000e+03
-9.999000000000000000e+03
-9.999000000000000000e+03
-9.999000000000000000e+03
-9.999000000000000000e+03
-9.999000000000000000e+03
-9.999000000000000000e+03
-9.999000000000000000e+03
-3.052139282226562500e-02
-1.910089887678623199e-02
-9.999000000000000000e+03
-9.999000000000000000e+03
-9.223268181085586548e-02
-6.364990770816802979e-02
-2.092328481376171112e-02
1.017846981994807720e-03
3.870530053973197937e-02
7.773428410291671753e-02
1.004784703254699707e-01
8.931193500757217407e-02
8.075213432312011719e-02
2.715900167822837830e-02
-9.999000000000000000e+03
-9.999000000000000000e+03
-9.999000000000000000e+03
-9.999000000000000000e+03
-9.999000000000000000e+03
-9.999000000000000000e+03
-9.999000000000000000e+03
-9.999000000000000000e+03
-9.999000000000000000e+03
-9.999000000000000000e+03
-9.999000000000000000e+03
-9.999000000000000000e+03
-9.999000000000000000e+03
-9.999000000000000000e+03
-9.999000000000000000e+03
-9.999000000000000000e+03
-9.999000000000000000e+03
1.509833848103880882e-03
1.986792497336864471e-02
-9.999000000000000000e+03
-9.999000000000000000e+03
-6.163118407130241394e-02
-6.313630193471908569e-02
-3.273652121424674988e-02
1.484466623514890671e-02
6.821593642234802246e-02
8.324397355318069458e-02
8.740080147981643677e-02
7.701864093542098999e-02
5.895849317312240601e-02
3.183500468730926514e-02
-9.999000000000000000e+03
-9.999000000000000000e+03
-9.999000000000000000e+03
-9.999000000000000000e+03
-9.999000000000000000e+03
-9.999000000000000000e+03
-9.999000000000000000e+03
-9.999000000000000000e+03
-9.999000000000000000e+03
-9.999000000000000000e+03
-9.999000000000000000e+03
-9.999000000000000000e+03
-9.999000000000000000e+03
-9.999000000000000000e+03
-9.999000000000000000e+03
-9.999000000000000000e+03
-9.999000000000000000e+03
-9.999000000000000000e+03
-9.999000000000000000e+03
-9.999000000000000000e+03
-9.999000000000000000e+03
-4.599268361926078796e-02
-7.699507474899291992e-02
-4.821081086993217468e-02
1.047979574650526047e-02
3.929242864251136780e-02
6.498843431472778320e-02
8.068181574344635010e-02
8.860727399587631226e-02
5.563853681087493896e-02
3.710600733757019043e-02
-9.999000000000000000e+03
-9.999000000000000000e+03
-9.999000000000000000e+03
-9.999000000000000000e+03
-9.999000000000000000e+03
-9.999000000000000000e+03
-9.999000000000000000e+03
-9.999000000000000000e+03
-9.999000000000000000e+03
-9.999000000000000000e+03
-9.999000000000000000e+03
-9.999000000000000000e+03
-9.999000000000000000e+03
-9.999000000000000000e+03
-9.999000000000000000e+03
-9.999000000000000000e+03
-9.999000000000000000e+03
-9.999000000000000000e+03
-9.999000000000000000e+03
-9.999000000000000000e+03
-9.999000000000000000e+03
-9.999000000000000000e+03
-6.713807582855224609e-02
-7.384127378463745117e-02
-1.054018177092075348e-02
-3.136244416236877441e-02
2.287147752940654755e-02
8.408662676811218262e-02
1.220539808273315430e-01
7.848787307739257812e-02
-9.999000000000000000e+03
-9.999000000000000000e+03
-9.999000000000000000e+03
-9.999000000000000000e+03
-9.999000000000000000e+03
-9.999000000000000000e+03
-9.999000000000000000e+03
-9.999000000000000000e+03
-9.999000000000000000e+03
-9.999000000000000000e+03
-9.999000000000000000e+03
-9.999000000000000000e+03
-9.999000000000000000e+03
-9.999000000000000000e+03
-9.999000000000000000e+03
-9.999000000000000000e+03
-9.999000000000000000e+03
-9.999000000000000000e+03
-9.999000000000000000e+03
-9.999000000000000000e+03
-9.999000000000000000e+03
-9.999000000000000000e+03
-9.999000000000000000e+03
-6.464409828186035156e-02
-5.607227608561515808e-02
-5.446331575512886047e-02
-8.092826604843139648e-02
-1.420707325451076031e-03
8.095213770866394043e-02
1.333819031715393066e-01
6.649956852197647095e-02
2.515547163784503937e-02
-9.999000000000000000e+03
-9.999000000000000000e+03
-9.999000000000000000e+03
-9.999000000000000000e+03
-9.999000000000000000e+03
-9.999000000000000000e+03
-9.999000000000000000e+03
-9.999000000000000000e+03
-9.999000000000000000e+03
-9.999000000000000000e+03
-9.999000000000000000e+03
-9.999000000000000000e+03
-9.999000000000000000e+03
-9.999000000000000000e+03
-9.999000000000000000e+03
-9.999000000000000000e+03
-9.999000000000000000e+03
-9.999000000000000000e+03
-9.999000000000000000e+03
-9.999000000000000000e+03
-9.999000000000000000e+03
-9.999000000000000000e+03
-9.999000000000000000e+03
-4.356682300567626953e-02
-7.239200919866561890e-02
-6.188486516475677490e-02
-5.414220038801431656e-03
3.325738944113254547e-03
-3.738971799612045288e-02
-4.457594361156225204e-03
5.420596897602081299e-02
-9.999000000000000000e+03
-9.999000000000000000e+03
-9.999000000000000000e+03
-9.999000000000000000e+03
-9.999000000000000000e+03
-9.999000000000000000e+03
-9.999000000000000000e+03
-9.999000000000000000e+03
-9.999000000000000000e+03
-9.999000000000000000e+03
-9.999000000000000000e+03
-9.999000000000000000e+03
-9.999000000000000000e+03
-9.999000000000000000e+03
-9.999000000000000000e+03
-9.999000000000000000e+03
-9.999000000000000000e+03
-9.999000000000000000e+03
-9.999000000000000000e+03
-9.999000000000000000e+03
-9.999000000000000000e+03
-9.999000000000000000e+03
-9.999000000000000000e+03
-4.075745865702629089e-02
-6.363010406494140625e-02
-5.250260978937149048e-02
-5.342432484030723572e-02
-1.241096854209899902e-01
-1.740520447492599487e-01
-1.134839504957199097e-01
-1.244627404958009720e-02
4.083804041147232056e-02
-9.999000000000000000e+03
-9.999000000000000000e+03
-9.999000000000000000e+03
-9.999000000000000000e+03
-9.999000000000000000e+03
-9.999000000000000000e+03
-9.999000000000000000e+03
-9.999000000000000000e+03
-9.999000000000000000e+03
-9.999000000000000000e+03
-9.999000000000000000e+03
-9.999000000000000000e+03
-9.999000000000000000e+03
-9.999000000000000000e+03
-9.999000000000000000e+03
-9.999000000000000000e+03
-9.999000000000000000e+03
-9.999000000000000000e+03
-9.999000000000000000e+03
-9.999000000000000000e+03
-9.999000000000000000e+03
-9.999000000000000000e+03
1.888376288115978241e-02
-9.110461920499801636e-03
-3.242181241512298584e-02
-7.658298313617706299e-02
-1.219064816832542419e-01
-1.600639373064041138e-01
-1.146685779094696045e-01
-9.810514748096466064e-03
7.320643961429595947e-02
-1.153133902698755264e-02
-5.029452219605445862e-02
8.044015616178512573e-03
1.813640631735324860e-02
-9.999000000000000000e+03
-9.999000000000000000e+03
-9.999000000000000000e+03
-9.999000000000000000e+03
-9.999000000000000000e+03
-9.999000000000000000e+03
-9.999000000000000000e+03
-9.999000000000000000e+03
-9.999000000000000000e+03
-9.999000000000000000e+03
-9.999000000000000000e+03
-9.999000000000000000e+03
-9.999000000000000000e+03
-9.999000000000000000e+03
-9.999000000000000000e+03
-9.999000000000000000e+03
-9.999000000000000000e+03
2.630195766687393188e-02
3.897592797875404358e-02
4.248191043734550476e-02
-1.570086926221847534e-02
-7.147821784019470215e-02
-1.037897542119026184e-01
-1.091491505503654480e-01
-9.432730078697204590e-02
-4.459666088223457336e-02
2.828904986381530762e-02
-7.599688600748777390e-03
3.441220894455909729e-02
1.996741630136966705e-02
1.753298379480838776e-02
-9.999000000000000000e+03
-9.999000000000000000e+03
-9.999000000000000000e+03
-9.999000000000000000e+03
-9.999000000000000000e+03
-9.999000000000000000e+03
-9.999000000000000000e+03
-9.999000000000000000e+03
-9.999000000000000000e+03
-9.999000000000000000e+03
-9.999000000000000000e+03
-9.999000000000000000e+03
-9.999000000000000000e+03
-9.999000000000000000e+03
-9.999000000000000000e+03
4.348191246390342712e-02
2.985226735472679138e-02
1.933775469660758972e-02
3.476196527481079102e-02
1.851923577487468719e-02
-2.544818446040153503e-02
-5.717406049370765686e-02
-7.800326496362686157e-02
-9.917295724153518677e-02
-9.529408067464828491e-02
-6.389058381319046021e-02
-9.263972751796245575e-03
5.086501687765121460e-02
8.323137462139129639e-02
-9.999000000000000000e+03
-9.999000000000000000e+03
-9.999000000000000000e+03
-9.999000000000000000e+03
-9.999000000000000000e+03
-9.999000000000000000e+03
-9.999000000000000000e+03
-9.999000000000000000e+03
-9.999000000000000000e+03
-9.999000000000000000e+03
-9.999000000000000000e+03
-9.999000000000000000e+03
-9.999000000000000000e+03
-9.999000000000000000e+03
-9.999000000000000000e+03
-9.999000000000000000e+03
3.563236817717552185e-02
5.721136555075645447e-02
6.143446266651153564e-02
3.849929198622703552e-02
1.806002482771873474e-02
-1.194974780082702637e-02
-5.032944679260253906e-02
-4.444010928273200989e-02
-4.736086726188659668e-02
-5.852977186441421509e-02
-7.842686027288436890e-02
-8.059585094451904297e-02
-3.221235051751136780e-02
7.677941769361495972e-02
-9.999000000000000000e+03
-9.999000000000000000e+03
-9.999000000000000000e+03
-9.999000000000000000e+03
-9.999000000000000000e+03
-9.999000000000000000e+03
-9.999000000000000000e+03
-9.999000000000000000e+03
-9.999000000000000000e+03
-9.999000000000000000e+03
-9.999000000000000000e+03
-9.999000000000000000e+03
-9.999000000000000000e+03
-9.999000000000000000e+03
-9.999000000000000000e+03
-9.999000000000000000e+03
-9.999000000000000000e+03
5.526727810502052307e-02
5.997570604085922241e-02
7.944897562265396118e-02
3.245434537529945374e-02
-1.412752456963062286e-02
-4.528387263417243958e-02
-6.048822030425071716e-02
-4.353107139468193054e-02
-1.965226046741008759e-02
-2.732998505234718323e-02
-4.370932281017303467e-02
-5.311318114399909973e-02
-1.299287378787994385e-02
5.216103047132492065e-02
-9.999000000000000000e+03
-9.999000000000000000e+03
-9.999000000000000000e+03
-9.999000000000000000e+03
-9.999000000000000000e+03
-9.999000000000000000e+03
-9.999000000000000000e+03
-9.999000000000000000e+03
-9.999000000000000000e+03
-9.999000000000000000e+03
-9.999000000000000000e+03
-9.999000000000000000e+03
-9.999000000000000000e+03
-9.999000000000000000e+03
-9.999000000000000000e+03
-9.999000000000000000e+03
-9.999000000000000000e+03
6.760604679584503174e-02
9.262472391128540039e-02
8.168412744998931885e-02
3.727038577198982239e-02
-1.918923854827880859e-02
-6.840451061725616455e-02
-7.011778652667999268e-02
-3.968899697065353394e-02
-1.868954114615917206e-02
-2.436264045536518097e-02
-4.203361272811889648e-02
-3.159104287624359131e-02
6.081472150981426239e-03
-9.999000000000000000e+03
-9.999000000000000000e+03
-9.999000000000000000e+03
-9.999000000000000000e+03
-9.999000000000000000e+03
-9.999000000000000000e+03
-9.999000000000000000e+03
-9.999000000000000000e+03
-9.999000000000000000e+03
-9.999000000000000000e+03
-9.999000000000000000e+03
-9.999000000000000000e+03
-9.999000000000000000e+03
-9.999000000000000000e+03
-9.999000000000000000e+03
-9.999000000000000000e+03
-9.999000000000000000e+03
-9.999000000000000000e+03
8.826192468404769897e-02
1.089932247996330261e-01
6.221726909279823303e-02
1.104019768536090851e-02
-4.599926620721817017e-02
-8.326040208339691162e-02
-8.634052425622940063e-02
-6.120186299085617065e-02
-3.395905718207359314e-02
-2.441874518990516663e-02
-2.175388485193252563e-02
-2.298778854310512543e-02
-9.999000000000000000e+03
-9.999000000000000000e+03
-9.999000000000000000e+03
-9.999000000000000000e+03
-9.999000000000000000e+03
-9.999000000000000000e+03
-9.999000000000000000e+03
-9.999000000000000000e+03
-9.999000000000000000e+03
-9.999000000000000000e+03
-9.999000000000000000e+03
-9.999000000000000000e+03
-9.999000000000000000e+03
-9.999000000000000000e+03
-9.999000000000000000e+03
-9.999000000000000000e+03
-9.999000000000000000e+03
-9.999000000000000000e+03
-9.999000000000000000e+03
9.265913069248199463e-02
8.570253103971481323e-02
4.682850092649459839e-02
1.135242288000881672e-03
-9.135073423385620117e-02
-9.055775403976440430e-02
-7.132080942392349243e-02
-4.807406291365623474e-02
-4.194627329707145691e-02
-2.753022871911525726e-02
-9.999000000000000000e+03
-9.999000000000000000e+03
-9.999000000000000000e+03
-9.999000000000000000e+03
-9.999000000000000000e+03
-9.999000000000000000e+03
-9.999000000000000000e+03
-9.999000000000000000e+03
-9.999000000000000000e+03
-9.999000000000000000e+03
-9.999000000000000000e+03
-9.999000000000000000e+03
-9.999000000000000000e+03
-9.999000000000000000e+03
-9.999000000000000000e+03
-9.999000000000000000e+03
-9.999000000000000000e+03
-9.999000000000000000e+03
-9.999000000000000000e+03
-9.999000000000000000e+03
-9.999000000000000000e+03
6.508137285709381104e-02
3.793681412935256958e-02
1.925055496394634247e-02
-3.724539652466773987e-02
-7.015358656644821167e-02
-6.631369888782501221e-02
-9.999000000000000000e+03
-9.999000000000000000e+03
-9.999000000000000000e+03
-9.999000000000000000e+03
-9.999000000000000000e+03
-9.999000000000000000e+03
-9.999000000000000000e+03
-9.999000000000000000e+03
-9.999000000000000000e+03
-9.999000000000000000e+03
-9.999000000000000000e+03
-9.999000000000000000e+03
-9.999000000000000000e+03
-9.999000000000000000e+03
-9.999000000000000000e+03
-9.999000000000000000e+03
-9.999000000000000000e+03
-9.999000000000000000e+03
-9.999000000000000000e+03
-9.999000000000000000e+03
-9.999000000000000000e+03
-9.999000000000000000e+03
-9.999000000000000000e+03
-9.999000000000000000e+03
-9.999000000000000000e+03
9.231798350811004639e-03
1.675839535892009735e-02
1.050118822604417801e-02
-9.999000000000000000e+03
-9.999000000000000000e+03
-9.999000000000000000e+03
-9.999000000000000000e+03
-9.999000000000000000e+03
-9.999000000000000000e+03
-9.999000000000000000e+03
-9.999000000000000000e+03
-9.999000000000000000e+03
-9.999000000000000000e+03
-9.999000000000000000e+03
-9.999000000000000000e+03
-9.999000000000000000e+03
-9.999000000000000000e+03
-9.999000000000000000e+03
-9.999000000000000000e+03
-9.999000000000000000e+03
-9.999000000000000000e+03
-9.999000000000000000e+03
-9.999000000000000000e+03
-9.999000000000000000e+03
-9.999000000000000000e+03
-9.999000000000000000e+03
-9.999000000000000000e+03
-9.999000000000000000e+03
-9.999000000000000000e+03
-9.999000000000000000e+03
-9.999000000000000000e+03
