7.088987529277801514e-02
7.611214369535446167e-02
6.202308088541030884e-02
4.068741574883460999e-02
4.736923426389694214e-02
3.058866225183010101e-02
2.304990030825138092e-02
1.579671166837215424e-02
1.445742556825280190e-03
9.259224869310855865e-03
-2.806353569030761719e-02
-9.999000000000000000e+03
-9.999000000000000000e+03
-9.999000000000000000e+03
-9.999000000000000000e+03
-9.999000000000000000e+03
-9.999000000000000000e+03
-9.999000000000000000e+03
-9.999000000000000000e+03
-9.999000000000000000e+03
-9.999000000000000000e+03
-9.999000000000000000e+03
-9.999000000000000000e+03
1.566737145185470581e-02
5.071575194597244263e-02
6.477624922990798950e-02
9.881507605314254761e-02
1.421872675418853760e-01
1.681423038244247437e-01
1.851905584335327148e-01
1.812311559915542603e-01
7.685125339776277542e-03
1.623764820396900177e-02
7.468482013791799545e-03
-9.053155779838562012e-03
-1.394883543252944946e-02
-4.000619798898696899e-02
-4.529117420315742493e-02
-3.792417049407958984e-02
-3.553977981209754944e-02
-1.399898622184991837e-02
-2.360335784032940865e-03
5.712488666176795959e-03
-9.999000000000000000e+03
-9.999000000000000000e+03
-9.999000000000000000e+03
-9.999000000000000000e+03
-9.999000000000000000e+03
-9.999000000000000000e+03
-9.999000000000000000e+03
-9.999000000000000000e+03
-9.999000000000000000e+03
6.966140121221542358e-02
8.548580855131149292e-02
6.663984805345535278e-02
9.011942148208618164e-02
8.859845250844955444e-02
1.107744053006172180e-01
1.329524964094161987e-01
1.423943489789962769e-01
1.583359837532043457e-01
1.649104356765747070e-01
-4.210855439305305481e-02
-3.863018751144409180e-02
-4.935519397258758545e-02
-7.176164537668228149e-02
-7.447393238544464111e-02
-9.038127213716506958e-02
-8.868948370218276978e-02
-7.180265337228775024e-02
-5.654107779264450073e-02
-3.264853358268737793e-02
-1.200395636260509491e-02
-2.310433890670537949e-03
-9.999000000000000000e+03
-9.999000000000000000e+03
-9.999000000000000000e+03
-9.999000000000000000e+03
-9.999000000000000000e+03
-9.999000000000000000e+03
-9.999000000000000000e+03
1.202896609902381897e-01
1.181835234165191650e-01
1.375878155231475830e-01
1.218433901667594910e-01
9.328313916921615601e-02
7.639323920011520386e-02
6.386473029851913452e-02
7.953173667192459106e-02
7.964115589857101440e-02
9.375855326652526855e-02
1.277634650468826294e-01
1.337095052003860474e-01
-7.812857627868652344e-02
-8.330994844436645508e-02
-9.561584889888763428e-02
-1.133212670683860779e-01
-1.215015500783920288e-01
-1.310387551784515381e-01
-1.163434758782386780e-01
-9.339946508407592773e-02
-7.452099025249481201e-02
-5.065444484353065491e-02
-3.728754818439483643e-02
-1.860699988901615143e-02
2.326306328177452087e-02
-9.999000000000000000e+03
-9.999000000000000000e+03
-9.999000000000000000e+03
9.799809753894805908e-02
1.335027217864990234e-01
1.675758659839630127e-01
1.503265798091888428e-01
1.326888799667358398e-01
1.122037097811698914e-01
6.804676353931427002e-02
5.281781777739524841e-02
1.391560863703489304e-02
-2.775432541966438293e-02
-2.687343396246433258e-03
-1.798091456294059753e-03
2.388462424278259277e-02
6.413135677576065063e-02
9.004368633031845093e-02
-1.024043485522270203e-01
-1.121937781572341919e-01
-1.291941106319427490e-01
-1.361290365457534790e-01
-1.385578513145446777e-01
-1.373237669467926025e-01
-1.193106025457382202e-01
-9.590742737054824829e-02
-8.175721764564514160e-02
-6.487457454204559326e-02
-3.269413858652114868e-02
-3.045040939468890429e-04
3.667806461453437805e-02
6.782908737659454346e-02
9.173201769590377808e-02
1.182319074869155884e-01
1.185559332370758057e-01
1.018296778202056885e-01
1.028837934136390686e-01
6.961839646100997925e-02
5.155740305781364441e-02
1.089468970894813538e-02
-6.376938521862030029e-02
-6.100595369935035706e-02
-9.317586570978164673e-02
-1.007079333066940308e-01
-7.243228703737258911e-02
-4.530315101146697998e-02
-8.286287076771259308e-03
3.297736123204231262e-02
6.579758971929550171e-02
-1.138483211398124695e-01
-1.231729909777641296e-01
-1.263952106237411499e-01
-1.336047500371932983e-01
-1.355576664209365845e-01
-1.222013980150222778e-01
-1.060001775622367859e-01
-8.998861908912658691e-02
-8.090589195489883423e-02
-6.806043535470962524e-02
-2.778085879981517792e-02
2.590637281537055969e-02
5.717818066477775574e-02
8.200783282518386841e-02
8.727034181356430054e-02
9.100070595741271973e-02
5.804457515478134155e-02
-5.372058600187301636e-03
-3.248051553964614868e-02
-8.144623041152954102e-02
-9.918159246444702148e-02
-1.138952374458312988e-01
-1.431157439947128296e-01
-1.378100514411926270e-01
-1.393379867076873779e-01
-1.133117526769638062e-01
-8.477102220058441162e-02
-5.944770574569702148e-02
-3.171842172741889954e-02
-8.517599781043827534e-04
2.572215162217617035e-02
-1.151511222124099731e-01
-1.340230554342269897e-01
-1.352672427892684937e-01
-1.318250298500061035e-01
-1.251703947782516479e-01
-1.136669591069221497e-01
-9.939690679311752319e-02
-8.699184656143188477e-02
-7.570221275091171265e-02
-5.012061819434165955e-02
-1.028744596987962723e-02
2.907277829945087433e-02
5.869260430335998535e-02
7.052867859601974487e-02
3.796029090881347656e-02
9.236189536750316620e-03
-4.668494686484336853e-02
-9.809551388025283813e-02
-1.150768101215362549e-01
-1.480961740016937256e-01
-1.559246033430099487e-01
-1.625244170427322388e-01
-1.602356433868408203e-01
-1.554410457611083984e-01
-1.443600803613662720e-01
-1.271656006574630737e-01
-9.013694524765014648e-02
-6.482670456171035767e-02
-4.736273363232612610e-02
-1.918673329055309296e-02
5.591648514382541180e-04
-8.037732541561126709e-02
-1.209810301661491394e-01
-1.500785350799560547e-01
-1.365070194005966187e-01
-1.097967252135276794e-01
-9.252600371837615967e-02
-8.367504924535751343e-02
-8.096571266651153564e-02
-6.979753077030181885e-02
-3.877799585461616516e-02
-4.232541192322969437e-03
1.034542918205261230e-02
1.357215736061334610e-02
1.450660056434571743e-03
-3.710526227951049805e-02
-5.875491350889205933e-02
-1.183078661561012268e-01
-1.545681953430175781e-01
-1.608093976974487305e-01
-1.588018834590911865e-01
-1.514524817466735840e-01
-1.495926827192306519e-01
-1.417724192142486572e-01
-1.487987041473388672e-01
-1.552584767341613770e-01
-1.539949923753738403e-01
-1.223542615771293640e-01
-9.996084868907928467e-02
-7.836637645959854126e-02
-4.434889182448387146e-02
-3.785546496510505676e-02
-5.350786820054054260e-02
-9.411657601594924927e-02
-1.228831633925437927e-01
-1.111213415861129761e-01
-9.614246338605880737e-02
-8.800648897886276245e-02
-7.188430428504943848e-02
-5.541020631790161133e-02
-4.086465761065483093e-02
-2.551969513297080994e-02
-1.942007802426815033e-02
-2.515232563018798828e-02
-5.713847652077674866e-02
-9.358845651149749756e-02
-1.206047907471656799e-01
-1.256058514118194580e-01
-1.490344554185867310e-01
-1.584681123495101929e-01
-1.581781357526779175e-01
-1.414629518985748291e-01
-1.220924779772758484e-01
-1.169784516096115112e-01
-9.662190824747085571e-02
-1.099562719464302063e-01
-9.270602464675903320e-02
-1.357537060976028442e-01
-1.404656618833541870e-01
-1.383599191904067993e-01
-1.164909824728965759e-01
-8.874531835317611694e-02
-8.141142874956130981e-02
-8.388517796993255615e-02
-8.422151952981948853e-02
-7.525107264518737793e-02
-5.526935681700706482e-02
-5.396828055381774902e-02
-4.767237976193428040e-02
-4.116636142134666443e-02
-3.776894137263298035e-02
-2.842466160655021667e-02
-1.555274613201618195e-02
-4.016788676381111145e-02
-8.184016495943069458e-02
-1.137623861432075500e-01
-1.328145414590835571e-01
-1.461945027112960815e-01
-1.465686559677124023e-01
-1.529150903224945068e-01
-1.052277162671089172e-01
-1.238771229982376099e-01
-9.766638278961181641e-02
-8.276322484016418457e-02
-9.999000000000000000e+03
-9.999000000000000000e+03
-9.999000000000000000e+03
-9.999000000000000000e+03
-9.999000000000000000e+03
-9.999000000000000000e+03
-1.538498103618621826e-01
-1.284008920192718506e-01
-1.243928670883178711e-01
-1.302892267704010010e-01
-1.097541376948356628e-01
-7.923639565706253052e-02
-6.059311330318450928e-02
-4.751348495483398438e-02
-4.260432720184326172e-02
-2.615161053836345673e-02
-2.369270846247673035e-02
-2.561084181070327759e-02
-2.022428810596466064e-02
-2.715189196169376373e-02
-5.496136471629142761e-02
-1.179358214139938354e-01
-1.345643699169158936e-01
-1.410745382308959961e-01
-1.352533698081970215e-01
-1.161399558186531067e-01
-9.683977812528610229e-02
-9.999000000000000000e+03
-9.999000000000000000e+03
-9.999000000000000000e+03
-9.999000000000000000e+03
-9.999000000000000000e+03
-9.999000000000000000e+03
-9.999000000000000000e+03
-9.999000000000000000e+03
-9.999000000000000000e+03
-9.999000000000000000e+03
-7.908709347248077393e-02
-1.079190075397491455e-01
-1.348494291305541992e-01
-1.520386636257171631e-01
-1.010649055242538452e-01
-8.263634890317916870e-02
-6.244692206382751465e-02
-5.317434296011924744e-02
-4.524983093142509460e-02
-3.940558806061744690e-02
-3.737894818186759949e-02
-2.559265121817588806e-02
-2.826200611889362335e-02
-7.238496094942092896e-02
-9.897918254137039185e-02
-1.215633600950241089e-01
-1.238866746425628662e-01
-1.277032941579818726e-01
-7.395745813846588135e-02
-7.555501163005828857e-02
-9.999000000000000000e+03
-9.999000000000000000e+03
-9.999000000000000000e+03
-9.999000000000000000e+03
-9.999000000000000000e+03
-9.999000000000000000e+03
-9.999000000000000000e+03
-9.999000000000000000e+03
-9.999000000000000000e+03
-9.999000000000000000e+03
-9.999000000000000000e+03
-9.999000000000000000e+03
-5.464611202478408813e-02
-1.205371692776679993e-01
-1.593188494443893433e-01
-1.349850445985794067e-01
-1.177676916122436523e-01
-8.775728940963745117e-02
-6.694670766592025757e-02
-5.495227500796318054e-02
-5.966806784272193909e-02
-6.022742018103599548e-02
-5.534413456916809082e-02
-7.272277772426605225e-02
-1.056404858827590942e-01
-1.163993030786514282e-01
-1.061888039112091064e-01
-7.842458784580230713e-02
-8.772661536931991577e-02
-9.999000000000000000e+03
-9.999000000000000000e+03
-9.999000000000000000e+03
-9.999000000000000000e+03
-9.999000000000000000e+03
-9.999000000000000000e+03
-9.999000000000000000e+03
-9.999000000000000000e+03
-9.999000000000000000e+03
-9.999000000000000000e+03
-9.999000000000000000e+03
-9.999000000000000000e+03
-9.999000000000000000e+03
-9.999000000000000000e+03
-9.999000000000000000e+03
-7.661106437444686890e-02
-1.279001235961914062e-01
-9.999000000000000000e+03
-9.206096827983856201e-02
-9.766511619091033936e-02
-8.088479936122894287e-02
-7.320032268762588501e-02
-8.140748739242553711e-02
-1.046989709138870239e-01
-1.067328080534934998e-01
-1.224008277058601379e-01
-1.142060309648513794e-01
-1.006497368216514587e-01
-7.697544991970062256e-02
-5.935407802462577820e-02
-9.999000000000000000e+03
-9.999000000000000000e+03
-9.999000000000000000e+03
-9.999000000000000000e+03
-9.999000000000000000e+03
-9.999000000000000000e+03
-9.999000000000000000e+03
-9.999000000000000000e+03
-9.999000000000000000e+03
-9.999000000000000000e+03
-9.999000000000000000e+03
-9.999000000000000000e+03
-9.999000000000000000e+03
-9.999000000000000000e+03
-9.999000000000000000e+03
-9.999000000000000000e+03
-3.762049600481987000e-02
-7.801298052072525024e-02
-9.999000000000000000e+03
-9.999000000000000000e+03
-9.604080766439437866e-02
-8.585082739591598511e-02
-8.408483117818832397e-02
-9.567846357822418213e-02
-1.120084971189498901e-01
-1.207671463489532471e-01
-1.089309528470039368e-01
-7.152754813432693481e-02
-5.113513395190238953e-02
-2.274118550121784210e-02
-9.999000000000000000e+03
-9.999000000000000000e+03
-9.999000000000000000e+03
-9.999000000000000000e+03
-9.999000000000000000e+03
-9.999000000000000000e+03
-9.999000000000000000e+03
-9.999000000000000000e+03
-9.999000000000000000e+03
-9.999000000000000000e+03
-9.999000000000000000e+03
-9.999000000000000000e+03
-9.999000000000000000e+03
-9.999000000000000000e+03
-9.999000000000000000e+03
-9.999000000000000000e+03
-9.999000000000000000e+03
-1.165369898080825806e-02
-2.693546563386917114e-02
-9.999000000000000000e+03
-9.999000000000000000e+03
-6.763605773448944092e-02
-8.137130737304687500e-02
-7.450718432664871216e-02
-7.113448530435562134e-02
-7.730997353792190552e-02
-8.551906794309616089e-02
-8.140948414802551270e-02
-6.829068064689636230e-02
-3.781986236572265625e-02
-2.904936112463474274e-02
-9.999000000000000000e+03
-9.999000000000000000e+03
-9.999000000000000000e+03
-9.999000000000000000e+03
-9.999000000000000000e+03
-9.999000000000000000e+03
-9.999000000000000000e+03
-9.999000000000000000e+03
-9.999000000000000000e+03
-9.999000000000000000e+03
-9.999000000000000000e+03
-9.999000000000000000e+03
-9.999000000000000000e+03
-9.999000000000000000e+03
-9.999000000000000000e+03
-9.999000000000000000e+03
-9.999000000000000000e+03
-9.999000000000000000e+03
-9.999000000000000000e+03
-9.999000000000000000e+03
-9.999000000000000000e+03
-3.606725111603736877e-02
-4.627899080514907837e-02
-4.202666506171226501e-02
-3.511720150709152222e-02
-2.735067531466484070e-02
-4.810689762234687805e-02
-7.749067246913909912e-02
-1.015583500266075134e-01
-8.772064745426177979e-02
-7.264030724763870239e-02
-9.999000000000000000e+03
-9.999000000000000000e+03
-9.999000000000000000e+03
-9.999000000000000000e+03
-9.999000000000000000e+03
-9.999000000000000000e+03
-9.999000000000000000e+03
-9.999000000000000000e+03
-9.999000000000000000e+03
-9.999000000000000000e+03
-9.999000000000000000e+03
-9.999000000000000000e+03
-9.999000000000000000e+03
-9.999000000000000000e+03
-9.999000000000000000e+03
-9.999000000000000000e+03
-9.999000000000000000e+03
-9.999000000000000000e+03
-9.999000000000000000e+03
-9.999000000000000000e+03
-9.999000000000000000e+03
-9.999000000000000000e+03
-4.395053535699844360e-02
-5.257190391421318054e-02
-1.486301049590110779e-02
1.758017577230930328e-02
1.250788476318120956e-02
-1.120630279183387756e-02
-1.003141235560178757e-02
-6.894084811210632324e-02
-9.999000000000000000e+03
-9.999000000000000000e+03
-9.999000000000000000e+03
-9.999000000000000000e+03
-9.999000000000000000e+03
-9.999000000000000000e+03
-9.999000000000000000e+03
-9.999000000000000000e+03
-9.999000000000000000e+03
-9.999000000000000000e+03
-9.999000000000000000e+03
-9.999000000000000000e+03
-9.999000000000000000e+03
-9.999000000000000000e+03
-9.999000000000000000e+03
-9.999000000000000000e+03
-9.999000000000000000e+03
-9.999000000000000000e+03
-9.999000000000000000e+03
-9.999000000000000000e+03
-9.999000000000000000e+03
-9.999000000000000000e+03
-9.999000000000000000e+03
-5.088668316602706909e-02
-7.939828932285308838e-02
-4.544509574770927429e-02
-2.472095657140016556e-03
4.828361794352531433e-02
3.776603564620018005e-02
1.192965507507324219e-01
1.404321491718292236e-01
8.714093267917633057e-02
-9.999000000000000000e+03
-9.999000000000000000e+03
-9.999000000000000000e+03
-9.999000000000000000e+03
-9.999000000000000000e+03
-9.999000000000000000e+03
-9.999000000000000000e+03
-9.999000000000000000e+03
-9.999000000000000000e+03
-9.999000000000000000e+03
-9.999000000000000000e+03
-9.999000000000000000e+03
-9.999000000000000000e+03
-9.999000000000000000e+03
-9.999000000000000000e+03
-9.999000000000000000e+03
-9.999000000000000000e+03
-9.999000000000000000e+03
-9.999000000000000000e+03
-9.999000000000000000e+03
-9.999000000000000000e+03
-9.999000000000000000e+03
-9.999000000000000000e+03
-8.113203197717666626e-02
-7.116806507110595703e-02
-3.463181480765342712e-02
3.042559511959552765e-02
7.722277939319610596e-02
8.228766173124313354e-02
1.565802842378616333e-01
1.385615468025207520e-01
-9.999000000000000000e+03
-9.999000000000000000e+03
-9.999000000000000000e+03
-9.999000000000000000e+03
-9.999000000000000000e+03
-9.999000000000000000e+03
-9.999000000000000000e+03
-9.999000000000000000e+03
-9.999000000000000000e+03
-9.999000000000000000e+03
-9.999000000000000000e+03
-9.999000000000000000e+03
-9.999000000000000000e+03
-9.999000000000000000e+03
-9.999000000000000000e+03
-9.999000000000000000e+03
-9.999000000000000000e+03
-9.999000000000000000e+03
-9.999000000000000000e+03
-9.999000000000000000e+03
-9.999000000000000000e+03
-9.999000000000000000e+03
-9.999000000000000000e+03
-7.871706038713455200e-02
-9.804885834455490112e-02
-8.362741768360137939e-02
-8.877474069595336914e-02
-7.575182616710662842e-02
-1.071216017007827759e-01
-4.863156750798225403e-02
3.874834626913070679e-02
5.869133025407791138e-02
-9.999000000000000000e+03
-9.999000000000000000e+03
-9.999000000000000000e+03
-9.999000000000000000e+03
-9.999000000000000000e+03
-9.999000000000000000e+03
-9.999000000000000000e+03
-9.999000000000000000e+03
-9.999000000000000000e+03
-9.999000000000000000e+03
-9.999000000000000000e+03
-9.999000000000000000e+03
-9.999000000000000000e+03
-9.999000000000000000e+03
-9.999000000000000000e+03
-9.999000000000000000e+03
-9.999000000000000000e+03
-9.999000000000000000e+03
-9.999000000000000000e+03
-9.999000000000000000e+03
-9.999000000000000000e+03
-9.999000000000000000e+03
-6.331527233123779297e-02
-1.207239553332328796e-01
-1.219097301363945007e-01
-1.180986762046813965e-01
-1.395850777626037598e-01
-1.472573429346084595e-01
-1.358562707901000977e-01
-1.514527052640914917e-01
-8.331863582134246826e-02
8.125655353069305420e-03
3.184114024043083191e-02
1.448911894112825394e-02
2.233514795079827309e-03
-9.999000000000000000e+03
-9.999000000000000000e+03
-9.999000000000000000e+03
-9.999000000000000000e+03
-9.999000000000000000e+03
-9.999000000000000000e+03
-9.999000000000000000e+03
-9.999000000000000000e+03
-9.999000000000000000e+03
-9.999000000000000000e+03
-9.999000000000000000e+03
-9.999000000000000000e+03
-9.999000000000000000e+03
-9.999000000000000000e+03
-9.999000000000000000e+03
-9.999000000000000000e+03
-9.999000000000000000e+03
-4.805210977792739868e-02
-5.973904579877853394e-02
-9.598760306835174561e-02
-7.853086292743682861e-02
-7.763239741325378418e-02
-9.921639412641525269e-02
-9.741752594709396362e-02
-9.439992159605026245e-02
-1.003638207912445068e-01
-7.322855293750762939e-02
-2.719253487884998322e-02
1.636567758396267891e-03
-7.243270985782146454e-03
-1.250533293932676315e-02
-9.999000000000000000e+03
-9.999000000000000000e+03
-9.999000000000000000e+03
-9.999000000000000000e+03
-9.999000000000000000e+03
-9.999000000000000000e+03
-9.999000000000000000e+03
-9.999000000000000000e+03
-9.999000000000000000e+03
-9.999000000000000000e+03
-9.999000000000000000e+03
-9.999000000000000000e+03
-9.999000000000000000e+03
-9.999000000000000000e+03
-9.999000000000000000e+03
-5.005146935582160950e-02
-4.449710249900817871e-02
-7.461788505315780640e-02
-7.551147043704986572e-02
-6.548157334327697754e-02
-5.146576091647148132e-02
-5.028244480490684509e-02
-5.898950994014739990e-02
-6.477905809879302979e-02
-6.894972920417785645e-02
-6.659246236085891724e-02
-3.920735791325569153e-02
-1.694136299192905426e-02
-2.483423054218292236e-02
-9.999000000000000000e+03
-9.999000000000000000e+03
-9.999000000000000000e+03
-9.999000000000000000e+03
-9.999000000000000000e+03
-9.999000000000000000e+03
-9.999000000000000000e+03
-9.999000000000000000e+03
-9.999000000000000000e+03
-9.999000000000000000e+03
-9.999000000000000000e+03
-9.999000000000000000e+03
-9.999000000000000000e+03
-9.999000000000000000e+03
-9.999000000000000000e+03
-9.999000000000000000e+03
-6.027976050972938538e-02
-8.342586457729339600e-02
-8.325637131929397583e-02
-9.381495416164398193e-02
-9.017907828092575073e-02
-7.089573889970779419e-02
-6.080693006515502930e-02
-5.405422300100326538e-02
-5.537342280149459839e-02
-6.482176482677459717e-02
-8.705779910087585449e-02
-9.544037282466888428e-02
-6.877049803733825684e-02
-2.288602478802204132e-02
-9.999000000000000000e+03
-9.999000000000000000e+03
-9.999000000000000000e+03
-9.999000000000000000e+03
-9.999000000000000000e+03
-9.999000000000000000e+03
-9.999000000000000000e+03
-9.999000000000000000e+03
-9.999000000000000000e+03
-9.999000000000000000e+03
-9.999000000000000000e+03
-9.999000000000000000e+03
-9.999000000000000000e+03
-9.999000000000000000e+03
-9.999000000000000000e+03
-9.999000000000000000e+03
-9.999000000000000000e+03
-7.794113457202911377e-02
-1.175304204225540161e-01
-1.230171173810958862e-01
-1.030244156718254089e-01
-8.357731252908706665e-02
-7.376828789710998535e-02
-6.947462260723114014e-02
-6.505661457777023315e-02
-5.699497088789939880e-02
-3.764161467552185059e-02
-5.130376666784286499e-02
-7.159917056560516357e-02
-4.774541035294532776e-02
-3.459128737449645996e-02
-9.999000000000000000e+03
-9.999000000000000000e+03
-9.999000000000000000e+03
-9.999000000000000000e+03
-9.999000000000000000e+03
-9.999000000000000000e+03
-9.999000000000000000e+03
-9.999000000000000000e+03
-9.999000000000000000e+03
-9.999000000000000000e+03
-9.999000000000000000e+03
-9.999000000000000000e+03
-9.999000000000000000e+03
-9.999000000000000000e+03
-9.999000000000000000e+03
-9.999000000000000000e+03
-9.999000000000000000e+03
-1.205179542303085327e-01
-1.404890865087509155e-01
-1.326155364513397217e-01
-1.051233336329460144e-01
-7.242207229137420654e-02
-5.649746954441070557e-02
-5.265288800001144409e-02
-5.500099062919616699e-02
-5.570532754063606262e-02
-4.173094034194946289e-02
-3.264489024877548218e-02
-1.687688194215297699e-02
-8.541469462215900421e-03
-9.999000000000000000e+03
-9.999000000000000000e+03
-9.999000000000000000e+03
-9.999000000000000000e+03
-9.999000000000000000e+03
-9.999000000000000000e+03
-9.999000000000000000e+03
-9.999000000000000000e+03
-9.999000000000000000e+03
-9.999000000000000000e+03
-9.999000000000000000e+03
-9.999000000000000000e+03
-9.999000000000000000e+03
-9.999000000000000000e+03
-9.999000000000000000e+03
-9.999000000000000000e+03
-9.999000000000000000e+03
-9.999000000000000000e+03
-1.050449907779693604e-01
-1.175712123513221741e-01
-1.004073992371559143e-01
-7.763306051492691040e-02
-4.478616267442703247e-02
-2.014570124447345734e-02
-9.845687076449394226e-03
-5.174798425287008286e-03
-2.850607596337795258e-02
-3.092752583324909210e-02
-2.427989244461059570e-02
-2.225006558001041412e-02
-9.999000000000000000e+03
-9.999000000000000000e+03
-9.999000000000000000e+03
-9.999000000000000000e+03
-9.999000000000000000e+03
-9.999000000000000000e+03
-9.999000000000000000e+03
-9.999000000000000000e+03
-9.999000000000000000e+03
-9.999000000000000000e+03
-9.999000000000000000e+03
-9.999000000000000000e+03
-9.999000000000000000e+03
-9.999000000000000000e+03
-9.999000000000000000e+03
-9.999000000000000000e+03
-9.999000000000000000e+03
-9.999000000000000000e+03
-9.999000000000000000e+03
-6.797339022159576416e-02
-6.605598330497741699e-02
-6.501447409391403198e-02
-5.782218277454376221e-02
1.510248985141515732e-03
3.459561243653297424e-02
4.608747363090515137e-02
2.876036614179611206e-02
8.193518035113811493e-03
-6.538373418152332306e-04
-9.999000000000000000e+03
-9.999000000000000000e+03
-9.999000000000000000e+03
-9.999000000000000000e+03
-9.999000000000000000e+03
-9.999000000000000000e+03
-9.999000000000000000e+03
-9.999000000000000000e+03
-9.999000000000000000e+03
-9.999000000000000000e+03
-9.999000000000000000e+03
-9.999000000000000000e+03
-9.999000000000000000e+03
-9.999000000000000000e+03
-9.999000000000000000e+03
-9.999000000000000000e+03
-9.999000000000000000e+03
-9.999000000000000000e+03
-9.999000000000000000e+03
-9.999000000000000000e+03
-9.999000000000000000e+03
-5.417595058679580688e-02
-3.827184438705444336e-02
-1.834596134722232819e-02
-4.706763196736574173e-03
2.129099890589714050e-02
3.940299898386001587e-02
-9.999000000000000000e+03
-9.999000000000000000e+03
-9.999000000000000000e+03
-9.999000000000000000e+03
-9.999000000000000000e+03
-9.999000000000000000e+03
-9.999000000000000000e+03
-9.999000000000000000e+03
-9.999000000000000000e+03
-9.999000000000000000e+03
-9.999000000000000000e+03
-9.999000000000000000e+03
-9.999000000000000000e+03
-9.999000000000000000e+03
-9.999000000000000000e+03
-9.999000000000000000e+03
-9.999000000000000000e+03
-9.999000000000000000e+03
-9.999000000000000000e+03
-9.999000000000000000e+03
-9.999000000000000000e+03
-9.999000000000000000e+03
-9.999000000000000000e+03
-9.999000000000000000e+03
-9.999000000000000000e+03
-5.951884388923645020e-02
-3.221900761127471924e-02
-6.957251578569412231e-03
-9.999000000000000000e+03
-9.999000000000000000e+03
-9.999000000000000000e+03
-9.999000000000000000e+03
-9.999000000000000000e+03
-9.999000000000000000e+03
-9.999000000000000000e+03
-9.999000000000000000e+03
-9.999000000000000000e+03
-9.999000000000000000e+03
-9.999000000000000000e+03
-9.999000000000000000e+03
-9.999000000000000000e+03
-9.999000000000000000e+03
-9.999000000000000000e+03
-9.999000000000000000e+03
-9.999000000000000000e+03
-9.999000000000000000e+03
-9.999000000000000000e+03
-9.999000000000000000e+03
-9.999000000000000000e+03
-9.999000000000000000e+03
-9.999000000000000000e+03
-9.999000000000000000e+03
-9.999000000000000000e+03
-9.999000000000000000e+03
-9.999000000000000000e+03
-9.999000000000000000e+03
