-1.377708315849304199e-01
-9.812824428081512451e-02
-4.717043042182922363e-02
1.492853742092847824e-02
5.856721475720405579e-02
9.417938441038131714e-02
1.239878460764884949e-01
1.523109376430511475e-01
1.893811970949172974e-01
2.169988155364990234e-01
2.298561632633209229e-01
-9.999000000000000000e+03
-9.999000000000000000e+03
-9.999000000000000000e+03
-9.999000000000000000e+03
-9.999000000000000000e+03
-9.999000000000000000e+03
-9.999000000000000000e+03
-9.999000000000000000e+03
-9.999000000000000000e+03
-9.999000000000000000e+03
-9.999000000000000000e+03
-9.999000000000000000e+03
4.362741857767105103e-02
1.263313889503479004e-01
1.413885354995727539e-01
1.539853364229202271e-01
1.482377052307128906e-01
1.414791792631149292e-01
1.306297928094863892e-01
1.272100061178207397e-01
-1.265063583850860596e-01
-8.539997041225433350e-02
-2.775317430496215820e-02
2.895811572670936584e-02
7.706860452890396118e-02
1.090947911143302917e-01
1.430468559265136719e-01
1.751823425292968750e-01
2.029470801353454590e-01
2.248760461807250977e-01
2.306011170148849487e-01
1.341043710708618164e-01
-9.999000000000000000e+03
-9.999000000000000000e+03
-9.999000000000000000e+03
-9.999000000000000000e+03
-9.999000000000000000e+03
-9.999000000000000000e+03
-9.999000000000000000e+03
-9.999000000000000000e+03
-9.999000000000000000e+03
1.607057824730873108e-02
2.482578903436660767e-02
4.928054288029670715e-02
8.129896223545074463e-02
1.192749366164207458e-01
1.439242810010910034e-01
1.412119120359420776e-01
1.282318979501724243e-01
1.253327429294586182e-01
1.254383325576782227e-01
-1.325929760932922363e-01
-7.155273109674453735e-02
5.444604321382939816e-04
4.715821892023086548e-02
8.225705474615097046e-02
1.092652603983879089e-01
1.437559425830841064e-01
1.841571480035781860e-01
2.104108184576034546e-01
2.248421609401702881e-01
2.106676101684570312e-01
1.307752728462219238e-01
-9.999000000000000000e+03
-9.999000000000000000e+03
-9.999000000000000000e+03
-9.999000000000000000e+03
-9.999000000000000000e+03
-9.999000000000000000e+03
-9.999000000000000000e+03
-2.196417422965168953e-03
7.002897560596466064e-03
3.134889528155326843e-02
1.624790020287036896e-02
3.506069257855415344e-02
7.736593484878540039e-02
8.640395849943161011e-02
1.047808080911636353e-01
1.000718027353286743e-01
1.050082966685295105e-01
1.072272658348083496e-01
1.070891097187995911e-01
-1.253398209810256958e-01
-7.622117549180984497e-02
-2.273781970143318176e-02
2.542981691658496857e-02
7.559493184089660645e-02
1.155920326709747314e-01
1.502598375082015991e-01
1.837433576583862305e-01
2.063742280006408691e-01
2.196575403213500977e-01
2.129023075103759766e-01
1.356924623250961304e-01
6.644544005393981934e-02
-9.999000000000000000e+03
-9.999000000000000000e+03
-9.999000000000000000e+03
-1.334970071911811829e-02
-2.081119641661643982e-02
-1.673497632145881653e-02
5.816667806357145309e-03
1.262605749070644379e-02
1.653777435421943665e-02
1.375712826848030090e-02
3.125276416540145874e-02
7.627898454666137695e-02
4.138738289475440979e-02
6.812289357185363770e-02
6.486610323190689087e-02
7.080072164535522461e-02
8.410748839378356934e-02
9.510707855224609375e-02
-1.220861375331878662e-01
-7.430034130811691284e-02
-2.980364672839641571e-02
9.275333024561405182e-03
6.040010973811149597e-02
1.010464131832122803e-01
1.390845626592636108e-01
1.790003627538681030e-01
2.057436406612396240e-01
2.104652523994445801e-01
1.890028119087219238e-01
1.393901556730270386e-01
6.949441134929656982e-02
8.661152794957160950e-03
-5.024679470807313919e-03
-1.933492906391620636e-02
-1.634139567613601685e-02
-3.397006308659911156e-03
4.729077219963073730e-03
2.183510363101959229e-02
1.885758712887763977e-02
1.287737768143415451e-02
8.558472618460655212e-03
1.453962456434965134e-02
1.465042307972908020e-02
-7.241019629873335361e-04
1.468476559966802597e-02
2.629037387669086456e-02
4.428728297352790833e-02
7.150974124670028687e-02
9.406770020723342896e-02
-9.594020247459411621e-02
-7.226324826478958130e-02
-4.765328392386436462e-02
-4.896980710327625275e-03
5.505974963307380676e-02
9.654264152050018311e-02
1.240488886833190918e-01
1.542524695396423340e-01
1.724970787763595581e-01
1.885814815759658813e-01
1.778810471296310425e-01
1.236013695597648621e-01
6.790614128112792969e-02
1.655364595353603363e-02
-2.343160565942525864e-03
-7.238585036247968674e-03
1.631064154207706451e-02
4.509817808866500854e-02
4.823976382613182068e-02
4.458945989608764648e-02
2.708863653242588043e-02
6.819326430559158325e-03
-1.034099608659744263e-02
-2.230457961559295654e-02
-3.353034332394599915e-02
-5.245450511574745178e-02
-2.480079792439937592e-02
-1.171867456287145615e-02
1.240818295627832413e-02
5.399364605545997620e-02
8.268561214208602905e-02
-6.323235481977462769e-02
-5.011348053812980652e-02
-2.853943221271038055e-02
3.635116387158632278e-03
4.408920928835868835e-02
7.948224246501922607e-02
1.104387119412422180e-01
1.318597346544265747e-01
1.436251103878021240e-01
1.498684138059616089e-01
1.406124979257583618e-01
1.035865321755409241e-01
6.818024069070816040e-02
2.779915183782577515e-02
3.142141923308372498e-02
4.622488468885421753e-02
7.501154392957687378e-02
9.042366594076156616e-02
8.189488947391510010e-02
7.091353088617324829e-02
4.542323946952819824e-02
5.033934023231267929e-03
-4.240930080413818359e-02
-7.155118882656097412e-02
-9.324453026056289673e-02
-1.072788313031196594e-01
-8.687329292297363281e-02
-8.753968775272369385e-02
-5.666970834136009216e-02
1.874827034771442413e-02
4.052384570240974426e-02
-6.005250290036201477e-02
-4.438310116529464722e-02
-1.903499290347099304e-02
4.157840739935636520e-04
3.817068040370941162e-02
7.297908514738082886e-02
9.135779738426208496e-02
1.086721569299697876e-01
1.117705851793289185e-01
1.197974607348442078e-01
1.151656657457351685e-01
8.135997503995895386e-02
6.581573188304901123e-02
6.004243716597557068e-02
7.981234788894653320e-02
9.271893650293350220e-02
1.192184686660766602e-01
1.180129796266555786e-01
1.044157147407531738e-01
9.376974403858184814e-02
6.394054740667343140e-02
2.501004189252853394e-02
-2.886850386857986450e-02
-9.414440393447875977e-02
-1.552193611860275269e-01
-1.690900772809982300e-01
-1.736974865198135376e-01
-1.735148727893829346e-01
-1.337214708328247070e-01
-4.874320328235626221e-02
-2.397421747446060181e-02
-5.189258232712745667e-02
-3.226613625884056091e-02
-1.846197433769702911e-02
-5.564359016716480255e-03
1.907410845160484314e-02
4.606153815984725952e-02
5.128802359104156494e-02
7.493939995765686035e-02
8.765648305416107178e-02
1.049418672919273376e-01
1.075343638658523560e-01
9.281410276889801025e-02
9.580084681510925293e-02
1.129940748214721680e-01
1.307225823402404785e-01
1.297663301229476929e-01
1.317034512758255005e-01
1.209324523806571960e-01
1.131354048848152161e-01
9.867057204246520996e-02
4.931698366999626160e-02
8.261024020612239838e-03
-1.794701628386974335e-02
-5.927540361881256104e-02
-7.602951675653457642e-02
-1.604386717081069946e-01
-2.119933068752288818e-01
-2.318989336490631104e-01
-1.777985841035842896e-01
-9.839046746492385864e-02
-3.650497645139694214e-02
-4.073621332645416260e-02
-2.808035537600517273e-02
-2.250251360237598419e-02
-2.010340429842472076e-02
-8.766924962401390076e-03
5.623972509056329727e-03
1.784414052963256836e-02
4.602833837270736694e-02
6.727260351181030273e-02
1.044313684105873108e-01
1.192732602357864380e-01
1.335815191268920898e-01
1.416407972574234009e-01
1.463450491428375244e-01
1.474381834268569946e-01
1.379947513341903687e-01
1.246635988354682922e-01
7.728876173496246338e-02
7.414378970861434937e-02
3.933915495872497559e-02
2.810247242450714111e-02
-9.999000000000000000e+03
-9.999000000000000000e+03
-9.999000000000000000e+03
-9.999000000000000000e+03
-9.999000000000000000e+03
-9.999000000000000000e+03
-2.000080645084381104e-01
-2.224694639444351196e-01
-1.255569905042648315e-01
-4.291580989956855774e-02
-2.422606386244297028e-02
-1.545036025345325470e-02
-1.438061892986297607e-02
-4.799923859536647797e-03
-9.712685830891132355e-03
-4.852582234889268875e-03
1.472245715558528900e-02
3.741808608174324036e-02
7.545536011457443237e-02
1.211217790842056274e-01
1.431691497564315796e-01
1.740967035293579102e-01
1.696521490812301636e-01
1.590441614389419556e-01
1.373739987611770630e-01
1.179111748933792114e-01
1.211135312914848328e-01
-9.999000000000000000e+03
-9.999000000000000000e+03
-9.999000000000000000e+03
-9.999000000000000000e+03
-9.999000000000000000e+03
-9.999000000000000000e+03
-9.999000000000000000e+03
-9.999000000000000000e+03
-9.999000000000000000e+03
-9.999000000000000000e+03
-1.605225801467895508e-01
-2.103121578693389893e-01
-1.712911278009414673e-01
-8.649596571922302246e-02
-9.611605666577816010e-03
-5.047037266194820404e-03
1.293483655899763107e-02
1.696194522082805634e-02
6.087196990847587585e-03
-2.329195383936166763e-03
8.582834154367446899e-03
4.082754626870155334e-02
1.075542643666267395e-01
1.535209715366363525e-01
1.666117459535598755e-01
1.796665042638778687e-01
1.757483184337615967e-01
1.528014987707138062e-01
7.189308851957321167e-02
7.148437947034835815e-02
-9.999000000000000000e+03
-9.999000000000000000e+03
-9.999000000000000000e+03
-9.999000000000000000e+03
-9.999000000000000000e+03
-9.999000000000000000e+03
-9.999000000000000000e+03
-9.999000000000000000e+03
-9.999000000000000000e+03
-9.999000000000000000e+03
-9.999000000000000000e+03
-9.999000000000000000e+03
-1.410482376813888550e-01
-1.496256440877914429e-01
-6.558913737535476685e-02
-4.120498523116111755e-02
-4.316033050417900085e-02
-1.741530746221542358e-02
-5.256153963273391128e-05
4.275374813005328178e-04
4.876510065514594316e-04
2.756269834935665131e-02
7.677645236253738403e-02
1.336889415979385376e-01
1.506188660860061646e-01
1.589352786540985107e-01
1.834027916193008423e-01
1.267248094081878662e-01
1.334259957075119019e-01
-9.999000000000000000e+03
-9.999000000000000000e+03
-9.999000000000000000e+03
-9.999000000000000000e+03
-9.999000000000000000e+03
-9.999000000000000000e+03
-9.999000000000000000e+03
-9.999000000000000000e+03
-9.999000000000000000e+03
-9.999000000000000000e+03
-9.999000000000000000e+03
-9.999000000000000000e+03
-9.999000000000000000e+03
-9.999000000000000000e+03
-9.999000000000000000e+03
-1.193075925111770630e-01
-6.279037892818450928e-02
-9.999000000000000000e+03
-6.065478548407554626e-02
-5.604029819369316101e-02
-3.296268731355667114e-02
-6.445128470659255981e-03
7.297258824110031128e-03
4.402082785964012146e-02
1.224830448627471924e-01
1.334718763828277588e-01
1.341464370489120483e-01
1.528800725936889648e-01
1.561431735754013062e-01
9.600520879030227661e-02
-9.999000000000000000e+03
-9.999000000000000000e+03
-9.999000000000000000e+03
-9.999000000000000000e+03
-9.999000000000000000e+03
-9.999000000000000000e+03
-9.999000000000000000e+03
-9.999000000000000000e+03
-9.999000000000000000e+03
-9.999000000000000000e+03
-9.999000000000000000e+03
-9.999000000000000000e+03
-9.999000000000000000e+03
-9.999000000000000000e+03
-9.999000000000000000e+03
-9.999000000000000000e+03
-4.967566579580307007e-02
-1.993564516305923462e-02
-9.999000000000000000e+03
-9.999000000000000000e+03
-7.501833140850067139e-02
-5.808774381875991821e-02
-1.679528690874576569e-02
2.154215425252914429e-02
8.496841788291931152e-02
1.312060207128524780e-01
1.237852945923805237e-01
1.265557110309600830e-01
1.356464922428131104e-01
4.399226978421211243e-02
-9.999000000000000000e+03
-9.999000000000000000e+03
-9.999000000000000000e+03
-9.999000000000000000e+03
-9.999000000000000000e+03
-9.999000000000000000e+03
-9.999000000000000000e+03
-9.999000000000000000e+03
-9.999000000000000000e+03
-9.999000000000000000e+03
-9.999000000000000000e+03
-9.999000000000000000e+03
-9.999000000000000000e+03
-9.999000000000000000e+03
-9.999000000000000000e+03
-9.999000000000000000e+03
-9.999000000000000000e+03
-1.546513196080923080e-02
9.040749631822109222e-03
-9.999000000000000000e+03
-9.999000000000000000e+03
-5.655735731124877930e-02
-5.777435377240180969e-02
-2.802506461739540100e-02
2.180568501353263855e-02
9.589000046253204346e-02
1.151369065046310425e-01
1.258608698844909668e-01
1.270592659711837769e-01
1.107963472604751587e-01
6.729229539632797241e-02
-9.999000000000000000e+03
-9.999000000000000000e+03
-9.999000000000000000e+03
-9.999000000000000000e+03
-9.999000000000000000e+03
-9.999000000000000000e+03
-9.999000000000000000e+03
-9.999000000000000000e+03
-9.999000000000000000e+03
-9.999000000000000000e+03
-9.999000000000000000e+03
-9.999000000000000000e+03
-9.999000000000000000e+03
-9.999000000000000000e+03
-9.999000000000000000e+03
-9.999000000000000000e+03
-9.999000000000000000e+03
-9.999000000000000000e+03
-9.999000000000000000e+03
-9.999000000000000000e+03
-9.999000000000000000e+03
-3.812071308493614197e-02
-5.347688868641853333e-02
-2.271523512899875641e-02
2.663480117917060852e-02
5.349360033869743347e-02
9.277454763650894165e-02
1.361497044563293457e-01
1.318188458681106567e-01
8.179268240928649902e-02
6.183213740587234497e-02
-9.999000000000000000e+03
-9.999000000000000000e+03
-9.999000000000000000e+03
-9.999000000000000000e+03
-9.999000000000000000e+03
-9.999000000000000000e+03
-9.999000000000000000e+03
-9.999000000000000000e+03
-9.999000000000000000e+03
-9.999000000000000000e+03
-9.999000000000000000e+03
-9.999000000000000000e+03
-9.999000000000000000e+03
-9.999000000000000000e+03
-9.999000000000000000e+03
-9.999000000000000000e+03
-9.999000000000000000e+03
-9.999000000000000000e+03
-9.999000000000000000e+03
-9.999000000000000000e+03
-9.999000000000000000e+03
-9.999000000000000000e+03
-3.654395043849945068e-02
-2.318234369158744812e-02
1.601787097752094269e-02
-3.298852220177650452e-02
6.063879281282424927e-02
1.341396719217300415e-01
1.627091616392135620e-01
1.102379038929939270e-01
-9.999000000000000000e+03
-9.999000000000000000e+03
-9.999000000000000000e+03
-9.999000000000000000e+03
-9.999000000000000000e+03
-9.999000000000000000e+03
-9.999000000000000000e+03
-9.999000000000000000e+03
-9.999000000000000000e+03
-9.999000000000000000e+03
-9.999000000000000000e+03
-9.999000000000000000e+03
-9.999000000000000000e+03
-9.999000000000000000e+03
-9.999000000000000000e+03
-9.999000000000000000e+03
-9.999000000000000000e+03
-9.999000000000000000e+03
-9.999000000000000000e+03
-9.999000000000000000e+03
-9.999000000000000000e+03
-9.999000000000000000e+03
-9.999000000000000000e+03
-2.670269273221492767e-02
-1.784505788236856461e-03
-1.553106587380170822e-02
-6.273823976516723633e-02
4.019777104258537292e-02
1.505660265684127808e-01
2.017990648746490479e-01
1.624513566493988037e-01
1.094176769256591797e-01
-9.999000000000000000e+03
-9.999000000000000000e+03
-9.999000000000000000e+03
-9.999000000000000000e+03
-9.999000000000000000e+03
-9.999000000000000000e+03
-9.999000000000000000e+03
-9.999000000000000000e+03
-9.999000000000000000e+03
-9.999000000000000000e+03
-9.999000000000000000e+03
-9.999000000000000000e+03
-9.999000000000000000e+03
-9.999000000000000000e+03
-9.999000000000000000e+03
-9.999000000000000000e+03
-9.999000000000000000e+03
-9.999000000000000000e+03
-9.999000000000000000e+03
-9.999000000000000000e+03
-9.999000000000000000e+03
-9.999000000000000000e+03
-9.999000000000000000e+03
2.004671376198530197e-03
-2.173011936247348785e-02
-3.434024751186370850e-02
3.627823293209075928e-02
8.004724979400634766e-02
5.211216956377029419e-02
1.021728143095970154e-01
9.714262187480926514e-02
-9.999000000000000000e+03
-9.999000000000000000e+03
-9.999000000000000000e+03
-9.999000000000000000e+03
-9.999000000000000000e+03
-9.999000000000000000e+03
-9.999000000000000000e+03
-9.999000000000000000e+03
-9.999000000000000000e+03
-9.999000000000000000e+03
-9.999000000000000000e+03
-9.999000000000000000e+03
-9.999000000000000000e+03
-9.999000000000000000e+03
-9.999000000000000000e+03
-9.999000000000000000e+03
-9.999000000000000000e+03
-9.999000000000000000e+03
-9.999000000000000000e+03
-9.999000000000000000e+03
-9.999000000000000000e+03
-9.999000000000000000e+03
-9.999000000000000000e+03
-1.225827448070049286e-02
-4.150138795375823975e-02
-7.364251464605331421e-02
-6.173950433731079102e-02
-9.140614420175552368e-02
-1.246738135814666748e-01
-6.492667645215988159e-02
2.882499434053897858e-02
8.514168858528137207e-02
-9.999000000000000000e+03
-9.999000000000000000e+03
-9.999000000000000000e+03
-9.999000000000000000e+03
-9.999000000000000000e+03
-9.999000000000000000e+03
-9.999000000000000000e+03
-9.999000000000000000e+03
-9.999000000000000000e+03
-9.999000000000000000e+03
-9.999000000000000000e+03
-9.999000000000000000e+03
-9.999000000000000000e+03
-9.999000000000000000e+03
-9.999000000000000000e+03
-9.999000000000000000e+03
-9.999000000000000000e+03
-9.999000000000000000e+03
-9.999000000000000000e+03
-9.999000000000000000e+03
-9.999000000000000000e+03
-9.999000000000000000e+03
1.781085878610610962e-02
-3.337760642170906067e-02
-7.480923831462860107e-02
-1.067042276263237000e-01
-1.301272511482238770e-01
-1.560594588518142700e-01
-1.105404794216156006e-01
4.824872128665447235e-03
1.090455576777458191e-01
5.650058388710021973e-02
5.328754894435405731e-03
7.048735395073890686e-03
1.130223926156759262e-02
-9.999000000000000000e+03
-9.999000000000000000e+03
-9.999000000000000000e+03
-9.999000000000000000e+03
-9.999000000000000000e+03
-9.999000000000000000e+03
-9.999000000000000000e+03
-9.999000000000000000e+03
-9.999000000000000000e+03
-9.999000000000000000e+03
-9.999000000000000000e+03
-9.999000000000000000e+03
-9.999000000000000000e+03
-9.999000000000000000e+03
-9.999000000000000000e+03
-9.999000000000000000e+03
-9.999000000000000000e+03
5.524781066924333572e-03
1.301036030054092407e-02
2.892039017751812935e-03
-4.334292188286781311e-02
-8.755976706743240356e-02
-1.253332644701004028e-01
-1.266527473926544189e-01
-9.483733028173446655e-02
-1.974738389253616333e-02
7.941056042909622192e-02
4.372749850153923035e-02
1.778144575655460358e-02
9.605368599295616150e-03
6.680310238152742386e-03
-9.999000000000000000e+03
-9.999000000000000000e+03
-9.999000000000000000e+03
-9.999000000000000000e+03
-9.999000000000000000e+03
-9.999000000000000000e+03
-9.999000000000000000e+03
-9.999000000000000000e+03
-9.999000000000000000e+03
-9.999000000000000000e+03
-9.999000000000000000e+03
-9.999000000000000000e+03
-9.999000000000000000e+03
-9.999000000000000000e+03
-9.999000000000000000e+03
1.277048233896493912e-02
7.913083769381046295e-03
-9.464623406529426575e-03
1.600594632327556610e-02
7.138810586184263229e-03
-2.040890231728553772e-02
-5.167425051331520081e-02
-8.889206498861312866e-02
-1.128226593136787415e-01
-9.161186218261718750e-02
-2.084403112530708313e-02
1.973755843937397003e-02
6.600597500801086426e-02
6.033218652009963989e-02
-9.999000000000000000e+03
-9.999000000000000000e+03
-9.999000000000000000e+03
-9.999000000000000000e+03
-9.999000000000000000e+03
-9.999000000000000000e+03
-9.999000000000000000e+03
-9.999000000000000000e+03
-9.999000000000000000e+03
-9.999000000000000000e+03
-9.999000000000000000e+03
-9.999000000000000000e+03
-9.999000000000000000e+03
-9.999000000000000000e+03
-9.999000000000000000e+03
-9.999000000000000000e+03
1.767835952341556549e-02
2.304022200405597687e-02
4.696530103683471680e-02
4.642743617296218872e-02
3.599929809570312500e-02
6.751284003257751465e-03
-3.283512964844703674e-02
-3.685098141431808472e-02
-4.854547977447509766e-02
-7.013473659753799438e-02
-8.535759896039962769e-02
-5.401814356446266174e-02
-1.571540348231792450e-02
8.502227813005447388e-02
-9.999000000000000000e+03
-9.999000000000000000e+03
-9.999000000000000000e+03
-9.999000000000000000e+03
-9.999000000000000000e+03
-9.999000000000000000e+03
-9.999000000000000000e+03
-9.999000000000000000e+03
-9.999000000000000000e+03
-9.999000000000000000e+03
-9.999000000000000000e+03
-9.999000000000000000e+03
-9.999000000000000000e+03
-9.999000000000000000e+03
-9.999000000000000000e+03
-9.999000000000000000e+03
-9.999000000000000000e+03
2.951062843203544617e-02
4.550330340862274170e-02
1.029895991086959839e-01
8.173041045665740967e-02
4.418304935097694397e-02
-2.900725230574607849e-03
-3.643805533647537231e-02
-3.780857473611831665e-02
-2.108827047049999237e-02
-4.310945048928260803e-02
-5.597586557269096375e-02
-4.303409531712532043e-02
-8.560386486351490021e-03
5.230813100934028625e-02
-9.999000000000000000e+03
-9.999000000000000000e+03
-9.999000000000000000e+03
-9.999000000000000000e+03
-9.999000000000000000e+03
-9.999000000000000000e+03
-9.999000000000000000e+03
-9.999000000000000000e+03
-9.999000000000000000e+03
-9.999000000000000000e+03
-9.999000000000000000e+03
-9.999000000000000000e+03
-9.999000000000000000e+03
-9.999000000000000000e+03
-9.999000000000000000e+03
-9.999000000000000000e+03
-9.999000000000000000e+03
7.027313113212585449e-02
1.213096827268600464e-01
1.372039616107940674e-01
1.082673966884613037e-01
6.244561448693275452e-02
-1.282002031803131104e-02
-4.425911977887153625e-02
-4.318144917488098145e-02
-1.851344853639602661e-02
-1.999163441359996796e-02
-3.768969327211380005e-02
-3.044605813920497894e-02
-2.513841353356838226e-02
-9.999000000000000000e+03
-9.999000000000000000e+03
-9.999000000000000000e+03
-9.999000000000000000e+03
-9.999000000000000000e+03
-9.999000000000000000e+03
-9.999000000000000000e+03
-9.999000000000000000e+03
-9.999000000000000000e+03
-9.999000000000000000e+03
-9.999000000000000000e+03
-9.999000000000000000e+03
-9.999000000000000000e+03
-9.999000000000000000e+03
-9.999000000000000000e+03
-9.999000000000000000e+03
-9.999000000000000000e+03
-9.999000000000000000e+03
1.124124601483345032e-01
1.654748767614364624e-01
1.490413099527359009e-01
1.028663665056228638e-01
2.709044329822063446e-02
-2.954926528036594391e-02
-5.090488865971565247e-02
-6.112219765782356262e-02
-1.915332116186618805e-02
-5.394750041887164116e-05
-6.042493972927331924e-03
-1.994057185947895050e-02
-9.999000000000000000e+03
-9.999000000000000000e+03
-9.999000000000000000e+03
-9.999000000000000000e+03
-9.999000000000000000e+03
-9.999000000000000000e+03
-9.999000000000000000e+03
-9.999000000000000000e+03
-9.999000000000000000e+03
-9.999000000000000000e+03
-9.999000000000000000e+03
-9.999000000000000000e+03
-9.999000000000000000e+03
-9.999000000000000000e+03
-9.999000000000000000e+03
-9.999000000000000000e+03
-9.999000000000000000e+03
-9.999000000000000000e+03
-9.999000000000000000e+03
1.390561610460281372e-01
1.594831496477127075e-01
1.387961953878402710e-01
9.218385815620422363e-02
-2.646130882203578949e-02
-5.240564048290252686e-02
-5.589892715215682983e-02
-3.651349619030952454e-02
-1.803995110094547272e-02
-8.370744995772838593e-03
-9.999000000000000000e+03
-9.999000000000000000e+03
-9.999000000000000000e+03
-9.999000000000000000e+03
-9.999000000000000000e+03
-9.999000000000000000e+03
-9.999000000000000000e+03
-9.999000000000000000e+03
-9.999000000000000000e+03
-9.999000000000000000e+03
-9.999000000000000000e+03
-9.999000000000000000e+03
-9.999000000000000000e+03
-9.999000000000000000e+03
-9.999000000000000000e+03
-9.999000000000000000e+03
-9.999000000000000000e+03
-9.999000000000000000e+03
-9.999000000000000000e+03
-9.999000000000000000e+03
-9.999000000000000000e+03
1.302407085895538330e-01
1.197070181369781494e-01
9.099549800157546997e-02
2.797034941613674164e-02
-2.679013088345527649e-02
-4.243080317974090576e-02
-9.999000000000000000e+03
-9.999000000000000000e+03
-9.999000000000000000e+03
-9.999000000000000000e+03
-9.999000000000000000e+03
-9.999000000000000000e+03
-9.999000000000000000e+03
-9.999000000000000000e+03
-9.999000000000000000e+03
-9.999000000000000000e+03
-9.999000000000000000e+03
-9.999000000000000000e+03
-9.999000000000000000e+03
-9.999000000000000000e+03
-9.999000000000000000e+03
-9.999000000000000000e+03
-9.999000000000000000e+03
-9.999000000000000000e+03
-9.999000000000000000e+03
-9.999000000000000000e+03
-9.999000000000000000e+03
-9.999000000000000000e+03
-9.999000000000000000e+03
-9.999000000000000000e+03
-9.999000000000000000e+03
6.884609162807464600e-02
6.211947277188301086e-02
6.506003439426422119e-02
-9.999000000000000000e+03
-9.999000000000000000e+03
-9.999000000000000000e+03
-9.999000000000000000e+03
-9.999000000000000000e+03
-9.999000000000000000e+03
-9.999000000000000000e+03
-9.999000000000000000e+03
-9.999000000000000000e+03
-9.999000000000000000e+03
-9.999000000000000000e+03
-9.999000000000000000e+03
-9.999000000000000000e+03
-9.999000000000000000e+03
-9.999000000000000000e+03
-9.999000000000000000e+03
-9.999000000000000000e+03
-9.999000000000000000e+03
-9.999000000000000000e+03
-9.999000000000000000e+03
-9.999000000000000000e+03
-9.999000000000000000e+03
-9.999000000000000000e+03
-9.999000000000000000e+03
-9.999000000000000000e+03
-9.999000000000000000e+03
-9.999000000000000000e+03
-9.999000000000000000e+03
