1.254755854606628418e-01
1.303088515996932983e-01
1.134494915604591370e-01
9.996231645345687866e-02
1.066603064537048340e-01
9.061677753925323486e-02
7.742175459861755371e-02
6.430587917566299438e-02
3.403262048959732056e-02
2.000664919614791870e-02
-2.918709069490432739e-02
-9.999000000000000000e+03
-9.999000000000000000e+03
-9.999000000000000000e+03
-9.999000000000000000e+03
-9.999000000000000000e+03
-9.999000000000000000e+03
-9.999000000000000000e+03
-9.999000000000000000e+03
-9.999000000000000000e+03
-9.999000000000000000e+03
-9.999000000000000000e+03
-9.999000000000000000e+03
-2.927799336612224579e-02
-2.949336543679237366e-02
1.236546970903873444e-02
4.929169267416000366e-02
9.599674493074417114e-02
1.201594844460487366e-01
1.441411226987838745e-01
1.498408913612365723e-01
5.885550007224082947e-02
6.582943350076675415e-02
6.172545626759529114e-02
5.624563246965408325e-02
5.879607424139976501e-02
3.135624527931213379e-02
3.044121665880084038e-03
-1.150179770775139332e-03
-1.255608908832073212e-02
-3.639474045485258102e-03
-2.888090442866086960e-03
3.470493713393807411e-03
-9.999000000000000000e+03
-9.999000000000000000e+03
-9.999000000000000000e+03
-9.999000000000000000e+03
-9.999000000000000000e+03
-9.999000000000000000e+03
-9.999000000000000000e+03
-9.999000000000000000e+03
-9.999000000000000000e+03
3.231263905763626099e-02
4.170389473438262939e-02
2.998625487089157104e-02
6.009269505739212036e-02
6.938347220420837402e-02
8.846139907836914062e-02
1.093109101057052612e-01
1.227735728025436401e-01
1.362876445055007935e-01
1.449231505393981934e-01
-5.436467938125133514e-03
-3.891743719577789307e-03
-3.043508855625987053e-03
-1.626911200582981110e-02
-1.027722284197807312e-02
-3.995309770107269287e-02
-5.753105506300926208e-02
-5.469921976327896118e-02
-5.584589391946792603e-02
-3.103795275092124939e-02
-9.750986471772193909e-03
3.754206234589219093e-03
-9.999000000000000000e+03
-9.999000000000000000e+03
-9.999000000000000000e+03
-9.999000000000000000e+03
-9.999000000000000000e+03
-9.999000000000000000e+03
-9.999000000000000000e+03
6.882331520318984985e-02
6.502547860145568848e-02
7.766845077276229858e-02
7.617100328207015991e-02
7.985477149486541748e-02
8.166455477476119995e-02
8.655841648578643799e-02
9.817921370267868042e-02
9.528566151857376099e-02
1.020863950252532959e-01
1.181683391332626343e-01
1.221789866685867310e-01
-7.666099071502685547e-02
-8.165214210748672485e-02
-8.494254946708679199e-02
-9.310848265886306763e-02
-9.171422570943832397e-02
-1.204679012298583984e-01
-1.226237639784812927e-01
-1.029896587133407593e-01
-8.902773261070251465e-02
-5.577934905886650085e-02
-2.956491149961948395e-02
6.789362058043479919e-03
3.342150151729583740e-02
-9.999000000000000000e+03
-9.999000000000000000e+03
-9.999000000000000000e+03
3.657767176628112793e-02
5.729069560766220093e-02
8.592117577791213989e-02
6.956446170806884766e-02
4.722822457551956177e-02
3.889764472842216492e-02
1.140551269054412842e-02
3.240193054080009460e-02
3.441635891795158386e-02
1.117497682571411133e-02
4.786489158868789673e-02
4.862105473875999451e-02
6.112546846270561218e-02
7.953715324401855469e-02
9.330493211746215820e-02
-1.314074695110321045e-01
-1.479878723621368408e-01
-1.563377529382705688e-01
-1.636019796133041382e-01
-1.559332013130187988e-01
-1.630191504955291748e-01
-1.589321196079254150e-01
-1.331044137477874756e-01
-1.101911887526512146e-01
-7.797385007143020630e-02
-3.197376430034637451e-02
4.856898449361324310e-03
3.746234625577926636e-02
4.723300412297248840e-02
4.243966564536094666e-02
4.002262651920318604e-02
3.649963065981864929e-02
1.914864778518676758e-02
1.480657979846000671e-02
-2.709490433335304260e-02
-4.482860490679740906e-02
-8.737502992153167725e-02
-1.186260357499122620e-01
-8.685322105884552002e-02
-8.381821960210800171e-02
-6.632487475872039795e-02
-2.734685875475406647e-02
2.600899431854486465e-03
2.897735126316547394e-02
5.875703692436218262e-02
8.045174181461334229e-02
-1.544947922229766846e-01
-1.759028285741806030e-01
-1.925202608108520508e-01
-2.056998312473297119e-01
-1.997746527194976807e-01
-1.937353909015655518e-01
-1.787772625684738159e-01
-1.555293053388595581e-01
-1.375165432691574097e-01
-9.770863503217697144e-02
-4.401722177863121033e-02
-3.612245200201869011e-03
2.455634996294975281e-02
3.138701990246772766e-02
1.978063210844993591e-02
1.335677411407232285e-02
-1.818970032036304474e-02
-8.008453249931335449e-02
-1.169113516807556152e-01
-1.771104037761688232e-01
-1.864103227853775024e-01
-1.804034709930419922e-01
-1.838345229625701904e-01
-1.517878025770187378e-01
-1.249398142099380493e-01
-1.168396100401878357e-01
-7.257450371980667114e-02
-4.984392225742340088e-02
-1.902217231690883636e-02
2.075810916721820831e-02
4.284646362066268921e-02
-1.661271899938583374e-01
-1.864719688892364502e-01
-2.051091045141220093e-01
-2.097648829221725464e-01
-2.081976383924484253e-01
-2.017781734466552734e-01
-1.823148280382156372e-01
-1.607178747653961182e-01
-1.343929618597030640e-01
-1.025293990969657898e-01
-5.746974050998687744e-02
-2.437412180006504059e-02
6.356479600071907043e-03
1.025736052542924881e-02
-3.647970408201217651e-02
-7.286233454942703247e-02
-1.313347220420837402e-01
-1.870602071285247803e-01
-2.109934538602828979e-01
-2.502156496047973633e-01
-2.436070591211318970e-01
-2.338090986013412476e-01
-2.378902137279510498e-01
-2.214691787958145142e-01
-2.071562856435775757e-01
-1.970186978578567505e-01
-1.502183079719543457e-01
-1.257728040218353271e-01
-9.084761887788772583e-02
-3.889574855566024780e-02
-1.057780254632234573e-02
-1.649019271135330200e-01
-1.808363944292068481e-01
-1.960738003253936768e-01
-1.891023069620132446e-01
-1.837864369153976440e-01
-1.724069267511367798e-01
-1.592707186937332153e-01
-1.527380794286727905e-01
-1.320242732763290405e-01
-1.009506806731224060e-01
-6.160087883472442627e-02
-4.231974110007286072e-02
-3.834921866655349731e-02
-5.543272942304611206e-02
-1.063844263553619385e-01
-1.471985131502151489e-01
-2.170202583074569702e-01
-2.435178309679031372e-01
-2.514931857585906982e-01
-2.479685992002487183e-01
-2.393115311861038208e-01
-2.419806867837905884e-01
-2.438208907842636108e-01
-2.562463879585266113e-01
-2.771425247192382812e-01
-2.703137695789337158e-01
-2.218903899192810059e-01
-1.902852803468704224e-01
-1.523303836584091187e-01
-1.010878682136535645e-01
-7.820741832256317139e-02
-1.581442356109619141e-01
-1.656591147184371948e-01
-1.734346151351928711e-01
-1.639655381441116333e-01
-1.587840914726257324e-01
-1.451770812273025513e-01
-1.351352930068969727e-01
-1.333285123109817505e-01
-1.193786188960075378e-01
-9.903591126203536987e-02
-8.068528771400451660e-02
-7.727243006229400635e-02
-1.000126227736473083e-01
-1.418551504611968994e-01
-1.937559545040130615e-01
-2.126717567443847656e-01
-2.346879392862319946e-01
-2.309043258428573608e-01
-2.326323390007019043e-01
-2.169297784566879272e-01
-1.848620772361755371e-01
-1.796043366193771362e-01
-1.459512412548065186e-01
-1.761279255151748657e-01
-1.488513648509979248e-01
-2.223461419343948364e-01
-2.186791747808456421e-01
-2.174404412508010864e-01
-1.882305890321731567e-01
-1.491358429193496704e-01
-1.285969763994216919e-01
-1.401137709617614746e-01
-1.426257938146591187e-01
-1.477556377649307251e-01
-1.392568498849868774e-01
-1.357442736625671387e-01
-1.296495497226715088e-01
-1.181899011135101318e-01
-1.159111484885215759e-01
-1.131209284067153931e-01
-1.023705601692199707e-01
-1.156374439597129822e-01
-1.434440314769744873e-01
-1.646806448698043823e-01
-1.879464089870452881e-01
-2.152412831783294678e-01
-2.205686271190643311e-01
-2.180776000022888184e-01
-1.552737951278686523e-01
-1.814022660255432129e-01
-1.421470791101455688e-01
-1.179074123501777649e-01
-9.999000000000000000e+03
-9.999000000000000000e+03
-9.999000000000000000e+03
-9.999000000000000000e+03
-9.999000000000000000e+03
-9.999000000000000000e+03
-2.195445299148559570e-01
-2.016187757253646851e-01
-1.821037679910659790e-01
-1.728744357824325562e-01
-1.225361302495002747e-01
-1.107785031199455261e-01
-1.187159568071365356e-01
-1.124183684587478638e-01
-1.118432357907295227e-01
-9.362736344337463379e-02
-8.845803141593933105e-02
-9.462421387434005737e-02
-9.549900889396667480e-02
-1.105077043175697327e-01
-1.384268105030059814e-01
-1.829698085784912109e-01
-1.905356496572494507e-01
-2.021930664777755737e-01
-1.943046301603317261e-01
-1.690125465393066406e-01
-1.390251964330673218e-01
-9.999000000000000000e+03
-9.999000000000000000e+03
-9.999000000000000000e+03
-9.999000000000000000e+03
-9.999000000000000000e+03
-9.999000000000000000e+03
-9.999000000000000000e+03
-9.999000000000000000e+03
-9.999000000000000000e+03
-9.999000000000000000e+03
-1.210918053984642029e-01
-1.767776161432266235e-01
-2.117145061492919922e-01
-2.192029058933258057e-01
-1.179281324148178101e-01
-9.490392357110977173e-02
-8.388254046440124512e-02
-7.784181833267211914e-02
-7.601367682218551636e-02
-7.733967155218124390e-02
-7.789649814367294312e-02
-8.071529120206832886e-02
-9.406518936157226562e-02
-1.331351548433303833e-01
-1.615040749311447144e-01
-1.748720854520797729e-01
-1.720367819070816040e-01
-1.805552989244461060e-01
-1.008064076304435730e-01
-1.079670414328575134e-01
-9.999000000000000000e+03
-9.999000000000000000e+03
-9.999000000000000000e+03
-9.999000000000000000e+03
-9.999000000000000000e+03
-9.999000000000000000e+03
-9.999000000000000000e+03
-9.999000000000000000e+03
-9.999000000000000000e+03
-9.999000000000000000e+03
-9.999000000000000000e+03
-9.999000000000000000e+03
-1.096030846238136292e-01
-2.107682079076766968e-01
-2.537552416324615479e-01
-1.633896827697753906e-01
-1.303589791059494019e-01
-9.433552622795104980e-02
-7.667627185583114624e-02
-6.117564439773559570e-02
-5.976606905460357666e-02
-5.755984410643577576e-02
-7.111790776252746582e-02
-9.548264741897583008e-02
-1.253039538860321045e-01
-1.487733721733093262e-01
-1.479884237051010132e-01
-1.081660240888595581e-01
-1.202154904603958130e-01
-9.999000000000000000e+03
-9.999000000000000000e+03
-9.999000000000000000e+03
-9.999000000000000000e+03
-9.999000000000000000e+03
-9.999000000000000000e+03
-9.999000000000000000e+03
-9.999000000000000000e+03
-9.999000000000000000e+03
-9.999000000000000000e+03
-9.999000000000000000e+03
-9.999000000000000000e+03
-9.999000000000000000e+03
-9.999000000000000000e+03
-9.999000000000000000e+03
-1.749546527862548828e-01
-2.444929927587509155e-01
-9.999000000000000000e+03
-9.250608831644058228e-02
-1.091935932636260986e-01
-9.284895658493041992e-02
-7.091918587684631348e-02
-6.085327267646789551e-02
-6.817779690027236938e-02
-8.708050101995468140e-02
-1.078436747193336487e-01
-1.119201406836509705e-01
-1.141836345195770264e-01
-9.615205228328704834e-02
-8.191258460283279419e-02
-9.999000000000000000e+03
-9.999000000000000000e+03
-9.999000000000000000e+03
-9.999000000000000000e+03
-9.999000000000000000e+03
-9.999000000000000000e+03
-9.999000000000000000e+03
-9.999000000000000000e+03
-9.999000000000000000e+03
-9.999000000000000000e+03
-9.999000000000000000e+03
-9.999000000000000000e+03
-9.999000000000000000e+03
-9.999000000000000000e+03
-9.999000000000000000e+03
-9.999000000000000000e+03
-1.267590224742889404e-01
-1.929831653833389282e-01
-9.999000000000000000e+03
-9.999000000000000000e+03
-9.543855488300323486e-02
-8.879007399082183838e-02
-7.695851475000381470e-02
-7.504910230636596680e-02
-9.286815673112869263e-02
-1.044653728604316711e-01
-1.021742001175880432e-01
-9.074235707521438599e-02
-8.720806986093521118e-02
-4.502674564719200134e-02
-9.999000000000000000e+03
-9.999000000000000000e+03
-9.999000000000000000e+03
-9.999000000000000000e+03
-9.999000000000000000e+03
-9.999000000000000000e+03
-9.999000000000000000e+03
-9.999000000000000000e+03
-9.999000000000000000e+03
-9.999000000000000000e+03
-9.999000000000000000e+03
-9.999000000000000000e+03
-9.999000000000000000e+03
-9.999000000000000000e+03
-9.999000000000000000e+03
-9.999000000000000000e+03
-9.999000000000000000e+03
-6.405781954526901245e-02
-1.043384000658988953e-01
-9.999000000000000000e+03
-9.999000000000000000e+03
-5.417982488870620728e-02
-6.218736246228218079e-02
-5.960015580058097839e-02
-6.197422370314598083e-02
-7.281340658664703369e-02
-7.290536910295486450e-02
-6.705959886312484741e-02
-5.181353911757469177e-02
-4.838936775922775269e-02
-3.589678928256034851e-02
-9.999000000000000000e+03
-9.999000000000000000e+03
-9.999000000000000000e+03
-9.999000000000000000e+03
-9.999000000000000000e+03
-9.999000000000000000e+03
-9.999000000000000000e+03
-9.999000000000000000e+03
-9.999000000000000000e+03
-9.999000000000000000e+03
-9.999000000000000000e+03
-9.999000000000000000e+03
-9.999000000000000000e+03
-9.999000000000000000e+03
-9.999000000000000000e+03
-9.999000000000000000e+03
-9.999000000000000000e+03
-9.999000000000000000e+03
-9.999000000000000000e+03
-9.999000000000000000e+03
-9.999000000000000000e+03
-2.281262166798114777e-02
-3.056986816227436066e-02
-2.716797776520252228e-02
-3.603458404541015625e-02
-3.424196690320968628e-02
-3.234376758337020874e-02
-1.771244406700134277e-02
-3.356020897626876831e-02
-3.868645429611206055e-02
-3.535379841923713684e-02
-9.999000000000000000e+03
-9.999000000000000000e+03
-9.999000000000000000e+03
-9.999000000000000000e+03
-9.999000000000000000e+03
-9.999000000000000000e+03
-9.999000000000000000e+03
-9.999000000000000000e+03
-9.999000000000000000e+03
-9.999000000000000000e+03
-9.999000000000000000e+03
-9.999000000000000000e+03
-9.999000000000000000e+03
-9.999000000000000000e+03
-9.999000000000000000e+03
-9.999000000000000000e+03
-9.999000000000000000e+03
-9.999000000000000000e+03
-9.999000000000000000e+03
-9.999000000000000000e+03
-9.999000000000000000e+03
-9.999000000000000000e+03
-2.393645979464054108e-02
-3.006726130843162537e-02
-2.121156267821788788e-02
2.141278935596346855e-03
2.096615266054868698e-03
-4.228799138218164444e-03
3.102031303569674492e-03
-2.076595276594161987e-02
-9.999000000000000000e+03
-9.999000000000000000e+03
-9.999000000000000000e+03
-9.999000000000000000e+03
-9.999000000000000000e+03
-9.999000000000000000e+03
-9.999000000000000000e+03
-9.999000000000000000e+03
-9.999000000000000000e+03
-9.999000000000000000e+03
-9.999000000000000000e+03
-9.999000000000000000e+03
-9.999000000000000000e+03
-9.999000000000000000e+03
-9.999000000000000000e+03
-9.999000000000000000e+03
-9.999000000000000000e+03
-9.999000000000000000e+03
-9.999000000000000000e+03
-9.999000000000000000e+03
-9.999000000000000000e+03
-9.999000000000000000e+03
-9.999000000000000000e+03
-2.205725945532321930e-02
-5.043534934520721436e-02
-4.435266926884651184e-02
-2.879272215068340302e-02
3.999910841230303049e-04
-1.233132276684045792e-02
7.246456295251846313e-02
1.454303860664367676e-01
1.098413839936256409e-01
-9.999000000000000000e+03
-9.999000000000000000e+03
-9.999000000000000000e+03
-9.999000000000000000e+03
-9.999000000000000000e+03
-9.999000000000000000e+03
-9.999000000000000000e+03
-9.999000000000000000e+03
-9.999000000000000000e+03
-9.999000000000000000e+03
-9.999000000000000000e+03
-9.999000000000000000e+03
-9.999000000000000000e+03
-9.999000000000000000e+03
-9.999000000000000000e+03
-9.999000000000000000e+03
-9.999000000000000000e+03
-9.999000000000000000e+03
-9.999000000000000000e+03
-9.999000000000000000e+03
-9.999000000000000000e+03
-9.999000000000000000e+03
-9.999000000000000000e+03
-6.913044303655624390e-02
-5.741013959050178528e-02
-5.801500380039215088e-02
-4.749670997262001038e-02
-1.615780033171176910e-02
-1.172529809991829097e-04
1.297191679477691650e-01
1.489161700010299683e-01
-9.999000000000000000e+03
-9.999000000000000000e+03
-9.999000000000000000e+03
-9.999000000000000000e+03
-9.999000000000000000e+03
-9.999000000000000000e+03
-9.999000000000000000e+03
-9.999000000000000000e+03
-9.999000000000000000e+03
-9.999000000000000000e+03
-9.999000000000000000e+03
-9.999000000000000000e+03
-9.999000000000000000e+03
-9.999000000000000000e+03
-9.999000000000000000e+03
-9.999000000000000000e+03
-9.999000000000000000e+03
-9.999000000000000000e+03
-9.999000000000000000e+03
-9.999000000000000000e+03
-9.999000000000000000e+03
-9.999000000000000000e+03
-9.999000000000000000e+03
-7.522401958703994751e-02
-1.036188155412673950e-01
-1.135542169213294983e-01
-1.441560089588165283e-01
-1.567790657281875610e-01
-1.632272750139236450e-01
-8.940644562244415283e-02
-1.806773216230794787e-04
-1.553285494446754456e-02
-9.999000000000000000e+03
-9.999000000000000000e+03
-9.999000000000000000e+03
-9.999000000000000000e+03
-9.999000000000000000e+03
-9.999000000000000000e+03
-9.999000000000000000e+03
-9.999000000000000000e+03
-9.999000000000000000e+03
-9.999000000000000000e+03
-9.999000000000000000e+03
-9.999000000000000000e+03
-9.999000000000000000e+03
-9.999000000000000000e+03
-9.999000000000000000e+03
-9.999000000000000000e+03
-9.999000000000000000e+03
-9.999000000000000000e+03
-9.999000000000000000e+03
-9.999000000000000000e+03
-9.999000000000000000e+03
-9.999000000000000000e+03
-4.749334603548049927e-02
-1.081827506422996521e-01
-1.364649087190628052e-01
-1.509724855422973633e-01
-1.684933304786682129e-01
-1.616398990154266357e-01
-1.453492641448974609e-01
-1.240751519799232483e-01
-8.340656012296676636e-02
-5.924916639924049377e-02
-6.836014240980148315e-02
-6.490857899188995361e-02
-3.926706686615943909e-02
-9.999000000000000000e+03
-9.999000000000000000e+03
-9.999000000000000000e+03
-9.999000000000000000e+03
-9.999000000000000000e+03
-9.999000000000000000e+03
-9.999000000000000000e+03
-9.999000000000000000e+03
-9.999000000000000000e+03
-9.999000000000000000e+03
-9.999000000000000000e+03
-9.999000000000000000e+03
-9.999000000000000000e+03
-9.999000000000000000e+03
-9.999000000000000000e+03
-9.999000000000000000e+03
-9.999000000000000000e+03
-6.242875009775161743e-02
-6.375002115964889526e-02
-7.351282984018325806e-02
-7.665277272462844849e-02
-9.745876491069793701e-02
-1.202734336256980896e-01
-1.087335050106048584e-01
-9.914041310548782349e-02
-9.551373869180679321e-02
-4.036786779761314392e-02
-1.118458341807126999e-02
-5.796305835247039795e-02
-5.255294963717460632e-02
-4.129045084118843079e-02
-9.999000000000000000e+03
-9.999000000000000000e+03
-9.999000000000000000e+03
-9.999000000000000000e+03
-9.999000000000000000e+03
-9.999000000000000000e+03
-9.999000000000000000e+03
-9.999000000000000000e+03
-9.999000000000000000e+03
-9.999000000000000000e+03
-9.999000000000000000e+03
-9.999000000000000000e+03
-9.999000000000000000e+03
-9.999000000000000000e+03
-9.999000000000000000e+03
-6.773164868354797363e-02
-7.216005772352218628e-02
-1.072498336434364319e-01
-1.025867387652397156e-01
-7.678766548633575439e-02
-5.814817175269126892e-02
-5.787850543856620789e-02
-8.024192601442337036e-02
-8.678735792636871338e-02
-8.528026938438415527e-02
-6.642790138721466064e-02
-6.610786169767379761e-02
-4.296567291021347046e-02
-6.107350438833236694e-02
-9.999000000000000000e+03
-9.999000000000000000e+03
-9.999000000000000000e+03
-9.999000000000000000e+03
-9.999000000000000000e+03
-9.999000000000000000e+03
-9.999000000000000000e+03
-9.999000000000000000e+03
-9.999000000000000000e+03
-9.999000000000000000e+03
-9.999000000000000000e+03
-9.999000000000000000e+03
-9.999000000000000000e+03
-9.999000000000000000e+03
-9.999000000000000000e+03
-9.999000000000000000e+03
-6.214107945561408997e-02
-7.787345349788665771e-02
-8.908145129680633545e-02
-1.084925308823585510e-01
-1.082952395081520081e-01
-7.573351263999938965e-02
-4.065301269292831421e-02
-4.412981495261192322e-02
-6.388822197914123535e-02
-7.808774709701538086e-02
-1.020916104316711426e-01
-1.207887828350067139e-01
-1.290574818849563599e-01
-8.992429822683334351e-02
-9.999000000000000000e+03
-9.999000000000000000e+03
-9.999000000000000000e+03
-9.999000000000000000e+03
-9.999000000000000000e+03
-9.999000000000000000e+03
-9.999000000000000000e+03
-9.999000000000000000e+03
-9.999000000000000000e+03
-9.999000000000000000e+03
-9.999000000000000000e+03
-9.999000000000000000e+03
-9.999000000000000000e+03
-9.999000000000000000e+03
-9.999000000000000000e+03
-9.999000000000000000e+03
-9.999000000000000000e+03
-9.445385634899139404e-02
-1.058945283293724060e-01
-1.115268096327781677e-01
-1.083133369684219360e-01
-9.644194692373275757e-02
-7.454938441514968872e-02
-5.205846205353736877e-02
-4.782174155116081238e-02
-5.682157725095748901e-02
-4.776269569993019104e-02
-4.993502423167228699e-02
-7.225054502487182617e-02
-6.688828766345977783e-02
-8.210036158561706543e-02
-9.999000000000000000e+03
-9.999000000000000000e+03
-9.999000000000000000e+03
-9.999000000000000000e+03
-9.999000000000000000e+03
-9.999000000000000000e+03
-9.999000000000000000e+03
-9.999000000000000000e+03
-9.999000000000000000e+03
-9.999000000000000000e+03
-9.999000000000000000e+03
-9.999000000000000000e+03
-9.999000000000000000e+03
-9.999000000000000000e+03
-9.999000000000000000e+03
-9.999000000000000000e+03
-9.999000000000000000e+03
-1.315566450357437134e-01
-1.421813517808914185e-01
-1.300594508647918701e-01
-1.072612404823303223e-01
-9.073770046234130859e-02
-6.804247945547103882e-02
-5.273317918181419373e-02
-5.095332488417625427e-02
-4.996235668659210205e-02
-4.463892430067062378e-02
-4.335099458694458008e-02
-2.571469731628894806e-02
-3.110883757472038269e-02
-9.999000000000000000e+03
-9.999000000000000000e+03
-9.999000000000000000e+03
-9.999000000000000000e+03
-9.999000000000000000e+03
-9.999000000000000000e+03
-9.999000000000000000e+03
-9.999000000000000000e+03
-9.999000000000000000e+03
-9.999000000000000000e+03
-9.999000000000000000e+03
-9.999000000000000000e+03
-9.999000000000000000e+03
-9.999000000000000000e+03
-9.999000000000000000e+03
-9.999000000000000000e+03
-9.999000000000000000e+03
-9.999000000000000000e+03
-1.210116669535636902e-01
-1.249005869030952454e-01
-1.021365746855735779e-01
-8.615399897098541260e-02
-5.641752481460571289e-02
-3.984634578227996826e-02
-3.148039802908897400e-02
-2.726178057491779327e-02
-2.657480724155902863e-02
-4.520066082477569580e-03
-1.753308065235614777e-02
-4.380213469266891479e-02
-9.999000000000000000e+03
-9.999000000000000000e+03
-9.999000000000000000e+03
-9.999000000000000000e+03
-9.999000000000000000e+03
-9.999000000000000000e+03
-9.999000000000000000e+03
-9.999000000000000000e+03
-9.999000000000000000e+03
-9.999000000000000000e+03
-9.999000000000000000e+03
-9.999000000000000000e+03
-9.999000000000000000e+03
-9.999000000000000000e+03
-9.999000000000000000e+03
-9.999000000000000000e+03
-9.999000000000000000e+03
-9.999000000000000000e+03
-9.999000000000000000e+03
-8.660486340522766113e-02
-7.499191164970397949e-02
-5.995264276862144470e-02
-4.788781702518463135e-02
1.199272926896810532e-02
1.655306294560432434e-02
9.212143719196319580e-03
9.433123632334172726e-04
-7.392724975943565369e-03
-2.743024844676256180e-03
-9.999000000000000000e+03
-9.999000000000000000e+03
-9.999000000000000000e+03
-9.999000000000000000e+03
-9.999000000000000000e+03
-9.999000000000000000e+03
-9.999000000000000000e+03
-9.999000000000000000e+03
-9.999000000000000000e+03
-9.999000000000000000e+03
-9.999000000000000000e+03
-9.999000000000000000e+03
-9.999000000000000000e+03
-9.999000000000000000e+03
-9.999000000000000000e+03
-9.999000000000000000e+03
-9.999000000000000000e+03
-9.999000000000000000e+03
-9.999000000000000000e+03
-9.999000000000000000e+03
-9.999000000000000000e+03
-4.997269064188003540e-02
-2.361498400568962097e-02
7.374132983386516571e-03
3.494589403271675110e-02
5.706523731350898743e-02
3.808742389082908630e-02
-9.999000000000000000e+03
-9.999000000000000000e+03
-9.999000000000000000e+03
-9.999000000000000000e+03
-9.999000000000000000e+03
-9.999000000000000000e+03
-9.999000000000000000e+03
-9.999000000000000000e+03
-9.999000000000000000e+03
-9.999000000000000000e+03
-9.999000000000000000e+03
-9.999000000000000000e+03
-9.999000000000000000e+03
-9.999000000000000000e+03
-9.999000000000000000e+03
-9.999000000000000000e+03
-9.999000000000000000e+03
-9.999000000000000000e+03
-9.999000000000000000e+03
-9.999000000000000000e+03
-9.999000000000000000e+03
-9.999000000000000000e+03
-9.999000000000000000e+03
-9.999000000000000000e+03
-9.999000000000000000e+03
-4.226688668131828308e-02
-1.464765798300504684e-02
2.371517941355705261e-02
-9.999000000000000000e+03
-9.999000000000000000e+03
-9.999000000000000000e+03
-9.999000000000000000e+03
-9.999000000000000000e+03
-9.999000000000000000e+03
-9.999000000000000000e+03
-9.999000000000000000e+03
-9.999000000000000000e+03
-9.999000000000000000e+03
-9.999000000000000000e+03
-9.999000000000000000e+03
-9.999000000000000000e+03
-9.999000000000000000e+03
-9.999000000000000000e+03
-9.999000000000000000e+03
-9.999000000000000000e+03
-9.999000000000000000e+03
-9.999000000000000000e+03
-9.999000000000000000e+03
-9.999000000000000000e+03
-9.999000000000000000e+03
-9.999000000000000000e+03
-9.999000000000000000e+03
-9.999000000000000000e+03
-9.999000000000000000e+03
-9.999000000000000000e+03
-9.999000000000000000e+03
