6.128039211034774780e-02
6.489892303943634033e-02
5.273077636957168579e-02
3.510276228189468384e-02
4.407506808638572693e-02
2.671961858868598938e-02
1.801364496350288391e-02
1.202228572219610214e-02
2.702439669519662857e-03
1.152161508798599243e-02
-2.494907751679420471e-02
-9.999000000000000000e+03
-9.999000000000000000e+03
-9.999000000000000000e+03
-9.999000000000000000e+03
-9.999000000000000000e+03
-9.999000000000000000e+03
-9.999000000000000000e+03
-9.999000000000000000e+03
-9.999000000000000000e+03
-9.999000000000000000e+03
-9.999000000000000000e+03
-9.999000000000000000e+03
1.958772353827953339e-02
5.706428363919258118e-02
6.552676856517791748e-02
9.368926286697387695e-02
1.329301893711090088e-01
1.569654941558837891e-01
1.706940978765487671e-01
1.691019833087921143e-01
1.767584937624633312e-03
6.321998778730630875e-03
-4.314206540584564209e-03
-1.965783536434173584e-02
-2.010106481611728668e-02
-4.416889697313308716e-02
-5.002094060182571411e-02
-4.043753072619438171e-02
-3.461790829896926880e-02
-1.215569395571947098e-02
-3.485349938273429871e-03
1.778785372152924538e-03
-9.999000000000000000e+03
-9.999000000000000000e+03
-9.999000000000000000e+03
-9.999000000000000000e+03
-9.999000000000000000e+03
-9.999000000000000000e+03
-9.999000000000000000e+03
-9.999000000000000000e+03
-9.999000000000000000e+03
6.470171362161636353e-02
7.968357950448989868e-02
6.498149782419204712e-02
9.005460888147354126e-02
8.772622793912887573e-02
1.043208539485931396e-01
1.224489584565162659e-01
1.295922398567199707e-01
1.438637375831604004e-01
1.508473008871078491e-01
-4.272646084427833557e-02
-4.527364671230316162e-02
-6.012601405382156372e-02
-8.214910328388214111e-02
-8.181883394718170166e-02
-9.483066946268081665e-02
-9.206642955541610718e-02
-7.370191812515258789e-02
-5.616729333996772766e-02
-3.452151268720626831e-02
-2.412628754973411560e-02
-1.452067121863365173e-02
-9.999000000000000000e+03
-9.999000000000000000e+03
-9.999000000000000000e+03
-9.999000000000000000e+03
-9.999000000000000000e+03
-9.999000000000000000e+03
-9.999000000000000000e+03
1.245721280574798584e-01
1.203039363026618958e-01
1.333441138267517090e-01
1.120966076850891113e-01
8.259044587612152100e-02
6.822471320629119873e-02
5.932786315679550171e-02
7.552511990070343018e-02
7.356783002614974976e-02
8.408805727958679199e-02
1.132337749004364014e-01
1.183626875281333923e-01
-7.596121728420257568e-02
-8.553971350193023682e-02
-1.016022115945816040e-01
-1.202435046434402466e-01
-1.272089332342147827e-01
-1.350039541721343994e-01
-1.189626008272171021e-01
-9.369897097349166870e-02
-7.451219111680984497e-02
-5.300971120595932007e-02
-4.594255611300468445e-02
-2.497641742229461670e-02
2.152137830853462219e-02
-9.999000000000000000e+03
-9.999000000000000000e+03
-9.999000000000000000e+03
1.056807264685630798e-01
1.415824443101882935e-01
1.748395711183547974e-01
1.560289114713668823e-01
1.353340148925781250e-01
1.143081635236740112e-01
6.450776010751724243e-02
3.846430405974388123e-02
-1.244571409188210964e-03
-3.555776551365852356e-02
-4.688787274062633514e-03
-5.152190104126930237e-03
1.904651708900928497e-02
5.662924423813819885e-02
8.158976584672927856e-02
-9.930698573589324951e-02
-1.115882322192192078e-01
-1.312021613121032715e-01
-1.386715471744537354e-01
-1.412388384342193604e-01
-1.397528946399688721e-01
-1.209243908524513245e-01
-9.625744819641113281e-02
-8.532669395208358765e-02
-7.161986082792282104e-02
-3.806732222437858582e-02
-8.173509850166738033e-04
3.915153071284294128e-02
7.228908687829971313e-02
9.089417010545730591e-02
1.214098408818244934e-01
1.217838153243064880e-01
1.070259660482406616e-01
1.063136905431747437e-01
6.988947093486785889e-02
4.955611005425453186e-02
8.789128623902797699e-03
-6.648302078247070312e-02
-7.301269471645355225e-02
-1.051259711384773254e-01
-1.070950180292129517e-01
-7.421988993883132935e-02
-4.514307528734207153e-02
-8.781794458627700806e-03
3.009751439094543457e-02
6.202249601483345032e-02
-1.121893972158432007e-01
-1.212242394685745239e-01
-1.261524707078933716e-01
-1.351970583200454712e-01
-1.349568367004394531e-01
-1.214297339320182800e-01
-1.070253178477287292e-01
-9.311764687299728394e-02
-8.666613698005676270e-02
-7.554662227630615234e-02
-3.095568343997001648e-02
2.571017853915691376e-02
5.495351925492286682e-02
7.505062222480773926e-02
7.668347656726837158e-02
8.171166479587554932e-02
5.236581712961196899e-02
-4.582697525620460510e-03
-3.139237686991691589e-02
-8.483359962701797485e-02
-1.065071150660514832e-01
-1.214973479509353638e-01
-1.498672366142272949e-01
-1.468268930912017822e-01
-1.466941386461257935e-01
-1.149070337414741516e-01
-8.382324874401092529e-02
-5.622137710452079773e-02
-2.816171385347843170e-02
1.062801224179565907e-03
2.554899267852306366e-02
-1.153467744588851929e-01
-1.314427256584167480e-01
-1.322094053030014038e-01
-1.301653981208801270e-01
-1.245493963360786438e-01
-1.112769097089767456e-01
-9.851801395416259766e-02
-9.304182976484298706e-02
-8.350856602191925049e-02
-5.594652146100997925e-02
-1.335797645151615143e-02
2.437695488333702087e-02
5.123193562030792236e-02
5.787057429552078247e-02
2.298874035477638245e-02
-3.285887185484170914e-03
-5.395483970642089844e-02
-9.968453645706176758e-02
-1.144314035773277283e-01
-1.514286696910858154e-01
-1.651313900947570801e-01
-1.720474511384963989e-01
-1.667567640542984009e-01
-1.606772989034652710e-01
-1.467700004577636719e-01
-1.249358654022216797e-01
-8.586835116147994995e-02
-6.097681820392608643e-02
-4.357552900910377502e-02
-1.744607090950012207e-02
-2.507405821233987808e-03
-8.247192949056625366e-02
-1.207240074872970581e-01
-1.450654864311218262e-01
-1.321296095848083496e-01
-1.080997511744499207e-01
-8.966648578643798828e-02
-8.154790103435516357e-02
-8.309409767389297485e-02
-7.502789050340652466e-02
-4.565746709704399109e-02
-1.118951849639415741e-02
1.562756020575761795e-03
3.274830523878335953e-03
-9.622334502637386322e-03
-4.759637638926506042e-02
-6.934724748134613037e-02
-1.262437552213668823e-01
-1.581922769546508789e-01
-1.631807833909988403e-01
-1.633000969886779785e-01
-1.576678156852722168e-01
-1.577631235122680664e-01
-1.465019136667251587e-01
-1.502736508846282959e-01
-1.509508341550827026e-01
-1.476679444313049316e-01
-1.158255338668823242e-01
-9.563870728015899658e-02
-7.643103599548339844e-02
-4.412265494465827942e-02
-4.301911965012550354e-02
-6.217943131923675537e-02
-9.832128137350082397e-02
-1.223341450095176697e-01
-1.074685901403427124e-01
-9.141280502080917358e-02
-8.118391782045364380e-02
-7.010278105735778809e-02
-5.809390172362327576e-02
-4.550142213702201843e-02
-3.181290626525878906e-02
-2.641987986862659454e-02
-3.228964656591415405e-02
-6.472344696521759033e-02
-1.018800064921379089e-01
-1.263793855905532837e-01
-1.319611966609954834e-01
-1.558381766080856323e-01
-1.634521335363388062e-01
-1.611276566982269287e-01
-1.403626948595046997e-01
-1.199407801032066345e-01
-1.175230145454406738e-01
-9.808445721864700317e-02
-1.112527698278427124e-01
-9.180340170860290527e-02
-1.318522095680236816e-01
-1.371567696332931519e-01
-1.380349248647689819e-01
-1.178006827831268311e-01
-9.094984084367752075e-02
-8.678635954856872559e-02
-9.540799260139465332e-02
-8.799561858177185059e-02
-7.208836078643798828e-02
-5.117785185575485229e-02
-4.697814211249351501e-02
-4.002689570188522339e-02
-3.843516856431961060e-02
-3.977452218532562256e-02
-2.837750501930713654e-02
-1.921341195702552795e-02
-4.647551104426383972e-02
-8.808446675539016724e-02
-1.176946312189102173e-01
-1.354183852672576904e-01
-1.467387527227401733e-01
-1.496523171663284302e-01
-1.596627533435821533e-01
-1.097715646028518677e-01
-1.244311332702636719e-01
-9.398072212934494019e-02
-7.792747765779495239e-02
-9.999000000000000000e+03
-9.999000000000000000e+03
-9.999000000000000000e+03
-9.999000000000000000e+03
-9.999000000000000000e+03
-9.999000000000000000e+03
-1.554874181747436523e-01
-1.295505613088607788e-01
-1.271942555904388428e-01
-1.341799497604370117e-01
-1.078559383749961853e-01
-7.675678282976150513e-02
-5.761598423123359680e-02
-4.557428508996963501e-02
-3.954336419701576233e-02
-2.075757645070552826e-02
-1.920998841524124146e-02
-2.267150394618511200e-02
-1.691036857664585114e-02
-2.740881778299808502e-02
-6.034031137824058533e-02
-1.224213242530822754e-01
-1.360424160957336426e-01
-1.397041231393814087e-01
-1.352110058069229126e-01
-1.184568330645561218e-01
-1.015001982450485229e-01
-9.999000000000000000e+03
-9.999000000000000000e+03
-9.999000000000000000e+03
-9.999000000000000000e+03
-9.999000000000000000e+03
-9.999000000000000000e+03
-9.999000000000000000e+03
-9.999000000000000000e+03
-9.999000000000000000e+03
-9.999000000000000000e+03
-7.751249521970748901e-02
-1.070292666554450989e-01
-1.340736895799636841e-01
-1.514325588941574097e-01
-9.355818480253219604e-02
-7.946446537971496582e-02
-5.879674851894378662e-02
-5.170489102602005005e-02
-4.330365359783172607e-02
-3.464289382100105286e-02
-2.983606234192848206e-02
-1.895528100430965424e-02
-2.485332079231739044e-02
-7.187152653932571411e-02
-1.002640351653099060e-01
-1.235923394560813904e-01
-1.260723173618316650e-01
-1.288971304893493652e-01
-7.583089172840118408e-02
-7.734239101409912109e-02
-9.999000000000000000e+03
-9.999000000000000000e+03
-9.999000000000000000e+03
-9.999000000000000000e+03
-9.999000000000000000e+03
-9.999000000000000000e+03
-9.999000000000000000e+03
-9.999000000000000000e+03
-9.999000000000000000e+03
-9.999000000000000000e+03
-9.999000000000000000e+03
-9.999000000000000000e+03
-5.272233486175537109e-02
-1.171959489583969116e-01
-1.572454273700714111e-01
-1.347987502813339233e-01
-1.180766746401786804e-01
-8.701718598604202271e-02
-6.815893203020095825e-02
-5.322052910923957825e-02
-5.348652601242065430e-02
-5.183507129549980164e-02
-4.860332980751991272e-02
-7.010985165834426880e-02
-1.049515083432197571e-01
-1.174434646964073181e-01
-1.105856224894523621e-01
-8.198992162942886353e-02
-9.027173370122909546e-02
-9.999000000000000000e+03
-9.999000000000000000e+03
-9.999000000000000000e+03
-9.999000000000000000e+03
-9.999000000000000000e+03
-9.999000000000000000e+03
-9.999000000000000000e+03
-9.999000000000000000e+03
-9.999000000000000000e+03
-9.999000000000000000e+03
-9.999000000000000000e+03
-9.999000000000000000e+03
-9.999000000000000000e+03
-9.999000000000000000e+03
-9.999000000000000000e+03
-7.252121716737747192e-02
-1.215579360723495483e-01
-9.999000000000000000e+03
-9.175474941730499268e-02
-9.639587998390197754e-02
-7.894002646207809448e-02
-7.063163816928863525e-02
-7.593089342117309570e-02
-9.709142148494720459e-02
-1.007123887538909912e-01
-1.159349307417869568e-01
-1.112855076789855957e-01
-1.022367104887962341e-01
-7.883534580469131470e-02
-6.314392387866973877e-02
-9.999000000000000000e+03
-9.999000000000000000e+03
-9.999000000000000000e+03
-9.999000000000000000e+03
-9.999000000000000000e+03
-9.999000000000000000e+03
-9.999000000000000000e+03
-9.999000000000000000e+03
-9.999000000000000000e+03
-9.999000000000000000e+03
-9.999000000000000000e+03
-9.999000000000000000e+03
-9.999000000000000000e+03
-9.999000000000000000e+03
-9.999000000000000000e+03
-9.999000000000000000e+03
-3.366151079535484314e-02
-7.107310742139816284e-02
-9.999000000000000000e+03
-9.999000000000000000e+03
-9.241648763418197632e-02
-7.930610328912734985e-02
-7.728880643844604492e-02
-8.770927786827087402e-02
-1.034397408366203308e-01
-1.143412068486213684e-01
-1.024824455380439758e-01
-6.846387684345245361e-02
-5.614539235830307007e-02
-2.781942486763000488e-02
-9.999000000000000000e+03
-9.999000000000000000e+03
-9.999000000000000000e+03
-9.999000000000000000e+03
-9.999000000000000000e+03
-9.999000000000000000e+03
-9.999000000000000000e+03
-9.999000000000000000e+03
-9.999000000000000000e+03
-9.999000000000000000e+03
-9.999000000000000000e+03
-9.999000000000000000e+03
-9.999000000000000000e+03
-9.999000000000000000e+03
-9.999000000000000000e+03
-9.999000000000000000e+03
-9.999000000000000000e+03
-9.009995497763156891e-03
-1.981975696980953217e-02
-9.999000000000000000e+03
-9.999000000000000000e+03
-6.251335144042968750e-02
-7.212326675653457642e-02
-6.358461081981658936e-02
-6.181440129876136780e-02
-6.802122294902801514e-02
-8.118207752704620361e-02
-8.212467283010482788e-02
-7.597696781158447266e-02
-4.742028936743736267e-02
-3.433705121278762817e-02
-9.999000000000000000e+03
-9.999000000000000000e+03
-9.999000000000000000e+03
-9.999000000000000000e+03
-9.999000000000000000e+03
-9.999000000000000000e+03
-9.999000000000000000e+03
-9.999000000000000000e+03
-9.999000000000000000e+03
-9.999000000000000000e+03
-9.999000000000000000e+03
-9.999000000000000000e+03
-9.999000000000000000e+03
-9.999000000000000000e+03
-9.999000000000000000e+03
-9.999000000000000000e+03
-9.999000000000000000e+03
-9.999000000000000000e+03
-9.999000000000000000e+03
-9.999000000000000000e+03
-9.999000000000000000e+03
-2.986089140176773071e-02
-3.319425135850906372e-02
-2.964914962649345398e-02
-2.498176880180835724e-02
-2.026072703301906586e-02
-4.434981569647789001e-02
-7.743470370769500732e-02
-1.055983677506446838e-01
-9.698847681283950806e-02
-8.109340071678161621e-02
-9.999000000000000000e+03
-9.999000000000000000e+03
-9.999000000000000000e+03
-9.999000000000000000e+03
-9.999000000000000000e+03
-9.999000000000000000e+03
-9.999000000000000000e+03
-9.999000000000000000e+03
-9.999000000000000000e+03
-9.999000000000000000e+03
-9.999000000000000000e+03
-9.999000000000000000e+03
-9.999000000000000000e+03
-9.999000000000000000e+03
-9.999000000000000000e+03
-9.999000000000000000e+03
-9.999000000000000000e+03
-9.999000000000000000e+03
-9.999000000000000000e+03
-9.999000000000000000e+03
-9.999000000000000000e+03
-9.999000000000000000e+03
-3.729219734668731689e-02
-4.318775609135627747e-02
-8.846797980368137360e-03
2.446857653558254242e-02
1.904573850333690643e-02
-4.459770862013101578e-03
-5.304106511175632477e-03
-7.320072501897811890e-02
-9.999000000000000000e+03
-9.999000000000000000e+03
-9.999000000000000000e+03
-9.999000000000000000e+03
-9.999000000000000000e+03
-9.999000000000000000e+03
-9.999000000000000000e+03
-9.999000000000000000e+03
-9.999000000000000000e+03
-9.999000000000000000e+03
-9.999000000000000000e+03
-9.999000000000000000e+03
-9.999000000000000000e+03
-9.999000000000000000e+03
-9.999000000000000000e+03
-9.999000000000000000e+03
-9.999000000000000000e+03
-9.999000000000000000e+03
-9.999000000000000000e+03
-9.999000000000000000e+03
-9.999000000000000000e+03
-9.999000000000000000e+03
-9.999000000000000000e+03
-4.071252420544624329e-02
-6.858378648757934570e-02
-4.064341261982917786e-02
-1.613531494513154030e-03
5.118276923894882202e-02
4.492991790175437927e-02
1.240983679890632629e-01
1.439506262540817261e-01
8.734413236379623413e-02
-9.999000000000000000e+03
-9.999000000000000000e+03
-9.999000000000000000e+03
-9.999000000000000000e+03
-9.999000000000000000e+03
-9.999000000000000000e+03
-9.999000000000000000e+03
-9.999000000000000000e+03
-9.999000000000000000e+03
-9.999000000000000000e+03
-9.999000000000000000e+03
-9.999000000000000000e+03
-9.999000000000000000e+03
-9.999000000000000000e+03
-9.999000000000000000e+03
-9.999000000000000000e+03
-9.999000000000000000e+03
-9.999000000000000000e+03
-9.999000000000000000e+03
-9.999000000000000000e+03
-9.999000000000000000e+03
-9.999000000000000000e+03
-9.999000000000000000e+03
-7.483433187007904053e-02
-6.331266462802886963e-02
-3.007528744637966156e-02
3.451402485370635986e-02
8.419563621282577515e-02
9.053279459476470947e-02
1.598357856273651123e-01
1.448857188224792480e-01
-9.999000000000000000e+03
-9.999000000000000000e+03
-9.999000000000000000e+03
-9.999000000000000000e+03
-9.999000000000000000e+03
-9.999000000000000000e+03
-9.999000000000000000e+03
-9.999000000000000000e+03
-9.999000000000000000e+03
-9.999000000000000000e+03
-9.999000000000000000e+03
-9.999000000000000000e+03
-9.999000000000000000e+03
-9.999000000000000000e+03
-9.999000000000000000e+03
-9.999000000000000000e+03
-9.999000000000000000e+03
-9.999000000000000000e+03
-9.999000000000000000e+03
-9.999000000000000000e+03
-9.999000000000000000e+03
-9.999000000000000000e+03
-9.999000000000000000e+03
-7.158745080232620239e-02
-8.990494906902313232e-02
-7.587547600269317627e-02
-8.104230463504791260e-02
-6.247493624687194824e-02
-1.026245281100273132e-01
-4.845627024769783020e-02
3.829669579863548279e-02
6.151444837450981140e-02
-9.999000000000000000e+03
-9.999000000000000000e+03
-9.999000000000000000e+03
-9.999000000000000000e+03
-9.999000000000000000e+03
-9.999000000000000000e+03
-9.999000000000000000e+03
-9.999000000000000000e+03
-9.999000000000000000e+03
-9.999000000000000000e+03
-9.999000000000000000e+03
-9.999000000000000000e+03
-9.999000000000000000e+03
-9.999000000000000000e+03
-9.999000000000000000e+03
-9.999000000000000000e+03
-9.999000000000000000e+03
-9.999000000000000000e+03
-9.999000000000000000e+03
-9.999000000000000000e+03
-9.999000000000000000e+03
-9.999000000000000000e+03
-5.684780329465866089e-02
-1.098493039608001709e-01
-1.134256944060325623e-01
-1.127307564020156860e-01
-1.363648772239685059e-01
-1.471153944730758667e-01
-1.324009448289871216e-01
-1.424522250890731812e-01
-7.452670484781265259e-02
1.747628860175609589e-02
3.942624852061271667e-02
1.215289812535047531e-02
-1.590319210663437843e-03
-9.999000000000000000e+03
-9.999000000000000000e+03
-9.999000000000000000e+03
-9.999000000000000000e+03
-9.999000000000000000e+03
-9.999000000000000000e+03
-9.999000000000000000e+03
-9.999000000000000000e+03
-9.999000000000000000e+03
-9.999000000000000000e+03
-9.999000000000000000e+03
-9.999000000000000000e+03
-9.999000000000000000e+03
-9.999000000000000000e+03
-9.999000000000000000e+03
-9.999000000000000000e+03
-9.999000000000000000e+03
-5.346170812845230103e-02
-6.058426201343536377e-02
-8.690121024847030640e-02
-6.437232345342636108e-02
-6.490457057952880859e-02
-8.911588788032531738e-02
-8.977989852428436279e-02
-8.690932393074035645e-02
-8.891390264034271240e-02
-6.144490092992782593e-02
-2.242993563413619995e-02
9.535663994029164314e-04
-1.282630115747451782e-02
-2.052172459661960602e-02
-9.999000000000000000e+03
-9.999000000000000000e+03
-9.999000000000000000e+03
-9.999000000000000000e+03
-9.999000000000000000e+03
-9.999000000000000000e+03
-9.999000000000000000e+03
-9.999000000000000000e+03
-9.999000000000000000e+03
-9.999000000000000000e+03
-9.999000000000000000e+03
-9.999000000000000000e+03
-9.999000000000000000e+03
-9.999000000000000000e+03
-9.999000000000000000e+03
-5.502572283148765564e-02
-5.086611956357955933e-02
-8.779609203338623047e-02
-7.831861823797225952e-02
-5.755172297358512878e-02
-3.584529832005500793e-02
-3.146694973111152649e-02
-4.088747873902320862e-02
-5.303816497325897217e-02
-6.009572371840476990e-02
-5.366900190711021423e-02
-3.054061532020568848e-02
-1.423016190528869629e-02
-2.445426024496555328e-02
-9.999000000000000000e+03
-9.999000000000000000e+03
-9.999000000000000000e+03
-9.999000000000000000e+03
-9.999000000000000000e+03
-9.999000000000000000e+03
-9.999000000000000000e+03
-9.999000000000000000e+03
-9.999000000000000000e+03
-9.999000000000000000e+03
-9.999000000000000000e+03
-9.999000000000000000e+03
-9.999000000000000000e+03
-9.999000000000000000e+03
-9.999000000000000000e+03
-9.999000000000000000e+03
-6.391673535108566284e-02
-9.011035412549972534e-02
-9.148219227790832520e-02
-1.043736636638641357e-01
-9.614405781030654907e-02
-6.326414644718170166e-02
-4.237804189324378967e-02
-3.803762048482894897e-02
-4.077454283833503723e-02
-5.467880889773368835e-02
-7.944355905055999756e-02
-8.539732545614242554e-02
-6.197137758135795593e-02
-2.383315749466419220e-02
-9.999000000000000000e+03
-9.999000000000000000e+03
-9.999000000000000000e+03
-9.999000000000000000e+03
-9.999000000000000000e+03
-9.999000000000000000e+03
-9.999000000000000000e+03
-9.999000000000000000e+03
-9.999000000000000000e+03
-9.999000000000000000e+03
-9.999000000000000000e+03
-9.999000000000000000e+03
-9.999000000000000000e+03
-9.999000000000000000e+03
-9.999000000000000000e+03
-9.999000000000000000e+03
-9.999000000000000000e+03
-7.903576642274856567e-02
-1.195138320326805115e-01
-1.280756741762161255e-01
-1.106262877583503723e-01
-8.819314837455749512e-02
-7.145757228136062622e-02
-6.056762859225273132e-02
-5.765803158283233643e-02
-5.287277698516845703e-02
-3.474307060241699219e-02
-5.255052819848060608e-02
-7.133295387029647827e-02
-4.778268560767173767e-02
-3.520098328590393066e-02
-9.999000000000000000e+03
-9.999000000000000000e+03
-9.999000000000000000e+03
-9.999000000000000000e+03
-9.999000000000000000e+03
-9.999000000000000000e+03
-9.999000000000000000e+03
-9.999000000000000000e+03
-9.999000000000000000e+03
-9.999000000000000000e+03
-9.999000000000000000e+03
-9.999000000000000000e+03
-9.999000000000000000e+03
-9.999000000000000000e+03
-9.999000000000000000e+03
-9.999000000000000000e+03
-9.999000000000000000e+03
-1.219662800431251526e-01
-1.377383023500442505e-01
-1.315568536520004272e-01
-1.074980422854423523e-01
-7.831098139286041260e-02
-5.893481895327568054e-02
-4.930431768298149109e-02
-5.183788761496543884e-02
-5.650530382990837097e-02
-4.542556405067443848e-02
-4.287649318575859070e-02
-2.849999815225601196e-02
-1.238245610147714615e-02
-9.999000000000000000e+03
-9.999000000000000000e+03
-9.999000000000000000e+03
-9.999000000000000000e+03
-9.999000000000000000e+03
-9.999000000000000000e+03
-9.999000000000000000e+03
-9.999000000000000000e+03
-9.999000000000000000e+03
-9.999000000000000000e+03
-9.999000000000000000e+03
-9.999000000000000000e+03
-9.999000000000000000e+03
-9.999000000000000000e+03
-9.999000000000000000e+03
-9.999000000000000000e+03
-9.999000000000000000e+03
-9.999000000000000000e+03
-1.031266301870346069e-01
-1.108996868133544922e-01
-1.005105078220367432e-01
-8.209221065044403076e-02
-5.294368043541908264e-02
-2.859956957399845123e-02
-1.343593839555978775e-02
-5.730152130126953125e-03
-3.372716158628463745e-02
-4.251960292458534241e-02
-3.712385147809982300e-02
-3.517710044980049133e-02
-9.999000000000000000e+03
-9.999000000000000000e+03
-9.999000000000000000e+03
-9.999000000000000000e+03
-9.999000000000000000e+03
-9.999000000000000000e+03
-9.999000000000000000e+03
-9.999000000000000000e+03
-9.999000000000000000e+03
-9.999000000000000000e+03
-9.999000000000000000e+03
-9.999000000000000000e+03
-9.999000000000000000e+03
-9.999000000000000000e+03
-9.999000000000000000e+03
-9.999000000000000000e+03
-9.999000000000000000e+03
-9.999000000000000000e+03
-9.999000000000000000e+03
-6.468934565782546997e-02
-6.223128363490104675e-02
-6.479941308498382568e-02
-6.192211061716079712e-02
-6.144839804619550705e-03
2.351277507841587067e-02
3.538881987333297729e-02
2.131512016057968140e-02
-5.973650841042399406e-04
-9.192160330712795258e-03
-9.999000000000000000e+03
-9.999000000000000000e+03
-9.999000000000000000e+03
-9.999000000000000000e+03
-9.999000000000000000e+03
-9.999000000000000000e+03
-9.999000000000000000e+03
-9.999000000000000000e+03
-9.999000000000000000e+03
-9.999000000000000000e+03
-9.999000000000000000e+03
-9.999000000000000000e+03
-9.999000000000000000e+03
-9.999000000000000000e+03
-9.999000000000000000e+03
-9.999000000000000000e+03
-9.999000000000000000e+03
-9.999000000000000000e+03
-9.999000000000000000e+03
-9.999000000000000000e+03
-9.999000000000000000e+03
-5.216420441865921021e-02
-3.475922718644142151e-02
-1.591110043227672577e-02
-4.822220187634229660e-03
1.755214482545852661e-02
3.008365258574485779e-02
-9.999000000000000000e+03
-9.999000000000000000e+03
-9.999000000000000000e+03
-9.999000000000000000e+03
-9.999000000000000000e+03
-9.999000000000000000e+03
-9.999000000000000000e+03
-9.999000000000000000e+03
-9.999000000000000000e+03
-9.999000000000000000e+03
-9.999000000000000000e+03
-9.999000000000000000e+03
-9.999000000000000000e+03
-9.999000000000000000e+03
-9.999000000000000000e+03
-9.999000000000000000e+03
-9.999000000000000000e+03
-9.999000000000000000e+03
-9.999000000000000000e+03
-9.999000000000000000e+03
-9.999000000000000000e+03
-9.999000000000000000e+03
-9.999000000000000000e+03
-9.999000000000000000e+03
-9.999000000000000000e+03
-5.693155899643898010e-02
-3.062369115650653839e-02
-4.511575214564800262e-03
-9.999000000000000000e+03
-9.999000000000000000e+03
-9.999000000000000000e+03
-9.999000000000000000e+03
-9.999000000000000000e+03
-9.999000000000000000e+03
-9.999000000000000000e+03
-9.999000000000000000e+03
-9.999000000000000000e+03
-9.999000000000000000e+03
-9.999000000000000000e+03
-9.999000000000000000e+03
-9.999000000000000000e+03
-9.999000000000000000e+03
-9.999000000000000000e+03
-9.999000000000000000e+03
-9.999000000000000000e+03
-9.999000000000000000e+03
-9.999000000000000000e+03
-9.999000000000000000e+03
-9.999000000000000000e+03
-9.999000000000000000e+03
-9.999000000000000000e+03
-9.999000000000000000e+03
-9.999000000000000000e+03
-9.999000000000000000e+03
-9.999000000000000000e+03
-9.999000000000000000e+03
