1.130061820149421692e-01
1.187393590807914734e-01
8.775579184293746948e-02
6.074395403265953064e-02
6.946915388107299805e-02
5.817951634526252747e-02
5.788326263427734375e-02
5.986472219228744507e-02
5.024447664618492126e-02
4.640505835413932800e-02
-3.656882792711257935e-03
-9.999000000000000000e+03
-9.999000000000000000e+03
-9.999000000000000000e+03
-9.999000000000000000e+03
-9.999000000000000000e+03
-9.999000000000000000e+03
-9.999000000000000000e+03
-9.999000000000000000e+03
-9.999000000000000000e+03
-9.999000000000000000e+03
-9.999000000000000000e+03
-9.999000000000000000e+03
2.108894288539886475e-02
1.730329170823097229e-02
4.394513741135597229e-02
7.534451782703399658e-02
1.104541122913360596e-01
1.313103735446929932e-01
1.429901868104934692e-01
1.385277956724166870e-01
3.902605921030044556e-02
4.421812668442726135e-02
2.596556022763252258e-02
1.057748775929212570e-02
1.193867251276969910e-02
3.221934894099831581e-03
7.033055182546377182e-03
1.570990867912769318e-02
8.471984416246414185e-03
1.523586362600326538e-02
1.667612604796886444e-02
1.503967959433794022e-02
-9.999000000000000000e+03
-9.999000000000000000e+03
-9.999000000000000000e+03
-9.999000000000000000e+03
-9.999000000000000000e+03
-9.999000000000000000e+03
-9.999000000000000000e+03
-9.999000000000000000e+03
-9.999000000000000000e+03
3.338243067264556885e-02
6.344144046306610107e-02
6.071618944406509399e-02
7.019686698913574219e-02
7.912114262580871582e-02
9.944823384284973145e-02
1.170804947614669800e-01
1.164904311299324036e-01
1.083713248372077942e-01
1.090384796261787415e-01
-3.127157315611839294e-02
-2.972295694053173065e-02
-3.764676302671432495e-02
-3.922562673687934875e-02
-2.706536836922168732e-02
-3.126432746648788452e-02
-3.073207661509513855e-02
-1.930233277380466461e-02
-3.060292452573776245e-02
-2.522180601954460144e-02
-8.928196504712104797e-03
1.503263483755290508e-03
-9.999000000000000000e+03
-9.999000000000000000e+03
-9.999000000000000000e+03
-9.999000000000000000e+03
-9.999000000000000000e+03
-9.999000000000000000e+03
-9.999000000000000000e+03
5.363871157169342041e-02
6.195118278264999390e-02
8.545296639204025269e-02
1.063483357429504395e-01
1.150900200009346008e-01
1.006081327795982361e-01
1.063815280795097351e-01
1.102512776851654053e-01
1.125683262944221497e-01
1.252642720937728882e-01
1.162926554679870605e-01
1.358697414398193359e-01
-1.032922789454460144e-01
-9.659666568040847778e-02
-9.535626322031021118e-02
-9.162797778844833374e-02
-7.329354435205459595e-02
-8.180379122495651245e-02
-8.276204764842987061e-02
-6.783722341060638428e-02
-6.896127760410308838e-02
-5.713336542248725891e-02
-4.266922175884246826e-02
-2.024701610207557678e-02
-1.387538108974695206e-02
-9.999000000000000000e+03
-9.999000000000000000e+03
-9.999000000000000000e+03
2.526858448982238770e-02
3.871658444404602051e-02
5.835574865341186523e-02
4.622131958603858948e-02
4.607674852013587952e-02
5.609191209077835083e-02
5.253078043460845947e-02
9.313470870256423950e-02
1.128543019294738770e-01
1.128816902637481689e-01
1.326433867216110229e-01
1.597013771533966064e-01
1.711274832487106323e-01
1.723309457302093506e-01
1.766442954540252686e-01
-1.671026498079299927e-01
-1.676173508167266846e-01
-1.686489135026931763e-01
-1.654931008815765381e-01
-1.376563012599945068e-01
-1.318843066692352295e-01
-1.233559846878051758e-01
-1.025469228625297546e-01
-9.388605505228042603e-02
-7.926999032497406006e-02
-5.946966633200645447e-02
-4.366353899240493774e-02
-2.873255126178264618e-02
-2.715683355927467346e-02
-5.616582464426755905e-03
1.215823367238044739e-02
1.324857305735349655e-02
-2.431525150313973427e-03
-8.952322416007518768e-03
-4.413543269038200378e-02
-4.084238037467002869e-02
-4.601136595010757446e-02
-5.039141327142715454e-02
-3.825420571956783533e-04
3.339086472988128662e-02
6.718853861093521118e-02
1.111346706748008728e-01
1.426483541727066040e-01
1.669217646121978760e-01
1.847871989011764526e-01
1.733025759458541870e-01
-2.108299732208251953e-01
-2.136461585760116577e-01
-2.291654497385025024e-01
-2.297274619340896606e-01
-1.972416490316390991e-01
-1.789128333330154419e-01
-1.540540903806686401e-01
-1.240585297346115112e-01
-1.051966324448585510e-01
-7.967869937419891357e-02
-5.458917841315269470e-02
-1.686468347907066345e-02
-1.232037879526615143e-02
-9.963401593267917633e-03
-1.679227687418460846e-02
-1.902315951883792877e-02
-4.530695080757141113e-02
-8.817899972200393677e-02
-1.197735294699668884e-01
-1.673484146595001221e-01
-1.812352538108825684e-01
-1.666925549507141113e-01
-1.684420257806777954e-01
-9.522795677185058594e-02
-4.131711646914482117e-02
-2.641067281365394592e-02
4.729048162698745728e-02
7.277160137891769409e-02
1.080858930945396423e-01
1.498336642980575562e-01
1.547511965036392212e-01
-2.267801463603973389e-01
-2.390962541103363037e-01
-2.512125670909881592e-01
-2.469999194145202637e-01
-2.237974703311920166e-01
-2.015899866819381714e-01
-1.645624041557312012e-01
-1.286800354719161987e-01
-9.427055716514587402e-02
-6.340987980365753174e-02
-3.195406869053840637e-02
-7.821300998330116272e-03
3.972131293267011642e-03
-3.994757775217294693e-03
-5.893011391162872314e-02
-9.129031747579574585e-02
-1.316768825054168701e-01
-1.697545647621154785e-01
-1.902196854352951050e-01
-2.369800955057144165e-01
-2.637857198715209961e-01
-2.809767127037048340e-01
-2.773601710796356201e-01
-2.334540784358978271e-01
-1.973701566457748413e-01
-1.703234314918518066e-01
-8.286483585834503174e-02
-4.458866268396377563e-02
7.602130994200706482e-03
7.792846113443374634e-02
9.755485504865646362e-02
-1.936258673667907715e-01
-2.230864018201828003e-01
-2.530832290649414062e-01
-2.368102371692657471e-01
-2.066791206598281860e-01
-1.715837270021438599e-01
-1.369459480047225952e-01
-1.122493147850036621e-01
-7.932393997907638550e-02
-5.684981495141983032e-02
-3.108090907335281372e-02
-2.235870808362960815e-02
-3.229897096753120422e-02
-6.267611682415008545e-02
-1.130294576287269592e-01
-1.487012356519699097e-01
-1.957039535045623779e-01
-2.147291153669357300e-01
-2.350611984729766846e-01
-2.426047772169113159e-01
-2.403655052185058594e-01
-2.653114795684814453e-01
-2.473244518041610718e-01
-2.673627734184265137e-01
-3.107018768787384033e-01
-3.067165613174438477e-01
-2.084447741508483887e-01
-1.473864912986755371e-01
-8.906603604555130005e-02
-1.626963727176189423e-02
9.797280654311180115e-03
-1.646213084459304810e-01
-1.877877712249755859e-01
-2.096853852272033691e-01
-2.027326077222824097e-01
-1.854451447725296021e-01
-1.467358320951461792e-01
-1.157342940568923950e-01
-8.909466862678527832e-02
-7.020798325538635254e-02
-5.392247438430786133e-02
-4.342889785766601562e-02
-4.364501312375068665e-02
-7.777182757854461670e-02
-1.314687281847000122e-01
-1.770368665456771851e-01
-1.894282698631286621e-01
-1.992830336093902588e-01
-1.887600421905517578e-01
-1.917513012886047363e-01
-1.503130048513412476e-01
-9.978062659502029419e-02
-1.066564917564392090e-01
-9.025905281305313110e-02
-1.494433730840682983e-01
-1.434916257858276367e-01
-2.578854858875274658e-01
-2.410282939672470093e-01
-2.063072025775909424e-01
-1.471639573574066162e-01
-9.610225260257720947e-02
-8.269776403903961182e-02
-1.554322540760040283e-01
-1.677295863628387451e-01
-1.743565648794174194e-01
-1.652125567197799683e-01
-1.492019742727279663e-01
-1.209680363535881042e-01
-1.007864549756050110e-01
-8.533113449811935425e-02
-6.595291197299957275e-02
-6.057449802756309509e-02
-6.746268272399902344e-02
-1.009123176336288452e-01
-1.350160688161849976e-01
-1.667923182249069214e-01
-1.903626769781112671e-01
-1.870750486850738525e-01
-1.675956547260284424e-01
-1.091351136565208435e-01
-1.014054566621780396e-01
-4.024453088641166687e-02
-1.741961389780044556e-02
-9.999000000000000000e+03
-9.999000000000000000e+03
-9.999000000000000000e+03
-9.999000000000000000e+03
-9.999000000000000000e+03
-9.999000000000000000e+03
-2.669113874435424805e-01
-2.053117454051971436e-01
-1.383835375308990479e-01
-1.242469474673271179e-01
-1.372289955615997314e-01
-1.388316601514816284e-01
-1.510423868894577026e-01
-1.501301378011703491e-01
-1.351399421691894531e-01
-1.082413792610168457e-01
-9.475124627351760864e-02
-8.261144906282424927e-02
-7.878429442644119263e-02
-9.022524952888488770e-02
-9.861315041780471802e-02
-1.474281400442123413e-01
-1.656204462051391602e-01
-1.780973970890045166e-01
-1.623753011226654053e-01
-1.362549513578414917e-01
-1.079793274402618408e-01
-9.999000000000000000e+03
-9.999000000000000000e+03
-9.999000000000000000e+03
-9.999000000000000000e+03
-9.999000000000000000e+03
-9.999000000000000000e+03
-9.999000000000000000e+03
-9.999000000000000000e+03
-9.999000000000000000e+03
-9.999000000000000000e+03
-1.340418010950088501e-01
-1.749768704175949097e-01
-1.790302395820617676e-01
-1.619399935007095337e-01
-1.244251504540443420e-01
-1.079335659742355347e-01
-1.092241257429122925e-01
-1.108227893710136414e-01
-1.107442229986190796e-01
-1.023104935884475708e-01
-9.528041630983352661e-02
-9.515106678009033203e-02
-1.147660315036773682e-01
-1.316275596618652344e-01
-1.372277438640594482e-01
-1.493686139583587646e-01
-1.494494229555130005e-01
-1.535775065422058105e-01
-8.137181401252746582e-02
-8.067597448825836182e-02
-9.999000000000000000e+03
-9.999000000000000000e+03
-9.999000000000000000e+03
-9.999000000000000000e+03
-9.999000000000000000e+03
-9.999000000000000000e+03
-9.999000000000000000e+03
-9.999000000000000000e+03
-9.999000000000000000e+03
-9.999000000000000000e+03
-9.999000000000000000e+03
-9.999000000000000000e+03
-1.043494418263435364e-01
-1.711380183696746826e-01
-1.855655014514923096e-01
-1.417250335216522217e-01
-1.066221445798873901e-01
-8.143731206655502319e-02
-7.136462628841400146e-02
-7.076864689588546753e-02
-7.296920567750930786e-02
-8.999784290790557861e-02
-1.135104000568389893e-01
-1.330814957618713379e-01
-1.320314109325408936e-01
-1.304676234722137451e-01
-1.288968473672866821e-01
-8.611042797565460205e-02
-9.691672027111053467e-02
-9.999000000000000000e+03
-9.999000000000000000e+03
-9.999000000000000000e+03
-9.999000000000000000e+03
-9.999000000000000000e+03
-9.999000000000000000e+03
-9.999000000000000000e+03
-9.999000000000000000e+03
-9.999000000000000000e+03
-9.999000000000000000e+03
-9.999000000000000000e+03
-9.999000000000000000e+03
-9.999000000000000000e+03
-9.999000000000000000e+03
-9.999000000000000000e+03
-1.506538689136505127e-01
-1.932284384965896606e-01
-9.999000000000000000e+03
-6.493820250034332275e-02
-7.490797340869903564e-02
-6.371039152145385742e-02
-5.137507617473602295e-02
-5.567148327827453613e-02
-8.206751942634582520e-02
-1.171161904931068420e-01
-1.121955066919326782e-01
-1.040714979171752930e-01
-1.028425842523574829e-01
-8.683660626411437988e-02
-6.206379830837249756e-02
-9.999000000000000000e+03
-9.999000000000000000e+03
-9.999000000000000000e+03
-9.999000000000000000e+03
-9.999000000000000000e+03
-9.999000000000000000e+03
-9.999000000000000000e+03
-9.999000000000000000e+03
-9.999000000000000000e+03
-9.999000000000000000e+03
-9.999000000000000000e+03
-9.999000000000000000e+03
-9.999000000000000000e+03
-9.999000000000000000e+03
-9.999000000000000000e+03
-9.999000000000000000e+03
-1.242071166634559631e-01
-1.856733858585357666e-01
-9.999000000000000000e+03
-9.999000000000000000e+03
-7.086952030658721924e-02
-7.381710410118103027e-02
-5.543396994471549988e-02
-5.350095033645629883e-02
-7.179937511682510376e-02
-8.944340050220489502e-02
-7.761793583631515503e-02
-6.874074786901473999e-02
-6.702376902103424072e-02
-2.059155143797397614e-02
-9.999000000000000000e+03
-9.999000000000000000e+03
-9.999000000000000000e+03
-9.999000000000000000e+03
-9.999000000000000000e+03
-9.999000000000000000e+03
-9.999000000000000000e+03
-9.999000000000000000e+03
-9.999000000000000000e+03
-9.999000000000000000e+03
-9.999000000000000000e+03
-9.999000000000000000e+03
-9.999000000000000000e+03
-9.999000000000000000e+03
-9.999000000000000000e+03
-9.999000000000000000e+03
-9.999000000000000000e+03
-7.514059543609619141e-02
-1.488398313522338867e-01
-9.999000000000000000e+03
-9.999000000000000000e+03
-4.302067309617996216e-02
-6.343445926904678345e-02
-6.418162584304809570e-02
-5.137665197253227234e-02
-4.818265512585639954e-02
-3.319164738059043884e-02
-3.658118098974227905e-02
-2.764263935387134552e-02
-2.030968479812145233e-02
4.565394483506679535e-03
-9.999000000000000000e+03
-9.999000000000000000e+03
-9.999000000000000000e+03
-9.999000000000000000e+03
-9.999000000000000000e+03
-9.999000000000000000e+03
-9.999000000000000000e+03
-9.999000000000000000e+03
-9.999000000000000000e+03
-9.999000000000000000e+03
-9.999000000000000000e+03
-9.999000000000000000e+03
-9.999000000000000000e+03
-9.999000000000000000e+03
-9.999000000000000000e+03
-9.999000000000000000e+03
-9.999000000000000000e+03
-9.999000000000000000e+03
-9.999000000000000000e+03
-9.999000000000000000e+03
-9.999000000000000000e+03
-1.728740148246288300e-02
-3.279502317309379578e-02
-5.437479168176651001e-02
-5.443067103624343872e-02
-1.890630647540092468e-02
8.770666085183620453e-03
1.669935509562492371e-02
5.609024781733751297e-03
2.256500767543911934e-03
3.308617742732167244e-03
-9.999000000000000000e+03
-9.999000000000000000e+03
-9.999000000000000000e+03
-9.999000000000000000e+03
-9.999000000000000000e+03
-9.999000000000000000e+03
-9.999000000000000000e+03
-9.999000000000000000e+03
-9.999000000000000000e+03
-9.999000000000000000e+03
-9.999000000000000000e+03
-9.999000000000000000e+03
-9.999000000000000000e+03
-9.999000000000000000e+03
-9.999000000000000000e+03
-9.999000000000000000e+03
-9.999000000000000000e+03
-9.999000000000000000e+03
-9.999000000000000000e+03
-9.999000000000000000e+03
-9.999000000000000000e+03
-9.999000000000000000e+03
-2.656845748424530029e-02
-4.102152958512306213e-02
-5.878549069166183472e-02
4.932432249188423157e-02
3.768674284219741821e-02
3.331572189927101135e-02
4.285896942019462585e-02
2.422734722495079041e-02
-9.999000000000000000e+03
-9.999000000000000000e+03
-9.999000000000000000e+03
-9.999000000000000000e+03
-9.999000000000000000e+03
-9.999000000000000000e+03
-9.999000000000000000e+03
-9.999000000000000000e+03
-9.999000000000000000e+03
-9.999000000000000000e+03
-9.999000000000000000e+03
-9.999000000000000000e+03
-9.999000000000000000e+03
-9.999000000000000000e+03
-9.999000000000000000e+03
-9.999000000000000000e+03
-9.999000000000000000e+03
-9.999000000000000000e+03
-9.999000000000000000e+03
-9.999000000000000000e+03
-9.999000000000000000e+03
-9.999000000000000000e+03
-9.999000000000000000e+03
-1.423875987529754639e-02
-4.314567148685455322e-02
-3.041667677462100983e-02
1.481913728639483452e-03
9.888916276395320892e-03
5.966196767985820770e-04
1.032480672001838684e-01
1.608101725578308105e-01
1.178799197077751160e-01
-9.999000000000000000e+03
-9.999000000000000000e+03
-9.999000000000000000e+03
-9.999000000000000000e+03
-9.999000000000000000e+03
-9.999000000000000000e+03
-9.999000000000000000e+03
-9.999000000000000000e+03
-9.999000000000000000e+03
-9.999000000000000000e+03
-9.999000000000000000e+03
-9.999000000000000000e+03
-9.999000000000000000e+03
-9.999000000000000000e+03
-9.999000000000000000e+03
-9.999000000000000000e+03
-9.999000000000000000e+03
-9.999000000000000000e+03
-9.999000000000000000e+03
-9.999000000000000000e+03
-9.999000000000000000e+03
-9.999000000000000000e+03
-9.999000000000000000e+03
-5.319916829466819763e-02
-3.739517554640769958e-02
-5.720815435051918030e-02
-4.966619610786437988e-02
-4.240675829350948334e-03
2.396547235548496246e-02
1.620703339576721191e-01
1.839749962091445923e-01
-9.999000000000000000e+03
-9.999000000000000000e+03
-9.999000000000000000e+03
-9.999000000000000000e+03
-9.999000000000000000e+03
-9.999000000000000000e+03
-9.999000000000000000e+03
-9.999000000000000000e+03
-9.999000000000000000e+03
-9.999000000000000000e+03
-9.999000000000000000e+03
-9.999000000000000000e+03
-9.999000000000000000e+03
-9.999000000000000000e+03
-9.999000000000000000e+03
-9.999000000000000000e+03
-9.999000000000000000e+03
-9.999000000000000000e+03
-9.999000000000000000e+03
-9.999000000000000000e+03
-9.999000000000000000e+03
-9.999000000000000000e+03
-9.999000000000000000e+03
-7.159321010112762451e-02
-1.110242977738380432e-01
-1.613118648529052734e-01
-1.304719746112823486e-01
-1.065822243690490723e-01
-9.095225483179092407e-02
-2.504187077283859253e-02
7.216963917016983032e-02
8.082842826843261719e-02
-9.999000000000000000e+03
-9.999000000000000000e+03
-9.999000000000000000e+03
-9.999000000000000000e+03
-9.999000000000000000e+03
-9.999000000000000000e+03
-9.999000000000000000e+03
-9.999000000000000000e+03
-9.999000000000000000e+03
-9.999000000000000000e+03
-9.999000000000000000e+03
-9.999000000000000000e+03
-9.999000000000000000e+03
-9.999000000000000000e+03
-9.999000000000000000e+03
-9.999000000000000000e+03
-9.999000000000000000e+03
-9.999000000000000000e+03
-9.999000000000000000e+03
-9.999000000000000000e+03
-9.999000000000000000e+03
-9.999000000000000000e+03
-3.822184354066848755e-02
-9.732318669557571411e-02
-1.170759722590446472e-01
-1.158014088869094849e-01
-9.990042448043823242e-02
-9.668827801942825317e-02
-9.147583693265914917e-02
-7.883790880441665649e-02
-6.569476425647735596e-02
-6.367634516209363937e-03
1.342428103089332581e-02
-1.251138630323112011e-03
-2.760673640295863152e-03
-9.999000000000000000e+03
-9.999000000000000000e+03
-9.999000000000000000e+03
-9.999000000000000000e+03
-9.999000000000000000e+03
-9.999000000000000000e+03
-9.999000000000000000e+03
-9.999000000000000000e+03
-9.999000000000000000e+03
-9.999000000000000000e+03
-9.999000000000000000e+03
-9.999000000000000000e+03
-9.999000000000000000e+03
-9.999000000000000000e+03
-9.999000000000000000e+03
-9.999000000000000000e+03
-9.999000000000000000e+03
-1.866723410785198212e-02
-1.580885797739028931e-02
-2.265621162950992584e-02
-3.859326988458633423e-02
-7.497628778219223022e-02
-9.349176287651062012e-02
-8.812551200389862061e-02
-8.508338034152984619e-02
-8.122707158327102661e-02
-4.029792919754981995e-02
-2.024690993130207062e-02
-6.204986013472080231e-03
-1.018169801682233810e-02
-8.397392928600311279e-03
-9.999000000000000000e+03
-9.999000000000000000e+03
-9.999000000000000000e+03
-9.999000000000000000e+03
-9.999000000000000000e+03
-9.999000000000000000e+03
-9.999000000000000000e+03
-9.999000000000000000e+03
-9.999000000000000000e+03
-9.999000000000000000e+03
-9.999000000000000000e+03
-9.999000000000000000e+03
-9.999000000000000000e+03
-9.999000000000000000e+03
-9.999000000000000000e+03
-3.031776519492268562e-03
-1.635671965777873993e-02
-2.932114899158477783e-02
-3.361909091472625732e-02
-2.417315356433391571e-02
-2.347227558493614197e-02
-2.754270844161510468e-02
-5.782131105661392212e-02
-8.055164664983749390e-02
-6.641557812690734863e-02
-3.336379677057266235e-02
3.716382896527647972e-03
2.039813995361328125e-02
1.250610873103141785e-02
-9.999000000000000000e+03
-9.999000000000000000e+03
-9.999000000000000000e+03
-9.999000000000000000e+03
-9.999000000000000000e+03
-9.999000000000000000e+03
-9.999000000000000000e+03
-9.999000000000000000e+03
-9.999000000000000000e+03
-9.999000000000000000e+03
-9.999000000000000000e+03
-9.999000000000000000e+03
-9.999000000000000000e+03
-9.999000000000000000e+03
-9.999000000000000000e+03
-9.999000000000000000e+03
-1.368591561913490295e-03
2.628816058859229088e-03
-1.667724922299385071e-02
-3.525452688336372375e-02
-5.617668107151985168e-02
-4.379739239811897278e-02
-1.856851950287818909e-02
-3.072849940508604050e-03
-1.727064140141010284e-02
-3.705246001482009888e-02
-6.178015843033790588e-02
-6.587158888578414917e-02
-7.405639439821243286e-02
-4.338090121746063232e-02
-9.999000000000000000e+03
-9.999000000000000000e+03
-9.999000000000000000e+03
-9.999000000000000000e+03
-9.999000000000000000e+03
-9.999000000000000000e+03
-9.999000000000000000e+03
-9.999000000000000000e+03
-9.999000000000000000e+03
-9.999000000000000000e+03
-9.999000000000000000e+03
-9.999000000000000000e+03
-9.999000000000000000e+03
-9.999000000000000000e+03
-9.999000000000000000e+03
-9.999000000000000000e+03
-9.999000000000000000e+03
-3.179268538951873779e-02
-4.625128209590911865e-02
-7.689816504716873169e-02
-8.793208003044128418e-02
-8.003298193216323853e-02
-5.265766754746437073e-02
-2.478719688951969147e-02
-5.333317909389734268e-03
2.211559098213911057e-03
5.244117230176925659e-03
-1.893890276551246643e-02
-5.959565937519073486e-02
-6.243189051747322083e-02
-6.670203804969787598e-02
-9.999000000000000000e+03
-9.999000000000000000e+03
-9.999000000000000000e+03
-9.999000000000000000e+03
-9.999000000000000000e+03
-9.999000000000000000e+03
-9.999000000000000000e+03
-9.999000000000000000e+03
-9.999000000000000000e+03
-9.999000000000000000e+03
-9.999000000000000000e+03
-9.999000000000000000e+03
-9.999000000000000000e+03
-9.999000000000000000e+03
-9.999000000000000000e+03
-9.999000000000000000e+03
-9.999000000000000000e+03
-9.007753431797027588e-02
-1.078045666217803955e-01
-1.126731261610984802e-01
-1.074268445372581482e-01
-8.124852180480957031e-02
-3.641428425908088684e-02
-1.201822701841592789e-02
3.400344634428620338e-03
9.892679750919342041e-03
6.776469293981790543e-03
-1.015933230519294739e-02
-2.880204282701015472e-02
-1.309693884104490280e-02
-9.999000000000000000e+03
-9.999000000000000000e+03
-9.999000000000000000e+03
-9.999000000000000000e+03
-9.999000000000000000e+03
-9.999000000000000000e+03
-9.999000000000000000e+03
-9.999000000000000000e+03
-9.999000000000000000e+03
-9.999000000000000000e+03
-9.999000000000000000e+03
-9.999000000000000000e+03
-9.999000000000000000e+03
-9.999000000000000000e+03
-9.999000000000000000e+03
-9.999000000000000000e+03
-9.999000000000000000e+03
-9.999000000000000000e+03
-8.257996290922164917e-02
-7.778844982385635376e-02
-6.466897577047348022e-02
-5.403484776616096497e-02
-1.220098417252302170e-02
1.009773928672075272e-02
1.852859929203987122e-02
3.542572259902954102e-02
2.476716414093971252e-02
4.583802446722984314e-02
1.779956929385662079e-02
-1.174620073288679123e-02
-9.999000000000000000e+03
-9.999000000000000000e+03
-9.999000000000000000e+03
-9.999000000000000000e+03
-9.999000000000000000e+03
-9.999000000000000000e+03
-9.999000000000000000e+03
-9.999000000000000000e+03
-9.999000000000000000e+03
-9.999000000000000000e+03
-9.999000000000000000e+03
-9.999000000000000000e+03
-9.999000000000000000e+03
-9.999000000000000000e+03
-9.999000000000000000e+03
-9.999000000000000000e+03
-9.999000000000000000e+03
-9.999000000000000000e+03
-9.999000000000000000e+03
-5.330947786569595337e-02
-3.591774404048919678e-02
-1.480744592845439911e-02
7.201403379440307617e-03
7.941808551549911499e-02
7.912757247686386108e-02
7.062444835901260376e-02
4.681408777832984924e-02
3.525193035602569580e-02
2.611146494746208191e-02
-9.999000000000000000e+03
-9.999000000000000000e+03
-9.999000000000000000e+03
-9.999000000000000000e+03
-9.999000000000000000e+03
-9.999000000000000000e+03
-9.999000000000000000e+03
-9.999000000000000000e+03
-9.999000000000000000e+03
-9.999000000000000000e+03
-9.999000000000000000e+03
-9.999000000000000000e+03
-9.999000000000000000e+03
-9.999000000000000000e+03
-9.999000000000000000e+03
-9.999000000000000000e+03
-9.999000000000000000e+03
-9.999000000000000000e+03
-9.999000000000000000e+03
-9.999000000000000000e+03
-9.999000000000000000e+03
-2.436201460659503937e-02
1.898694783449172974e-02
5.921866372227668762e-02
8.718001842498779297e-02
1.052106320858001709e-01
8.674103766679763794e-02
-9.999000000000000000e+03
-9.999000000000000000e+03
-9.999000000000000000e+03
-9.999000000000000000e+03
-9.999000000000000000e+03
-9.999000000000000000e+03
-9.999000000000000000e+03
-9.999000000000000000e+03
-9.999000000000000000e+03
-9.999000000000000000e+03
-9.999000000000000000e+03
-9.999000000000000000e+03
-9.999000000000000000e+03
-9.999000000000000000e+03
-9.999000000000000000e+03
-9.999000000000000000e+03
-9.999000000000000000e+03
-9.999000000000000000e+03
-9.999000000000000000e+03
-9.999000000000000000e+03
-9.999000000000000000e+03
-9.999000000000000000e+03
-9.999000000000000000e+03
-9.999000000000000000e+03
-9.999000000000000000e+03
-1.271368749439716339e-02
1.243550889194011688e-02
7.319138944149017334e-02
-9.999000000000000000e+03
-9.999000000000000000e+03
-9.999000000000000000e+03
-9.999000000000000000e+03
-9.999000000000000000e+03
-9.999000000000000000e+03
-9.999000000000000000e+03
-9.999000000000000000e+03
-9.999000000000000000e+03
-9.999000000000000000e+03
-9.999000000000000000e+03
-9.999000000000000000e+03
-9.999000000000000000e+03
-9.999000000000000000e+03
-9.999000000000000000e+03
-9.999000000000000000e+03
-9.999000000000000000e+03
-9.999000000000000000e+03
-9.999000000000000000e+03
-9.999000000000000000e+03
-9.999000000000000000e+03
-9.999000000000000000e+03
-9.999000000000000000e+03
-9.999000000000000000e+03
-9.999000000000000000e+03
-9.999000000000000000e+03
-9.999000000000000000e+03
-9.999000000000000000e+03
