1.049096807837486267e-01
1.074870750308036804e-01
9.255551546812057495e-02
7.569637894630432129e-02
7.854057103395462036e-02
5.826646462082862854e-02
4.459444433450698853e-02
3.859738260507583618e-02
2.181200124323368073e-02
2.221143990755081177e-02
-3.297993913292884827e-02
-9.999000000000000000e+03
-9.999000000000000000e+03
-9.999000000000000000e+03
-9.999000000000000000e+03
-9.999000000000000000e+03
-9.999000000000000000e+03
-9.999000000000000000e+03
-9.999000000000000000e+03
-9.999000000000000000e+03
-9.999000000000000000e+03
-9.999000000000000000e+03
-9.999000000000000000e+03
7.089044665917754173e-04
3.210633248090744019e-02
6.110398843884468079e-02
9.722653031349182129e-02
1.362587213516235352e-01
1.449392288923263550e-01
1.539037078619003296e-01
1.531558632850646973e-01
3.397615998983383179e-02
3.934868052601814270e-02
3.358624875545501709e-02
2.380266040563583374e-02
2.491398341953754425e-02
-5.805260036140680313e-03
-2.621199190616607666e-02
-2.264164946973323822e-02
-2.262688428163528442e-02
6.359267717925831676e-05
8.888729847967624664e-03
1.016349159181118011e-02
-9.999000000000000000e+03
-9.999000000000000000e+03
-9.999000000000000000e+03
-9.999000000000000000e+03
-9.999000000000000000e+03
-9.999000000000000000e+03
-9.999000000000000000e+03
-9.999000000000000000e+03
-9.999000000000000000e+03
5.477522313594818115e-02
6.969053298234939575e-02
5.475806817412376404e-02
8.898986876010894775e-02
1.038991287350654602e-01
1.147767826914787292e-01
1.305365711450576782e-01
1.335011869668960571e-01
1.384219080209732056e-01
1.382434815168380737e-01
-2.577117271721363068e-02
-3.217287361621856689e-02
-3.819977864623069763e-02
-5.584985017776489258e-02
-4.985597357153892517e-02
-7.162772119045257568e-02
-8.253484219312667847e-02
-7.378279417753219604e-02
-6.403537094593048096e-02
-2.479796670377254486e-02
5.282168742269277573e-03
1.723805256187915802e-02
-9.999000000000000000e+03
-9.999000000000000000e+03
-9.999000000000000000e+03
-9.999000000000000000e+03
-9.999000000000000000e+03
-9.999000000000000000e+03
-9.999000000000000000e+03
8.508735150098800659e-02
8.783300966024398804e-02
1.102377325296401978e-01
1.025476902723312378e-01
9.274289757013320923e-02
9.205743670463562012e-02
9.278175979852676392e-02
1.062070876359939575e-01
9.649169445037841797e-02
9.507445245981216431e-02
1.086120083928108215e-01
1.124816015362739563e-01
-8.519618958234786987e-02
-9.553215652704238892e-02
-1.054309904575347900e-01
-1.214166879653930664e-01
-1.239664033055305481e-01
-1.424571424722671509e-01
-1.434991955757141113e-01
-1.223206296563148499e-01
-9.894449263811111450e-02
-5.265935137867927551e-02
-1.445999369025230408e-02
3.484867140650749207e-02
7.846267521381378174e-02
-9.999000000000000000e+03
-9.999000000000000000e+03
-9.999000000000000000e+03
6.829651445150375366e-02
9.147222340106964111e-02
1.133451536297798157e-01
1.012250334024429321e-01
8.160141855478286743e-02
7.714111357927322388e-02
4.648335278034210205e-02
4.470958933234214783e-02
2.368198148906230927e-02
-6.610331125557422638e-03
2.877539768815040588e-02
2.428448945283889771e-02
3.880659863352775574e-02
6.534143537282943726e-02
8.569898456335067749e-02
-1.278578042984008789e-01
-1.419181227684020996e-01
-1.570177823305130005e-01
-1.709765940904617310e-01
-1.743928194046020508e-01
-1.794708967208862305e-01
-1.709864586591720581e-01
-1.479629576206207275e-01
-1.172048449516296387e-01
-8.313781768083572388e-02
-3.078407980501651764e-02
1.787664182484149933e-02
7.974950224161148071e-02
9.733472764492034912e-02
8.626973628997802734e-02
9.007504582405090332e-02
8.268787711858749390e-02
6.502767652273178101e-02
5.991831794381141663e-02
2.246435172855854034e-02
1.832625857787206769e-04
-3.967687487602233887e-02
-8.624609559774398804e-02
-7.267321646213531494e-02
-9.125240892171859741e-02
-8.242440223693847656e-02
-4.792690277099609375e-02
-2.229488827288150787e-02
8.335803635418415070e-03
4.370613768696784973e-02
7.410009205341339111e-02
-1.442663222551345825e-01
-1.533518284559249878e-01
-1.675785183906555176e-01
-1.870077848434448242e-01
-1.964703053236007690e-01
-1.915226429700851440e-01
-1.724708378314971924e-01
-1.504244804382324219e-01
-1.302839964628219604e-01
-9.829070419073104858e-02
-5.461616441607475281e-02
4.223671741783618927e-03
4.838831722736358643e-02
7.209624350070953369e-02
6.873957067728042603e-02
6.347317248582839966e-02
2.823720499873161316e-02
-3.225447237491607666e-02
-6.798330694437026978e-02
-1.318695247173309326e-01
-1.490636616945266724e-01
-1.501708030700683594e-01
-1.600182354450225830e-01
-1.324622780084609985e-01
-1.162611171603202820e-01
-9.950056672096252441e-02
-7.126561552286148071e-02
-4.936692863702774048e-02
-2.056234702467918396e-02
1.512912753969430923e-02
4.202390834689140320e-02
-1.561811417341232300e-01
-1.552133858203887939e-01
-1.594136953353881836e-01
-1.687789857387542725e-01
-1.853436976671218872e-01
-1.853193789720535278e-01
-1.634245812892913818e-01
-1.435192376375198364e-01
-1.190431118011474609e-01
-8.557907491922378540e-02
-4.064087942242622375e-02
3.159885993227362633e-03
3.950999677181243896e-02
5.346248298883438110e-02
8.160231634974479675e-03
-2.650110051035881042e-02
-8.214226365089416504e-02
-1.355659514665603638e-01
-1.580308824777603149e-01
-2.081551998853683472e-01
-2.118856459856033325e-01
-1.987768709659576416e-01
-1.795751899480819702e-01
-1.587744355201721191e-01
-1.400451958179473877e-01
-1.354569345712661743e-01
-1.108594164252281189e-01
-9.303706884384155273e-02
-6.717637181282043457e-02
-2.412749081850051880e-02
-5.953973159193992615e-03
-1.640701591968536377e-01
-1.634705662727355957e-01
-1.510583758354187012e-01
-1.464983373880386353e-01
-1.512247771024703979e-01
-1.518418490886688232e-01
-1.471245586872100830e-01
-1.402433514595031738e-01
-1.183779388666152954e-01
-7.566910237073898315e-02
-3.381671011447906494e-02
-2.012042887508869171e-02
-1.160747092217206955e-02
-2.099605090916156769e-02
-6.537612527608871460e-02
-9.957518428564071655e-02
-1.672816425561904907e-01
-2.048990130424499512e-01
-2.147450894117355347e-01
-2.157282680273056030e-01
-2.064264565706253052e-01
-1.960076540708541870e-01
-1.807408034801483154e-01
-1.743310093879699707e-01
-1.870425492525100708e-01
-1.932843029499053955e-01
-1.660642921924591064e-01
-1.490245461463928223e-01
-1.202128455042839050e-01
-7.787586748600006104e-02
-6.430070847272872925e-02
-1.520334035158157349e-01
-1.547435075044631958e-01
-1.527991145849227905e-01
-1.418976336717605591e-01
-1.335081756114959717e-01
-1.313772052526473999e-01
-1.304144561290740967e-01
-1.155424043536186218e-01
-8.876881003379821777e-02
-7.195509225130081177e-02
-6.246487051248550415e-02
-6.734328716993331909e-02
-8.735171705484390259e-02
-1.150320321321487427e-01
-1.540431529283523560e-01
-1.717959642410278320e-01
-2.035463750362396240e-01
-2.128449976444244385e-01
-2.129561752080917358e-01
-1.961358934640884399e-01
-1.734157502651214600e-01
-1.594713628292083740e-01
-1.225846484303474426e-01
-1.279688328504562378e-01
-1.023743748664855957e-01
-1.631000638008117676e-01
-1.678256690502166748e-01
-1.772139966487884521e-01
-1.583401262760162354e-01
-1.268197596073150635e-01
-1.108259633183479309e-01
-1.352745890617370605e-01
-1.282613724470138550e-01
-1.278224140405654907e-01
-1.251154541969299316e-01
-1.216952353715896606e-01
-1.134809181094169617e-01
-1.036018803715705872e-01
-9.617435932159423828e-02
-6.897605210542678833e-02
-7.492516934871673584e-02
-1.001706719398498535e-01
-1.336471736431121826e-01
-1.541509628295898438e-01
-1.661769449710845947e-01
-1.846204549074172974e-01
-1.959096789360046387e-01
-2.135948687791824341e-01
-1.527343243360519409e-01
-1.806698739528656006e-01
-1.492303013801574707e-01
-1.243664249777793884e-01
-9.999000000000000000e+03
-9.999000000000000000e+03
-9.999000000000000000e+03
-9.999000000000000000e+03
-9.999000000000000000e+03
-9.999000000000000000e+03
-1.735869497060775757e-01
-1.563723534345626831e-01
-1.544314920902252197e-01
-1.508799046277999878e-01
-1.269358247518539429e-01
-1.148073449730873108e-01
-1.109175905585289001e-01
-1.067474931478500366e-01
-1.098536625504493713e-01
-8.689695596694946289e-02
-7.729370146989822388e-02
-7.748153805732727051e-02
-7.203371822834014893e-02
-8.408034592866897583e-02
-1.149869188666343689e-01
-1.624918133020401001e-01
-1.729354411363601685e-01
-1.792064309120178223e-01
-1.769554764032363892e-01
-1.581117361783981323e-01
-1.347586512565612793e-01
-9.999000000000000000e+03
-9.999000000000000000e+03
-9.999000000000000000e+03
-9.999000000000000000e+03
-9.999000000000000000e+03
-9.999000000000000000e+03
-9.999000000000000000e+03
-9.999000000000000000e+03
-9.999000000000000000e+03
-9.999000000000000000e+03
-9.125614911317825317e-02
-1.326272189617156982e-01
-1.724084466695785522e-01
-1.897685080766677856e-01
-1.521816402673721313e-01
-1.326904445886611938e-01
-1.104794442653656006e-01
-9.738329797983169556e-02
-9.164260327816009521e-02
-8.834700286388397217e-02
-8.165574073791503906e-02
-6.878814101219177246e-02
-6.877582520246505737e-02
-1.070135310292243958e-01
-1.361388266086578369e-01
-1.528062224388122559e-01
-1.514856964349746704e-01
-1.565171182155609131e-01
-9.208324551582336426e-02
-1.054741069674491882e-01
-9.999000000000000000e+03
-9.999000000000000000e+03
-9.999000000000000000e+03
-9.999000000000000000e+03
-9.999000000000000000e+03
-9.999000000000000000e+03
-9.999000000000000000e+03
-9.999000000000000000e+03
-9.999000000000000000e+03
-9.999000000000000000e+03
-9.999000000000000000e+03
-9.999000000000000000e+03
-7.070478051900863647e-02
-1.696954667568206787e-01
-2.180844098329544067e-01
-2.120047956705093384e-01
-1.732766032218933105e-01
-1.306609809398651123e-01
-1.021195948123931885e-01
-8.182553946971893311e-02
-8.121258765459060669e-02
-7.189615815877914429e-02
-6.992720812559127808e-02
-8.262765407562255859e-02
-1.150301992893218994e-01
-1.330527812242507935e-01
-1.268476992845535278e-01
-9.151325374841690063e-02
-1.023811623454093933e-01
-9.999000000000000000e+03
-9.999000000000000000e+03
-9.999000000000000000e+03
-9.999000000000000000e+03
-9.999000000000000000e+03
-9.999000000000000000e+03
-9.999000000000000000e+03
-9.999000000000000000e+03
-9.999000000000000000e+03
-9.999000000000000000e+03
-9.999000000000000000e+03
-9.999000000000000000e+03
-9.999000000000000000e+03
-9.999000000000000000e+03
-9.999000000000000000e+03
-1.240096539258956909e-01
-2.040845900774002075e-01
-9.999000000000000000e+03
-1.175492554903030396e-01
-1.370617747306823730e-01
-1.165446192026138306e-01
-9.643966704607009888e-02
-9.204696863889694214e-02
-1.010699570178985596e-01
-1.029373109340667725e-01
-1.216941922903060913e-01
-1.218267828226089478e-01
-1.114355549216270447e-01
-8.539782464504241943e-02
-6.836837530136108398e-02
-9.999000000000000000e+03
-9.999000000000000000e+03
-9.999000000000000000e+03
-9.999000000000000000e+03
-9.999000000000000000e+03
-9.999000000000000000e+03
-9.999000000000000000e+03
-9.999000000000000000e+03
-9.999000000000000000e+03
-9.999000000000000000e+03
-9.999000000000000000e+03
-9.999000000000000000e+03
-9.999000000000000000e+03
-9.999000000000000000e+03
-9.999000000000000000e+03
-9.999000000000000000e+03
-7.498034089803695679e-02
-1.408215910196304321e-01
-9.999000000000000000e+03
-9.999000000000000000e+03
-1.219287216663360596e-01
-1.143595054745674133e-01
-1.092987582087516785e-01
-1.134634837508201599e-01
-1.243004351854324341e-01
-1.240563243627548218e-01
-1.149669960141181946e-01
-9.513268619775772095e-02
-8.170784264802932739e-02
-3.221394866704940796e-02
-9.999000000000000000e+03
-9.999000000000000000e+03
-9.999000000000000000e+03
-9.999000000000000000e+03
-9.999000000000000000e+03
-9.999000000000000000e+03
-9.999000000000000000e+03
-9.999000000000000000e+03
-9.999000000000000000e+03
-9.999000000000000000e+03
-9.999000000000000000e+03
-9.999000000000000000e+03
-9.999000000000000000e+03
-9.999000000000000000e+03
-9.999000000000000000e+03
-9.999000000000000000e+03
-9.999000000000000000e+03
-2.755092643201351166e-02
-5.660204216837882996e-02
-9.999000000000000000e+03
-9.999000000000000000e+03
-7.987509667873382568e-02
-9.721107780933380127e-02
-9.480015188455581665e-02
-9.652783721685409546e-02
-9.683737158775329590e-02
-8.007827401161193848e-02
-6.521841883659362793e-02
-4.580536112189292908e-02
-4.211384803056716919e-02
-2.747694589197635651e-02
-9.999000000000000000e+03
-9.999000000000000000e+03
-9.999000000000000000e+03
-9.999000000000000000e+03
-9.999000000000000000e+03
-9.999000000000000000e+03
-9.999000000000000000e+03
-9.999000000000000000e+03
-9.999000000000000000e+03
-9.999000000000000000e+03
-9.999000000000000000e+03
-9.999000000000000000e+03
-9.999000000000000000e+03
-9.999000000000000000e+03
-9.999000000000000000e+03
-9.999000000000000000e+03
-9.999000000000000000e+03
-9.999000000000000000e+03
-9.999000000000000000e+03
-9.999000000000000000e+03
-9.999000000000000000e+03
-4.593391343951225281e-02
-6.802444905042648315e-02
-5.304294079542160034e-02
-5.548086762428283691e-02
-4.717489331960678101e-02
-4.059994593262672424e-02
-1.770528405904769897e-02
-3.407951071858406067e-02
-4.135300219058990479e-02
-3.737350925803184509e-02
-9.999000000000000000e+03
-9.999000000000000000e+03
-9.999000000000000000e+03
-9.999000000000000000e+03
-9.999000000000000000e+03
-9.999000000000000000e+03
-9.999000000000000000e+03
-9.999000000000000000e+03
-9.999000000000000000e+03
-9.999000000000000000e+03
-9.999000000000000000e+03
-9.999000000000000000e+03
-9.999000000000000000e+03
-9.999000000000000000e+03
-9.999000000000000000e+03
-9.999000000000000000e+03
-9.999000000000000000e+03
-9.999000000000000000e+03
-9.999000000000000000e+03
-9.999000000000000000e+03
-9.999000000000000000e+03
-9.999000000000000000e+03
-3.635693714022636414e-02
-3.908921778202056885e-02
-1.463332679122686386e-02
8.428423316217958927e-04
-6.158579606562852859e-03
-1.193565595895051956e-02
-1.445689471438527107e-03
-2.422157488763332367e-02
-9.999000000000000000e+03
-9.999000000000000000e+03
-9.999000000000000000e+03
-9.999000000000000000e+03
-9.999000000000000000e+03
-9.999000000000000000e+03
-9.999000000000000000e+03
-9.999000000000000000e+03
-9.999000000000000000e+03
-9.999000000000000000e+03
-9.999000000000000000e+03
-9.999000000000000000e+03
-9.999000000000000000e+03
-9.999000000000000000e+03
-9.999000000000000000e+03
-9.999000000000000000e+03
-9.999000000000000000e+03
-9.999000000000000000e+03
-9.999000000000000000e+03
-9.999000000000000000e+03
-9.999000000000000000e+03
-9.999000000000000000e+03
-9.999000000000000000e+03
-2.283762767910957336e-02
-2.868136763572692871e-02
-1.775696687400341034e-02
-8.597828447818756104e-03
3.116631880402565002e-03
-7.815361022949218750e-03
8.252471685409545898e-02
1.341402381658554077e-01
9.987887740135192871e-02
-9.999000000000000000e+03
-9.999000000000000000e+03
-9.999000000000000000e+03
-9.999000000000000000e+03
-9.999000000000000000e+03
-9.999000000000000000e+03
-9.999000000000000000e+03
-9.999000000000000000e+03
-9.999000000000000000e+03
-9.999000000000000000e+03
-9.999000000000000000e+03
-9.999000000000000000e+03
-9.999000000000000000e+03
-9.999000000000000000e+03
-9.999000000000000000e+03
-9.999000000000000000e+03
-9.999000000000000000e+03
-9.999000000000000000e+03
-9.999000000000000000e+03
-9.999000000000000000e+03
-9.999000000000000000e+03
-9.999000000000000000e+03
-9.999000000000000000e+03
-1.940714381635189056e-02
-1.620714925229549408e-02
-1.572730019688606262e-02
-2.344961091876029968e-02
8.115723729133605957e-03
3.422079607844352722e-02
1.348626911640167236e-01
1.319444030523300171e-01
-9.999000000000000000e+03
-9.999000000000000000e+03
-9.999000000000000000e+03
-9.999000000000000000e+03
-9.999000000000000000e+03
-9.999000000000000000e+03
-9.999000000000000000e+03
-9.999000000000000000e+03
-9.999000000000000000e+03
-9.999000000000000000e+03
-9.999000000000000000e+03
-9.999000000000000000e+03
-9.999000000000000000e+03
-9.999000000000000000e+03
-9.999000000000000000e+03
-9.999000000000000000e+03
-9.999000000000000000e+03
-9.999000000000000000e+03
-9.999000000000000000e+03
-9.999000000000000000e+03
-9.999000000000000000e+03
-9.999000000000000000e+03
-9.999000000000000000e+03
-2.559057436883449554e-02
-2.533808536827564240e-02
-1.494131889194250107e-02
-7.767248153686523438e-02
-1.192845776677131653e-01
-1.378913372755050659e-01
-6.633002310991287231e-02
1.067894231528043747e-02
-8.907747454941272736e-03
-9.999000000000000000e+03
-9.999000000000000000e+03
-9.999000000000000000e+03
-9.999000000000000000e+03
-9.999000000000000000e+03
-9.999000000000000000e+03
-9.999000000000000000e+03
-9.999000000000000000e+03
-9.999000000000000000e+03
-9.999000000000000000e+03
-9.999000000000000000e+03
-9.999000000000000000e+03
-9.999000000000000000e+03
-9.999000000000000000e+03
-9.999000000000000000e+03
-9.999000000000000000e+03
-9.999000000000000000e+03
-9.999000000000000000e+03
-9.999000000000000000e+03
-9.999000000000000000e+03
-9.999000000000000000e+03
-9.999000000000000000e+03
-3.568535670638084412e-02
-5.204877629876136780e-02
-7.063882052898406982e-02
-8.822103589773178101e-02
-1.176900491118431091e-01
-1.353023052215576172e-01
-1.374990493059158325e-01
-1.391373425722122192e-01
-9.507209807634353638e-02
-5.722754821181297302e-02
-5.950028076767921448e-02
-6.421116739511489868e-02
-5.098734423518180847e-02
-9.999000000000000000e+03
-9.999000000000000000e+03
-9.999000000000000000e+03
-9.999000000000000000e+03
-9.999000000000000000e+03
-9.999000000000000000e+03
-9.999000000000000000e+03
-9.999000000000000000e+03
-9.999000000000000000e+03
-9.999000000000000000e+03
-9.999000000000000000e+03
-9.999000000000000000e+03
-9.999000000000000000e+03
-9.999000000000000000e+03
-9.999000000000000000e+03
-9.999000000000000000e+03
-9.999000000000000000e+03
-4.606592655181884766e-02
-4.465550556778907776e-02
-4.535724222660064697e-02
-4.443102329969406128e-02
-5.257143825292587280e-02
-7.482969015836715698e-02
-7.665514200925827026e-02
-8.790313452482223511e-02
-9.497611224651336670e-02
-6.580702215433120728e-02
-4.968187585473060608e-02
-6.082475930452346802e-02
-5.629445984959602356e-02
-6.281962245702743530e-02
-9.999000000000000000e+03
-9.999000000000000000e+03
-9.999000000000000000e+03
-9.999000000000000000e+03
-9.999000000000000000e+03
-9.999000000000000000e+03
-9.999000000000000000e+03
-9.999000000000000000e+03
-9.999000000000000000e+03
-9.999000000000000000e+03
-9.999000000000000000e+03
-9.999000000000000000e+03
-9.999000000000000000e+03
-9.999000000000000000e+03
-9.999000000000000000e+03
-5.947342514991760254e-02
-5.322431400418281555e-02
-7.338995486497879028e-02
-6.356693059206008911e-02
-3.930199891328811646e-02
-1.915184035897254944e-02
-1.577572338283061981e-02
-3.654110059142112732e-02
-5.500239878892898560e-02
-7.375276088714599609e-02
-7.214905321598052979e-02
-7.384172827005386353e-02
-6.314814835786819458e-02
-7.135172188282012939e-02
-9.999000000000000000e+03
-9.999000000000000000e+03
-9.999000000000000000e+03
-9.999000000000000000e+03
-9.999000000000000000e+03
-9.999000000000000000e+03
-9.999000000000000000e+03
-9.999000000000000000e+03
-9.999000000000000000e+03
-9.999000000000000000e+03
-9.999000000000000000e+03
-9.999000000000000000e+03
-9.999000000000000000e+03
-9.999000000000000000e+03
-9.999000000000000000e+03
-9.999000000000000000e+03
-5.914165079593658447e-02
-7.808177173137664795e-02
-7.074294984340667725e-02
-7.127976417541503906e-02
-6.697382032871246338e-02
-3.744535893201828003e-02
-7.263995241373777390e-03
-1.391405146569013596e-02
-2.852398715913295746e-02
-4.865441843867301941e-02
-8.087887614965438843e-02
-1.063910126686096191e-01
-1.093541830778121948e-01
-8.207845687866210938e-02
-9.999000000000000000e+03
-9.999000000000000000e+03
-9.999000000000000000e+03
-9.999000000000000000e+03
-9.999000000000000000e+03
-9.999000000000000000e+03
-9.999000000000000000e+03
-9.999000000000000000e+03
-9.999000000000000000e+03
-9.999000000000000000e+03
-9.999000000000000000e+03
-9.999000000000000000e+03
-9.999000000000000000e+03
-9.999000000000000000e+03
-9.999000000000000000e+03
-9.999000000000000000e+03
-9.999000000000000000e+03
-7.305540889501571655e-02
-9.410188347101211548e-02
-9.279783815145492554e-02
-7.404258102178573608e-02
-6.343533843755722046e-02
-4.854851588606834412e-02
-3.470976278185844421e-02
-3.163858875632286072e-02
-2.728997729718685150e-02
-1.230645645409822464e-02
-1.910982467234134674e-02
-4.403440654277801514e-02
-4.195604845881462097e-02
-6.636583060026168823e-02
-9.999000000000000000e+03
-9.999000000000000000e+03
-9.999000000000000000e+03
-9.999000000000000000e+03
-9.999000000000000000e+03
-9.999000000000000000e+03
-9.999000000000000000e+03
-9.999000000000000000e+03
-9.999000000000000000e+03
-9.999000000000000000e+03
-9.999000000000000000e+03
-9.999000000000000000e+03
-9.999000000000000000e+03
-9.999000000000000000e+03
-9.999000000000000000e+03
-9.999000000000000000e+03
-9.999000000000000000e+03
-1.266440600156784058e-01
-1.249259486794471741e-01
-1.091970577836036682e-01
-8.686831593513488770e-02
-6.684614717960357666e-02
-5.188846960663795471e-02
-4.798856750130653381e-02
-4.182378202676773071e-02
-3.081251494586467743e-02
-1.637816056609153748e-02
-5.166493356227874756e-03
1.046385057270526886e-02
-6.809203885495662689e-03
-9.999000000000000000e+03
-9.999000000000000000e+03
-9.999000000000000000e+03
-9.999000000000000000e+03
-9.999000000000000000e+03
-9.999000000000000000e+03
-9.999000000000000000e+03
-9.999000000000000000e+03
-9.999000000000000000e+03
-9.999000000000000000e+03
-9.999000000000000000e+03
-9.999000000000000000e+03
-9.999000000000000000e+03
-9.999000000000000000e+03
-9.999000000000000000e+03
-9.999000000000000000e+03
-9.999000000000000000e+03
-9.999000000000000000e+03
-1.167885810136795044e-01
-1.085387244820594788e-01
-9.245758503675460815e-02
-7.608887553215026855e-02
-4.731469973921775818e-02
-2.496554143726825714e-02
-1.610849052667617798e-02
-6.566585972905158997e-03
-9.748107753694057465e-03
1.498213969171047211e-02
1.066996157169342041e-02
-4.114909097552299500e-03
-9.999000000000000000e+03
-9.999000000000000000e+03
-9.999000000000000000e+03
-9.999000000000000000e+03
-9.999000000000000000e+03
-9.999000000000000000e+03
-9.999000000000000000e+03
-9.999000000000000000e+03
-9.999000000000000000e+03
-9.999000000000000000e+03
-9.999000000000000000e+03
-9.999000000000000000e+03
-9.999000000000000000e+03
-9.999000000000000000e+03
-9.999000000000000000e+03
-9.999000000000000000e+03
-9.999000000000000000e+03
-9.999000000000000000e+03
-9.999000000000000000e+03
-8.067108690738677979e-02
-7.298342138528823853e-02
-6.332831829786300659e-02
-6.164059415459632874e-02
3.769730450585484505e-03
3.669190779328346252e-02
3.440918028354644775e-02
1.967565901577472687e-02
1.103624887764453888e-02
9.918648749589920044e-03
-9.999000000000000000e+03
-9.999000000000000000e+03
-9.999000000000000000e+03
-9.999000000000000000e+03
-9.999000000000000000e+03
-9.999000000000000000e+03
-9.999000000000000000e+03
-9.999000000000000000e+03
-9.999000000000000000e+03
-9.999000000000000000e+03
-9.999000000000000000e+03
-9.999000000000000000e+03
-9.999000000000000000e+03
-9.999000000000000000e+03
-9.999000000000000000e+03
-9.999000000000000000e+03
-9.999000000000000000e+03
-9.999000000000000000e+03
-9.999000000000000000e+03
-9.999000000000000000e+03
-9.999000000000000000e+03
-4.947142302989959717e-02
-2.286070398986339569e-02
-2.586925984360277653e-04
1.871442981064319611e-02
5.201519653201103210e-02
5.622128397226333618e-02
-9.999000000000000000e+03
-9.999000000000000000e+03
-9.999000000000000000e+03
-9.999000000000000000e+03
-9.999000000000000000e+03
-9.999000000000000000e+03
-9.999000000000000000e+03
-9.999000000000000000e+03
-9.999000000000000000e+03
-9.999000000000000000e+03
-9.999000000000000000e+03
-9.999000000000000000e+03
-9.999000000000000000e+03
-9.999000000000000000e+03
-9.999000000000000000e+03
-9.999000000000000000e+03
-9.999000000000000000e+03
-9.999000000000000000e+03
-9.999000000000000000e+03
-9.999000000000000000e+03
-9.999000000000000000e+03
-9.999000000000000000e+03
-9.999000000000000000e+03
-9.999000000000000000e+03
-9.999000000000000000e+03
-4.035566747188568115e-02
-1.652203314006328583e-02
1.535558141767978668e-02
-9.999000000000000000e+03
-9.999000000000000000e+03
-9.999000000000000000e+03
-9.999000000000000000e+03
-9.999000000000000000e+03
-9.999000000000000000e+03
-9.999000000000000000e+03
-9.999000000000000000e+03
-9.999000000000000000e+03
-9.999000000000000000e+03
-9.999000000000000000e+03
-9.999000000000000000e+03
-9.999000000000000000e+03
-9.999000000000000000e+03
-9.999000000000000000e+03
-9.999000000000000000e+03
-9.999000000000000000e+03
-9.999000000000000000e+03
-9.999000000000000000e+03
-9.999000000000000000e+03
-9.999000000000000000e+03
-9.999000000000000000e+03
-9.999000000000000000e+03
-9.999000000000000000e+03
-9.999000000000000000e+03
-9.999000000000000000e+03
-9.999000000000000000e+03
-9.999000000000000000e+03
