1.244709566235542297e-01
1.292639970779418945e-01
1.016911789774894714e-01
7.716081291437149048e-02
8.960673958063125610e-02
7.952065020799636841e-02
7.912007719278335571e-02
8.044417947530746460e-02
7.288957387208938599e-02
6.786321848630905151e-02
1.010875776410102844e-02
-9.999000000000000000e+03
-9.999000000000000000e+03
-9.999000000000000000e+03
-9.999000000000000000e+03
-9.999000000000000000e+03
-9.999000000000000000e+03
-9.999000000000000000e+03
-9.999000000000000000e+03
-9.999000000000000000e+03
-9.999000000000000000e+03
-9.999000000000000000e+03
-9.999000000000000000e+03
3.252642229199409485e-02
3.996951133012771606e-02
5.938538908958435059e-02
8.658459782600402832e-02
1.190297380089759827e-01
1.390890330076217651e-01
1.499622315168380737e-01
1.450573354959487915e-01
4.935904219746589661e-02
5.173312500119209290e-02
3.472023084759712219e-02
2.301817759871482849e-02
3.052674606442451477e-02
2.394723519682884216e-02
2.784169279038906097e-02
3.766361624002456665e-02
3.212807700037956238e-02
4.029304161667823792e-02
4.057468846440315247e-02
3.037538379430770874e-02
-9.999000000000000000e+03
-9.999000000000000000e+03
-9.999000000000000000e+03
-9.999000000000000000e+03
-9.999000000000000000e+03
-9.999000000000000000e+03
-9.999000000000000000e+03
-9.999000000000000000e+03
-9.999000000000000000e+03
3.884831070899963379e-02
7.133706659078598022e-02
7.154583930969238281e-02
8.461609482765197754e-02
9.108578413724899292e-02
1.071694195270538330e-01
1.245340928435325623e-01
1.214064732193946838e-01
1.118948087096214294e-01
1.106552854180335999e-01
-1.849685050547122955e-02
-2.219083905220031738e-02
-3.185011819005012512e-02
-2.709663659334182739e-02
-9.422263130545616150e-03
-1.104322914034128189e-02
-1.008189562708139420e-02
2.052441937848925591e-03
-7.342405151575803757e-03
2.308248258486855775e-05
1.658559031784534454e-02
2.076841890811920166e-02
-9.999000000000000000e+03
-9.999000000000000000e+03
-9.999000000000000000e+03
-9.999000000000000000e+03
-9.999000000000000000e+03
-9.999000000000000000e+03
-9.999000000000000000e+03
5.893121287226676941e-02
6.588677316904067993e-02
9.116742014884948730e-02
1.141152381896972656e-01
1.229085102677345276e-01
1.100412756204605103e-01
1.154363751411437988e-01
1.185607686638832092e-01
1.201146543025970459e-01
1.298659741878509521e-01
1.173536926507949829e-01
1.337664127349853516e-01
-8.710058778524398804e-02
-8.299752324819564819e-02
-8.235364407300949097e-02
-7.471372932195663452e-02
-5.237952619791030884e-02
-5.829952284693717957e-02
-6.145222857594490051e-02
-4.705328121781349182e-02
-4.774084314703941345e-02
-3.431752324104309082e-02
-1.983506418764591217e-02
3.190448042005300522e-03
6.076606921851634979e-03
-9.999000000000000000e+03
-9.999000000000000000e+03
-9.999000000000000000e+03
3.144513070583343506e-02
4.691683128476142883e-02
6.906320154666900635e-02
5.813758447766304016e-02
5.728184431791305542e-02
6.648268550634384155e-02
6.323290616273880005e-02
1.010933518409729004e-01
1.208716556429862976e-01
1.227139383554458618e-01
1.423840224742889404e-01
1.687431186437606812e-01
1.770729869604110718e-01
1.757445782423019409e-01
1.798344552516937256e-01
-1.503052115440368652e-01
-1.463450640439987183e-01
-1.436675935983657837e-01
-1.403813213109970093e-01
-1.133869513869285583e-01
-1.070839911699295044e-01
-1.017148643732070923e-01
-8.477421849966049194e-02
-7.653012126684188843e-02
-6.188128516077995300e-02
-4.160350561141967773e-02
-2.577010169625282288e-02
-1.006154436618089676e-02
-1.181069668382406235e-02
8.270724676549434662e-03
2.438505366444587708e-02
2.449253201484680176e-02
1.040867343544960022e-02
6.090099923312664032e-03
-2.710438892245292664e-02
-2.396154031157493591e-02
-2.955560572445392609e-02
-3.796686977148056030e-02
1.029864884912967682e-02
4.453665018081665039e-02
7.932272553443908691e-02
1.231201067566871643e-01
1.541885584592819214e-01
1.755713224411010742e-01
1.922631412744522095e-01
1.803147196769714355e-01
-1.945149451494216919e-01
-1.912515461444854736e-01
-1.997699141502380371e-01
-2.018458098173141479e-01
-1.738318055868148804e-01
-1.573371589183807373e-01
-1.353988796472549438e-01
-1.080707162618637085e-01
-8.995410054922103882e-02
-6.440262496471405029e-02
-4.043403267860412598e-02
-5.279504228383302689e-03
-8.294107974506914616e-04
1.194265787489712238e-03
-5.350240506231784821e-03
-6.675822660326957703e-03
-3.272656351327896118e-02
-7.187285274267196655e-02
-1.014182120561599731e-01
-1.482984274625778198e-01
-1.638770848512649536e-01
-1.517327278852462769e-01
-1.570082306861877441e-01
-8.581219613552093506e-02
-3.017968311905860901e-02
-1.392557099461555481e-02
6.040653213858604431e-02
8.309707045555114746e-02
1.147538721561431885e-01
1.541679501533508301e-01
1.587346196174621582e-01
-2.067752331495285034e-01
-2.139192670583724976e-01
-2.220050096511840820e-01
-2.206420153379440308e-01
-2.034330219030380249e-01
-1.840395927429199219e-01
-1.496603041887283325e-01
-1.159213632345199585e-01
-8.185488730669021606e-02
-5.090656131505966187e-02
-2.000564150512218475e-02
2.714982954785227776e-03
1.380141172558069229e-02
5.425944458693265915e-03
-4.695582389831542969e-02
-7.797487825155258179e-02
-1.145747080445289612e-01
-1.489776968955993652e-01
-1.687720715999603271e-01
-2.168763279914855957e-01
-2.482208013534545898e-01
-2.702203094959259033e-01
-2.685475945472717285e-01
-2.263778299093246460e-01
-1.902238279581069946e-01
-1.616275608539581299e-01
-7.199476659297943115e-02
-3.585527464747428894e-02
1.390688121318817139e-02
8.297056704759597778e-02
1.027232483029365540e-01
-1.735745519399642944e-01
-1.964108645915985107e-01
-2.227829396724700928e-01
-2.138755917549133301e-01
-1.922708451747894287e-01
-1.589780598878860474e-01
-1.257412284612655640e-01
-1.021151244640350342e-01
-7.049895823001861572e-02
-4.835495725274085999e-02
-2.170074731111526489e-02
-1.242203824222087860e-02
-2.099454402923583984e-02
-4.958567023277282715e-02
-9.730537235736846924e-02
-1.319003850221633911e-01
-1.751136034727096558e-01
-1.915276199579238892e-01
-2.128955870866775513e-01
-2.229409515857696533e-01
-2.230452895164489746e-01
-2.512123286724090576e-01
-2.346123456954956055e-01
-2.574691474437713623e-01
-3.023272454738616943e-01
-3.002677559852600098e-01
-2.025295048952102661e-01
-1.421855241060256958e-01
-8.272212743759155273e-02
-7.309825159609317780e-03
2.111207135021686554e-02
-1.442239582538604736e-01
-1.616469472646713257e-01
-1.817698776721954346e-01
-1.786908507347106934e-01
-1.717233955860137939e-01
-1.357220560312271118e-01
-1.072719544172286987e-01
-8.373792469501495361e-02
-6.586255133152008057e-02
-4.986405000090599060e-02
-3.760857507586479187e-02
-3.501908481121063232e-02
-6.536592543125152588e-02
-1.152766868472099304e-01
-1.586409360170364380e-01
-1.696297228336334229e-01
-1.772294789552688599e-01
-1.652639359235763550e-01
-1.679332256317138672e-01
-1.276846975088119507e-01
-7.936969399452209473e-02
-8.970540016889572144e-02
-7.796637713909149170e-02
-1.391550004482269287e-01
-1.365181356668472290e-01
-2.538112103939056396e-01
-2.397359609603881836e-01
-2.061969786882400513e-01
-1.449151933193206787e-01
-8.812194317579269409e-02
-7.168406248092651367e-02
-1.355508267879486084e-01
-1.419188082218170166e-01
-1.502513438463211060e-01
-1.442978233098983765e-01
-1.357312947511672974e-01
-1.148699373006820679e-01
-9.708476066589355469e-02
-8.491918444633483887e-02
-6.667532026767730713e-02
-6.053890660405158997e-02
-6.314276903867721558e-02
-9.325421601533889771e-02
-1.230043768882751465e-01
-1.511856615543365479e-01
-1.720069199800491333e-01
-1.664068251848220825e-01
-1.441484093666076660e-01
-9.133800119161605835e-02
-7.858038693666458130e-02
-1.991979032754898071e-02
-4.086373955942690372e-04
-9.999000000000000000e+03
-9.999000000000000000e+03
-9.999000000000000000e+03
-9.999000000000000000e+03
-9.999000000000000000e+03
-9.999000000000000000e+03
-2.689769268035888672e-01
-2.057732492685317993e-01
-1.363361477851867676e-01
-1.216880902647972107e-01
-1.194958165287971497e-01
-1.183584108948707581e-01
-1.297306269407272339e-01
-1.323287785053253174e-01
-1.212213039398193359e-01
-1.001245528459548950e-01
-9.137309342622756958e-02
-8.345685899257659912e-02
-8.136276155710220337e-02
-9.164873510599136353e-02
-9.703508764505386353e-02
-1.410882323980331421e-01
-1.546261310577392578e-01
-1.622627973556518555e-01
-1.438071876764297485e-01
-1.186814084649085999e-01
-9.259390085935592651e-02
-9.999000000000000000e+03
-9.999000000000000000e+03
-9.999000000000000000e+03
-9.999000000000000000e+03
-9.999000000000000000e+03
-9.999000000000000000e+03
-9.999000000000000000e+03
-9.999000000000000000e+03
-9.999000000000000000e+03
-9.999000000000000000e+03
-1.347982287406921387e-01
-1.748460531234741211e-01
-1.771550327539443970e-01
-1.599399149417877197e-01
-1.114872470498085022e-01
-9.472274035215377808e-02
-9.508236497640609741e-02
-9.748112410306930542e-02
-1.000553220510482788e-01
-9.495519846677780151e-02
-9.187950938940048218e-02
-9.620943665504455566e-02
-1.172788888216018677e-01
-1.321763396263122559e-01
-1.342931985855102539e-01
-1.426371783018112183e-01
-1.393211483955383301e-01
-1.390932649374008179e-01
-7.094562053680419922e-02
-6.765324622392654419e-02
-9.999000000000000000e+03
-9.999000000000000000e+03
-9.999000000000000000e+03
-9.999000000000000000e+03
-9.999000000000000000e+03
-9.999000000000000000e+03
-9.999000000000000000e+03
-9.999000000000000000e+03
-9.999000000000000000e+03
-9.999000000000000000e+03
-9.999000000000000000e+03
-9.999000000000000000e+03
-1.036896705627441406e-01
-1.680287718772888184e-01
-1.826002895832061768e-01
-1.307069510221481323e-01
-9.362326562404632568e-02
-6.747252494096755981e-02
-5.880108103156089783e-02
-6.269384175539016724e-02
-6.935343146324157715e-02
-8.922877907752990723e-02
-1.139897629618644714e-01
-1.330292075872421265e-01
-1.307158470153808594e-01
-1.275782138109207153e-01
-1.229800283908843994e-01
-7.998296618461608887e-02
-8.783362805843353271e-02
-9.999000000000000000e+03
-9.999000000000000000e+03
-9.999000000000000000e+03
-9.999000000000000000e+03
-9.999000000000000000e+03
-9.999000000000000000e+03
-9.999000000000000000e+03
-9.999000000000000000e+03
-9.999000000000000000e+03
-9.999000000000000000e+03
-9.999000000000000000e+03
-9.999000000000000000e+03
-9.999000000000000000e+03
-9.999000000000000000e+03
-9.999000000000000000e+03
-1.472034603357315063e-01
-1.889030337333679199e-01
-9.999000000000000000e+03
-5.587009340524673462e-02
-6.286283582448959351e-02
-5.278629437088966370e-02
-4.403385147452354431e-02
-5.258119106292724609e-02
-8.080279827117919922e-02
-1.156036108732223511e-01
-1.083040535449981689e-01
-1.002915203571319580e-01
-1.005664989352226257e-01
-8.378392457962036133e-02
-5.837098136544227600e-02
-9.999000000000000000e+03
-9.999000000000000000e+03
-9.999000000000000000e+03
-9.999000000000000000e+03
-9.999000000000000000e+03
-9.999000000000000000e+03
-9.999000000000000000e+03
-9.999000000000000000e+03
-9.999000000000000000e+03
-9.999000000000000000e+03
-9.999000000000000000e+03
-9.999000000000000000e+03
-9.999000000000000000e+03
-9.999000000000000000e+03
-9.999000000000000000e+03
-9.999000000000000000e+03
-1.199408248066902161e-01
-1.802569627761840820e-01
-9.999000000000000000e+03
-9.999000000000000000e+03
-6.030426174402236938e-02
-6.106391176581382751e-02
-4.723050817847251892e-02
-4.976435378193855286e-02
-6.817130744457244873e-02
-8.501733839511871338e-02
-7.290703803300857544e-02
-6.265897303819656372e-02
-6.538046151399612427e-02
-2.029195241630077362e-02
-9.999000000000000000e+03
-9.999000000000000000e+03
-9.999000000000000000e+03
-9.999000000000000000e+03
-9.999000000000000000e+03
-9.999000000000000000e+03
-9.999000000000000000e+03
-9.999000000000000000e+03
-9.999000000000000000e+03
-9.999000000000000000e+03
-9.999000000000000000e+03
-9.999000000000000000e+03
-9.999000000000000000e+03
-9.999000000000000000e+03
-9.999000000000000000e+03
-9.999000000000000000e+03
-9.999000000000000000e+03
-7.179069519042968750e-02
-1.431197971105575562e-01
-9.999000000000000000e+03
-9.999000000000000000e+03
-3.618975356221199036e-02
-5.460167303681373596e-02
-5.524972453713417053e-02
-4.627613350749015808e-02
-4.493381455540657043e-02
-2.528596110641956329e-02
-2.802646718919277191e-02
-2.015628293156623840e-02
-1.624692790210247040e-02
7.690970320254564285e-03
-9.999000000000000000e+03
-9.999000000000000000e+03
-9.999000000000000000e+03
-9.999000000000000000e+03
-9.999000000000000000e+03
-9.999000000000000000e+03
-9.999000000000000000e+03
-9.999000000000000000e+03
-9.999000000000000000e+03
-9.999000000000000000e+03
-9.999000000000000000e+03
-9.999000000000000000e+03
-9.999000000000000000e+03
-9.999000000000000000e+03
-9.999000000000000000e+03
-9.999000000000000000e+03
-9.999000000000000000e+03
-9.999000000000000000e+03
-9.999000000000000000e+03
-9.999000000000000000e+03
-9.999000000000000000e+03
-1.143373642116785049e-02
-2.565567754209041595e-02
-4.630573093891143799e-02
-4.741081222891807556e-02
-1.225254032760858536e-02
1.825467497110366821e-02
2.876880392432212830e-02
1.661125570535659790e-02
1.073986291885375977e-02
1.020097453147172928e-02
-9.999000000000000000e+03
-9.999000000000000000e+03
-9.999000000000000000e+03
-9.999000000000000000e+03
-9.999000000000000000e+03
-9.999000000000000000e+03
-9.999000000000000000e+03
-9.999000000000000000e+03
-9.999000000000000000e+03
-9.999000000000000000e+03
-9.999000000000000000e+03
-9.999000000000000000e+03
-9.999000000000000000e+03
-9.999000000000000000e+03
-9.999000000000000000e+03
-9.999000000000000000e+03
-9.999000000000000000e+03
-9.999000000000000000e+03
-9.999000000000000000e+03
-9.999000000000000000e+03
-9.999000000000000000e+03
-9.999000000000000000e+03
-2.141713164746761322e-02
-3.337460383772850037e-02
-4.728512465953826904e-02
6.025624275207519531e-02
4.735061153769493103e-02
4.129768535494804382e-02
5.173766985535621643e-02
3.791774809360504150e-02
-9.999000000000000000e+03
-9.999000000000000000e+03
-9.999000000000000000e+03
-9.999000000000000000e+03
-9.999000000000000000e+03
-9.999000000000000000e+03
-9.999000000000000000e+03
-9.999000000000000000e+03
-9.999000000000000000e+03
-9.999000000000000000e+03
-9.999000000000000000e+03
-9.999000000000000000e+03
-9.999000000000000000e+03
-9.999000000000000000e+03
-9.999000000000000000e+03
-9.999000000000000000e+03
-9.999000000000000000e+03
-9.999000000000000000e+03
-9.999000000000000000e+03
-9.999000000000000000e+03
-9.999000000000000000e+03
-9.999000000000000000e+03
-9.999000000000000000e+03
-1.303324755281209946e-02
-3.874860703945159912e-02
-2.396092563867568970e-02
4.823613446205854416e-03
1.405283156782388687e-02
1.788552384823560715e-03
1.074464395642280579e-01
1.725357025861740112e-01
1.301333904266357422e-01
-9.999000000000000000e+03
-9.999000000000000000e+03
-9.999000000000000000e+03
-9.999000000000000000e+03
-9.999000000000000000e+03
-9.999000000000000000e+03
-9.999000000000000000e+03
-9.999000000000000000e+03
-9.999000000000000000e+03
-9.999000000000000000e+03
-9.999000000000000000e+03
-9.999000000000000000e+03
-9.999000000000000000e+03
-9.999000000000000000e+03
-9.999000000000000000e+03
-9.999000000000000000e+03
-9.999000000000000000e+03
-9.999000000000000000e+03
-9.999000000000000000e+03
-9.999000000000000000e+03
-9.999000000000000000e+03
-9.999000000000000000e+03
-9.999000000000000000e+03
-4.903636127710342407e-02
-3.525823727250099182e-02
-5.502345412969589233e-02
-4.673086106777191162e-02
-7.479460327886044979e-04
2.981198765337467194e-02
1.695597767829895020e-01
1.899532824754714966e-01
-9.999000000000000000e+03
-9.999000000000000000e+03
-9.999000000000000000e+03
-9.999000000000000000e+03
-9.999000000000000000e+03
-9.999000000000000000e+03
-9.999000000000000000e+03
-9.999000000000000000e+03
-9.999000000000000000e+03
-9.999000000000000000e+03
-9.999000000000000000e+03
-9.999000000000000000e+03
-9.999000000000000000e+03
-9.999000000000000000e+03
-9.999000000000000000e+03
-9.999000000000000000e+03
-9.999000000000000000e+03
-9.999000000000000000e+03
-9.999000000000000000e+03
-9.999000000000000000e+03
-9.999000000000000000e+03
-9.999000000000000000e+03
-9.999000000000000000e+03
-6.418533623218536377e-02
-1.042335927486419678e-01
-1.564628034830093384e-01
-1.208850815892219543e-01
-9.467323869466781616e-02
-7.852146774530410767e-02
-1.543810125440359116e-02
7.874359935522079468e-02
8.475332707166671753e-02
-9.999000000000000000e+03
-9.999000000000000000e+03
-9.999000000000000000e+03
-9.999000000000000000e+03
-9.999000000000000000e+03
-9.999000000000000000e+03
-9.999000000000000000e+03
-9.999000000000000000e+03
-9.999000000000000000e+03
-9.999000000000000000e+03
-9.999000000000000000e+03
-9.999000000000000000e+03
-9.999000000000000000e+03
-9.999000000000000000e+03
-9.999000000000000000e+03
-9.999000000000000000e+03
-9.999000000000000000e+03
-9.999000000000000000e+03
-9.999000000000000000e+03
-9.999000000000000000e+03
-9.999000000000000000e+03
-9.999000000000000000e+03
-2.671936713159084320e-02
-8.476283401250839233e-02
-1.048606708645820618e-01
-1.028601899743080139e-01
-8.487198501825332642e-02
-7.910149544477462769e-02
-7.845359295606613159e-02
-6.973296403884887695e-02
-5.766741931438446045e-02
1.693507423624396324e-03
2.513792924582958221e-02
1.764754951000213623e-02
1.208731718361377716e-02
-9.999000000000000000e+03
-9.999000000000000000e+03
-9.999000000000000000e+03
-9.999000000000000000e+03
-9.999000000000000000e+03
-9.999000000000000000e+03
-9.999000000000000000e+03
-9.999000000000000000e+03
-9.999000000000000000e+03
-9.999000000000000000e+03
-9.999000000000000000e+03
-9.999000000000000000e+03
-9.999000000000000000e+03
-9.999000000000000000e+03
-9.999000000000000000e+03
-9.999000000000000000e+03
-9.999000000000000000e+03
-6.042544730007648468e-03
-2.078146440908312798e-03
-4.909068811684846878e-03
-2.379153296351432800e-02
-6.150031462311744690e-02
-7.896532863378524780e-02
-7.236498594284057617e-02
-6.962225586175918579e-02
-6.865306198596954346e-02
-3.195660561323165894e-02
-1.046115811914205551e-02
1.088853180408477783e-02
6.797583308070898056e-03
9.480142965912818909e-03
-9.999000000000000000e+03
-9.999000000000000000e+03
-9.999000000000000000e+03
-9.999000000000000000e+03
-9.999000000000000000e+03
-9.999000000000000000e+03
-9.999000000000000000e+03
-9.999000000000000000e+03
-9.999000000000000000e+03
-9.999000000000000000e+03
-9.999000000000000000e+03
-9.999000000000000000e+03
-9.999000000000000000e+03
-9.999000000000000000e+03
-9.999000000000000000e+03
1.223882194608449936e-02
-3.535703755915164948e-03
-8.423177525401115417e-03
-1.652409695088863373e-02
-8.644989691674709320e-03
-9.113769978284835815e-03
-1.424319855868816376e-02
-4.322816804051399231e-02
-6.310761719942092896e-02
-5.011452734470367432e-02
-1.839765906333923340e-02
1.785257086157798767e-02
3.099149279296398163e-02
2.181771211326122284e-02
-9.999000000000000000e+03
-9.999000000000000000e+03
-9.999000000000000000e+03
-9.999000000000000000e+03
-9.999000000000000000e+03
-9.999000000000000000e+03
-9.999000000000000000e+03
-9.999000000000000000e+03
-9.999000000000000000e+03
-9.999000000000000000e+03
-9.999000000000000000e+03
-9.999000000000000000e+03
-9.999000000000000000e+03
-9.999000000000000000e+03
-9.999000000000000000e+03
-9.999000000000000000e+03
1.400141790509223938e-02
2.609684318304061890e-02
2.910370007157325745e-03
-1.613741740584373474e-02
-4.027668386697769165e-02
-3.226160630583763123e-02
-7.476883940398693085e-03
8.064981549978256226e-03
-4.047473426908254623e-03
-2.373098954558372498e-02
-4.801047965884208679e-02
-4.900841414928436279e-02
-5.853603780269622803e-02
-3.351563587784767151e-02
-9.999000000000000000e+03
-9.999000000000000000e+03
-9.999000000000000000e+03
-9.999000000000000000e+03
-9.999000000000000000e+03
-9.999000000000000000e+03
-9.999000000000000000e+03
-9.999000000000000000e+03
-9.999000000000000000e+03
-9.999000000000000000e+03
-9.999000000000000000e+03
-9.999000000000000000e+03
-9.999000000000000000e+03
-9.999000000000000000e+03
-9.999000000000000000e+03
-9.999000000000000000e+03
-9.999000000000000000e+03
-1.892406865954399109e-02
-2.926191501319408417e-02
-5.991010740399360657e-02
-7.607688009738922119e-02
-7.227512449026107788e-02
-4.475549235939979553e-02
-1.507710106670856476e-02
5.882205441594123840e-03
1.421321555972099304e-02
1.618882082402706146e-02
-7.426804862916469574e-03
-4.443788528442382812e-02
-4.812765121459960938e-02
-5.676471441984176636e-02
-9.999000000000000000e+03
-9.999000000000000000e+03
-9.999000000000000000e+03
-9.999000000000000000e+03
-9.999000000000000000e+03
-9.999000000000000000e+03
-9.999000000000000000e+03
-9.999000000000000000e+03
-9.999000000000000000e+03
-9.999000000000000000e+03
-9.999000000000000000e+03
-9.999000000000000000e+03
-9.999000000000000000e+03
-9.999000000000000000e+03
-9.999000000000000000e+03
-9.999000000000000000e+03
-9.999000000000000000e+03
-7.613012939691543579e-02
-9.701237827539443970e-02
-1.031047478318214417e-01
-9.978916496038436890e-02
-7.798008620738983154e-02
-3.044406138360500336e-02
-2.842278219759464264e-03
1.490664761513471603e-02
2.256544679403305054e-02
1.931513287127017975e-02
2.100030425935983658e-03
-1.423752307891845703e-02
-1.052089617587625980e-03
-9.999000000000000000e+03
-9.999000000000000000e+03
-9.999000000000000000e+03
-9.999000000000000000e+03
-9.999000000000000000e+03
-9.999000000000000000e+03
-9.999000000000000000e+03
-9.999000000000000000e+03
-9.999000000000000000e+03
-9.999000000000000000e+03
-9.999000000000000000e+03
-9.999000000000000000e+03
-9.999000000000000000e+03
-9.999000000000000000e+03
-9.999000000000000000e+03
-9.999000000000000000e+03
-9.999000000000000000e+03
-9.999000000000000000e+03
-7.034444808959960938e-02
-7.329587638378143311e-02
-5.976834520697593689e-02
-4.954077303409576416e-02
-6.531913299113512039e-03
1.716465130448341370e-02
2.821853384375572205e-02
4.907449707388877869e-02
3.919479250907897949e-02
6.020049750804901123e-02
2.842843718826770782e-02
-2.078575344057753682e-04
-9.999000000000000000e+03
-9.999000000000000000e+03
-9.999000000000000000e+03
-9.999000000000000000e+03
-9.999000000000000000e+03
-9.999000000000000000e+03
-9.999000000000000000e+03
-9.999000000000000000e+03
-9.999000000000000000e+03
-9.999000000000000000e+03
-9.999000000000000000e+03
-9.999000000000000000e+03
-9.999000000000000000e+03
-9.999000000000000000e+03
-9.999000000000000000e+03
-9.999000000000000000e+03
-9.999000000000000000e+03
-9.999000000000000000e+03
-9.999000000000000000e+03
-4.237330332398414612e-02
-2.883712574839591980e-02
-8.865819312632083893e-03
1.397024001926183701e-02
8.812614530324935913e-02
8.820383995771408081e-02
8.160156756639480591e-02
5.813074856996536255e-02
4.865878447890281677e-02
3.544425964355468750e-02
-9.999000000000000000e+03
-9.999000000000000000e+03
-9.999000000000000000e+03
-9.999000000000000000e+03
-9.999000000000000000e+03
-9.999000000000000000e+03
-9.999000000000000000e+03
-9.999000000000000000e+03
-9.999000000000000000e+03
-9.999000000000000000e+03
-9.999000000000000000e+03
-9.999000000000000000e+03
-9.999000000000000000e+03
-9.999000000000000000e+03
-9.999000000000000000e+03
-9.999000000000000000e+03
-9.999000000000000000e+03
-9.999000000000000000e+03
-9.999000000000000000e+03
-9.999000000000000000e+03
-9.999000000000000000e+03
-1.719245873391628265e-02
2.609945647418498993e-02
6.682182103395462036e-02
9.429565817117691040e-02
1.121603846549987793e-01
9.399386495351791382e-02
-9.999000000000000000e+03
-9.999000000000000000e+03
-9.999000000000000000e+03
-9.999000000000000000e+03
-9.999000000000000000e+03
-9.999000000000000000e+03
-9.999000000000000000e+03
-9.999000000000000000e+03
-9.999000000000000000e+03
-9.999000000000000000e+03
-9.999000000000000000e+03
-9.999000000000000000e+03
-9.999000000000000000e+03
-9.999000000000000000e+03
-9.999000000000000000e+03
-9.999000000000000000e+03
-9.999000000000000000e+03
-9.999000000000000000e+03
-9.999000000000000000e+03
-9.999000000000000000e+03
-9.999000000000000000e+03
-9.999000000000000000e+03
-9.999000000000000000e+03
-9.999000000000000000e+03
-9.999000000000000000e+03
-6.064912769943475723e-03
1.828650385141372681e-02
8.027206361293792725e-02
-9.999000000000000000e+03
-9.999000000000000000e+03
-9.999000000000000000e+03
-9.999000000000000000e+03
-9.999000000000000000e+03
-9.999000000000000000e+03
-9.999000000000000000e+03
-9.999000000000000000e+03
-9.999000000000000000e+03
-9.999000000000000000e+03
-9.999000000000000000e+03
-9.999000000000000000e+03
-9.999000000000000000e+03
-9.999000000000000000e+03
-9.999000000000000000e+03
-9.999000000000000000e+03
-9.999000000000000000e+03
-9.999000000000000000e+03
-9.999000000000000000e+03
-9.999000000000000000e+03
-9.999000000000000000e+03
-9.999000000000000000e+03
-9.999000000000000000e+03
-9.999000000000000000e+03
-9.999000000000000000e+03
-9.999000000000000000e+03
-9.999000000000000000e+03
-9.999000000000000000e+03
