-1.525898426771163940e-01
-1.082912907004356384e-01
-4.983151331543922424e-02
-1.469735288992524147e-03
4.403713718056678772e-02
8.654584735631942749e-02
1.409663707017898560e-01
1.929027140140533447e-01
2.507612705230712891e-01
2.784693539142608643e-01
2.661392390727996826e-01
-9.999000000000000000e+03
-9.999000000000000000e+03
-9.999000000000000000e+03
-9.999000000000000000e+03
-9.999000000000000000e+03
-9.999000000000000000e+03
-9.999000000000000000e+03
-9.999000000000000000e+03
-9.999000000000000000e+03
-9.999000000000000000e+03
-9.999000000000000000e+03
-9.999000000000000000e+03
4.621541872620582581e-02
7.997292280197143555e-02
9.201344102621078491e-02
9.582807123661041260e-02
7.322758436203002930e-02
7.213299721479415894e-02
6.332375854253768921e-02
6.127082556486129761e-02
-1.468503177165985107e-01
-1.100606173276901245e-01
-6.413546204566955566e-02
-2.245393022894859314e-02
3.365882486104965210e-02
9.297188371419906616e-02
1.684834361076354980e-01
2.251375317573547363e-01
2.654380500316619873e-01
2.865761220455169678e-01
2.752313911914825439e-01
1.513501852750778198e-01
-9.999000000000000000e+03
-9.999000000000000000e+03
-9.999000000000000000e+03
-9.999000000000000000e+03
-9.999000000000000000e+03
-9.999000000000000000e+03
-9.999000000000000000e+03
-9.999000000000000000e+03
-9.999000000000000000e+03
1.261109369806945324e-03
2.274564467370510101e-02
4.570467397570610046e-02
4.342611879110336304e-02
6.173627078533172607e-02
5.160892754793167114e-02
4.798751696944236755e-02
4.072346165776252747e-02
4.203166440129280090e-02
5.047466978430747986e-02
-1.434925645589828491e-01
-1.031298264861106873e-01
-6.621959805488586426e-02
-1.654276065528392792e-02
3.950939327478408813e-02
1.041928753256797791e-01
1.724977195262908936e-01
2.331874221563339233e-01
2.661871612071990967e-01
2.770873606204986572e-01
2.494675070047378540e-01
1.616805493831634521e-01
-9.999000000000000000e+03
-9.999000000000000000e+03
-9.999000000000000000e+03
-9.999000000000000000e+03
-9.999000000000000000e+03
-9.999000000000000000e+03
-9.999000000000000000e+03
-1.474319025874137878e-02
-9.056443348526954651e-03
4.208476282656192780e-03
9.213148616254329681e-03
1.465964037925004959e-02
2.830467559397220612e-02
3.168578818440437317e-02
3.121486119925975800e-02
2.475027740001678467e-02
2.436174452304840088e-02
2.983570471405982971e-02
4.241199046373367310e-02
-1.134301796555519104e-01
-8.833926916122436523e-02
-6.004673987627029419e-02
-1.092539075762033463e-02
5.616554990410804749e-02
1.281139254570007324e-01
1.756014525890350342e-01
2.204269468784332275e-01
2.411173880100250244e-01
2.568820714950561523e-01
2.490045875310897827e-01
1.667687594890594482e-01
7.800767570734024048e-02
-9.999000000000000000e+03
-9.999000000000000000e+03
-9.999000000000000000e+03
-1.661221683025360107e-02
-2.124166488647460938e-02
-2.419416420161724091e-02
-4.331319592893123627e-03
3.670554608106613159e-03
9.451547637581825256e-03
1.538275647908449173e-02
1.558789797127246857e-02
2.759925089776515961e-02
9.817741811275482178e-03
1.288059353828430176e-02
-5.596529808826744556e-04
-4.977889824658632278e-03
7.055557332932949066e-03
2.078292891383171082e-02
-7.874713838100433350e-02
-5.627688765525817871e-02
-2.200239337980747223e-02
1.669484563171863556e-02
6.161615997552871704e-02
1.071524843573570251e-01
1.459706127643585205e-01
1.875498592853546143e-01
1.983701884746551514e-01
1.961847841739654541e-01
1.782095879316329956e-01
1.213484257459640503e-01
5.945731699466705322e-02
1.011487189680337906e-02
-2.790999785065650940e-02
-3.369276970624923706e-02
-2.862942405045032501e-02
-1.223355624824762344e-02
1.517351833172142506e-03
2.564442344009876251e-02
3.235134854912757874e-02
2.791281789541244507e-02
3.751893714070320129e-02
2.047977410256862640e-02
4.595944192260503769e-03
-2.315294370055198669e-02
-2.794591709971427917e-02
-4.257769882678985596e-02
-3.975557163357734680e-02
-1.580994203686714172e-02
2.133264439180493355e-03
-4.709746688604354858e-02
-3.374959155917167664e-02
-1.037310902029275894e-02
3.142413124442100525e-02
6.921046227216720581e-02
9.874375164508819580e-02
1.174054518342018127e-01
1.407312601804733276e-01
1.453487277030944824e-01
1.453752368688583374e-01
1.154021471738815308e-01
7.673034816980361938e-02
4.361549764871597290e-02
2.325669163838028908e-03
-1.923402026295661926e-02
-2.649049833416938782e-02
-9.364432655274868011e-03
2.916313335299491882e-02
5.702023953199386597e-02
8.233419805765151978e-02
7.679508626461029053e-02
5.863694474101066589e-02
3.406758978962898254e-02
1.608269849384669214e-05
-3.519286960363388062e-02
-7.391232252120971680e-02
-7.826655358076095581e-02
-8.647379279136657715e-02
-7.410078495740890503e-02
-4.241241514682769775e-02
-9.141933172941207886e-03
-1.807767711579799652e-02
1.019921619445085526e-03
1.925243996083736420e-02
3.964098542928695679e-02
5.969109386205673218e-02
8.179572224617004395e-02
9.747599065303802490e-02
1.106989160180091858e-01
1.022173762321472168e-01
9.046778827905654907e-02
7.977556437253952026e-02
6.298325210809707642e-02
4.457367956638336182e-02
1.315250620245933533e-02
1.153442822396755219e-02
2.363434806466102600e-02
5.582921579480171204e-02
8.874797821044921875e-02
9.945504367351531982e-02
1.130368635058403015e-01
8.627550303936004639e-02
4.696378856897354126e-02
6.814718712121248245e-03
-2.935432456433773041e-02
-7.177994400262832642e-02
-1.079576164484024048e-01
-1.235474646091461182e-01
-1.322326511144638062e-01
-1.099499166011810303e-01
-5.642910674214363098e-02
-3.469792753458023071e-02
-2.102944068610668182e-02
1.036165282130241394e-02
3.399361670017242432e-02
4.165379703044891357e-02
5.350125953555107117e-02
7.207486778497695923e-02
8.093964308500289917e-02
8.573857694864273071e-02
7.853495329618453979e-02
6.242739409208297729e-02
6.195548176765441895e-02
3.778496757149696350e-02
3.811813145875930786e-02
3.948188573122024536e-02
5.871823430061340332e-02
7.556232064962387085e-02
1.174302175641059875e-01
1.277778744697570801e-01
1.206934973597526550e-01
1.087482571601867676e-01
8.773355185985565186e-02
6.139863282442092896e-02
3.171050921082496643e-02
-2.991259098052978516e-02
-1.043763533234596252e-01
-1.524183154106140137e-01
-1.834681332111358643e-01
-1.939861625432968140e-01
-1.688368171453475952e-01
-1.009178832173347473e-01
-7.597523182630538940e-02
-1.207418926060199738e-02
8.219113573431968689e-03
2.763391099870204926e-02
3.681977093219757080e-02
4.421127587556838989e-02
5.775632336735725403e-02
7.429879903793334961e-02
5.782981216907501221e-02
4.065562784671783447e-02
2.763560041785240173e-02
3.663195669651031494e-02
4.409751296043395996e-02
6.519872695207595825e-02
8.865386992692947388e-02
1.179890930652618408e-01
1.224171370267868042e-01
1.314114481210708618e-01
1.234198585152626038e-01
1.127407252788543701e-01
1.039048060774803162e-01
7.750911265611648560e-02
5.967655405402183533e-02
2.975715696811676025e-02
-9.445384144783020020e-03
-4.927866905927658081e-02
-1.396957039833068848e-01
-2.027068883180618286e-01
-2.477390021085739136e-01
-2.213121503591537476e-01
-1.585194021463394165e-01
-1.091723516583442688e-01
-1.601475663483142853e-02
2.257456362713128328e-04
2.403758279979228973e-02
4.355861991643905640e-02
4.731553792953491211e-02
5.211057141423225403e-02
5.105416476726531982e-02
3.556514531373977661e-02
4.861472407355904579e-04
-9.166367235593497753e-04
3.887474909424781799e-02
7.930609583854675293e-02
1.064055785536766052e-01
1.219233945012092590e-01
1.315833628177642822e-01
1.284841150045394897e-01
1.209465339779853821e-01
8.218233287334442139e-02
7.042448222637176514e-02
4.045522958040237427e-02
4.964858293533325195e-02
-9.999000000000000000e+03
-9.999000000000000000e+03
-9.999000000000000000e+03
-9.999000000000000000e+03
-9.999000000000000000e+03
-9.999000000000000000e+03
-1.908839046955108643e-01
-2.370788753032684326e-01
-1.883230656385421753e-01
-1.244086995720863342e-01
-3.201125562191009521e-02
-2.561600506305694580e-02
-6.063195411115884781e-03
8.537770248949527740e-03
2.716818824410438538e-02
1.047973055392503738e-02
1.548132859170436859e-02
5.037184339016675949e-03
-5.029258783906698227e-03
2.063426002860069275e-02
6.027332320809364319e-02
1.156731471419334412e-01
1.256863623857498169e-01
1.304772645235061646e-01
1.162135675549507141e-01
1.058251336216926575e-01
1.183047667145729065e-01
-9.999000000000000000e+03
-9.999000000000000000e+03
-9.999000000000000000e+03
-9.999000000000000000e+03
-9.999000000000000000e+03
-9.999000000000000000e+03
-9.999000000000000000e+03
-9.999000000000000000e+03
-9.999000000000000000e+03
-9.999000000000000000e+03
-1.507562994956970215e-01
-2.041800171136856079e-01
-1.994911432266235352e-01
-1.421140879392623901e-01
-5.841828137636184692e-02
-4.928304255008697510e-02
-2.981005981564521790e-02
-3.847401123493909836e-03
3.609372302889823914e-03
1.204854808747768402e-03
1.204690430313348770e-02
3.875178052112460136e-03
2.114316076040267944e-02
8.676700294017791748e-02
1.072647571563720703e-01
1.255281865596771240e-01
1.344832777976989746e-01
1.283721774816513062e-01
6.205924600362777710e-02
6.360240280628204346e-02
-9.999000000000000000e+03
-9.999000000000000000e+03
-9.999000000000000000e+03
-9.999000000000000000e+03
-9.999000000000000000e+03
-9.999000000000000000e+03
-9.999000000000000000e+03
-9.999000000000000000e+03
-9.999000000000000000e+03
-9.999000000000000000e+03
-9.999000000000000000e+03
-9.999000000000000000e+03
-1.251024305820465088e-01
-1.579250693321228027e-01
-1.014088317751884460e-01
-6.743539869785308838e-02
-6.470944732427597046e-02
-4.000759869813919067e-02
1.787706161849200726e-03
1.756687462329864502e-02
2.764181420207023621e-02
1.473858207464218140e-02
2.772159874439239502e-02
6.826098263263702393e-02
1.162743717432022095e-01
1.227444484829902649e-01
1.331401616334915161e-01
1.147498637437820435e-01
1.260507255792617798e-01
-9.999000000000000000e+03
-9.999000000000000000e+03
-9.999000000000000000e+03
-9.999000000000000000e+03
-9.999000000000000000e+03
-9.999000000000000000e+03
-9.999000000000000000e+03
-9.999000000000000000e+03
-9.999000000000000000e+03
-9.999000000000000000e+03
-9.999000000000000000e+03
-9.999000000000000000e+03
-9.999000000000000000e+03
-9.999000000000000000e+03
-9.999000000000000000e+03
-1.014609411358833313e-01
-7.383842021226882935e-02
-9.999000000000000000e+03
-6.225835904479026794e-02
-5.168863013386726379e-02
-1.699551194906234741e-02
1.762024872004985809e-02
2.969722077250480652e-02
1.524068415164947510e-02
6.792939454317092896e-02
1.193254292011260986e-01
1.173729673027992249e-01
1.204504594206809998e-01
1.204910948872566223e-01
8.914428204298019409e-02
-9.999000000000000000e+03
-9.999000000000000000e+03
-9.999000000000000000e+03
-9.999000000000000000e+03
-9.999000000000000000e+03
-9.999000000000000000e+03
-9.999000000000000000e+03
-9.999000000000000000e+03
-9.999000000000000000e+03
-9.999000000000000000e+03
-9.999000000000000000e+03
-9.999000000000000000e+03
-9.999000000000000000e+03
-9.999000000000000000e+03
-9.999000000000000000e+03
-9.999000000000000000e+03
-1.807403191924095154e-02
2.170772757381200790e-03
-9.999000000000000000e+03
-9.999000000000000000e+03
-6.596975773572921753e-02
-4.299461469054222107e-02
-4.621495958417654037e-03
1.918068341910839081e-02
5.760384723544120789e-02
9.489068388938903809e-02
1.168597787618637085e-01
1.033304780721664429e-01
9.261669218540191650e-02
4.247527569532394409e-02
-9.999000000000000000e+03
-9.999000000000000000e+03
-9.999000000000000000e+03
-9.999000000000000000e+03
-9.999000000000000000e+03
-9.999000000000000000e+03
-9.999000000000000000e+03
-9.999000000000000000e+03
-9.999000000000000000e+03
-9.999000000000000000e+03
-9.999000000000000000e+03
-9.999000000000000000e+03
-9.999000000000000000e+03
-9.999000000000000000e+03
-9.999000000000000000e+03
-9.999000000000000000e+03
-9.999000000000000000e+03
1.894703134894371033e-02
5.975102633237838745e-02
-9.999000000000000000e+03
-9.999000000000000000e+03
-4.492491483688354492e-02
-4.516643285751342773e-02
-2.009028196334838867e-02
2.590508759021759033e-02
9.708184748888015747e-02
1.115081608295440674e-01
1.128881052136421204e-01
9.613310545682907104e-02
7.434070855379104614e-02
5.812286958098411560e-02
-9.999000000000000000e+03
-9.999000000000000000e+03
-9.999000000000000000e+03
-9.999000000000000000e+03
-9.999000000000000000e+03
-9.999000000000000000e+03
-9.999000000000000000e+03
-9.999000000000000000e+03
-9.999000000000000000e+03
-9.999000000000000000e+03
-9.999000000000000000e+03
-9.999000000000000000e+03
-9.999000000000000000e+03
-9.999000000000000000e+03
-9.999000000000000000e+03
-9.999000000000000000e+03
-9.999000000000000000e+03
-9.999000000000000000e+03
-9.999000000000000000e+03
-9.999000000000000000e+03
-9.999000000000000000e+03
-2.774091437458992004e-02
-4.885631054639816284e-02
-2.524007670581340790e-02
3.300588577985763550e-02
7.337281852960586548e-02
1.005799621343612671e-01
1.186301782727241516e-01
1.062766015529632568e-01
6.935246288776397705e-02
4.915833100676536560e-02
-9.999000000000000000e+03
-9.999000000000000000e+03
-9.999000000000000000e+03
-9.999000000000000000e+03
-9.999000000000000000e+03
-9.999000000000000000e+03
-9.999000000000000000e+03
-9.999000000000000000e+03
-9.999000000000000000e+03
-9.999000000000000000e+03
-9.999000000000000000e+03
-9.999000000000000000e+03
-9.999000000000000000e+03
-9.999000000000000000e+03
-9.999000000000000000e+03
-9.999000000000000000e+03
-9.999000000000000000e+03
-9.999000000000000000e+03
-9.999000000000000000e+03
-9.999000000000000000e+03
-9.999000000000000000e+03
-9.999000000000000000e+03
-3.911659866571426392e-02
-3.934631496667861938e-02
1.892669871449470520e-02
1.374506019055843353e-02
4.893445968627929688e-02
1.056413650512695312e-01
1.340585649013519287e-01
8.202731609344482422e-02
-9.999000000000000000e+03
-9.999000000000000000e+03
-9.999000000000000000e+03
-9.999000000000000000e+03
-9.999000000000000000e+03
-9.999000000000000000e+03
-9.999000000000000000e+03
-9.999000000000000000e+03
-9.999000000000000000e+03
-9.999000000000000000e+03
-9.999000000000000000e+03
-9.999000000000000000e+03
-9.999000000000000000e+03
-9.999000000000000000e+03
-9.999000000000000000e+03
-9.999000000000000000e+03
-9.999000000000000000e+03
-9.999000000000000000e+03
-9.999000000000000000e+03
-9.999000000000000000e+03
-9.999000000000000000e+03
-9.999000000000000000e+03
-9.999000000000000000e+03
-3.662012889981269836e-02
-2.392033860087394714e-02
-2.177112922072410583e-02
-4.623547941446304321e-02
1.875962689518928528e-02
1.031014248728752136e-01
1.461222022771835327e-01
7.560481131076812744e-02
3.107495233416557312e-02
-9.999000000000000000e+03
-9.999000000000000000e+03
-9.999000000000000000e+03
-9.999000000000000000e+03
-9.999000000000000000e+03
-9.999000000000000000e+03
-9.999000000000000000e+03
-9.999000000000000000e+03
-9.999000000000000000e+03
-9.999000000000000000e+03
-9.999000000000000000e+03
-9.999000000000000000e+03
-9.999000000000000000e+03
-9.999000000000000000e+03
-9.999000000000000000e+03
-9.999000000000000000e+03
-9.999000000000000000e+03
-9.999000000000000000e+03
-9.999000000000000000e+03
-9.999000000000000000e+03
-9.999000000000000000e+03
-9.999000000000000000e+03
-9.999000000000000000e+03
-1.764599792659282684e-02
-3.047902509570121765e-02
-3.192346543073654175e-02
1.909468509256839752e-02
3.591348230838775635e-02
-1.655610650777816772e-02
6.591418292373418808e-03
6.530331820249557495e-02
-9.999000000000000000e+03
-9.999000000000000000e+03
-9.999000000000000000e+03
-9.999000000000000000e+03
-9.999000000000000000e+03
-9.999000000000000000e+03
-9.999000000000000000e+03
-9.999000000000000000e+03
-9.999000000000000000e+03
-9.999000000000000000e+03
-9.999000000000000000e+03
-9.999000000000000000e+03
-9.999000000000000000e+03
-9.999000000000000000e+03
-9.999000000000000000e+03
-9.999000000000000000e+03
-9.999000000000000000e+03
-9.999000000000000000e+03
-9.999000000000000000e+03
-9.999000000000000000e+03
-9.999000000000000000e+03
-9.999000000000000000e+03
-9.999000000000000000e+03
-1.193833351135253906e-02
-2.800406888127326965e-02
-3.761520981788635254e-02
-3.870425373315811157e-02
-1.180545687675476074e-01
-1.707414090633392334e-01
-1.158298328518867493e-01
-1.031174883246421814e-02
5.087909102439880371e-02
-9.999000000000000000e+03
-9.999000000000000000e+03
-9.999000000000000000e+03
-9.999000000000000000e+03
-9.999000000000000000e+03
-9.999000000000000000e+03
-9.999000000000000000e+03
-9.999000000000000000e+03
-9.999000000000000000e+03
-9.999000000000000000e+03
-9.999000000000000000e+03
-9.999000000000000000e+03
-9.999000000000000000e+03
-9.999000000000000000e+03
-9.999000000000000000e+03
-9.999000000000000000e+03
-9.999000000000000000e+03
-9.999000000000000000e+03
-9.999000000000000000e+03
-9.999000000000000000e+03
-9.999000000000000000e+03
-9.999000000000000000e+03
3.689166530966758728e-02
8.557680062949657440e-03
-1.017112843692302704e-02
-5.240976437926292419e-02
-1.063800975680351257e-01
-1.531815379858016968e-01
-1.171329990029335022e-01
-8.821466937661170959e-03
8.641569316387176514e-02
2.043972490355372429e-03
-5.173286795616149902e-02
-6.586209870874881744e-03
7.775989826768636703e-03
-9.999000000000000000e+03
-9.999000000000000000e+03
-9.999000000000000000e+03
-9.999000000000000000e+03
-9.999000000000000000e+03
-9.999000000000000000e+03
-9.999000000000000000e+03
-9.999000000000000000e+03
-9.999000000000000000e+03
-9.999000000000000000e+03
-9.999000000000000000e+03
-9.999000000000000000e+03
-9.999000000000000000e+03
-9.999000000000000000e+03
-9.999000000000000000e+03
-9.999000000000000000e+03
-9.999000000000000000e+03
5.406062677502632141e-02
6.386439502239227295e-02
6.132460013031959534e-02
1.889467984437942505e-02
-4.223882779479026794e-02
-8.487310260534286499e-02
-9.379687160253524780e-02
-8.177806437015533447e-02
-3.651638701558113098e-02
3.330666571855545044e-02
1.332543324679136276e-03
2.919653803110122681e-02
8.813368156552314758e-03
1.257610879838466644e-02
-9.999000000000000000e+03
-9.999000000000000000e+03
-9.999000000000000000e+03
-9.999000000000000000e+03
-9.999000000000000000e+03
-9.999000000000000000e+03
-9.999000000000000000e+03
-9.999000000000000000e+03
-9.999000000000000000e+03
-9.999000000000000000e+03
-9.999000000000000000e+03
-9.999000000000000000e+03
-9.999000000000000000e+03
-9.999000000000000000e+03
-9.999000000000000000e+03
7.997274398803710938e-02
6.682449579238891602e-02
5.913413316011428833e-02
7.460107654333114624e-02
5.412689223885536194e-02
9.784846566617488861e-03
-2.627035975456237793e-02
-5.235451459884643555e-02
-7.366175949573516846e-02
-7.479173690080642700e-02
-5.309025198221206665e-02
-5.168807692825794220e-04
6.070434674620628357e-02
9.031467884778976440e-02
-9.999000000000000000e+03
-9.999000000000000000e+03
-9.999000000000000000e+03
-9.999000000000000000e+03
-9.999000000000000000e+03
-9.999000000000000000e+03
-9.999000000000000000e+03
-9.999000000000000000e+03
-9.999000000000000000e+03
-9.999000000000000000e+03
-9.999000000000000000e+03
-9.999000000000000000e+03
-9.999000000000000000e+03
-9.999000000000000000e+03
-9.999000000000000000e+03
-9.999000000000000000e+03
6.100927293300628662e-02
9.092470258474349976e-02
1.022458896040916443e-01
7.846599072217941284e-02
5.926479771733283997e-02
2.974720299243927002e-02
-8.876804262399673462e-03
-1.254878472536802292e-02
-1.833057589828968048e-02
-3.506951779127120972e-02
-6.102234870195388794e-02
-6.906739622354507446e-02
-2.055486105382442474e-02
9.735341370105743408e-02
-9.999000000000000000e+03
-9.999000000000000000e+03
-9.999000000000000000e+03
-9.999000000000000000e+03
-9.999000000000000000e+03
-9.999000000000000000e+03
-9.999000000000000000e+03
-9.999000000000000000e+03
-9.999000000000000000e+03
-9.999000000000000000e+03
-9.999000000000000000e+03
-9.999000000000000000e+03
-9.999000000000000000e+03
-9.999000000000000000e+03
-9.999000000000000000e+03
-9.999000000000000000e+03
-9.999000000000000000e+03
9.106450527906417847e-02
9.004352986812591553e-02
1.162380874156951904e-01
6.822649389505386353e-02
1.992200501263141632e-02
-1.129306200891733170e-02
-3.190919011831283569e-02
-2.620028145611286163e-02
1.208256217068992555e-04
-1.503672543913125992e-02
-4.017545282840728760e-02
-5.225844308733940125e-02
-4.877068568021059036e-03
7.450304180383682251e-02
-9.999000000000000000e+03
-9.999000000000000000e+03
-9.999000000000000000e+03
-9.999000000000000000e+03
-9.999000000000000000e+03
-9.999000000000000000e+03
-9.999000000000000000e+03
-9.999000000000000000e+03
-9.999000000000000000e+03
-9.999000000000000000e+03
-9.999000000000000000e+03
-9.999000000000000000e+03
-9.999000000000000000e+03
-9.999000000000000000e+03
-9.999000000000000000e+03
-9.999000000000000000e+03
-9.999000000000000000e+03
1.024593934416770935e-01
1.246377602219581604e-01
1.139272451400756836e-01
6.495308876037597656e-02
6.380858365446329117e-03
-4.878311976790428162e-02
-6.553081423044204712e-02
-3.477409109473228455e-02
-1.429449114948511124e-02
-2.444476075470447540e-02
-4.936965554952621460e-02
-5.004730820655822754e-02
4.469223320484161377e-03
-9.999000000000000000e+03
-9.999000000000000000e+03
-9.999000000000000000e+03
-9.999000000000000000e+03
-9.999000000000000000e+03
-9.999000000000000000e+03
-9.999000000000000000e+03
-9.999000000000000000e+03
-9.999000000000000000e+03
-9.999000000000000000e+03
-9.999000000000000000e+03
-9.999000000000000000e+03
-9.999000000000000000e+03
-9.999000000000000000e+03
-9.999000000000000000e+03
-9.999000000000000000e+03
-9.999000000000000000e+03
-9.999000000000000000e+03
1.106221005320549011e-01
1.246086359024047852e-01
8.697484433650970459e-02
3.867205977439880371e-02
-2.480602823197841644e-02
-6.973178684711456299e-02
-7.920450717210769653e-02
-4.994182288646697998e-02
-3.103014826774597168e-02
-3.245761990547180176e-02
-3.745833039283752441e-02
-3.873120620846748352e-02
-9.999000000000000000e+03
-9.999000000000000000e+03
-9.999000000000000000e+03
-9.999000000000000000e+03
-9.999000000000000000e+03
-9.999000000000000000e+03
-9.999000000000000000e+03
-9.999000000000000000e+03
-9.999000000000000000e+03
-9.999000000000000000e+03
-9.999000000000000000e+03
-9.999000000000000000e+03
-9.999000000000000000e+03
-9.999000000000000000e+03
-9.999000000000000000e+03
-9.999000000000000000e+03
-9.999000000000000000e+03
-9.999000000000000000e+03
-9.999000000000000000e+03
9.495866298675537109e-02
9.588245302438735962e-02
7.040239125490188599e-02
2.776025049388408661e-02
-7.086517661809921265e-02
-7.660379260778427124e-02
-5.758156627416610718e-02
-3.601311892271041870e-02
-3.461333736777305603e-02
-3.088832646608352661e-02
-9.999000000000000000e+03
-9.999000000000000000e+03
-9.999000000000000000e+03
-9.999000000000000000e+03
-9.999000000000000000e+03
-9.999000000000000000e+03
-9.999000000000000000e+03
-9.999000000000000000e+03
-9.999000000000000000e+03
-9.999000000000000000e+03
-9.999000000000000000e+03
-9.999000000000000000e+03
-9.999000000000000000e+03
-9.999000000000000000e+03
-9.999000000000000000e+03
-9.999000000000000000e+03
-9.999000000000000000e+03
-9.999000000000000000e+03
-9.999000000000000000e+03
-9.999000000000000000e+03
-9.999000000000000000e+03
7.359521090984344482e-02
6.103486195206642151e-02
3.691199794411659241e-02
-2.236434817314147949e-02
-6.021914631128311157e-02
-5.555740371346473694e-02
-9.999000000000000000e+03
-9.999000000000000000e+03
-9.999000000000000000e+03
-9.999000000000000000e+03
-9.999000000000000000e+03
-9.999000000000000000e+03
-9.999000000000000000e+03
-9.999000000000000000e+03
-9.999000000000000000e+03
-9.999000000000000000e+03
-9.999000000000000000e+03
-9.999000000000000000e+03
-9.999000000000000000e+03
-9.999000000000000000e+03
-9.999000000000000000e+03
-9.999000000000000000e+03
-9.999000000000000000e+03
-9.999000000000000000e+03
-9.999000000000000000e+03
-9.999000000000000000e+03
-9.999000000000000000e+03
-9.999000000000000000e+03
-9.999000000000000000e+03
-9.999000000000000000e+03
-9.999000000000000000e+03
2.505678683519363403e-02
2.819196693599224091e-02
2.184556052088737488e-02
-9.999000000000000000e+03
-9.999000000000000000e+03
-9.999000000000000000e+03
-9.999000000000000000e+03
-9.999000000000000000e+03
-9.999000000000000000e+03
-9.999000000000000000e+03
-9.999000000000000000e+03
-9.999000000000000000e+03
-9.999000000000000000e+03
-9.999000000000000000e+03
-9.999000000000000000e+03
-9.999000000000000000e+03
-9.999000000000000000e+03
-9.999000000000000000e+03
-9.999000000000000000e+03
-9.999000000000000000e+03
-9.999000000000000000e+03
-9.999000000000000000e+03
-9.999000000000000000e+03
-9.999000000000000000e+03
-9.999000000000000000e+03
-9.999000000000000000e+03
-9.999000000000000000e+03
-9.999000000000000000e+03
-9.999000000000000000e+03
-9.999000000000000000e+03
-9.999000000000000000e+03
