1.181229203939437866e-02
1.229117438197135925e-02
1.347921416163444519e-02
1.412168052047491074e-02
1.311256736516952515e-02
1.317907031625509262e-02
1.222329400479793549e-02
1.106218528002500534e-02
1.082610152661800385e-02
8.765153586864471436e-03
3.467001020908355713e-03
0.000000000000000000e+00
0.000000000000000000e+00
0.000000000000000000e+00
0.000000000000000000e+00
0.000000000000000000e+00
0.000000000000000000e+00
0.000000000000000000e+00
0.000000000000000000e+00
0.000000000000000000e+00
0.000000000000000000e+00
0.000000000000000000e+00
0.000000000000000000e+00
-2.134852111339569092e-04
-1.261912286281585693e-03
-1.961357891559600830e-03
-3.435827791690826416e-03
-4.095464944839477539e-03
-5.862265825271606445e-03
-7.200106978416442871e-03
-8.215159177780151367e-03
1.643482036888599396e-02
1.639671809971332550e-02
1.699209585785865784e-02
1.736020296812057495e-02
1.646541245281696320e-02
1.661454886198043823e-02
1.587383821606636047e-02
1.435200870037078857e-02
1.390826702117919922e-02
1.225843187421560287e-02
1.060144323855638504e-02
6.235047243535518646e-03
0.000000000000000000e+00
0.000000000000000000e+00
0.000000000000000000e+00
0.000000000000000000e+00
0.000000000000000000e+00
0.000000000000000000e+00
0.000000000000000000e+00
0.000000000000000000e+00
0.000000000000000000e+00
2.301733940839767456e-03
2.583041787147521973e-03
1.259163022041320801e-03
1.112930476665496826e-03
5.243048071861267090e-04
-9.073168039321899414e-04
-1.455388963222503662e-03
-2.563230693340301514e-03
-4.467993974685668945e-03
-5.421891808509826660e-03
2.002509310841560364e-02
2.015072479844093323e-02
2.068328112363815308e-02
2.088100463151931763e-02
1.972791552543640137e-02
1.950623095035552979e-02
1.867482811212539673e-02
1.731672137975692749e-02
1.699503883719444275e-02
1.539928093552589417e-02
1.363325864076614380e-02
1.009089685976505280e-02
0.000000000000000000e+00
0.000000000000000000e+00
0.000000000000000000e+00
0.000000000000000000e+00
0.000000000000000000e+00
0.000000000000000000e+00
0.000000000000000000e+00
5.053780972957611084e-03
4.660554230213165283e-03
5.146875977516174316e-03
5.182124674320220947e-03
4.240654408931732178e-03
3.868974745273590088e-03
3.277201205492019653e-03
1.879326999187469482e-03
1.415796577930450439e-03
1.446157693862915039e-05
-1.581296324729919434e-03
-2.138607203960418701e-03
2.358298748731613159e-02
2.339082956314086914e-02
2.351540327072143555e-02
2.359729260206222534e-02
2.259397506713867188e-02
2.225379645824432373e-02
2.152030169963836670e-02
2.003624290227890015e-02
1.942491531372070312e-02
1.786370947957038879e-02
1.687807217240333557e-02
1.560702174901962280e-02
1.503554265946149826e-02
0.000000000000000000e+00
0.000000000000000000e+00
0.000000000000000000e+00
6.531365215778350830e-03
8.355572819709777832e-03
8.786976337432861328e-03
8.886605501174926758e-03
8.424833416938781738e-03
7.769674062728881836e-03
7.656257599592208862e-03
6.609277799725532532e-03
6.383115891367197037e-03
6.047863513231277466e-03
4.657613579183816910e-03
4.243564791977405548e-03
3.349434584379196167e-03
1.762200146913528442e-03
1.291982829570770264e-03
2.659647166728973389e-02
2.630838751792907715e-02
2.615147829055786133e-02
2.594888210296630859e-02
2.491039037704467773e-02
2.433745563030242920e-02
2.353202551603317261e-02
2.217109501361846924e-02
2.153152227401733398e-02
2.045258879661560059e-02
1.893587037920951843e-02
1.818611845374107361e-02
1.751089096069335938e-02
1.684145256876945496e-02
1.361251622438430786e-02
1.235695928335189819e-02
1.237813383340835571e-02
1.209354400634765625e-02
1.117310672998428345e-02
1.101689785718917847e-02
1.023676618933677673e-02
9.910658001899719238e-03
9.890653192996978760e-03
8.905991911888122559e-03
8.677154779434204102e-03
8.379124104976654053e-03
7.229603826999664307e-03
6.925437599420547485e-03
6.285529583692550659e-03
4.977893084287643433e-03
4.816710948944091797e-03
2.853662520647048950e-02
2.806264907121658325e-02
2.790356427431106567e-02
2.754136919975280762e-02
2.643732726573944092e-02
2.568577975034713745e-02
2.486346662044525146e-02
2.367875725030899048e-02
2.298706769943237305e-02
2.173613756895065308e-02
2.041533589363098145e-02
1.940245926380157471e-02
1.798951625823974609e-02
1.692921668291091919e-02
1.597686856985092163e-02
1.479619368910789490e-02
1.422520726919174194e-02
1.361298747360706329e-02
1.278554461896419525e-02
1.256542652845382690e-02
1.211426407098770142e-02
1.153936982154846191e-02
1.141552627086639404e-02
1.072399318218231201e-02
1.051028072834014893e-02
1.030205935239791870e-02
9.345233440399169922e-03
9.172011166810989380e-03
8.820755407214164734e-03
7.951849140226840973e-03
8.026145398616790771e-03
2.990739047527313232e-02
2.937527000904083252e-02
2.872277796268463135e-02
2.810233831405639648e-02
2.724976837635040283e-02
2.655068784952163696e-02
2.559208869934082031e-02
2.439623326063156128e-02
2.346926182508468628e-02
2.242492511868476868e-02
2.118902653455734253e-02
2.018632739782333374e-02
1.878856867551803589e-02
1.767294667661190033e-02
1.674492470920085907e-02
1.566463522613048553e-02
1.502356305718421936e-02
1.443416625261306763e-02
1.379552483558654785e-02
1.345719397068023682e-02
1.298417150974273682e-02
1.252476871013641357e-02
1.227205991744995117e-02
1.185420155525207520e-02
1.159739494323730469e-02
1.151189208030700684e-02
1.095154136419296265e-02
1.100431382656097412e-02
1.105386391282081604e-02
1.058828737586736679e-02
1.091380696743726730e-02
3.008858114480972290e-02
2.948025614023208618e-02
2.882462739944458008e-02
2.788410335779190063e-02
2.701405435800552368e-02
2.621322125196456909e-02
2.530896663665771484e-02
2.456216514110565186e-02
2.362035214900970459e-02
2.234281599521636963e-02
2.107918635010719299e-02
1.986089907586574554e-02
1.882285438477993011e-02
1.776464283466339111e-02
1.686097308993339539e-02
1.599682867527008057e-02
1.527111232280731201e-02
1.451407372951507568e-02
1.395255327224731445e-02
1.348794996738433838e-02
1.304969191551208496e-02
1.279796659946441650e-02
1.232391595840454102e-02
1.177117228507995605e-02
1.175501942634582520e-02
1.315212249755859375e-02
1.209058612585067749e-02
1.202104240655899048e-02
1.234036684036254883e-02
1.249126717448234558e-02
1.337506249547004700e-02
2.903052419424057007e-02
2.823652327060699463e-02
2.770969271659851074e-02
2.674509584903717041e-02
2.624251693487167358e-02
2.540205419063568115e-02
2.420100569725036621e-02
2.339115738868713379e-02
2.239417284727096558e-02
2.127298712730407715e-02
2.053547091782093048e-02
1.927309483289718628e-02
1.801539212465286255e-02
1.697409898042678833e-02
1.591052114963531494e-02
1.534280180931091309e-02
1.460574567317962646e-02
1.356412470340728760e-02
1.354417204856872559e-02
1.287740468978881836e-02
1.176354289054870605e-02
1.114879548549652100e-02
8.738227188587188721e-03
8.724808692932128906e-03
6.664648652076721191e-03
1.064322143793106079e-02
1.108700037002563477e-02
1.256565749645233154e-02
1.323621720075607300e-02
1.388702541589736938e-02
1.489271223545074463e-02
2.738083899021148682e-02
2.623657137155532837e-02
2.565979957580566406e-02
2.434951439499855042e-02
2.395177260041236877e-02
2.334573492407798767e-02
2.229230105876922607e-02
2.199267968535423279e-02
2.082147449254989624e-02
1.937155053019523621e-02
1.847681030631065369e-02
1.730530709028244019e-02
1.646760106086730957e-02
1.578374207019805908e-02
1.461285352706909180e-02
1.355314254760742188e-02
1.278591156005859375e-02
9.344018995761871338e-03
1.175799965858459473e-02
1.020479947328567505e-02
8.449234068393707275e-03
0.000000000000000000e+00
0.000000000000000000e+00
0.000000000000000000e+00
0.000000000000000000e+00
0.000000000000000000e+00
0.000000000000000000e+00
1.391620934009552002e-02
1.289856433868408203e-02
1.455621421337127686e-02
1.612538099288940430e-02
2.387361228466033936e-02
2.284129709005355835e-02
2.278809621930122375e-02
2.157689258456230164e-02
2.123156189918518066e-02
2.052661776542663574e-02
1.924482360482215881e-02
1.922863721847534180e-02
1.809230074286460876e-02
1.679095998406410217e-02
1.654886454343795776e-02
1.503989100456237793e-02
1.378042995929718018e-02
1.321002840995788574e-02
1.179786026477813721e-02
9.561821818351745605e-03
6.065525114536285400e-03
0.000000000000000000e+00
0.000000000000000000e+00
0.000000000000000000e+00
0.000000000000000000e+00
0.000000000000000000e+00
0.000000000000000000e+00
0.000000000000000000e+00
0.000000000000000000e+00
0.000000000000000000e+00
0.000000000000000000e+00
7.404372096061706543e-03
1.091808825731277466e-02
1.420295238494873047e-02
1.588232815265655518e-02
2.025873214006423950e-02
1.847022026777267456e-02
1.831104606389999390e-02
1.701102033257484436e-02
1.701782271265983582e-02
1.689571700990200043e-02
1.590172201395034790e-02
1.585657894611358643e-02
1.464210450649261475e-02
1.324705034494400024e-02
1.314647495746612549e-02
1.181806623935699463e-02
9.610712528228759766e-03
9.977042675018310547e-03
6.151862442493438721e-03
6.449073553085327148e-03
0.000000000000000000e+00
0.000000000000000000e+00
0.000000000000000000e+00
0.000000000000000000e+00
0.000000000000000000e+00
0.000000000000000000e+00
0.000000000000000000e+00
0.000000000000000000e+00
0.000000000000000000e+00
0.000000000000000000e+00
0.000000000000000000e+00
0.000000000000000000e+00
6.972678005695343018e-03
1.313214749097824097e-02
1.566416025161743164e-02
1.276126503944396973e-02
1.258499175310134888e-02
1.412054151296615601e-02
1.258097589015960693e-02
1.217446848750114441e-02
1.205046474933624268e-02
1.092652603983879089e-02
1.145724952220916748e-02
1.074810326099395752e-02
9.606234729290008545e-03
9.193874895572662354e-03
7.811114192008972168e-03
4.283517599105834961e-03
3.656864166259765625e-03
0.000000000000000000e+00
0.000000000000000000e+00
0.000000000000000000e+00
0.000000000000000000e+00
0.000000000000000000e+00
0.000000000000000000e+00
0.000000000000000000e+00
0.000000000000000000e+00
0.000000000000000000e+00
0.000000000000000000e+00
0.000000000000000000e+00
0.000000000000000000e+00
0.000000000000000000e+00
0.000000000000000000e+00
0.000000000000000000e+00
1.026386022567749023e-02
1.373126357793807983e-02
0.000000000000000000e+00
5.803562700748443604e-03
8.279226720333099365e-03
7.245831191539764404e-03
7.245019078254699707e-03
7.526509463787078857e-03
6.160564720630645752e-03
6.494104862213134766e-03
5.782887339591979980e-03
4.816688597202301025e-03
3.470562398433685303e-03
1.660734415054321289e-05
3.092780709266662598e-03
0.000000000000000000e+00
0.000000000000000000e+00
0.000000000000000000e+00
0.000000000000000000e+00
0.000000000000000000e+00
0.000000000000000000e+00
0.000000000000000000e+00
0.000000000000000000e+00
0.000000000000000000e+00
0.000000000000000000e+00
0.000000000000000000e+00
0.000000000000000000e+00
0.000000000000000000e+00
0.000000000000000000e+00
0.000000000000000000e+00
0.000000000000000000e+00
7.420342415571212769e-03
1.135552674531936646e-02
0.000000000000000000e+00
0.000000000000000000e+00
3.223225474357604980e-03
1.620471477508544922e-03
1.006938517093658447e-03
1.820258796215057373e-03
8.188113570213317871e-04
1.522451639175415039e-03
1.263350248336791992e-03
1.134574413299560547e-04
-5.862861871719360352e-05
-5.875732749700546265e-04
0.000000000000000000e+00
0.000000000000000000e+00
0.000000000000000000e+00
0.000000000000000000e+00
0.000000000000000000e+00
0.000000000000000000e+00
0.000000000000000000e+00
0.000000000000000000e+00
0.000000000000000000e+00
0.000000000000000000e+00
0.000000000000000000e+00
0.000000000000000000e+00
0.000000000000000000e+00
0.000000000000000000e+00
0.000000000000000000e+00
0.000000000000000000e+00
0.000000000000000000e+00
3.695442341268062592e-03
8.336097002029418945e-03
0.000000000000000000e+00
0.000000000000000000e+00
-1.358099281787872314e-03
-3.325536847114562988e-03
-3.819670528173446655e-03
-3.330286592245101929e-03
-4.774235188961029053e-03
-4.608981311321258545e-03
-4.392042756080627441e-03
-5.122117698192596436e-03
-5.058132112026214600e-03
-6.977939978241920471e-03
0.000000000000000000e+00
0.000000000000000000e+00
0.000000000000000000e+00
0.000000000000000000e+00
0.000000000000000000e+00
0.000000000000000000e+00
0.000000000000000000e+00
0.000000000000000000e+00
0.000000000000000000e+00
0.000000000000000000e+00
0.000000000000000000e+00
0.000000000000000000e+00
0.000000000000000000e+00
0.000000000000000000e+00
0.000000000000000000e+00
0.000000000000000000e+00
0.000000000000000000e+00
0.000000000000000000e+00
0.000000000000000000e+00
0.000000000000000000e+00
0.000000000000000000e+00
-4.094600677490234375e-03
-8.964605629444122314e-03
-1.004516147077083588e-02
-9.051465429365634918e-03
-9.861962869763374329e-03
-8.937917649745941162e-03
-9.136214852333068848e-03
-1.029703021049499512e-02
-9.972706437110900879e-03
-9.101442992687225342e-03
0.000000000000000000e+00
0.000000000000000000e+00
0.000000000000000000e+00
0.000000000000000000e+00
0.000000000000000000e+00
0.000000000000000000e+00
0.000000000000000000e+00
0.000000000000000000e+00
0.000000000000000000e+00
0.000000000000000000e+00
0.000000000000000000e+00
0.000000000000000000e+00
0.000000000000000000e+00
0.000000000000000000e+00
0.000000000000000000e+00
0.000000000000000000e+00
0.000000000000000000e+00
0.000000000000000000e+00
0.000000000000000000e+00
0.000000000000000000e+00
0.000000000000000000e+00
0.000000000000000000e+00
-8.613688871264457703e-03
-1.388527825474739075e-02
-1.423458009958267212e-02
-1.536209322512149811e-02
-1.517373509705066681e-02
-1.447914633899927139e-02
-1.509792171418666840e-02
-1.295303553342819214e-02
0.000000000000000000e+00
0.000000000000000000e+00
0.000000000000000000e+00
0.000000000000000000e+00
0.000000000000000000e+00
0.000000000000000000e+00
0.000000000000000000e+00
0.000000000000000000e+00
0.000000000000000000e+00
0.000000000000000000e+00
0.000000000000000000e+00
0.000000000000000000e+00
0.000000000000000000e+00
0.000000000000000000e+00
0.000000000000000000e+00
0.000000000000000000e+00
0.000000000000000000e+00
0.000000000000000000e+00
0.000000000000000000e+00
0.000000000000000000e+00
0.000000000000000000e+00
0.000000000000000000e+00
0.000000000000000000e+00
-1.062351465225219727e-02
-1.712175458669662476e-02
-1.826557889580726624e-02
-1.842477917671203613e-02
-1.734504848718643188e-02
-1.913424953818321228e-02
-2.030478417873382568e-02
-1.839271187782287598e-02
-1.469527930021286011e-02
0.000000000000000000e+00
0.000000000000000000e+00
0.000000000000000000e+00
0.000000000000000000e+00
0.000000000000000000e+00
0.000000000000000000e+00
0.000000000000000000e+00
0.000000000000000000e+00
0.000000000000000000e+00
0.000000000000000000e+00
0.000000000000000000e+00
0.000000000000000000e+00
0.000000000000000000e+00
0.000000000000000000e+00
0.000000000000000000e+00
0.000000000000000000e+00
0.000000000000000000e+00
0.000000000000000000e+00
0.000000000000000000e+00
0.000000000000000000e+00
0.000000000000000000e+00
0.000000000000000000e+00
0.000000000000000000e+00
-1.545778289437294006e-02
-1.907499134540557861e-02
-1.935377344489097595e-02
-2.049070224165916443e-02
-2.329720556735992432e-02
-2.468595653772354126e-02
-2.293759584426879883e-02
-1.268357038497924805e-02
0.000000000000000000e+00
0.000000000000000000e+00
0.000000000000000000e+00
0.000000000000000000e+00
0.000000000000000000e+00
0.000000000000000000e+00
0.000000000000000000e+00
0.000000000000000000e+00
0.000000000000000000e+00
0.000000000000000000e+00
0.000000000000000000e+00
0.000000000000000000e+00
0.000000000000000000e+00
0.000000000000000000e+00
0.000000000000000000e+00
0.000000000000000000e+00
0.000000000000000000e+00
0.000000000000000000e+00
0.000000000000000000e+00
0.000000000000000000e+00
0.000000000000000000e+00
0.000000000000000000e+00
0.000000000000000000e+00
-1.954929530620574951e-02
-2.465304732322692871e-02
-2.347346022725105286e-02
-2.706656605005264282e-02
-2.810315787792205811e-02
-2.944926917552947998e-02
-2.910053543746471405e-02
-2.614840120077133179e-02
-2.402994781732559204e-02
0.000000000000000000e+00
0.000000000000000000e+00
0.000000000000000000e+00
0.000000000000000000e+00
0.000000000000000000e+00
0.000000000000000000e+00
0.000000000000000000e+00
0.000000000000000000e+00
0.000000000000000000e+00
0.000000000000000000e+00
0.000000000000000000e+00
0.000000000000000000e+00
0.000000000000000000e+00
0.000000000000000000e+00
0.000000000000000000e+00
0.000000000000000000e+00
0.000000000000000000e+00
0.000000000000000000e+00
0.000000000000000000e+00
0.000000000000000000e+00
0.000000000000000000e+00
0.000000000000000000e+00
-2.246960811316967010e-02
-2.966105192899703979e-02
-3.200409561395645142e-02
-3.279323875904083252e-02
-3.229819238185882568e-02
-3.310973942279815674e-02
-3.314893692731857300e-02
-3.287760168313980103e-02
-3.206387907266616821e-02
-2.870007604360580444e-02
-2.727951481938362122e-02
-2.668251655995845795e-02
-1.971387863159179688e-02
0.000000000000000000e+00
0.000000000000000000e+00
0.000000000000000000e+00
0.000000000000000000e+00
0.000000000000000000e+00
0.000000000000000000e+00
0.000000000000000000e+00
0.000000000000000000e+00
0.000000000000000000e+00
0.000000000000000000e+00
0.000000000000000000e+00
0.000000000000000000e+00
0.000000000000000000e+00
0.000000000000000000e+00
0.000000000000000000e+00
0.000000000000000000e+00
0.000000000000000000e+00
-2.448120340704917908e-02
-2.798993512988090515e-02
-3.443643078207969666e-02
-3.575956076383590698e-02
-3.635524958372116089e-02
-3.614389523863792419e-02
-3.675663471221923828e-02
-3.670232743024826050e-02
-3.635669872164726257e-02
-3.673695027828216553e-02
-3.482632339000701904e-02
-3.425230830907821655e-02
-2.382338978350162506e-02
-2.268607541918754578e-02
0.000000000000000000e+00
0.000000000000000000e+00
0.000000000000000000e+00
0.000000000000000000e+00
0.000000000000000000e+00
0.000000000000000000e+00
0.000000000000000000e+00
0.000000000000000000e+00
0.000000000000000000e+00
0.000000000000000000e+00
0.000000000000000000e+00
0.000000000000000000e+00
0.000000000000000000e+00
0.000000000000000000e+00
0.000000000000000000e+00
-2.268294990062713623e-02
-2.257149666547775269e-02
-3.595399856567382812e-02
-3.716527670621871948e-02
-3.791297972202301025e-02
-3.856750205159187317e-02
-3.918633237481117249e-02
-3.884921222925186157e-02
-3.974039480090141296e-02
-3.989023715257644653e-02
-3.925439715385437012e-02
-3.914370760321617126e-02
-3.355638682842254639e-02
-2.724638208746910095e-02
0.000000000000000000e+00
0.000000000000000000e+00
0.000000000000000000e+00
0.000000000000000000e+00
0.000000000000000000e+00
0.000000000000000000e+00
0.000000000000000000e+00
0.000000000000000000e+00
0.000000000000000000e+00
0.000000000000000000e+00
0.000000000000000000e+00
0.000000000000000000e+00
0.000000000000000000e+00
0.000000000000000000e+00
0.000000000000000000e+00
0.000000000000000000e+00
-1.916233450174331665e-02
-3.130108863115310669e-02
-3.342712670564651489e-02
-3.842640668153762817e-02
-3.965976834297180176e-02
-4.025203734636306763e-02
-4.109712690114974976e-02
-4.173700511455535889e-02
-4.151121526956558228e-02
-4.195743426680564880e-02
-4.181948304176330566e-02
-4.125067219138145447e-02
-4.020140692591667175e-02
-2.976201847195625305e-02
0.000000000000000000e+00
0.000000000000000000e+00
0.000000000000000000e+00
0.000000000000000000e+00
0.000000000000000000e+00
0.000000000000000000e+00
0.000000000000000000e+00
0.000000000000000000e+00
0.000000000000000000e+00
0.000000000000000000e+00
0.000000000000000000e+00
0.000000000000000000e+00
0.000000000000000000e+00
0.000000000000000000e+00
0.000000000000000000e+00
0.000000000000000000e+00
0.000000000000000000e+00
-2.461976185441017151e-02
-3.517220914363861084e-02
-3.822459280490875244e-02
-4.014921188354492188e-02
-4.152836278080940247e-02
-4.211115464568138123e-02
-4.280169308185577393e-02
-4.336489737033843994e-02
-4.341721534729003906e-02
-4.374409466981887817e-02
-4.345067217946052551e-02
-4.252558946609497070e-02
-3.584443777799606323e-02
-2.905146777629852295e-02
0.000000000000000000e+00
0.000000000000000000e+00
0.000000000000000000e+00
0.000000000000000000e+00
0.000000000000000000e+00
0.000000000000000000e+00
0.000000000000000000e+00
0.000000000000000000e+00
0.000000000000000000e+00
0.000000000000000000e+00
0.000000000000000000e+00
0.000000000000000000e+00
0.000000000000000000e+00
0.000000000000000000e+00
0.000000000000000000e+00
0.000000000000000000e+00
0.000000000000000000e+00
-3.321418166160583496e-02
-3.666923940181732178e-02
-3.904130309820175171e-02
-4.068332165479660034e-02
-4.243385791778564453e-02
-4.351271316409111023e-02
-4.429170861840248108e-02
-4.475396871566772461e-02
-4.473805055022239685e-02
-4.468750953674316406e-02
-4.419955238699913025e-02
-4.191393405199050903e-02
-2.921796217560768127e-02
0.000000000000000000e+00
0.000000000000000000e+00
0.000000000000000000e+00
0.000000000000000000e+00
0.000000000000000000e+00
0.000000000000000000e+00
0.000000000000000000e+00
0.000000000000000000e+00
0.000000000000000000e+00
0.000000000000000000e+00
0.000000000000000000e+00
0.000000000000000000e+00
0.000000000000000000e+00
0.000000000000000000e+00
0.000000000000000000e+00
0.000000000000000000e+00
0.000000000000000000e+00
0.000000000000000000e+00
-3.395327553153038025e-02
-3.709068521857261658e-02
-3.981261327862739563e-02
-4.189680516719818115e-02
-4.333797097206115723e-02
-4.433839023113250732e-02
-4.500862210988998413e-02
-4.548346996307373047e-02
-4.427371919155120850e-02
-4.319711402058601379e-02
-3.409719094634056091e-02
-3.279092907905578613e-02
0.000000000000000000e+00
0.000000000000000000e+00
0.000000000000000000e+00
0.000000000000000000e+00
0.000000000000000000e+00
0.000000000000000000e+00
0.000000000000000000e+00
0.000000000000000000e+00
0.000000000000000000e+00
0.000000000000000000e+00
0.000000000000000000e+00
0.000000000000000000e+00
0.000000000000000000e+00
0.000000000000000000e+00
0.000000000000000000e+00
0.000000000000000000e+00
0.000000000000000000e+00
0.000000000000000000e+00
0.000000000000000000e+00
-3.422795236110687256e-02
-3.722129762172698975e-02
-3.981329500675201416e-02
-4.225275292992591858e-02
-4.399955272674560547e-02
-4.287910461425781250e-02
-4.231199622154235840e-02
-3.564232587814331055e-02
-3.593384474515914917e-02
-2.492053993046283722e-02
0.000000000000000000e+00
0.000000000000000000e+00
0.000000000000000000e+00
0.000000000000000000e+00
0.000000000000000000e+00
0.000000000000000000e+00
0.000000000000000000e+00
0.000000000000000000e+00
0.000000000000000000e+00
0.000000000000000000e+00
0.000000000000000000e+00
0.000000000000000000e+00
0.000000000000000000e+00
0.000000000000000000e+00
0.000000000000000000e+00
0.000000000000000000e+00
0.000000000000000000e+00
0.000000000000000000e+00
0.000000000000000000e+00
0.000000000000000000e+00
0.000000000000000000e+00
-3.339843824505805969e-02
-3.711215779185295105e-02
-3.541486710309982300e-02
-3.831836208701133728e-02
-3.633663058280944824e-02
-3.476813063025474548e-02
0.000000000000000000e+00
0.000000000000000000e+00
0.000000000000000000e+00
0.000000000000000000e+00
0.000000000000000000e+00
0.000000000000000000e+00
0.000000000000000000e+00
0.000000000000000000e+00
0.000000000000000000e+00
0.000000000000000000e+00
0.000000000000000000e+00
0.000000000000000000e+00
0.000000000000000000e+00
0.000000000000000000e+00
0.000000000000000000e+00
0.000000000000000000e+00
0.000000000000000000e+00
0.000000000000000000e+00
0.000000000000000000e+00
0.000000000000000000e+00
0.000000000000000000e+00
0.000000000000000000e+00
0.000000000000000000e+00
0.000000000000000000e+00
0.000000000000000000e+00
-2.514838613569736481e-02
-2.146104723215103149e-02
-2.959693223237991333e-02
0.000000000000000000e+00
0.000000000000000000e+00
0.000000000000000000e+00
0.000000000000000000e+00
0.000000000000000000e+00
0.000000000000000000e+00
0.000000000000000000e+00
0.000000000000000000e+00
0.000000000000000000e+00
0.000000000000000000e+00
0.000000000000000000e+00
0.000000000000000000e+00
0.000000000000000000e+00
0.000000000000000000e+00
0.000000000000000000e+00
0.000000000000000000e+00
0.000000000000000000e+00
0.000000000000000000e+00
0.000000000000000000e+00
0.000000000000000000e+00
0.000000000000000000e+00
0.000000000000000000e+00
0.000000000000000000e+00
0.000000000000000000e+00
0.000000000000000000e+00
0.000000000000000000e+00
0.000000000000000000e+00
0.000000000000000000e+00
