-1.208307817578315735e-01
-7.514707744121551514e-02
-3.265122696757316589e-02
3.392687812447547913e-02
1.050941348075866699e-01
1.666905730962753296e-01
2.193710654973983765e-01
2.535867393016815186e-01
2.752951383590698242e-01
2.955846786499023438e-01
2.918717563152313232e-01
-9.999000000000000000e+03
-9.999000000000000000e+03
-9.999000000000000000e+03
-9.999000000000000000e+03
-9.999000000000000000e+03
-9.999000000000000000e+03
-9.999000000000000000e+03
-9.999000000000000000e+03
-9.999000000000000000e+03
-9.999000000000000000e+03
-9.999000000000000000e+03
-9.999000000000000000e+03
2.082246541976928711e-02
-8.047030307352542877e-03
2.687174640595912933e-02
5.443497002124786377e-02
5.178965255618095398e-02
5.486248806118965149e-02
4.998061060905456543e-02
5.485006049275398254e-02
-9.923036396503448486e-02
-6.521477550268173218e-02
-2.359845675528049469e-02
3.360778838396072388e-02
1.117063760757446289e-01
1.806758642196655273e-01
2.300814092159271240e-01
2.576532065868377686e-01
2.683761417865753174e-01
2.822525203227996826e-01
2.795312404632568359e-01
1.576576828956604004e-01
-9.999000000000000000e+03
-9.999000000000000000e+03
-9.999000000000000000e+03
-9.999000000000000000e+03
-9.999000000000000000e+03
-9.999000000000000000e+03
-9.999000000000000000e+03
-9.999000000000000000e+03
-9.999000000000000000e+03
-7.499214261770248413e-03
1.440368476323783398e-03
1.638043299317359924e-02
8.544457145035266876e-03
2.838114276528358459e-02
3.499269112944602966e-02
3.918446227908134460e-02
4.039878025650978088e-02
4.846478998661041260e-02
5.890901759266853333e-02
-9.570772200822830200e-02
-4.528797417879104614e-02
1.113628968596458435e-03
6.448986381292343140e-02
1.284903138875961304e-01
1.857988238334655762e-01
2.277237921953201294e-01
2.532256841659545898e-01
2.587283253669738770e-01
2.601163387298583984e-01
2.410681396722793579e-01
1.601905375719070435e-01
-9.999000000000000000e+03
-9.999000000000000000e+03
-9.999000000000000000e+03
-9.999000000000000000e+03
-9.999000000000000000e+03
-9.999000000000000000e+03
-9.999000000000000000e+03
-4.706072434782981873e-02
-3.089339099824428558e-02
-1.496037002652883530e-02
-8.783336728811264038e-03
1.126893609762191772e-02
3.220101818442344666e-02
3.523091599345207214e-02
2.619466558098793030e-02
1.311577577143907547e-02
2.103176899254322052e-02
3.673442080616950989e-02
3.198946267366409302e-02
-7.380463927984237671e-02
-2.477590553462505341e-02
1.581178046762943268e-02
7.267000526189804077e-02
1.444616317749023438e-01
2.013198286294937134e-01
2.275602817535400391e-01
2.436622977256774902e-01
2.408227026462554932e-01
2.374656498432159424e-01
2.225799262523651123e-01
1.614806950092315674e-01
7.603538781404495239e-02
-9.999000000000000000e+03
-9.999000000000000000e+03
-9.999000000000000000e+03
-4.939150437712669373e-02
-6.964053958654403687e-02
-7.929825037717819214e-02
-4.240438342094421387e-02
-1.351357065141201019e-02
3.397619351744651794e-03
2.231839112937450409e-02
2.559600956737995148e-02
3.700170293450355530e-02
2.809409797191619873e-02
3.921792376786470413e-03
-1.443249545991420746e-02
-2.506460435688495636e-02
-1.462185382843017578e-02
-1.297846622765064240e-02
-6.458899378776550293e-02
2.025091525865718722e-04
5.064244195818901062e-02
9.337622672319412231e-02
1.445671617984771729e-01
1.847406625747680664e-01
2.077261209487915039e-01
2.213990837335586548e-01
2.087896168231964111e-01
2.065869420766830444e-01
1.769987642765045166e-01
1.138339415192604065e-01
5.137652903795242310e-02
1.101509574800729752e-02
-3.375219181180000305e-02
-5.994831770658493042e-02
-6.696605682373046875e-02
-6.284134089946746826e-02
-5.148245394229888916e-02
-1.822820119559764862e-02
1.702012121677398682e-02
4.992568120360374451e-02
7.988497614860534668e-02
6.052506342530250549e-02
4.200952872633934021e-02
8.401577360928058624e-03
-1.937984675168991089e-02
-5.195610225200653076e-02
-7.245972752571105957e-02
-6.439045816659927368e-02
-5.769957974553108215e-02
-4.724774137139320374e-02
2.382686594501137733e-03
5.189362168312072754e-02
9.600254148244857788e-02
1.452012062072753906e-01
1.705463826656341553e-01
1.763117760419845581e-01
1.864699721336364746e-01
1.884416788816452026e-01
1.844287961721420288e-01
1.295825242996215820e-01
5.603643134236335754e-02
1.784829795360565186e-02
-1.657428406178951263e-02
-3.972005099058151245e-02
-5.242963135242462158e-02
-5.153118818998336792e-02
-2.400097437202930450e-02
-8.576666936278343201e-03
3.878212347626686096e-02
6.453816592693328857e-02
8.335788547992706299e-02
9.264238923788070679e-02
6.922449171543121338e-02
2.775003947317600250e-02
-2.896250598132610321e-02
-6.374701112508773804e-02
-9.838115423917770386e-02
-1.166117489337921143e-01
-1.104815974831581116e-01
-1.027529016137123108e-01
-2.435524016618728638e-02
2.291011437773704529e-02
6.913767009973526001e-02
1.028933376073837280e-01
1.323411166667938232e-01
1.514415442943572998e-01
1.630025357007980347e-01
1.755997240543365479e-01
1.764471977949142456e-01
1.389527618885040283e-01
8.916503936052322388e-02
3.821677342057228088e-02
5.130073986947536469e-03
-2.583679743111133575e-02
-2.058298327028751373e-02
-1.842319220304489136e-02
3.357701934874057770e-03
2.882721088826656342e-02
3.760023415088653564e-02
6.748314201831817627e-02
8.331415057182312012e-02
9.310515969991683960e-02
6.871855258941650391e-02
3.664330393075942993e-02
-1.054815482348203659e-02
-5.168638005852699280e-02
-9.046796709299087524e-02
-1.306212693452835083e-01
-1.493750363588333130e-01
-1.400917321443557739e-01
-1.248638331890106201e-01
-8.967283181846141815e-03
2.998697385191917419e-02
8.523526787757873535e-02
1.034354344010353088e-01
1.200623437762260437e-01
1.395134925842285156e-01
1.583099067211151123e-01
1.700008362531661987e-01
1.610571295022964478e-01
1.038318052887916565e-01
4.753909260034561157e-02
4.113059025257825851e-03
5.226450972259044647e-03
8.857875131070613861e-03
2.338663488626480103e-02
2.737919054925441742e-02
5.279200524091720581e-02
6.718846410512924194e-02
6.738130003213882446e-02
7.052182406187057495e-02
7.362537831068038940e-02
7.388708740472793579e-02
4.871605709195137024e-02
4.067661240696907043e-03
-4.673502966761589050e-02
-8.674776554107666016e-02
-1.189797893166542053e-01
-1.499962359666824341e-01
-1.672739535570144653e-01
-1.596817523241043091e-01
-1.446452587842941284e-01
1.184958964586257935e-02
4.938058555126190186e-02
7.868417352437973022e-02
8.374069631099700928e-02
1.019896194338798523e-01
1.223081424832344055e-01
1.512555629014968872e-01
1.431410461664199829e-01
1.155383661389350891e-01
7.098960876464843750e-02
3.669005259871482849e-02
1.328339613974094391e-02
3.807872533798217773e-02
5.710439011454582214e-02
6.733473390340805054e-02
6.776753813028335571e-02
7.389721274375915527e-02
6.841528415679931641e-02
6.022366508841514587e-02
5.892735719680786133e-02
5.535104870796203613e-02
4.930622130632400513e-02
2.846967987716197968e-02
2.485920209437608719e-03
-2.489231154322624207e-02
-8.122371882200241089e-02
-1.244225800037384033e-01
-1.710595637559890747e-01
-1.874954402446746826e-01
-1.785159260034561157e-01
-1.574389338493347168e-01
3.219328075647354126e-02
4.295485466718673706e-02
5.342100933194160461e-02
5.612888187170028687e-02
8.481356501579284668e-02
1.171771809458732605e-01
1.300293356180191040e-01
1.199027970433235168e-01
9.824413061141967773e-02
5.452362820506095886e-02
3.617659211158752441e-02
5.787849426269531250e-02
7.425191998481750488e-02
7.973672449588775635e-02
8.154223114252090454e-02
8.124662935733795166e-02
7.571262121200561523e-02
4.189245775341987610e-02
3.342946991324424744e-02
2.413273975253105164e-02
3.699664399027824402e-02
-9.999000000000000000e+03
-9.999000000000000000e+03
-9.999000000000000000e+03
-9.999000000000000000e+03
-9.999000000000000000e+03
-9.999000000000000000e+03
-1.331434547901153564e-01
-1.856978088617324829e-01
-1.909366250038146973e-01
-1.636185646057128906e-01
-1.799976825714111328e-02
2.506031887605786324e-04
2.409823238849639893e-02
4.451882094144821167e-02
7.508862018585205078e-02
9.672444313764572144e-02
1.109639406204223633e-01
1.045986041426658630e-01
8.601731061935424805e-02
7.096808403730392456e-02
6.178580969572067261e-02
1.025342866778373718e-01
9.197638928890228271e-02
8.495457470417022705e-02
7.949192076921463013e-02
7.120813429355621338e-02
7.675486057996749878e-02
-9.999000000000000000e+03
-9.999000000000000000e+03
-9.999000000000000000e+03
-9.999000000000000000e+03
-9.999000000000000000e+03
-9.999000000000000000e+03
-9.999000000000000000e+03
-9.999000000000000000e+03
-9.999000000000000000e+03
-9.999000000000000000e+03
-1.130064353346824646e-01
-1.736377030611038208e-01
-1.948524415493011475e-01
-1.698917299509048462e-01
-5.802366882562637329e-02
-2.932004071772098541e-02
1.068204268813133240e-02
4.217559471726417542e-02
6.433679908514022827e-02
8.410416543483734131e-02
1.046475917100906372e-01
9.924812614917755127e-02
9.243506193161010742e-02
1.178740933537483215e-01
1.189153045415878296e-01
1.192495077848434448e-01
1.045087575912475586e-01
8.799432963132858276e-02
4.513193294405937195e-02
4.216796159744262695e-02
-9.999000000000000000e+03
-9.999000000000000000e+03
-9.999000000000000000e+03
-9.999000000000000000e+03
-9.999000000000000000e+03
-9.999000000000000000e+03
-9.999000000000000000e+03
-9.999000000000000000e+03
-9.999000000000000000e+03
-9.999000000000000000e+03
-9.999000000000000000e+03
-9.999000000000000000e+03
-1.128766983747482300e-01
-1.614367812871932983e-01
-1.281638741493225098e-01
-5.376895144581794739e-02
-4.879685863852500916e-02
-1.810024678707122803e-02
1.550456136465072632e-02
4.787316918373107910e-02
8.612280339002609253e-02
9.519853442907333374e-02
1.083193644881248474e-01
1.268315166234970093e-01
1.538316458463668823e-01
1.510677635669708252e-01
1.301063746213912964e-01
9.495089948177337646e-02
9.613520652055740356e-02
-9.999000000000000000e+03
-9.999000000000000000e+03
-9.999000000000000000e+03
-9.999000000000000000e+03
-9.999000000000000000e+03
-9.999000000000000000e+03
-9.999000000000000000e+03
-9.999000000000000000e+03
-9.999000000000000000e+03
-9.999000000000000000e+03
-9.999000000000000000e+03
-9.999000000000000000e+03
-9.999000000000000000e+03
-9.999000000000000000e+03
-9.999000000000000000e+03
-1.185533553361892700e-01
-9.276592731475830078e-02
-9.999000000000000000e+03
-5.157040059566497803e-02
-4.347170144319534302e-02
-1.596370525658130646e-02
2.883210591971874237e-02
6.548964977264404297e-02
8.473165333271026611e-02
1.310059577226638794e-01
1.711000204086303711e-01
1.672670394182205200e-01
1.459747850894927979e-01
1.197885349392890930e-01
8.076737076044082642e-02
-9.999000000000000000e+03
-9.999000000000000000e+03
-9.999000000000000000e+03
-9.999000000000000000e+03
-9.999000000000000000e+03
-9.999000000000000000e+03
-9.999000000000000000e+03
-9.999000000000000000e+03
-9.999000000000000000e+03
-9.999000000000000000e+03
-9.999000000000000000e+03
-9.999000000000000000e+03
-9.999000000000000000e+03
-9.999000000000000000e+03
-9.999000000000000000e+03
-9.999000000000000000e+03
-6.572834402322769165e-02
-4.783540591597557068e-02
-9.999000000000000000e+03
-9.999000000000000000e+03
-5.838384851813316345e-02
-2.980739995837211609e-02
2.536427415907382965e-02
6.778362393379211426e-02
1.058060973882675171e-01
1.359702795743942261e-01
1.552740186452865601e-01
1.417060494422912598e-01
1.107469871640205383e-01
5.928982421755790710e-02
-9.999000000000000000e+03
-9.999000000000000000e+03
-9.999000000000000000e+03
-9.999000000000000000e+03
-9.999000000000000000e+03
-9.999000000000000000e+03
-9.999000000000000000e+03
-9.999000000000000000e+03
-9.999000000000000000e+03
-9.999000000000000000e+03
-9.999000000000000000e+03
-9.999000000000000000e+03
-9.999000000000000000e+03
-9.999000000000000000e+03
-9.999000000000000000e+03
-9.999000000000000000e+03
-9.999000000000000000e+03
-4.078174754977226257e-02
-4.016871377825737000e-02
-9.999000000000000000e+03
-9.999000000000000000e+03
-3.519843891263008118e-02
-1.690925657749176025e-02
2.392232790589332581e-02
7.381615042686462402e-02
1.261665970087051392e-01
1.294841766357421875e-01
1.227710098028182983e-01
1.098492220044136047e-01
9.694956988096237183e-02
9.532106667757034302e-02
-9.999000000000000000e+03
-9.999000000000000000e+03
-9.999000000000000000e+03
-9.999000000000000000e+03
-9.999000000000000000e+03
-9.999000000000000000e+03
-9.999000000000000000e+03
-9.999000000000000000e+03
-9.999000000000000000e+03
-9.999000000000000000e+03
-9.999000000000000000e+03
-9.999000000000000000e+03
-9.999000000000000000e+03
-9.999000000000000000e+03
-9.999000000000000000e+03
-9.999000000000000000e+03
-9.999000000000000000e+03
-9.999000000000000000e+03
-9.999000000000000000e+03
-9.999000000000000000e+03
-9.999000000000000000e+03
-1.940871588885784149e-02
-7.632864289917051792e-04
2.888390235602855682e-02
7.544731348752975464e-02
1.122037544846534729e-01
1.278553605079650879e-01
1.305778473615646362e-01
1.151064261794090271e-01
8.297441899776458740e-02
6.856349855661392212e-02
-9.999000000000000000e+03
-9.999000000000000000e+03
-9.999000000000000000e+03
-9.999000000000000000e+03
-9.999000000000000000e+03
-9.999000000000000000e+03
-9.999000000000000000e+03
-9.999000000000000000e+03
-9.999000000000000000e+03
-9.999000000000000000e+03
-9.999000000000000000e+03
-9.999000000000000000e+03
-9.999000000000000000e+03
-9.999000000000000000e+03
-9.999000000000000000e+03
-9.999000000000000000e+03
-9.999000000000000000e+03
-9.999000000000000000e+03
-9.999000000000000000e+03
-9.999000000000000000e+03
-9.999000000000000000e+03
-9.999000000000000000e+03
-1.206736546009778976e-02
1.686032861471176147e-02
6.387328356504440308e-02
1.048250794410705566e-01
1.207579374313354492e-01
1.438292562961578369e-01
1.412405073642730713e-01
8.030191063880920410e-02
-9.999000000000000000e+03
-9.999000000000000000e+03
-9.999000000000000000e+03
-9.999000000000000000e+03
-9.999000000000000000e+03
-9.999000000000000000e+03
-9.999000000000000000e+03
-9.999000000000000000e+03
-9.999000000000000000e+03
-9.999000000000000000e+03
-9.999000000000000000e+03
-9.999000000000000000e+03
-9.999000000000000000e+03
-9.999000000000000000e+03
-9.999000000000000000e+03
-9.999000000000000000e+03
-9.999000000000000000e+03
-9.999000000000000000e+03
-9.999000000000000000e+03
-9.999000000000000000e+03
-9.999000000000000000e+03
-9.999000000000000000e+03
-9.999000000000000000e+03
-4.720440600067377090e-03
1.095547340810298920e-02
4.199905321002006531e-02
6.512529402971267700e-02
9.922380745410919189e-02
1.441019624471664429e-01
1.443078070878982544e-01
7.928036898374557495e-02
3.873957321047782898e-02
-9.999000000000000000e+03
-9.999000000000000000e+03
-9.999000000000000000e+03
-9.999000000000000000e+03
-9.999000000000000000e+03
-9.999000000000000000e+03
-9.999000000000000000e+03
-9.999000000000000000e+03
-9.999000000000000000e+03
-9.999000000000000000e+03
-9.999000000000000000e+03
-9.999000000000000000e+03
-9.999000000000000000e+03
-9.999000000000000000e+03
-9.999000000000000000e+03
-9.999000000000000000e+03
-9.999000000000000000e+03
-9.999000000000000000e+03
-9.999000000000000000e+03
-9.999000000000000000e+03
-9.999000000000000000e+03
-9.999000000000000000e+03
-9.999000000000000000e+03
5.109587684273719788e-03
1.830585487186908722e-02
2.658415399491786957e-02
4.758786037564277649e-02
8.506247401237487793e-02
4.720602184534072876e-02
4.362380132079124451e-02
6.160206720232963562e-02
-9.999000000000000000e+03
-9.999000000000000000e+03
-9.999000000000000000e+03
-9.999000000000000000e+03
-9.999000000000000000e+03
-9.999000000000000000e+03
-9.999000000000000000e+03
-9.999000000000000000e+03
-9.999000000000000000e+03
-9.999000000000000000e+03
-9.999000000000000000e+03
-9.999000000000000000e+03
-9.999000000000000000e+03
-9.999000000000000000e+03
-9.999000000000000000e+03
-9.999000000000000000e+03
-9.999000000000000000e+03
-9.999000000000000000e+03
-9.999000000000000000e+03
-9.999000000000000000e+03
-9.999000000000000000e+03
-9.999000000000000000e+03
-9.999000000000000000e+03
-2.838001586496829987e-03
-4.171387292444705963e-03
-9.432105347514152527e-03
-2.065190486609935760e-02
-2.574413456022739410e-02
-5.928162112832069397e-02
-4.762344807386398315e-02
2.040117233991622925e-02
7.667703926563262939e-02
-9.999000000000000000e+03
-9.999000000000000000e+03
-9.999000000000000000e+03
-9.999000000000000000e+03
-9.999000000000000000e+03
-9.999000000000000000e+03
-9.999000000000000000e+03
-9.999000000000000000e+03
-9.999000000000000000e+03
-9.999000000000000000e+03
-9.999000000000000000e+03
-9.999000000000000000e+03
-9.999000000000000000e+03
-9.999000000000000000e+03
-9.999000000000000000e+03
-9.999000000000000000e+03
-9.999000000000000000e+03
-9.999000000000000000e+03
-9.999000000000000000e+03
-9.999000000000000000e+03
-9.999000000000000000e+03
-9.999000000000000000e+03
1.136433798819780350e-02
-5.300702527165412903e-03
-1.681688614189624786e-02
-3.377516940236091614e-02
-4.022727906703948975e-02
-7.788815349340438843e-02
-7.546854019165039062e-02
-4.338478203862905502e-03
5.693419277667999268e-02
4.513364657759666443e-02
2.165543660521507263e-02
2.385844662785530090e-02
2.730235084891319275e-02
-9.999000000000000000e+03
-9.999000000000000000e+03
-9.999000000000000000e+03
-9.999000000000000000e+03
-9.999000000000000000e+03
-9.999000000000000000e+03
-9.999000000000000000e+03
-9.999000000000000000e+03
-9.999000000000000000e+03
-9.999000000000000000e+03
-9.999000000000000000e+03
-9.999000000000000000e+03
-9.999000000000000000e+03
-9.999000000000000000e+03
-9.999000000000000000e+03
-9.999000000000000000e+03
-9.999000000000000000e+03
3.335128352046012878e-02
3.144687786698341370e-02
1.016512047499418259e-02
-3.420160710811614990e-02
-5.784926190972328186e-02
-6.571977585554122925e-02
-6.864394247531890869e-02
-6.121101975440979004e-02
-2.715532481670379639e-02
9.489465504884719849e-03
9.478806518018245697e-03
2.514503337442874908e-02
1.892361789941787720e-02
2.638194337487220764e-02
-9.999000000000000000e+03
-9.999000000000000000e+03
-9.999000000000000000e+03
-9.999000000000000000e+03
-9.999000000000000000e+03
-9.999000000000000000e+03
-9.999000000000000000e+03
-9.999000000000000000e+03
-9.999000000000000000e+03
-9.999000000000000000e+03
-9.999000000000000000e+03
-9.999000000000000000e+03
-9.999000000000000000e+03
-9.999000000000000000e+03
-9.999000000000000000e+03
3.119932860136032104e-02
2.798832021653652191e-02
3.729537501931190491e-02
2.431293763220310211e-02
-1.232295483350753784e-02
-4.651662707328796387e-02
-5.689566954970359802e-02
-5.473797395825386047e-02
-5.056849122047424316e-02
-5.798228457570075989e-02
-4.829102754592895508e-02
-3.034396283328533173e-02
1.325768232345581055e-02
3.312643617391586304e-02
-9.999000000000000000e+03
-9.999000000000000000e+03
-9.999000000000000000e+03
-9.999000000000000000e+03
-9.999000000000000000e+03
-9.999000000000000000e+03
-9.999000000000000000e+03
-9.999000000000000000e+03
-9.999000000000000000e+03
-9.999000000000000000e+03
-9.999000000000000000e+03
-9.999000000000000000e+03
-9.999000000000000000e+03
-9.999000000000000000e+03
-9.999000000000000000e+03
-9.999000000000000000e+03
3.429447859525680542e-02
4.589160904288291931e-02
6.017800793051719666e-02
4.721597954630851746e-02
9.406805969774723053e-03
-3.989894688129425049e-02
-6.560696661472320557e-02
-5.376604944467544556e-02
-3.155896067619323730e-02
-2.625422179698944092e-02
-4.373835027217864990e-02
-6.011139228940010071e-02
-8.732508122920989990e-02
1.046219933778047562e-02
-9.999000000000000000e+03
-9.999000000000000000e+03
-9.999000000000000000e+03
-9.999000000000000000e+03
-9.999000000000000000e+03
-9.999000000000000000e+03
-9.999000000000000000e+03
-9.999000000000000000e+03
-9.999000000000000000e+03
-9.999000000000000000e+03
-9.999000000000000000e+03
-9.999000000000000000e+03
-9.999000000000000000e+03
-9.999000000000000000e+03
-9.999000000000000000e+03
-9.999000000000000000e+03
-9.999000000000000000e+03
7.108315080404281616e-02
8.610644191503524780e-02
9.694635868072509766e-02
4.484947398304939270e-02
-1.456745341420173645e-02
-5.153946578502655029e-02
-6.574580073356628418e-02
-5.587603151798248291e-02
-1.889758370816707611e-02
-4.328622482717037201e-03
-1.657532900571823120e-02
-5.962972715497016907e-02
-5.717826634645462036e-02
-1.780264079570770264e-02
-9.999000000000000000e+03
-9.999000000000000000e+03
-9.999000000000000000e+03
-9.999000000000000000e+03
-9.999000000000000000e+03
-9.999000000000000000e+03
-9.999000000000000000e+03
-9.999000000000000000e+03
-9.999000000000000000e+03
-9.999000000000000000e+03
-9.999000000000000000e+03
-9.999000000000000000e+03
-9.999000000000000000e+03
-9.999000000000000000e+03
-9.999000000000000000e+03
-9.999000000000000000e+03
-9.999000000000000000e+03
1.146808713674545288e-01
1.302037984132766724e-01
1.086146607995033264e-01
5.616083741188049316e-02
-7.812319789081811905e-03
-4.582510143518447876e-02
-5.910512804985046387e-02
-5.642173811793327332e-02
-3.043231554329395294e-02
-6.809750106185674667e-03
4.880091873928904533e-04
-4.514103010296821594e-02
-3.963552042841911316e-02
-9.999000000000000000e+03
-9.999000000000000000e+03
-9.999000000000000000e+03
-9.999000000000000000e+03
-9.999000000000000000e+03
-9.999000000000000000e+03
-9.999000000000000000e+03
-9.999000000000000000e+03
-9.999000000000000000e+03
-9.999000000000000000e+03
-9.999000000000000000e+03
-9.999000000000000000e+03
-9.999000000000000000e+03
-9.999000000000000000e+03
-9.999000000000000000e+03
-9.999000000000000000e+03
-9.999000000000000000e+03
-9.999000000000000000e+03
1.403281539678573608e-01
1.653373837471008301e-01
1.130720824003219604e-01
4.681809619069099426e-02
-8.607677184045314789e-03
-4.832133650779724121e-02
-6.238864362239837646e-02
-5.680255591869354248e-02
-2.094652689993381500e-02
3.244607895612716675e-02
2.233945950865745544e-02
-1.328890211880207062e-02
-9.999000000000000000e+03
-9.999000000000000000e+03
-9.999000000000000000e+03
-9.999000000000000000e+03
-9.999000000000000000e+03
-9.999000000000000000e+03
-9.999000000000000000e+03
-9.999000000000000000e+03
-9.999000000000000000e+03
-9.999000000000000000e+03
-9.999000000000000000e+03
-9.999000000000000000e+03
-9.999000000000000000e+03
-9.999000000000000000e+03
-9.999000000000000000e+03
-9.999000000000000000e+03
-9.999000000000000000e+03
-9.999000000000000000e+03
-9.999000000000000000e+03
1.263822764158248901e-01
1.447873711585998535e-01
1.185709834098815918e-01
5.786330625414848328e-02
-3.581576794385910034e-02
-6.177033111453056335e-02
-5.263940244913101196e-02
-2.975699119269847870e-02
-6.426672916859388351e-03
2.241283655166625977e-02
-9.999000000000000000e+03
-9.999000000000000000e+03
-9.999000000000000000e+03
-9.999000000000000000e+03
-9.999000000000000000e+03
-9.999000000000000000e+03
-9.999000000000000000e+03
-9.999000000000000000e+03
-9.999000000000000000e+03
-9.999000000000000000e+03
-9.999000000000000000e+03
-9.999000000000000000e+03
-9.999000000000000000e+03
-9.999000000000000000e+03
-9.999000000000000000e+03
-9.999000000000000000e+03
-9.999000000000000000e+03
-9.999000000000000000e+03
-9.999000000000000000e+03
-9.999000000000000000e+03
-9.999000000000000000e+03
1.012133285403251648e-01
1.255195587873458862e-01
7.202605903148651123e-02
1.974612660706043243e-02
-2.776973694562911987e-02
-5.010411888360977173e-02
-9.999000000000000000e+03
-9.999000000000000000e+03
-9.999000000000000000e+03
-9.999000000000000000e+03
-9.999000000000000000e+03
-9.999000000000000000e+03
-9.999000000000000000e+03
-9.999000000000000000e+03
-9.999000000000000000e+03
-9.999000000000000000e+03
-9.999000000000000000e+03
-9.999000000000000000e+03
-9.999000000000000000e+03
-9.999000000000000000e+03
-9.999000000000000000e+03
-9.999000000000000000e+03
-9.999000000000000000e+03
-9.999000000000000000e+03
-9.999000000000000000e+03
-9.999000000000000000e+03
-9.999000000000000000e+03
-9.999000000000000000e+03
-9.999000000000000000e+03
-9.999000000000000000e+03
-9.999000000000000000e+03
5.677460879087448120e-02
5.910864844918251038e-02
4.857886955142021179e-02
-9.999000000000000000e+03
-9.999000000000000000e+03
-9.999000000000000000e+03
-9.999000000000000000e+03
-9.999000000000000000e+03
-9.999000000000000000e+03
-9.999000000000000000e+03
-9.999000000000000000e+03
-9.999000000000000000e+03
-9.999000000000000000e+03
-9.999000000000000000e+03
-9.999000000000000000e+03
-9.999000000000000000e+03
-9.999000000000000000e+03
-9.999000000000000000e+03
-9.999000000000000000e+03
-9.999000000000000000e+03
-9.999000000000000000e+03
-9.999000000000000000e+03
-9.999000000000000000e+03
-9.999000000000000000e+03
-9.999000000000000000e+03
-9.999000000000000000e+03
-9.999000000000000000e+03
-9.999000000000000000e+03
-9.999000000000000000e+03
-9.999000000000000000e+03
-9.999000000000000000e+03
