1.178080216050148010e-01
1.308964192867279053e-01
1.091317087411880493e-01
7.558714598417282104e-02
8.338637650012969971e-02
6.413874030113220215e-02
5.981314554810523987e-02
5.740971118211746216e-02
4.114001244306564331e-02
3.071656823158264160e-02
-2.166872099041938782e-02
-9.999000000000000000e+03
-9.999000000000000000e+03
-9.999000000000000000e+03
-9.999000000000000000e+03
-9.999000000000000000e+03
-9.999000000000000000e+03
-9.999000000000000000e+03
-9.999000000000000000e+03
-9.999000000000000000e+03
-9.999000000000000000e+03
-9.999000000000000000e+03
-9.999000000000000000e+03
-1.611165516078472137e-02
-2.261585369706153870e-02
-7.404761272482573986e-04
3.648979961872100830e-02
7.077696919441223145e-02
8.782262355089187622e-02
9.933339804410934448e-02
9.573968499898910522e-02
2.475556358695030212e-02
4.046819731593132019e-02
2.555519156157970428e-02
2.390457317233085632e-03
5.439328029751777649e-03
-1.059245411306619644e-02
-6.363844033330678940e-03
7.655742112547159195e-03
1.071193534880876541e-02
2.032477036118507385e-02
1.812841929495334625e-02
1.366544980555772781e-02
-9.999000000000000000e+03
-9.999000000000000000e+03
-9.999000000000000000e+03
-9.999000000000000000e+03
-9.999000000000000000e+03
-9.999000000000000000e+03
-9.999000000000000000e+03
-9.999000000000000000e+03
-9.999000000000000000e+03
-9.717269567772746086e-04
9.493037126958370209e-03
-2.547223120927810669e-04
2.346093300729990005e-03
1.141361612826585770e-02
4.064395278692245483e-02
6.524544954299926758e-02
6.885940581560134888e-02
6.992414593696594238e-02
6.941562891006469727e-02
-5.794488638639450073e-02
-4.321236163377761841e-02
-6.069269403815269470e-02
-7.341738790273666382e-02
-5.819381773471832275e-02
-5.639228224754333496e-02
-4.460326954722404480e-02
-2.517048269510269165e-02
-1.363615598529577255e-02
5.476017016917467117e-03
1.676216349005699158e-02
2.097512781620025635e-02
-9.999000000000000000e+03
-9.999000000000000000e+03
-9.999000000000000000e+03
-9.999000000000000000e+03
-9.999000000000000000e+03
-9.999000000000000000e+03
-9.999000000000000000e+03
1.348826475441455841e-02
1.587877981364727020e-02
2.630952373147010803e-02
5.235518887639045715e-02
4.227123409509658813e-02
3.146760910749435425e-02
3.800422698259353638e-02
4.938102886080741882e-02
6.005595996975898743e-02
6.662733852863311768e-02
6.516157835721969604e-02
8.588758111000061035e-02
-1.240275278687477112e-01
-1.030496358871459961e-01
-1.037367358803749084e-01
-1.140335351228713989e-01
-1.048201322555541992e-01
-9.700494259595870972e-02
-8.515633642673492432e-02
-5.899993330240249634e-02
-4.316258803009986877e-02
-1.477947458624839783e-02
4.762091208249330521e-03
3.819423168897628784e-02
6.675715744495391846e-02
-9.999000000000000000e+03
-9.999000000000000000e+03
-9.999000000000000000e+03
7.428813260048627853e-03
5.336117930710315704e-03
1.078510377556085587e-02
-1.704939175397157669e-03
1.780826016329228878e-03
1.708685047924518585e-02
1.856499910354614258e-02
3.652815148234367371e-02
3.798571601510047913e-02
4.383370280265808105e-02
7.327018678188323975e-02
9.935791790485382080e-02
1.097317188978195190e-01
1.142626181244850159e-01
1.302501559257507324e-01
-1.837286055088043213e-01
-1.577433198690414429e-01
-1.495050489902496338e-01
-1.545131355524063110e-01
-1.441388279199600220e-01
-1.335305571556091309e-01
-1.148377805948257446e-01
-8.728034049272537231e-02
-6.421682238578796387e-02
-3.889879211783409119e-02
-5.759707652032375336e-03
2.416888810694217682e-02
6.278125941753387451e-02
5.918527022004127502e-02
3.377653285861015320e-02
1.251723989844322205e-02
-1.741951517760753632e-02
-4.574596509337425232e-02
-5.040769279003143311e-02
-7.580312341451644897e-02
-6.304089725017547607e-02
-5.362230539321899414e-02
-6.517390906810760498e-02
-4.099196568131446838e-02
-2.378974296152591705e-02
8.737468160688877106e-03
5.549345910549163818e-02
8.978252112865447998e-02
1.178766861557960510e-01
1.428994387388229370e-01
1.492451876401901245e-01
-2.052252143621444702e-01
-1.945159733295440674e-01
-1.876643896102905273e-01
-1.885174363851547241e-01
-1.779690235853195190e-01
-1.609358042478561401e-01
-1.344024688005447388e-01
-1.003757268190383911e-01
-7.786992192268371582e-02
-4.883662238717079163e-02
-1.296572200953960419e-02
1.049388945102691650e-02
2.830351516604423523e-02
2.906271070241928101e-02
7.387671619653701782e-03
-1.458410918712615967e-02
-7.137212157249450684e-02
-1.267698705196380615e-01
-1.531638950109481812e-01
-1.943030804395675659e-01
-2.057984173297882080e-01
-1.866171807050704956e-01
-1.977953761816024780e-01
-1.401244699954986572e-01
-1.044576615095138550e-01
-7.573707401752471924e-02
8.063386194407939911e-03
3.665475919842720032e-02
6.808362901210784912e-02
1.039529368281364441e-01
1.089325472712516785e-01
-1.972268968820571899e-01
-1.975070685148239136e-01
-1.984413266181945801e-01
-1.966933161020278931e-01
-1.929277032613754272e-01
-1.779118180274963379e-01
-1.449532955884933472e-01
-1.083744689822196960e-01
-7.878663390874862671e-02
-5.252248048782348633e-02
-2.134895697236061096e-02
-6.479305680841207504e-03
1.253964193165302277e-02
1.145609375089406967e-02
-5.493819341063499451e-02
-9.888359904289245605e-02
-1.524610668420791626e-01
-1.953343302011489868e-01
-2.185814827680587769e-01
-2.701814770698547363e-01
-3.011035919189453125e-01
-3.228701353073120117e-01
-3.238940834999084473e-01
-2.904096543788909912e-01
-2.579512000083923340e-01
-2.182127684354782104e-01
-1.157157719135284424e-01
-7.033548504114151001e-02
-2.265472896397113800e-02
3.931634500622749329e-02
5.817304551601409912e-02
-1.629644185304641724e-01
-1.755260080099105835e-01
-1.784562766551971436e-01
-1.759243756532669067e-01
-1.734451800584793091e-01
-1.484485864639282227e-01
-1.235703527927398682e-01
-1.080074161291122437e-01
-8.586543798446655273e-02
-7.199957966804504395e-02
-4.996757209300994873e-02
-5.229524523019790649e-02
-5.027277767658233643e-02
-6.804111599922180176e-02
-1.148542240262031555e-01
-1.516893655061721802e-01
-2.028254270553588867e-01
-2.283986955881118774e-01
-2.576618790626525879e-01
-2.632574141025543213e-01
-2.549858391284942627e-01
-2.855925858020782471e-01
-2.697210311889648438e-01
-3.092136681079864502e-01
-3.474159836769104004e-01
-3.375315666198730469e-01
-2.408068478107452393e-01
-1.761745214462280273e-01
-1.148951798677444458e-01
-4.161842167377471924e-02
-1.178208272904157639e-02
-1.311547160148620605e-01
-1.385232061147689819e-01
-1.432939022779464722e-01
-1.332861930131912231e-01
-1.418475359678268433e-01
-1.191459670662879944e-01
-1.028822138905525208e-01
-1.049142032861709595e-01
-1.008562222123146057e-01
-9.830757230520248413e-02
-9.004331380128860474e-02
-9.288689494132995605e-02
-1.073097661137580872e-01
-1.394519358873367310e-01
-1.753650158643722534e-01
-1.862536072731018066e-01
-1.982591003179550171e-01
-1.897473484277725220e-01
-1.963138878345489502e-01
-1.367900669574737549e-01
-7.907076179981231689e-02
-1.030638590455055237e-01
-9.997175633907318115e-02
-1.749969422817230225e-01
-1.702416688203811646e-01
-2.827099859714508057e-01
-2.703694701194763184e-01
-2.431246787309646606e-01
-1.753759086132049561e-01
-1.111902445554733276e-01
-8.661897480487823486e-02
-1.107088550925254822e-01
-1.047298982739448547e-01
-1.074879989027976990e-01
-1.022228449583053589e-01
-1.045535132288932800e-01
-1.024152785539627075e-01
-9.565931558609008789e-02
-1.042810380458831787e-01
-1.118306368589401245e-01
-1.272687911987304688e-01
-1.350060105323791504e-01
-1.570835113525390625e-01
-1.693068295717239380e-01
-1.821929067373275757e-01
-1.937529742717742920e-01
-1.825878769159317017e-01
-1.612095683813095093e-01
-1.030699238181114197e-01
-8.862544596195220947e-02
-1.722437515854835510e-02
8.284615352749824524e-03
-9.999000000000000000e+03
-9.999000000000000000e+03
-9.999000000000000000e+03
-9.999000000000000000e+03
-9.999000000000000000e+03
-9.999000000000000000e+03
-2.830065190792083740e-01
-2.266567349433898926e-01
-1.559011936187744141e-01
-1.332753747701644897e-01
-8.341038972139358521e-02
-7.271717488765716553e-02
-7.894679903984069824e-02
-8.090595155954360962e-02
-9.037530422210693359e-02
-8.291930705308914185e-02
-8.530928939580917358e-02
-1.034137457609176636e-01
-1.305373013019561768e-01
-1.604984551668167114e-01
-1.726007014513015747e-01
-2.020572721958160400e-01
-1.995619982481002808e-01
-1.923602372407913208e-01
-1.640570014715194702e-01
-1.313757896423339844e-01
-1.021680161356925964e-01
-9.999000000000000000e+03
-9.999000000000000000e+03
-9.999000000000000000e+03
-9.999000000000000000e+03
-9.999000000000000000e+03
-9.999000000000000000e+03
-9.999000000000000000e+03
-9.999000000000000000e+03
-9.999000000000000000e+03
-9.999000000000000000e+03
-1.455166786909103394e-01
-1.945306062698364258e-01
-2.023098021745681763e-01
-1.817063838243484497e-01
-8.934970200061798096e-02
-7.167700678110122681e-02
-6.468321382999420166e-02
-6.827794760465621948e-02
-8.437711745500564575e-02
-9.929907321929931641e-02
-1.069760173559188843e-01
-1.228440180420875549e-01
-1.672138124704360962e-01
-1.880988627672195435e-01
-1.951651722192764282e-01
-1.957276761531829834e-01
-1.798634529113769531e-01
-1.674638688564300537e-01
-8.204086124897003174e-02
-7.432655245065689087e-02
-9.999000000000000000e+03
-9.999000000000000000e+03
-9.999000000000000000e+03
-9.999000000000000000e+03
-9.999000000000000000e+03
-9.999000000000000000e+03
-9.999000000000000000e+03
-9.999000000000000000e+03
-9.999000000000000000e+03
-9.999000000000000000e+03
-9.999000000000000000e+03
-9.999000000000000000e+03
-1.182950735092163086e-01
-1.964882910251617432e-01
-2.142853587865829468e-01
-1.168390065431594849e-01
-9.599795937538146973e-02
-6.604530662298202515e-02
-5.613303929567337036e-02
-7.287099212408065796e-02
-9.992801398038864136e-02
-1.248264014720916748e-01
-1.503527611494064331e-01
-1.740087568759918213e-01
-1.718425005674362183e-01
-1.785656809806823730e-01
-1.742840409278869629e-01
-1.082178801298141479e-01
-1.106868237257003784e-01
-9.999000000000000000e+03
-9.999000000000000000e+03
-9.999000000000000000e+03
-9.999000000000000000e+03
-9.999000000000000000e+03
-9.999000000000000000e+03
-9.999000000000000000e+03
-9.999000000000000000e+03
-9.999000000000000000e+03
-9.999000000000000000e+03
-9.999000000000000000e+03
-9.999000000000000000e+03
-9.999000000000000000e+03
-9.999000000000000000e+03
-9.999000000000000000e+03
-1.719617098569869995e-01
-2.223456203937530518e-01
-9.999000000000000000e+03
-7.497141510248184204e-02
-7.378745824098587036e-02
-6.056413799524307251e-02
-6.001910194754600525e-02
-7.884296774864196777e-02
-1.082001924514770508e-01
-1.465078145265579224e-01
-1.417129635810852051e-01
-1.388666033744812012e-01
-1.405034214258193970e-01
-1.180064827203750610e-01
-8.335578441619873047e-02
-9.999000000000000000e+03
-9.999000000000000000e+03
-9.999000000000000000e+03
-9.999000000000000000e+03
-9.999000000000000000e+03
-9.999000000000000000e+03
-9.999000000000000000e+03
-9.999000000000000000e+03
-9.999000000000000000e+03
-9.999000000000000000e+03
-9.999000000000000000e+03
-9.999000000000000000e+03
-9.999000000000000000e+03
-9.999000000000000000e+03
-9.999000000000000000e+03
-9.999000000000000000e+03
-1.381800472736358643e-01
-2.092247009277343750e-01
-9.999000000000000000e+03
-9.999000000000000000e+03
-7.525401562452316284e-02
-5.579423159360885620e-02
-5.347105488181114197e-02
-6.580218672752380371e-02
-8.551181107759475708e-02
-1.049597337841987610e-01
-1.003403738141059875e-01
-1.011614874005317688e-01
-1.011341065168380737e-01
-4.206979274749755859e-02
-9.999000000000000000e+03
-9.999000000000000000e+03
-9.999000000000000000e+03
-9.999000000000000000e+03
-9.999000000000000000e+03
-9.999000000000000000e+03
-9.999000000000000000e+03
-9.999000000000000000e+03
-9.999000000000000000e+03
-9.999000000000000000e+03
-9.999000000000000000e+03
-9.999000000000000000e+03
-9.999000000000000000e+03
-9.999000000000000000e+03
-9.999000000000000000e+03
-9.999000000000000000e+03
-9.999000000000000000e+03
-8.088385313749313354e-02
-1.539541184902191162e-01
-9.999000000000000000e+03
-9.999000000000000000e+03
-5.265249311923980713e-02
-5.797168612480163574e-02
-4.861502721905708313e-02
-4.604896157979965210e-02
-5.383523553609848022e-02
-3.693693131208419800e-02
-5.060209333896636963e-02
-5.059624463319778442e-02
-5.117641389369964600e-02
-2.424654737114906311e-02
-9.999000000000000000e+03
-9.999000000000000000e+03
-9.999000000000000000e+03
-9.999000000000000000e+03
-9.999000000000000000e+03
-9.999000000000000000e+03
-9.999000000000000000e+03
-9.999000000000000000e+03
-9.999000000000000000e+03
-9.999000000000000000e+03
-9.999000000000000000e+03
-9.999000000000000000e+03
-9.999000000000000000e+03
-9.999000000000000000e+03
-9.999000000000000000e+03
-9.999000000000000000e+03
-9.999000000000000000e+03
-9.999000000000000000e+03
-9.999000000000000000e+03
-9.999000000000000000e+03
-9.999000000000000000e+03
-3.155677765607833862e-02
-3.874032199382781982e-02
-1.821019686758518219e-02
-1.898905821144580841e-02
5.381708964705467224e-03
1.820473745465278625e-02
1.557994633913040161e-02
6.828762590885162354e-03
-1.258956547826528549e-02
-1.386133115738630295e-02
-9.999000000000000000e+03
-9.999000000000000000e+03
-9.999000000000000000e+03
-9.999000000000000000e+03
-9.999000000000000000e+03
-9.999000000000000000e+03
-9.999000000000000000e+03
-9.999000000000000000e+03
-9.999000000000000000e+03
-9.999000000000000000e+03
-9.999000000000000000e+03
-9.999000000000000000e+03
-9.999000000000000000e+03
-9.999000000000000000e+03
-9.999000000000000000e+03
-9.999000000000000000e+03
-9.999000000000000000e+03
-9.999000000000000000e+03
-9.999000000000000000e+03
-9.999000000000000000e+03
-9.999000000000000000e+03
-9.999000000000000000e+03
-1.963813975453376770e-02
-4.624315071851015091e-03
2.487211674451828003e-02
1.017081588506698608e-01
6.281941384077072144e-02
3.840142861008644104e-02
4.534392803907394409e-02
3.143957257270812988e-02
-9.999000000000000000e+03
-9.999000000000000000e+03
-9.999000000000000000e+03
-9.999000000000000000e+03
-9.999000000000000000e+03
-9.999000000000000000e+03
-9.999000000000000000e+03
-9.999000000000000000e+03
-9.999000000000000000e+03
-9.999000000000000000e+03
-9.999000000000000000e+03
-9.999000000000000000e+03
-9.999000000000000000e+03
-9.999000000000000000e+03
-9.999000000000000000e+03
-9.999000000000000000e+03
-9.999000000000000000e+03
-9.999000000000000000e+03
-9.999000000000000000e+03
-9.999000000000000000e+03
-9.999000000000000000e+03
-9.999000000000000000e+03
-9.999000000000000000e+03
-1.793927885591983795e-02
-1.795189268887042999e-02
2.107207663357257843e-02
3.101771138608455658e-02
2.259450964629650116e-02
-1.319709327071905136e-02
9.122636914253234863e-02
1.806674897670745850e-01
1.423475444316864014e-01
-9.999000000000000000e+03
-9.999000000000000000e+03
-9.999000000000000000e+03
-9.999000000000000000e+03
-9.999000000000000000e+03
-9.999000000000000000e+03
-9.999000000000000000e+03
-9.999000000000000000e+03
-9.999000000000000000e+03
-9.999000000000000000e+03
-9.999000000000000000e+03
-9.999000000000000000e+03
-9.999000000000000000e+03
-9.999000000000000000e+03
-9.999000000000000000e+03
-9.999000000000000000e+03
-9.999000000000000000e+03
-9.999000000000000000e+03
-9.999000000000000000e+03
-9.999000000000000000e+03
-9.999000000000000000e+03
-9.999000000000000000e+03
-9.999000000000000000e+03
-4.777532070875167847e-02
-3.572497889399528503e-02
-5.326641350984573364e-02
-5.852472409605979919e-02
-1.998335681855678558e-02
1.104833371937274933e-02
1.598705202341079712e-01
1.889174282550811768e-01
-9.999000000000000000e+03
-9.999000000000000000e+03
-9.999000000000000000e+03
-9.999000000000000000e+03
-9.999000000000000000e+03
-9.999000000000000000e+03
-9.999000000000000000e+03
-9.999000000000000000e+03
-9.999000000000000000e+03
-9.999000000000000000e+03
-9.999000000000000000e+03
-9.999000000000000000e+03
-9.999000000000000000e+03
-9.999000000000000000e+03
-9.999000000000000000e+03
-9.999000000000000000e+03
-9.999000000000000000e+03
-9.999000000000000000e+03
-9.999000000000000000e+03
-9.999000000000000000e+03
-9.999000000000000000e+03
-9.999000000000000000e+03
-9.999000000000000000e+03
-7.063060998916625977e-02
-1.106108352541923523e-01
-1.531221717596054077e-01
-1.259848624467849731e-01
-1.028048992156982422e-01
-9.287482500076293945e-02
-3.527689725160598755e-02
5.979082733392715454e-02
6.451574712991714478e-02
-9.999000000000000000e+03
-9.999000000000000000e+03
-9.999000000000000000e+03
-9.999000000000000000e+03
-9.999000000000000000e+03
-9.999000000000000000e+03
-9.999000000000000000e+03
-9.999000000000000000e+03
-9.999000000000000000e+03
-9.999000000000000000e+03
-9.999000000000000000e+03
-9.999000000000000000e+03
-9.999000000000000000e+03
-9.999000000000000000e+03
-9.999000000000000000e+03
-9.999000000000000000e+03
-9.999000000000000000e+03
-9.999000000000000000e+03
-9.999000000000000000e+03
-9.999000000000000000e+03
-9.999000000000000000e+03
-9.999000000000000000e+03
-2.134179137647151947e-02
-8.472914248704910278e-02
-1.079537570476531982e-01
-1.096406131982803345e-01
-9.019408375024795532e-02
-7.610155642032623291e-02
-8.863812685012817383e-02
-8.922153711318969727e-02
-7.167658209800720215e-02
-2.048329450190067291e-02
-1.124806422740221024e-02
-2.132654935121536255e-02
-7.856321521103382111e-03
-9.999000000000000000e+03
-9.999000000000000000e+03
-9.999000000000000000e+03
-9.999000000000000000e+03
-9.999000000000000000e+03
-9.999000000000000000e+03
-9.999000000000000000e+03
-9.999000000000000000e+03
-9.999000000000000000e+03
-9.999000000000000000e+03
-9.999000000000000000e+03
-9.999000000000000000e+03
-9.999000000000000000e+03
-9.999000000000000000e+03
-9.999000000000000000e+03
-9.999000000000000000e+03
-9.999000000000000000e+03
4.608771996572613716e-04
3.230456029996275902e-03
-1.482545048929750919e-04
-3.180630132555961609e-02
-7.536172121763229370e-02
-8.878251165151596069e-02
-7.524752616882324219e-02
-7.126206904649734497e-02
-8.631239086389541626e-02
-6.622505933046340942e-02
-4.526095092296600342e-02
-1.120432280004024506e-02
-1.311930455267429352e-02
-1.281688734889030457e-02
-9.999000000000000000e+03
-9.999000000000000000e+03
-9.999000000000000000e+03
-9.999000000000000000e+03
-9.999000000000000000e+03
-9.999000000000000000e+03
-9.999000000000000000e+03
-9.999000000000000000e+03
-9.999000000000000000e+03
-9.999000000000000000e+03
-9.999000000000000000e+03
-9.999000000000000000e+03
-9.999000000000000000e+03
-9.999000000000000000e+03
-9.999000000000000000e+03
3.501199558377265930e-02
1.051256339997053146e-02
4.307377617806196213e-03
-6.970962975174188614e-03
-1.162381283938884735e-02
-2.174038998782634735e-02
-3.103440813720226288e-02
-5.091632902622222900e-02
-4.877200350165367126e-02
-4.536095261573791504e-02
-3.260563686490058899e-02
-8.709205314517021179e-03
-1.969791948795318604e-03
-2.498155459761619568e-03
-9.999000000000000000e+03
-9.999000000000000000e+03
-9.999000000000000000e+03
-9.999000000000000000e+03
-9.999000000000000000e+03
-9.999000000000000000e+03
-9.999000000000000000e+03
-9.999000000000000000e+03
-9.999000000000000000e+03
-9.999000000000000000e+03
-9.999000000000000000e+03
-9.999000000000000000e+03
-9.999000000000000000e+03
-9.999000000000000000e+03
-9.999000000000000000e+03
-9.999000000000000000e+03
4.143016785383224487e-02
6.153675541281700134e-02
3.013402782380580902e-02
3.078383160755038261e-03
-3.134485706686973572e-02
-4.278171062469482422e-02
-3.532827645540237427e-02
-1.599498651921749115e-02
-9.899674914777278900e-03
-1.537265069782733917e-02
-4.319056868553161621e-02
-6.263976544141769409e-02
-8.132588863372802734e-02
-5.371206998825073242e-02
-9.999000000000000000e+03
-9.999000000000000000e+03
-9.999000000000000000e+03
-9.999000000000000000e+03
-9.999000000000000000e+03
-9.999000000000000000e+03
-9.999000000000000000e+03
-9.999000000000000000e+03
-9.999000000000000000e+03
-9.999000000000000000e+03
-9.999000000000000000e+03
-9.999000000000000000e+03
-9.999000000000000000e+03
-9.999000000000000000e+03
-9.999000000000000000e+03
-9.999000000000000000e+03
-9.999000000000000000e+03
2.957427175715565681e-03
-9.470386430621147156e-03
-4.079566523432731628e-02
-6.038502603769302368e-02
-7.368907332420349121e-02
-5.885217711329460144e-02
-3.696927428245544434e-02
-1.401508972048759460e-02
7.380130235105752945e-03
2.486647851765155792e-02
-7.445717230439186096e-03
-5.998478457331657410e-02
-6.707789003849029541e-02
-7.676572352647781372e-02
-9.999000000000000000e+03
-9.999000000000000000e+03
-9.999000000000000000e+03
-9.999000000000000000e+03
-9.999000000000000000e+03
-9.999000000000000000e+03
-9.999000000000000000e+03
-9.999000000000000000e+03
-9.999000000000000000e+03
-9.999000000000000000e+03
-9.999000000000000000e+03
-9.999000000000000000e+03
-9.999000000000000000e+03
-9.999000000000000000e+03
-9.999000000000000000e+03
-9.999000000000000000e+03
-9.999000000000000000e+03
-4.809307307004928589e-02
-8.025269955396652222e-02
-9.776984900236129761e-02
-9.560684114694595337e-02
-7.730743288993835449e-02
-3.594107180833816528e-02
-7.621940225362777710e-03
1.210992224514484406e-02
2.145066298544406891e-02
2.269156835973262787e-02
5.360600072890520096e-03
-2.867077291011810303e-02
-1.261735986918210983e-02
-9.999000000000000000e+03
-9.999000000000000000e+03
-9.999000000000000000e+03
-9.999000000000000000e+03
-9.999000000000000000e+03
-9.999000000000000000e+03
-9.999000000000000000e+03
-9.999000000000000000e+03
-9.999000000000000000e+03
-9.999000000000000000e+03
-9.999000000000000000e+03
-9.999000000000000000e+03
-9.999000000000000000e+03
-9.999000000000000000e+03
-9.999000000000000000e+03
-9.999000000000000000e+03
-9.999000000000000000e+03
-9.999000000000000000e+03
-5.672747269272804260e-02
-7.942064106464385986e-02
-6.890425086021423340e-02
-5.027109757065773010e-02
-4.604876041412353516e-03
1.964440755546092987e-02
3.589716926217079163e-02
6.035349890589714050e-02
5.355673655867576599e-02
6.943504512310028076e-02
3.183280676603317261e-02
-1.535157440230250359e-03
-9.999000000000000000e+03
-9.999000000000000000e+03
-9.999000000000000000e+03
-9.999000000000000000e+03
-9.999000000000000000e+03
-9.999000000000000000e+03
-9.999000000000000000e+03
-9.999000000000000000e+03
-9.999000000000000000e+03
-9.999000000000000000e+03
-9.999000000000000000e+03
-9.999000000000000000e+03
-9.999000000000000000e+03
-9.999000000000000000e+03
-9.999000000000000000e+03
-9.999000000000000000e+03
-9.999000000000000000e+03
-9.999000000000000000e+03
-9.999000000000000000e+03
-5.355789884924888611e-02
-4.668201506137847900e-02
-2.225680649280548096e-02
1.310202013701200485e-02
9.781726449728012085e-02
9.826175123453140259e-02
8.931214362382888794e-02
6.725215911865234375e-02
6.326463073492050171e-02
4.376868903636932373e-02
-9.999000000000000000e+03
-9.999000000000000000e+03
-9.999000000000000000e+03
-9.999000000000000000e+03
-9.999000000000000000e+03
-9.999000000000000000e+03
-9.999000000000000000e+03
-9.999000000000000000e+03
-9.999000000000000000e+03
-9.999000000000000000e+03
-9.999000000000000000e+03
-9.999000000000000000e+03
-9.999000000000000000e+03
-9.999000000000000000e+03
-9.999000000000000000e+03
-9.999000000000000000e+03
-9.999000000000000000e+03
-9.999000000000000000e+03
-9.999000000000000000e+03
-9.999000000000000000e+03
-9.999000000000000000e+03
-2.586028538644313812e-02
2.145985327661037445e-02
7.372829318046569824e-02
1.077620312571525574e-01
1.297607719898223877e-01
1.093726158142089844e-01
-9.999000000000000000e+03
-9.999000000000000000e+03
-9.999000000000000000e+03
-9.999000000000000000e+03
-9.999000000000000000e+03
-9.999000000000000000e+03
-9.999000000000000000e+03
-9.999000000000000000e+03
-9.999000000000000000e+03
-9.999000000000000000e+03
-9.999000000000000000e+03
-9.999000000000000000e+03
-9.999000000000000000e+03
-9.999000000000000000e+03
-9.999000000000000000e+03
-9.999000000000000000e+03
-9.999000000000000000e+03
-9.999000000000000000e+03
-9.999000000000000000e+03
-9.999000000000000000e+03
-9.999000000000000000e+03
-9.999000000000000000e+03
-9.999000000000000000e+03
-9.999000000000000000e+03
-9.999000000000000000e+03
4.769147373735904694e-03
2.440098486840724945e-02
9.362988173961639404e-02
-9.999000000000000000e+03
-9.999000000000000000e+03
-9.999000000000000000e+03
-9.999000000000000000e+03
-9.999000000000000000e+03
-9.999000000000000000e+03
-9.999000000000000000e+03
-9.999000000000000000e+03
-9.999000000000000000e+03
-9.999000000000000000e+03
-9.999000000000000000e+03
-9.999000000000000000e+03
-9.999000000000000000e+03
-9.999000000000000000e+03
-9.999000000000000000e+03
-9.999000000000000000e+03
-9.999000000000000000e+03
-9.999000000000000000e+03
-9.999000000000000000e+03
-9.999000000000000000e+03
-9.999000000000000000e+03
-9.999000000000000000e+03
-9.999000000000000000e+03
-9.999000000000000000e+03
-9.999000000000000000e+03
-9.999000000000000000e+03
-9.999000000000000000e+03
-9.999000000000000000e+03
