-1.554975062608718872e-01
-1.197952479124069214e-01
-6.758811324834823608e-02
-1.463230699300765991e-02
3.125952929258346558e-02
7.047857344150543213e-02
1.142360866069793701e-01
1.555244624614715576e-01
2.037147283554077148e-01
2.359056472778320312e-01
2.320661395788192749e-01
-9.999000000000000000e+03
-9.999000000000000000e+03
-9.999000000000000000e+03
-9.999000000000000000e+03
-9.999000000000000000e+03
-9.999000000000000000e+03
-9.999000000000000000e+03
-9.999000000000000000e+03
-9.999000000000000000e+03
-9.999000000000000000e+03
-9.999000000000000000e+03
-9.999000000000000000e+03
-8.089651353657245636e-03
4.393780604004859924e-03
2.490878477692604065e-02
4.471039399504661560e-02
3.622522205114364624e-02
3.512593358755111694e-02
2.695371024310588837e-02
3.492178022861480713e-02
-1.447376161813735962e-01
-1.074340417981147766e-01
-5.555002391338348389e-02
-7.033518515527248383e-03
4.444789141416549683e-02
8.673711121082305908e-02
1.427281051874160767e-01
1.875316202640533447e-01
2.271805554628372192e-01
2.540392875671386719e-01
2.560066580772399902e-01
1.529824882745742798e-01
-9.999000000000000000e+03
-9.999000000000000000e+03
-9.999000000000000000e+03
-9.999000000000000000e+03
-9.999000000000000000e+03
-9.999000000000000000e+03
-9.999000000000000000e+03
-9.999000000000000000e+03
-9.999000000000000000e+03
-6.597594358026981354e-03
-1.525693479925394058e-02
-2.030959352850914001e-02
-2.445778623223304749e-02
-1.437992788851261139e-03
2.600420266389846802e-03
4.430650267750024796e-03
7.600559853017330170e-03
1.923565939068794250e-02
3.329529985785484314e-02
-1.412001252174377441e-01
-9.035626053810119629e-02
-3.266277909278869629e-02
1.838308759033679962e-02
6.123545020818710327e-02
1.022469475865364075e-01
1.502084583044052124e-01
2.046360224485397339e-01
2.442317008972167969e-01
2.648492753505706787e-01
2.521936893463134766e-01
1.679220944643020630e-01
-9.999000000000000000e+03
-9.999000000000000000e+03
-9.999000000000000000e+03
-9.999000000000000000e+03
-9.999000000000000000e+03
-9.999000000000000000e+03
-9.999000000000000000e+03
-2.356946840882301331e-02
-1.552606560289859772e-02
-9.760296903550624847e-03
-1.872228272259235382e-02
-2.415269427001476288e-02
-1.239512674510478973e-02
-1.937376148998737335e-02
-1.919052191078662872e-02
-1.347724720835685730e-02
-6.157747469842433929e-03
4.449859261512756348e-03
2.373459562659263611e-02
-1.212922930717468262e-01
-8.243652433156967163e-02
-3.693062067031860352e-02
1.529905851930379868e-02
7.444696873426437378e-02
1.225980892777442932e-01
1.642238050699234009e-01
2.070454508066177368e-01
2.362130135297775269e-01
2.577318847179412842e-01
2.573481798171997070e-01
1.834834814071655273e-01
9.484229981899261475e-02
-9.999000000000000000e+03
-9.999000000000000000e+03
-9.999000000000000000e+03
-5.226512625813484192e-02
-6.068065389990806580e-02
-5.213947966694831848e-02
-2.596605569124221802e-02
-1.423580758273601532e-02
-1.003061607480049133e-02
-1.142862811684608459e-02
-1.805992238223552704e-02
-3.987428266555070877e-03
-3.346646949648857117e-02
-2.398977801203727722e-02
-2.530698664486408234e-02
-2.138241007924079895e-02
-6.943757180124521255e-03
8.271659724414348602e-03
-1.127988696098327637e-01
-6.718073785305023193e-02
-1.940309256315231323e-02
2.218366600573062897e-02
7.016160339117050171e-02
1.111192256212234497e-01
1.495281904935836792e-01
1.918241232633590698e-01
2.133596688508987427e-01
2.183970957994461060e-01
2.066698521375656128e-01
1.497337669134140015e-01
7.915008068084716797e-02
2.087195776402950287e-02
-4.863820970058441162e-02
-7.757186889648437500e-02
-7.987192273139953613e-02
-6.151836365461349487e-02
-3.899072855710983276e-02
-7.569225039333105087e-03
7.248650304973125458e-03
8.106838911771774292e-03
3.299824602436274290e-04
-2.169379405677318573e-02
-3.564517945051193237e-02
-5.426533520221710205e-02
-5.537407845258712769e-02
-4.989005252718925476e-02
-4.065927863121032715e-02
-1.865623518824577332e-02
6.090855691581964493e-03
-8.990459889173507690e-02
-6.218834966421127319e-02
-2.516358345746994019e-02
2.190048806369304657e-02
6.840418279170989990e-02
1.012116670608520508e-01
1.233941316604614258e-01
1.528223752975463867e-01
1.648593544960021973e-01
1.722697019577026367e-01
1.599126011133193970e-01
9.317204356193542480e-02
4.386598244309425354e-02
-1.411471888422966003e-02
-5.240865796804428101e-02
-6.891774386167526245e-02
-5.704908818006515503e-02
-1.487609837204217911e-02
1.314290799200534821e-02
4.192230105400085449e-02
3.639074414968490601e-02
2.097872644662857056e-02
-2.951401751488447189e-03
-3.399527445435523987e-02
-5.732944980263710022e-02
-8.644510805606842041e-02
-8.362007141113281250e-02
-8.677161484956741333e-02
-7.843105494976043701e-02
-4.675874486565589905e-02
-2.096188068389892578e-02
-5.499145761132240295e-02
-3.277806565165519714e-02
-1.751139061525464058e-03
2.794399671256542206e-02
5.503873154520988464e-02
7.749120891094207764e-02
9.333538264036178589e-02
1.101478710770606995e-01
1.092804148793220520e-01
9.612429887056350708e-02
8.839173614978790283e-02
5.435878410935401917e-02
2.872289158403873444e-02
-2.263103984296321869e-02
-2.544561401009559631e-02
-1.819378510117530823e-02
1.336343120783567429e-02
4.426533356308937073e-02
5.396196246147155762e-02
6.517194211483001709e-02
4.186608642339706421e-02
1.293609105050563812e-02
-2.158035710453987122e-02
-5.706906691193580627e-02
-9.536234289407730103e-02
-1.259032338857650757e-01
-1.331093758344650269e-01
-1.533569246530532837e-01
-1.456441879272460938e-01
-9.067571908235549927e-02
-6.578335165977478027e-02
-4.978960007429122925e-02
-2.310802415013313293e-02
1.277104113250970840e-02
2.721422724425792694e-02
4.535529017448425293e-02
5.919216573238372803e-02
6.944241374731063843e-02
7.422810792922973633e-02
6.213303282856941223e-02
4.381020739674568176e-02
5.270865187048912048e-02
2.868243679404258728e-02
2.026057057082653046e-02
1.317449565976858139e-02
2.754176408052444458e-02
3.798959031701087952e-02
7.214891910552978516e-02
7.962406426668167114e-02
7.181815057992935181e-02
6.220514699816703796e-02
4.461599141359329224e-02
2.464962750673294067e-02
-5.974472966045141220e-03
-7.162480056285858154e-02
-1.465210467576980591e-01
-1.642270088195800781e-01
-1.972887814044952393e-01
-2.169652283191680908e-01
-2.022890299558639526e-01
-1.452356576919555664e-01
-1.080774515867233276e-01
-4.014882445335388184e-02
-1.220235507935285568e-02
7.198720239102840424e-03
1.802856661379337311e-02
3.406353294849395752e-02
5.114825814962387085e-02
5.431987717747688293e-02
3.939503058791160583e-02
2.047866210341453552e-02
2.124313637614250183e-02
3.697682917118072510e-02
3.833398967981338501e-02
4.672747850418090820e-02
6.156348064541816711e-02
8.619791269302368164e-02
8.540210127830505371e-02
8.940884470939636230e-02
8.094149082899093628e-02
7.112026959657669067e-02
6.339667737483978271e-02
3.988822549581527710e-02
1.974965818226337433e-02
-1.113290060311555862e-02
-5.359582602977752686e-02
-7.953287661075592041e-02
-1.561586856842041016e-01
-2.204047739505767822e-01
-2.627758681774139404e-01
-2.333410829305648804e-01
-1.715731918811798096e-01
-1.101492419838905334e-01
-2.424780838191509247e-02
-3.300257259979844093e-03
7.056175381876528263e-04
1.819835789501667023e-02
2.731803432106971741e-02
3.704912588000297546e-02
3.733118250966072083e-02
2.426166273653507233e-02
3.149547846987843513e-03
1.840941235423088074e-02
4.763789847493171692e-02
7.129924744367599487e-02
8.775899559259414673e-02
9.818673878908157349e-02
1.050830408930778503e-01
9.632516652345657349e-02
8.374698460102081299e-02
5.250634625554084778e-02
4.561140760779380798e-02
2.530174329876899719e-02
2.616045437753200531e-02
-9.999000000000000000e+03
-9.999000000000000000e+03
-9.999000000000000000e+03
-9.999000000000000000e+03
-9.999000000000000000e+03
-9.999000000000000000e+03
-2.067184746265411377e-01
-2.510504424571990967e-01
-1.899834126234054565e-01
-1.207945272326469421e-01
-2.167746797204017639e-02
-4.801069851964712143e-03
1.284386031329631805e-02
3.954625502228736877e-02
3.981658071279525757e-02
3.702628239989280701e-02
2.688844129443168640e-02
8.022120222449302673e-03
6.118666846305131912e-03
3.669812530279159546e-02
6.803792715072631836e-02
1.069522276520729065e-01
1.134717911481857300e-01
1.120417937636375427e-01
9.612898528575897217e-02
8.187884092330932617e-02
8.633201569318771362e-02
-9.999000000000000000e+03
-9.999000000000000000e+03
-9.999000000000000000e+03
-9.999000000000000000e+03
-9.999000000000000000e+03
-9.999000000000000000e+03
-9.999000000000000000e+03
-9.999000000000000000e+03
-9.999000000000000000e+03
-9.999000000000000000e+03
-1.607382744550704956e-01
-2.133800238370895386e-01
-2.047310024499893188e-01
-1.420559436082839966e-01
-5.797322094440460205e-02
-2.999292686581611633e-02
1.400960423052310944e-02
3.528076410293579102e-02
3.911508619785308838e-02
2.965796738862991333e-02
1.956612803041934967e-02
1.258568721823394299e-03
2.598672918975353241e-02
8.727535605430603027e-02
1.004115194082260132e-01
1.153232380747795105e-01
1.182095929980278015e-01
1.074009984731674194e-01
5.294779688119888306e-02
5.103944614529609680e-02
-9.999000000000000000e+03
-9.999000000000000000e+03
-9.999000000000000000e+03
-9.999000000000000000e+03
-9.999000000000000000e+03
-9.999000000000000000e+03
-9.999000000000000000e+03
-9.999000000000000000e+03
-9.999000000000000000e+03
-9.999000000000000000e+03
-9.999000000000000000e+03
-9.999000000000000000e+03
-1.264646649360656738e-01
-1.599804162979125977e-01
-1.028461605310440063e-01
-7.018167525529861450e-02
-6.804908812046051025e-02
-3.594183921813964844e-02
-8.403004030697047710e-04
1.522033475339412689e-02
2.236327715218067169e-02
4.120966885238885880e-03
2.242788486182689667e-02
6.834191828966140747e-02
1.085524111986160278e-01
1.049612089991569519e-01
1.109121963381767273e-01
8.160901069641113281e-02
9.097430855035781860e-02
-9.999000000000000000e+03
-9.999000000000000000e+03
-9.999000000000000000e+03
-9.999000000000000000e+03
-9.999000000000000000e+03
-9.999000000000000000e+03
-9.999000000000000000e+03
-9.999000000000000000e+03
-9.999000000000000000e+03
-9.999000000000000000e+03
-9.999000000000000000e+03
-9.999000000000000000e+03
-9.999000000000000000e+03
-9.999000000000000000e+03
-9.999000000000000000e+03
-1.105474606156349182e-01
-7.901936024427413940e-02
-9.999000000000000000e+03
-7.540643960237503052e-02
-6.988688558340072632e-02
-3.753362223505973816e-02
-2.701740246266126633e-03
1.327611133456230164e-02
8.045644499361515045e-04
6.752811372280120850e-02
1.145978793501853943e-01
1.072599664330482483e-01
1.032672896981239319e-01
9.704881906509399414e-02
5.884792655706405640e-02
-9.999000000000000000e+03
-9.999000000000000000e+03
-9.999000000000000000e+03
-9.999000000000000000e+03
-9.999000000000000000e+03
-9.999000000000000000e+03
-9.999000000000000000e+03
-9.999000000000000000e+03
-9.999000000000000000e+03
-9.999000000000000000e+03
-9.999000000000000000e+03
-9.999000000000000000e+03
-9.999000000000000000e+03
-9.999000000000000000e+03
-9.999000000000000000e+03
-9.999000000000000000e+03
-4.131561517715454102e-02
-3.169573470950126648e-02
-9.999000000000000000e+03
-9.999000000000000000e+03
-8.343210071325302124e-02
-5.584312230348587036e-02
-1.976905763149261475e-02
1.613324973732233047e-03
4.089398309588432312e-02
8.823855966329574585e-02
1.116221621632575989e-01
1.028556451201438904e-01
9.175926446914672852e-02
2.703192271292209625e-02
-9.999000000000000000e+03
-9.999000000000000000e+03
-9.999000000000000000e+03
-9.999000000000000000e+03
-9.999000000000000000e+03
-9.999000000000000000e+03
-9.999000000000000000e+03
-9.999000000000000000e+03
-9.999000000000000000e+03
-9.999000000000000000e+03
-9.999000000000000000e+03
-9.999000000000000000e+03
-9.999000000000000000e+03
-9.999000000000000000e+03
-9.999000000000000000e+03
-9.999000000000000000e+03
-9.999000000000000000e+03
-1.139932870864868164e-02
3.626880061347037554e-04
-9.999000000000000000e+03
-9.999000000000000000e+03
-6.469602137804031372e-02
-6.630036234855651855e-02
-3.553134202957153320e-02
3.251942805945873260e-03
5.733891576528549194e-02
8.634363859891891479e-02
9.854082763195037842e-02
9.272441267967224121e-02
7.250081747770309448e-02
3.638669848442077637e-02
-9.999000000000000000e+03
-9.999000000000000000e+03
-9.999000000000000000e+03
-9.999000000000000000e+03
-9.999000000000000000e+03
-9.999000000000000000e+03
-9.999000000000000000e+03
-9.999000000000000000e+03
-9.999000000000000000e+03
-9.999000000000000000e+03
-9.999000000000000000e+03
-9.999000000000000000e+03
-9.999000000000000000e+03
-9.999000000000000000e+03
-9.999000000000000000e+03
-9.999000000000000000e+03
-9.999000000000000000e+03
-9.999000000000000000e+03
-9.999000000000000000e+03
-9.999000000000000000e+03
-9.999000000000000000e+03
-5.366548895835876465e-02
-7.399241626262664795e-02
-4.140875115990638733e-02
8.531558327376842499e-03
3.544888272881507874e-02
6.639443337917327881e-02
9.116595983505249023e-02
1.026537790894508362e-01
6.617914140224456787e-02
4.690859466791152954e-02
-9.999000000000000000e+03
-9.999000000000000000e+03
-9.999000000000000000e+03
-9.999000000000000000e+03
-9.999000000000000000e+03
-9.999000000000000000e+03
-9.999000000000000000e+03
-9.999000000000000000e+03
-9.999000000000000000e+03
-9.999000000000000000e+03
-9.999000000000000000e+03
-9.999000000000000000e+03
-9.999000000000000000e+03
-9.999000000000000000e+03
-9.999000000000000000e+03
-9.999000000000000000e+03
-9.999000000000000000e+03
-9.999000000000000000e+03
-9.999000000000000000e+03
-9.999000000000000000e+03
-9.999000000000000000e+03
-9.999000000000000000e+03
-6.010157242417335510e-02
-5.268464982509613037e-02
3.031594387721270323e-04
-2.819912694394588470e-02
2.960706874728202820e-02
8.658429235219955444e-02
1.274752467870712280e-01
9.740533679723739624e-02
-9.999000000000000000e+03
-9.999000000000000000e+03
-9.999000000000000000e+03
-9.999000000000000000e+03
-9.999000000000000000e+03
-9.999000000000000000e+03
-9.999000000000000000e+03
-9.999000000000000000e+03
-9.999000000000000000e+03
-9.999000000000000000e+03
-9.999000000000000000e+03
-9.999000000000000000e+03
-9.999000000000000000e+03
-9.999000000000000000e+03
-9.999000000000000000e+03
-9.999000000000000000e+03
-9.999000000000000000e+03
-9.999000000000000000e+03
-9.999000000000000000e+03
-9.999000000000000000e+03
-9.999000000000000000e+03
-9.999000000000000000e+03
-9.999000000000000000e+03
-4.173653945326805115e-02
-2.295164018869400024e-02
-2.795155160129070282e-02
-6.252004951238632202e-02
8.883933536708354950e-03
8.254871517419815063e-02
1.433962136507034302e-01
1.001580506563186646e-01
6.033454090356826782e-02
-9.999000000000000000e+03
-9.999000000000000000e+03
-9.999000000000000000e+03
-9.999000000000000000e+03
-9.999000000000000000e+03
-9.999000000000000000e+03
-9.999000000000000000e+03
-9.999000000000000000e+03
-9.999000000000000000e+03
-9.999000000000000000e+03
-9.999000000000000000e+03
-9.999000000000000000e+03
-9.999000000000000000e+03
-9.999000000000000000e+03
-9.999000000000000000e+03
-9.999000000000000000e+03
-9.999000000000000000e+03
-9.999000000000000000e+03
-9.999000000000000000e+03
-9.999000000000000000e+03
-9.999000000000000000e+03
-9.999000000000000000e+03
-9.999000000000000000e+03
-1.645159721374511719e-02
-4.497626423835754395e-02
-4.137431830167770386e-02
2.769356593489646912e-02
3.593960031867027283e-02
-3.134263446554541588e-03
2.941181324422359467e-02
6.907183676958084106e-02
-9.999000000000000000e+03
-9.999000000000000000e+03
-9.999000000000000000e+03
-9.999000000000000000e+03
-9.999000000000000000e+03
-9.999000000000000000e+03
-9.999000000000000000e+03
-9.999000000000000000e+03
-9.999000000000000000e+03
-9.999000000000000000e+03
-9.999000000000000000e+03
-9.999000000000000000e+03
-9.999000000000000000e+03
-9.999000000000000000e+03
-9.999000000000000000e+03
-9.999000000000000000e+03
-9.999000000000000000e+03
-9.999000000000000000e+03
-9.999000000000000000e+03
-9.999000000000000000e+03
-9.999000000000000000e+03
-9.999000000000000000e+03
-9.999000000000000000e+03
-3.410244360566139221e-02
-5.647962912917137146e-02
-4.819137603044509888e-02
-3.144130855798721313e-02
-8.972385525703430176e-02
-1.497150510549545288e-01
-8.935161679983139038e-02
4.628288093954324722e-03
5.343358963727951050e-02
-9.999000000000000000e+03
-9.999000000000000000e+03
-9.999000000000000000e+03
-9.999000000000000000e+03
-9.999000000000000000e+03
-9.999000000000000000e+03
-9.999000000000000000e+03
-9.999000000000000000e+03
-9.999000000000000000e+03
-9.999000000000000000e+03
-9.999000000000000000e+03
-9.999000000000000000e+03
-9.999000000000000000e+03
-9.999000000000000000e+03
-9.999000000000000000e+03
-9.999000000000000000e+03
-9.999000000000000000e+03
-9.999000000000000000e+03
-9.999000000000000000e+03
-9.999000000000000000e+03
-9.999000000000000000e+03
-9.999000000000000000e+03
1.025710720568895340e-02
-1.307660248130559921e-02
-4.008105769753456116e-02
-7.874410599470138550e-02
-1.155712306499481201e-01
-1.488583534955978394e-01
-9.604076296091079712e-02
1.392283104360103607e-02
9.513898193836212158e-02
4.187743179500102997e-03
-3.749908879399299622e-02
1.773508824408054352e-02
1.013488974422216415e-02
-9.999000000000000000e+03
-9.999000000000000000e+03
-9.999000000000000000e+03
-9.999000000000000000e+03
-9.999000000000000000e+03
-9.999000000000000000e+03
-9.999000000000000000e+03
-9.999000000000000000e+03
-9.999000000000000000e+03
-9.999000000000000000e+03
-9.999000000000000000e+03
-9.999000000000000000e+03
-9.999000000000000000e+03
-9.999000000000000000e+03
-9.999000000000000000e+03
-9.999000000000000000e+03
-9.999000000000000000e+03
9.655038826167583466e-03
1.978733204305171967e-02
2.424653805792331696e-02
-2.606738731265068054e-02
-7.354620099067687988e-02
-1.030345410108566284e-01
-1.053167581558227539e-01
-8.198454976081848145e-02
-2.454633824527263641e-02
4.842137545347213745e-02
8.878580294549465179e-03
4.896162077784538269e-02
3.229334205389022827e-02
1.651358604431152344e-02
-9.999000000000000000e+03
-9.999000000000000000e+03
-9.999000000000000000e+03
-9.999000000000000000e+03
-9.999000000000000000e+03
-9.999000000000000000e+03
-9.999000000000000000e+03
-9.999000000000000000e+03
-9.999000000000000000e+03
-9.999000000000000000e+03
-9.999000000000000000e+03
-9.999000000000000000e+03
-9.999000000000000000e+03
-9.999000000000000000e+03
-9.999000000000000000e+03
2.306926809251308441e-02
1.437814626842737198e-02
-2.033569850027561188e-03
1.244775205850601196e-02
4.260548666934482753e-05
-3.259146586060523987e-02
-5.597974732518196106e-02
-7.509252429008483887e-02
-9.145830571651458740e-02
-8.510607481002807617e-02
-5.224248394370079041e-02
-8.032524958252906799e-03
5.343879386782646179e-02
8.535572886466979980e-02
-9.999000000000000000e+03
-9.999000000000000000e+03
-9.999000000000000000e+03
-9.999000000000000000e+03
-9.999000000000000000e+03
-9.999000000000000000e+03
-9.999000000000000000e+03
-9.999000000000000000e+03
-9.999000000000000000e+03
-9.999000000000000000e+03
-9.999000000000000000e+03
-9.999000000000000000e+03
-9.999000000000000000e+03
-9.999000000000000000e+03
-9.999000000000000000e+03
-9.999000000000000000e+03
1.981987431645393372e-02
2.510737255215644836e-02
3.307157009840011597e-02
1.834698766469955444e-02
5.875989329069852829e-03
-2.261467464268207550e-02
-5.266977846622467041e-02
-4.544877260923385620e-02
-4.539167508482933044e-02
-5.433538928627967834e-02
-7.574791461229324341e-02
-8.311264216899871826e-02
-4.775752127170562744e-02
6.624253839254379272e-02
-9.999000000000000000e+03
-9.999000000000000000e+03
-9.999000000000000000e+03
-9.999000000000000000e+03
-9.999000000000000000e+03
-9.999000000000000000e+03
-9.999000000000000000e+03
-9.999000000000000000e+03
-9.999000000000000000e+03
-9.999000000000000000e+03
-9.999000000000000000e+03
-9.999000000000000000e+03
-9.999000000000000000e+03
-9.999000000000000000e+03
-9.999000000000000000e+03
-9.999000000000000000e+03
-9.999000000000000000e+03
2.421515621244907379e-02
1.819093897938728333e-02
5.415320023894309998e-02
2.812530286610126495e-02
-1.430528063792735338e-04
-3.327067568898200989e-02
-5.203341692686080933e-02
-4.206698387861251831e-02
-2.213249355554580688e-02
-2.688967064023017883e-02
-4.518040269613265991e-02
-5.543819442391395569e-02
-1.631926372647285461e-02
4.109715297818183899e-02
-9.999000000000000000e+03
-9.999000000000000000e+03
-9.999000000000000000e+03
-9.999000000000000000e+03
-9.999000000000000000e+03
-9.999000000000000000e+03
-9.999000000000000000e+03
-9.999000000000000000e+03
-9.999000000000000000e+03
-9.999000000000000000e+03
-9.999000000000000000e+03
-9.999000000000000000e+03
-9.999000000000000000e+03
-9.999000000000000000e+03
-9.999000000000000000e+03
-9.999000000000000000e+03
-9.999000000000000000e+03
3.700581938028335571e-02
7.063947618007659912e-02
7.190664857625961304e-02
4.156275838613510132e-02
1.970807556062936783e-03
-4.662159830331802368e-02
-6.268057972192764282e-02
-3.956532478332519531e-02
-1.804454252123832703e-02
-1.972725614905357361e-02
-3.405727446079254150e-02
-2.498944289982318878e-02
1.241125166416168213e-02
-9.999000000000000000e+03
-9.999000000000000000e+03
-9.999000000000000000e+03
-9.999000000000000000e+03
-9.999000000000000000e+03
-9.999000000000000000e+03
-9.999000000000000000e+03
-9.999000000000000000e+03
-9.999000000000000000e+03
-9.999000000000000000e+03
-9.999000000000000000e+03
-9.999000000000000000e+03
-9.999000000000000000e+03
-9.999000000000000000e+03
-9.999000000000000000e+03
-9.999000000000000000e+03
-9.999000000000000000e+03
-9.999000000000000000e+03
7.828767597675323486e-02
1.124237105250358582e-01
7.339347898960113525e-02
2.598320506513118744e-02
-3.269530832767486572e-02
-7.249362021684646606e-02
-8.408626168966293335e-02
-5.887144804000854492e-02
-2.126061543822288513e-02
3.836440853774547577e-03
-5.177978891879320145e-03
-1.188077591359615326e-02
-9.999000000000000000e+03
-9.999000000000000000e+03
-9.999000000000000000e+03
-9.999000000000000000e+03
-9.999000000000000000e+03
-9.999000000000000000e+03
-9.999000000000000000e+03
-9.999000000000000000e+03
-9.999000000000000000e+03
-9.999000000000000000e+03
-9.999000000000000000e+03
-9.999000000000000000e+03
-9.999000000000000000e+03
-9.999000000000000000e+03
-9.999000000000000000e+03
-9.999000000000000000e+03
-9.999000000000000000e+03
-9.999000000000000000e+03
-9.999000000000000000e+03
1.033208966255187988e-01
1.053218096494674683e-01
7.063604891300201416e-02
1.920827478170394897e-02
-8.270014822483062744e-02
-8.575800806283950806e-02
-6.064354255795478821e-02
-3.058291226625442505e-02
-1.634263619780540466e-02
-2.433767076581716537e-03
-9.999000000000000000e+03
-9.999000000000000000e+03
-9.999000000000000000e+03
-9.999000000000000000e+03
-9.999000000000000000e+03
-9.999000000000000000e+03
-9.999000000000000000e+03
-9.999000000000000000e+03
-9.999000000000000000e+03
-9.999000000000000000e+03
-9.999000000000000000e+03
-9.999000000000000000e+03
-9.999000000000000000e+03
-9.999000000000000000e+03
-9.999000000000000000e+03
-9.999000000000000000e+03
-9.999000000000000000e+03
-9.999000000000000000e+03
-9.999000000000000000e+03
-9.999000000000000000e+03
-9.999000000000000000e+03
9.436135739088058472e-02
8.012825250625610352e-02
4.221059009432792664e-02
-1.831103675067424774e-02
-5.748497322201728821e-02
-6.123103573918342590e-02
-9.999000000000000000e+03
-9.999000000000000000e+03
-9.999000000000000000e+03
-9.999000000000000000e+03
-9.999000000000000000e+03
-9.999000000000000000e+03
-9.999000000000000000e+03
-9.999000000000000000e+03
-9.999000000000000000e+03
-9.999000000000000000e+03
-9.999000000000000000e+03
-9.999000000000000000e+03
-9.999000000000000000e+03
-9.999000000000000000e+03
-9.999000000000000000e+03
-9.999000000000000000e+03
-9.999000000000000000e+03
-9.999000000000000000e+03
-9.999000000000000000e+03
-9.999000000000000000e+03
-9.999000000000000000e+03
-9.999000000000000000e+03
-9.999000000000000000e+03
-9.999000000000000000e+03
-9.999000000000000000e+03
4.641420394182205200e-02
4.373425245285034180e-02
2.979141287505626678e-02
-9.999000000000000000e+03
-9.999000000000000000e+03
-9.999000000000000000e+03
-9.999000000000000000e+03
-9.999000000000000000e+03
-9.999000000000000000e+03
-9.999000000000000000e+03
-9.999000000000000000e+03
-9.999000000000000000e+03
-9.999000000000000000e+03
-9.999000000000000000e+03
-9.999000000000000000e+03
-9.999000000000000000e+03
-9.999000000000000000e+03
-9.999000000000000000e+03
-9.999000000000000000e+03
-9.999000000000000000e+03
-9.999000000000000000e+03
-9.999000000000000000e+03
-9.999000000000000000e+03
-9.999000000000000000e+03
-9.999000000000000000e+03
-9.999000000000000000e+03
-9.999000000000000000e+03
-9.999000000000000000e+03
-9.999000000000000000e+03
-9.999000000000000000e+03
-9.999000000000000000e+03
