-1.323344409465789795e-01
-8.829839527606964111e-02
-3.554030507802963257e-02
6.489281542599201202e-03
4.202183336019515991e-02
8.240985870361328125e-02
1.344963461160659790e-01
1.855554729700088501e-01
2.371892482042312622e-01
2.630784511566162109e-01
2.439266890287399292e-01
-9.999000000000000000e+03
-9.999000000000000000e+03
-9.999000000000000000e+03
-9.999000000000000000e+03
-9.999000000000000000e+03
-9.999000000000000000e+03
-9.999000000000000000e+03
-9.999000000000000000e+03
-9.999000000000000000e+03
-9.999000000000000000e+03
-9.999000000000000000e+03
-9.999000000000000000e+03
2.986536175012588501e-02
2.305075898766517639e-02
3.809240460395812988e-02
5.011796206235885620e-02
4.156510531902313232e-02
4.579784348607063293e-02
4.452615231275558472e-02
6.099239736795425415e-02
-1.218787357211112976e-01
-8.368880301713943481e-02
-3.374098986387252808e-02
1.197585463523864746e-02
5.661502853035926819e-02
1.060205549001693726e-01
1.643997728824615479e-01
2.125208973884582520e-01
2.470335811376571655e-01
2.683774530887603760e-01
2.594338953495025635e-01
1.456873267889022827e-01
-9.999000000000000000e+03
-9.999000000000000000e+03
-9.999000000000000000e+03
-9.999000000000000000e+03
-9.999000000000000000e+03
-9.999000000000000000e+03
-9.999000000000000000e+03
-9.999000000000000000e+03
-9.999000000000000000e+03
-1.377340755425393581e-03
1.110825594514608383e-02
2.623750828206539154e-02
5.626769270747900009e-03
2.135044522583484650e-02
1.543792523443698883e-02
1.579532586038112640e-02
2.137766964733600616e-02
3.768561035394668579e-02
5.377325415611267090e-02
-1.275443881750106812e-01
-8.112881332635879517e-02
-2.193909697234630585e-02
3.528453037142753601e-02
8.272787928581237793e-02
1.279283463954925537e-01
1.710665225982666016e-01
2.166752666234970093e-01
2.419318854808807373e-01
2.581040263175964355e-01
2.358656823635101318e-01
1.526512503623962402e-01
-9.999000000000000000e+03
-9.999000000000000000e+03
-9.999000000000000000e+03
-9.999000000000000000e+03
-9.999000000000000000e+03
-9.999000000000000000e+03
-9.999000000000000000e+03
-3.114761225879192352e-02
-2.054245211184024811e-02
-6.594448816031217575e-03
-4.536774009466171265e-03
5.167793948203325272e-03
1.760236360132694244e-02
1.872274838387966156e-02
9.571371600031852722e-03
2.636788878589868546e-03
5.687149707227945328e-03
1.949909143149852753e-02
2.813659235835075378e-02
-1.163270995020866394e-01
-8.531833440065383911e-02
-3.975373134016990662e-02
2.566916868090629578e-02
9.619795531034469604e-02
1.421507000923156738e-01
1.743657588958740234e-01
2.069306969642639160e-01
2.253189235925674438e-01
2.400864958763122559e-01
2.328778654336929321e-01
1.618761122226715088e-01
8.767130225896835327e-02
-9.999000000000000000e+03
-9.999000000000000000e+03
-9.999000000000000000e+03
-5.196783691644668579e-02
-6.768268346786499023e-02
-6.219395995140075684e-02
-3.772924095392227173e-02
-1.711226440966129303e-02
-6.870022509247064590e-03
5.843561608344316483e-03
1.166873611509799957e-02
2.350099012255668640e-02
8.243067190051078796e-03
5.486235022544860840e-04
-1.485531125217676163e-02
-2.354940958321094513e-02
-1.315999124199151993e-02
-5.547124426811933517e-03
-9.337659925222396851e-02
-6.204358860850334167e-02
-1.298576407134532928e-02
3.680193424224853516e-02
8.899837732315063477e-02
1.279162317514419556e-01
1.590800136327743530e-01
1.906027942895889282e-01
2.012785822153091431e-01
2.000147998332977295e-01
1.817561686038970947e-01
1.336074024438858032e-01
7.625701278448104858e-02
2.445921674370765686e-02
-4.425019398331642151e-02
-7.672534883022308350e-02
-8.291548490524291992e-02
-7.019107788801193237e-02
-4.923224076628684998e-02
-1.601987145841121674e-02
9.315089322626590729e-03
1.939520053565502167e-02
3.821940347552299500e-02
2.054401673376560211e-02
4.111360292881727219e-03
-2.440611645579338074e-02
-3.755941987037658691e-02
-5.560405552387237549e-02
-6.832820922136306763e-02
-5.478297546505928040e-02
-3.650678321719169617e-02
-5.339900404214859009e-02
-3.493690490722656250e-02
-4.157541319727897644e-03
4.266561195254325867e-02
8.738893270492553711e-02
1.193343847990036011e-01
1.367873251438140869e-01
1.573099642992019653e-01
1.627479195594787598e-01
1.633037626743316650e-01
1.349469125270843506e-01
8.639989793300628662e-02
3.938131779432296753e-02
-1.149013917893171310e-02
-4.666928574442863464e-02
-6.790292263031005859e-02
-6.229715049266815186e-02
-2.675067447125911713e-02
5.673854146152734756e-03
4.804957658052444458e-02
5.407825857400894165e-02
4.921662807464599609e-02
3.631493449211120605e-02
1.018501073122024536e-02
-2.292339876294136047e-02
-6.655034422874450684e-02
-8.598305284976959229e-02
-1.091553643345832825e-01
-1.174506843090057373e-01
-9.937958419322967529e-02
-7.833997905254364014e-02
-1.169285364449024200e-02
1.049032341688871384e-02
3.132645785808563232e-02
5.715261399745941162e-02
7.829363644123077393e-02
1.005321443080902100e-01
1.172667071223258972e-01
1.294593065977096558e-01
1.262996196746826172e-01
1.041307374835014343e-01
8.045668900012969971e-02
4.575936868786811829e-02
1.949042081832885742e-02
-2.108974196016788483e-02
-2.256081998348236084e-02
-2.225696295499801636e-02
3.268863772973418236e-03
3.371968492865562439e-02
4.762714356184005737e-02
7.464628666639328003e-02
6.381940841674804688e-02
4.304871335625648499e-02
1.469711307436227798e-02
-1.158793456852436066e-02
-4.952754825353622437e-02
-9.122361242771148682e-02
-1.287758350372314453e-01
-1.703284531831741333e-01
-1.782490611076354980e-01
-1.408300101757049561e-01
-1.190308034420013428e-01
-9.106080047786235809e-03
2.399888448417186737e-02
5.450527369976043701e-02
6.653457880020141602e-02
7.937505841255187988e-02
9.732167422771453857e-02
1.063140705227851868e-01
1.054298877716064453e-01
8.991028368473052979e-02
5.699348077178001404e-02
3.398954495787620544e-02
1.373356766998767853e-02
1.505688857287168503e-02
1.382873393595218658e-02
2.471756190061569214e-02
2.830602228641510010e-02
6.111390516161918640e-02
7.513973116874694824e-02
7.184723019599914551e-02
6.811743974685668945e-02
6.171834096312522888e-02
5.042007192969322205e-02
3.205309063196182251e-02
-1.657004840672016144e-02
-8.542114496231079102e-02
-1.417614519596099854e-01
-1.863376796245574951e-01
-2.233650386333465576e-01
-2.263770401477813721e-01
-1.867107450962066650e-01
-1.471282988786697388e-01
1.071601081639528275e-02
2.962151356041431427e-02
4.723883047699928284e-02
5.693012103438377380e-02
7.230307161808013916e-02
9.676054120063781738e-02
9.759061783552169800e-02
6.991067528724670410e-02
4.164227470755577087e-02
1.609164662659168243e-02
9.248044341802597046e-03
1.344893500208854675e-02
4.096589609980583191e-02
6.164480745792388916e-02
8.519787341356277466e-02
8.395989984273910522e-02
8.922524750232696533e-02
8.034592121839523315e-02
6.881794333457946777e-02
6.696235388517379761e-02
5.985360220074653625e-02
5.274179205298423767e-02
2.968744561076164246e-02
-3.861576551571488380e-03
-4.307832196354866028e-02
-1.336746215820312500e-01
-2.010656744241714478e-01
-2.540052235126495361e-01
-2.432156801223754883e-01
-1.986247003078460693e-01
-1.392774730920791626e-01
1.326830312609672546e-02
1.900547556579113007e-02
2.961819991469383240e-02
3.808679059147834778e-02
6.166025623679161072e-02
7.569445669651031494e-02
7.364210486412048340e-02
5.539777874946594238e-02
1.954346522688865662e-02
1.792605151422321796e-03
1.928873546421527863e-02
5.820249766111373901e-02
8.642881363630294800e-02
1.030564829707145691e-01
1.170351803302764893e-01
1.069213300943374634e-01
8.596659451723098755e-02
5.318998917937278748e-02
4.264595359563827515e-02
2.816854231059551239e-02
4.275314509868621826e-02
-9.999000000000000000e+03
-9.999000000000000000e+03
-9.999000000000000000e+03
-9.999000000000000000e+03
-9.999000000000000000e+03
-9.999000000000000000e+03
-1.964107900857925415e-01
-2.438709288835525513e-01
-2.024734020233154297e-01
-1.346253752708435059e-01
1.580099016427993774e-02
1.876927539706230164e-02
1.981326751410961151e-02
3.161854296922683716e-02
5.707187205553054810e-02
6.079945340752601624e-02
6.511313468217849731e-02
4.393162950873374939e-02
2.015192992985248566e-02
2.543108724057674408e-02
5.018823593854904175e-02
1.092444062232971191e-01
1.173165291547775269e-01
1.274449974298477173e-01
1.115050837397575378e-01
9.389453381299972534e-02
9.379647672176361084e-02
-9.999000000000000000e+03
-9.999000000000000000e+03
-9.999000000000000000e+03
-9.999000000000000000e+03
-9.999000000000000000e+03
-9.999000000000000000e+03
-9.999000000000000000e+03
-9.999000000000000000e+03
-9.999000000000000000e+03
-9.999000000000000000e+03
-1.483414620161056519e-01
-2.032862007617950439e-01
-2.093089073896408081e-01
-1.577457785606384277e-01
2.773872390389442444e-02
1.980311982333660126e-02
3.400325775146484375e-02
5.534516274929046631e-02
6.046558171510696411e-02
5.733776837587356567e-02
5.876101553440093994e-02
3.857994079589843750e-02
2.509222179651260376e-02
8.174961805343627930e-02
1.020924374461174011e-01
1.160756498575210571e-01
1.199271604418754578e-01
1.205227449536323547e-01
5.726102739572525024e-02
5.626985430717468262e-02
-9.999000000000000000e+03
-9.999000000000000000e+03
-9.999000000000000000e+03
-9.999000000000000000e+03
-9.999000000000000000e+03
-9.999000000000000000e+03
-9.999000000000000000e+03
-9.999000000000000000e+03
-9.999000000000000000e+03
-9.999000000000000000e+03
-9.999000000000000000e+03
-9.999000000000000000e+03
-1.227713003754615784e-01
-1.703464835882186890e-01
-1.176235675811767578e-01
-3.549667075276374817e-02
-3.370382264256477356e-02
1.013234723359346390e-03
3.458853438496589661e-02
5.085510760545730591e-02
6.292154639959335327e-02
4.287778213620185852e-02
4.375161603093147278e-02
6.751813739538192749e-02
1.138185113668441772e-01
1.195992603898048401e-01
1.071561723947525024e-01
8.681441098451614380e-02
1.019502654671669006e-01
-9.999000000000000000e+03
-9.999000000000000000e+03
-9.999000000000000000e+03
-9.999000000000000000e+03
-9.999000000000000000e+03
-9.999000000000000000e+03
-9.999000000000000000e+03
-9.999000000000000000e+03
-9.999000000000000000e+03
-9.999000000000000000e+03
-9.999000000000000000e+03
-9.999000000000000000e+03
-9.999000000000000000e+03
-9.999000000000000000e+03
-9.999000000000000000e+03
-1.201859414577484131e-01
-9.550376236438751221e-02
-9.999000000000000000e+03
-5.779581516981124878e-02
-3.695511445403099060e-02
-9.702825336717069149e-04
3.576713427901268005e-02
5.768474936485290527e-02
3.852887451648712158e-02
7.481345534324645996e-02
1.227392032742500305e-01
1.220960915088653564e-01
1.150486767292022705e-01
1.024232804775238037e-01
6.513757258653640747e-02
-9.999000000000000000e+03
-9.999000000000000000e+03
-9.999000000000000000e+03
-9.999000000000000000e+03
-9.999000000000000000e+03
-9.999000000000000000e+03
-9.999000000000000000e+03
-9.999000000000000000e+03
-9.999000000000000000e+03
-9.999000000000000000e+03
-9.999000000000000000e+03
-9.999000000000000000e+03
-9.999000000000000000e+03
-9.999000000000000000e+03
-9.999000000000000000e+03
-9.999000000000000000e+03
-5.447360873222351074e-02
-3.821161016821861267e-02
-9.999000000000000000e+03
-9.999000000000000000e+03
-5.510184168815612793e-02
-1.747413910925388336e-02
1.755139976739883423e-02
4.028419405221939087e-02
7.062765210866928101e-02
9.878230094909667969e-02
1.207826659083366394e-01
1.114870980381965637e-01
9.130033850669860840e-02
3.914648666977882385e-02
-9.999000000000000000e+03
-9.999000000000000000e+03
-9.999000000000000000e+03
-9.999000000000000000e+03
-9.999000000000000000e+03
-9.999000000000000000e+03
-9.999000000000000000e+03
-9.999000000000000000e+03
-9.999000000000000000e+03
-9.999000000000000000e+03
-9.999000000000000000e+03
-9.999000000000000000e+03
-9.999000000000000000e+03
-9.999000000000000000e+03
-9.999000000000000000e+03
-9.999000000000000000e+03
-9.999000000000000000e+03
-1.893622614443302155e-02
7.818451849743723869e-04
-9.999000000000000000e+03
-9.999000000000000000e+03
-3.302948176860809326e-02
-1.978298649191856384e-02
7.380898576229810715e-03
4.041545838117599487e-02
9.348073601722717285e-02
1.006847620010375977e-01
1.020462885499000549e-01
8.797115832567214966e-02
6.703820824623107910e-02
4.261507466435432434e-02
-9.999000000000000000e+03
-9.999000000000000000e+03
-9.999000000000000000e+03
-9.999000000000000000e+03
-9.999000000000000000e+03
-9.999000000000000000e+03
-9.999000000000000000e+03
-9.999000000000000000e+03
-9.999000000000000000e+03
-9.999000000000000000e+03
-9.999000000000000000e+03
-9.999000000000000000e+03
-9.999000000000000000e+03
-9.999000000000000000e+03
-9.999000000000000000e+03
-9.999000000000000000e+03
-9.999000000000000000e+03
-9.999000000000000000e+03
-9.999000000000000000e+03
-9.999000000000000000e+03
-9.999000000000000000e+03
-1.894005015492439270e-02
-1.564715988934040070e-02
4.352775402367115021e-03
4.670016467571258545e-02
7.350079715251922607e-02
8.408968895673751831e-02
8.312407135963439941e-02
7.688631117343902588e-02
3.966838493943214417e-02
2.220788225531578064e-02
-9.999000000000000000e+03
-9.999000000000000000e+03
-9.999000000000000000e+03
-9.999000000000000000e+03
-9.999000000000000000e+03
-9.999000000000000000e+03
-9.999000000000000000e+03
-9.999000000000000000e+03
-9.999000000000000000e+03
-9.999000000000000000e+03
-9.999000000000000000e+03
-9.999000000000000000e+03
-9.999000000000000000e+03
-9.999000000000000000e+03
-9.999000000000000000e+03
-9.999000000000000000e+03
-9.999000000000000000e+03
-9.999000000000000000e+03
-9.999000000000000000e+03
-9.999000000000000000e+03
-9.999000000000000000e+03
-9.999000000000000000e+03
-1.817360892891883850e-02
-5.264411680400371552e-03
4.492228478193283081e-02
4.138443246483802795e-02
5.797097086906433105e-02
9.661874175071716309e-02
1.216731369495391846e-01
6.227865070104598999e-02
-9.999000000000000000e+03
-9.999000000000000000e+03
-9.999000000000000000e+03
-9.999000000000000000e+03
-9.999000000000000000e+03
-9.999000000000000000e+03
-9.999000000000000000e+03
-9.999000000000000000e+03
-9.999000000000000000e+03
-9.999000000000000000e+03
-9.999000000000000000e+03
-9.999000000000000000e+03
-9.999000000000000000e+03
-9.999000000000000000e+03
-9.999000000000000000e+03
-9.999000000000000000e+03
-9.999000000000000000e+03
-9.999000000000000000e+03
-9.999000000000000000e+03
-9.999000000000000000e+03
-9.999000000000000000e+03
-9.999000000000000000e+03
-9.999000000000000000e+03
-1.098887063562870026e-02
7.561911828815937042e-03
2.672910690307617188e-02
1.720331795513629913e-02
4.699265956878662109e-02
1.198911145329475403e-01
1.401951611042022705e-01
7.766300439834594727e-02
3.038176894187927246e-02
-9.999000000000000000e+03
-9.999000000000000000e+03
-9.999000000000000000e+03
-9.999000000000000000e+03
-9.999000000000000000e+03
-9.999000000000000000e+03
-9.999000000000000000e+03
-9.999000000000000000e+03
-9.999000000000000000e+03
-9.999000000000000000e+03
-9.999000000000000000e+03
-9.999000000000000000e+03
-9.999000000000000000e+03
-9.999000000000000000e+03
-9.999000000000000000e+03
-9.999000000000000000e+03
-9.999000000000000000e+03
-9.999000000000000000e+03
-9.999000000000000000e+03
-9.999000000000000000e+03
-9.999000000000000000e+03
-9.999000000000000000e+03
-9.999000000000000000e+03
-1.609033322893083096e-03
1.944155059754848480e-02
8.260500617325305939e-03
4.287395253777503967e-02
7.320643216371536255e-02
2.205521427094936371e-02
3.606841340661048889e-02
7.874358445405960083e-02
-9.999000000000000000e+03
-9.999000000000000000e+03
-9.999000000000000000e+03
-9.999000000000000000e+03
-9.999000000000000000e+03
-9.999000000000000000e+03
-9.999000000000000000e+03
-9.999000000000000000e+03
-9.999000000000000000e+03
-9.999000000000000000e+03
-9.999000000000000000e+03
-9.999000000000000000e+03
-9.999000000000000000e+03
-9.999000000000000000e+03
-9.999000000000000000e+03
-9.999000000000000000e+03
-9.999000000000000000e+03
-9.999000000000000000e+03
-9.999000000000000000e+03
-9.999000000000000000e+03
-9.999000000000000000e+03
-9.999000000000000000e+03
-9.999000000000000000e+03
-3.765289438888430595e-03
-1.459316257387399673e-02
-2.833854220807552338e-02
-2.466797456145286560e-02
-6.233995780348777771e-02
-1.334538906812667847e-01
-8.200265467166900635e-02
1.583004184067249298e-02
6.622449308633804321e-02
-9.999000000000000000e+03
-9.999000000000000000e+03
-9.999000000000000000e+03
-9.999000000000000000e+03
-9.999000000000000000e+03
-9.999000000000000000e+03
-9.999000000000000000e+03
-9.999000000000000000e+03
-9.999000000000000000e+03
-9.999000000000000000e+03
-9.999000000000000000e+03
-9.999000000000000000e+03
-9.999000000000000000e+03
-9.999000000000000000e+03
-9.999000000000000000e+03
-9.999000000000000000e+03
-9.999000000000000000e+03
-9.999000000000000000e+03
-9.999000000000000000e+03
-9.999000000000000000e+03
-9.999000000000000000e+03
-9.999000000000000000e+03
3.497933968901634216e-02
7.680046837776899338e-03
-7.060693111270666122e-03
-4.187742620706558228e-02
-8.860021084547042847e-02
-1.602105647325515747e-01
-1.223719194531440735e-01
-2.682347083464264870e-03
1.055936217308044434e-01
4.874275997281074524e-02
-9.399153292179107666e-03
7.569654844701290131e-03
3.247909992933273315e-02
-9.999000000000000000e+03
-9.999000000000000000e+03
-9.999000000000000000e+03
-9.999000000000000000e+03
-9.999000000000000000e+03
-9.999000000000000000e+03
-9.999000000000000000e+03
-9.999000000000000000e+03
-9.999000000000000000e+03
-9.999000000000000000e+03
-9.999000000000000000e+03
-9.999000000000000000e+03
-9.999000000000000000e+03
-9.999000000000000000e+03
-9.999000000000000000e+03
-9.999000000000000000e+03
-9.999000000000000000e+03
3.530651330947875977e-02
4.408531263470649719e-02
4.404992237687110901e-02
1.539376378059387207e-02
-3.351359441876411438e-02
-9.040198475122451782e-02
-1.094767302274703979e-01
-9.452545642852783203e-02
-3.665125370025634766e-02
3.866477310657501221e-02
3.587322309613227844e-02
3.625389933586120605e-02
2.895924262702465057e-02
4.071503132581710815e-02
-9.999000000000000000e+03
-9.999000000000000000e+03
-9.999000000000000000e+03
-9.999000000000000000e+03
-9.999000000000000000e+03
-9.999000000000000000e+03
-9.999000000000000000e+03
-9.999000000000000000e+03
-9.999000000000000000e+03
-9.999000000000000000e+03
-9.999000000000000000e+03
-9.999000000000000000e+03
-9.999000000000000000e+03
-9.999000000000000000e+03
-9.999000000000000000e+03
6.164704263210296631e-02
4.726817831397056580e-02
3.103851154446601868e-02
4.764333739876747131e-02
3.598888963460922241e-02
8.944518864154815674e-03
-1.936828903853893280e-02
-5.065128579735755920e-02
-6.960000842809677124e-02
-6.821404397487640381e-02
-4.725785553455352783e-02
8.055076003074645996e-03
6.836735457181930542e-02
9.155100584030151367e-02
-9.999000000000000000e+03
-9.999000000000000000e+03
-9.999000000000000000e+03
-9.999000000000000000e+03
-9.999000000000000000e+03
-9.999000000000000000e+03
-9.999000000000000000e+03
-9.999000000000000000e+03
-9.999000000000000000e+03
-9.999000000000000000e+03
-9.999000000000000000e+03
-9.999000000000000000e+03
-9.999000000000000000e+03
-9.999000000000000000e+03
-9.999000000000000000e+03
-9.999000000000000000e+03
4.744160920381546021e-02
7.839202880859375000e-02
9.624069184064865112e-02
6.883484125137329102e-02
4.533305391669273376e-02
2.244138903915882111e-02
7.025357335805892944e-04
-8.494846522808074951e-03
-2.016501873731613159e-02
-3.805871307849884033e-02
-6.063668802380561829e-02
-6.739515066146850586e-02
-1.769613660871982574e-02
8.607380092144012451e-02
-9.999000000000000000e+03
-9.999000000000000000e+03
-9.999000000000000000e+03
-9.999000000000000000e+03
-9.999000000000000000e+03
-9.999000000000000000e+03
-9.999000000000000000e+03
-9.999000000000000000e+03
-9.999000000000000000e+03
-9.999000000000000000e+03
-9.999000000000000000e+03
-9.999000000000000000e+03
-9.999000000000000000e+03
-9.999000000000000000e+03
-9.999000000000000000e+03
-9.999000000000000000e+03
-9.999000000000000000e+03
8.063092827796936035e-02
9.116691350936889648e-02
1.305593103170394897e-01
7.813439518213272095e-02
3.682008385658264160e-02
9.252394549548625946e-03
-5.150414071977138519e-03
-1.022478193044662476e-02
-3.839688608422875404e-03
-2.617429196834564209e-02
-4.361474886536598206e-02
-5.789626762270927429e-02
-1.957012154161930084e-02
5.134360492229461670e-02
-9.999000000000000000e+03
-9.999000000000000000e+03
-9.999000000000000000e+03
-9.999000000000000000e+03
-9.999000000000000000e+03
-9.999000000000000000e+03
-9.999000000000000000e+03
-9.999000000000000000e+03
-9.999000000000000000e+03
-9.999000000000000000e+03
-9.999000000000000000e+03
-9.999000000000000000e+03
-9.999000000000000000e+03
-9.999000000000000000e+03
-9.999000000000000000e+03
-9.999000000000000000e+03
-9.999000000000000000e+03
1.000007539987564087e-01
1.284906119108200073e-01
1.263069957494735718e-01
8.098249137401580811e-02
3.902657330036163330e-02
-4.703960381448268890e-03
-3.032935597002506256e-02
-2.096888050436973572e-02
-1.254187244921922684e-02
-2.168800868093967438e-02
-3.768163174390792847e-02
-5.928860232234001160e-02
-2.273484133183956146e-02
-9.999000000000000000e+03
-9.999000000000000000e+03
-9.999000000000000000e+03
-9.999000000000000000e+03
-9.999000000000000000e+03
-9.999000000000000000e+03
-9.999000000000000000e+03
-9.999000000000000000e+03
-9.999000000000000000e+03
-9.999000000000000000e+03
-9.999000000000000000e+03
-9.999000000000000000e+03
-9.999000000000000000e+03
-9.999000000000000000e+03
-9.999000000000000000e+03
-9.999000000000000000e+03
-9.999000000000000000e+03
-9.999000000000000000e+03
1.182315796613693237e-01
1.324762701988220215e-01
1.013681590557098389e-01
5.843970924615859985e-02
7.368416525423526764e-03
-3.419151157140731812e-02
-5.723734200000762939e-02
-3.121012263000011444e-02
-1.168986689299345016e-02
9.488111361861228943e-03
-1.272651087492704391e-02
-3.857978060841560364e-02
-9.999000000000000000e+03
-9.999000000000000000e+03
-9.999000000000000000e+03
-9.999000000000000000e+03
-9.999000000000000000e+03
-9.999000000000000000e+03
-9.999000000000000000e+03
-9.999000000000000000e+03
-9.999000000000000000e+03
-9.999000000000000000e+03
-9.999000000000000000e+03
-9.999000000000000000e+03
-9.999000000000000000e+03
-9.999000000000000000e+03
-9.999000000000000000e+03
-9.999000000000000000e+03
-9.999000000000000000e+03
-9.999000000000000000e+03
-9.999000000000000000e+03
1.138979941606521606e-01
1.190966740250587463e-01
9.666497260332107544e-02
5.312258005142211914e-02
-4.240320995450019836e-02
-6.159504503011703491e-02
-3.814392536878585815e-02
-1.323696132749319077e-02
-1.913978368975222111e-03
2.847033552825450897e-03
-9.999000000000000000e+03
-9.999000000000000000e+03
-9.999000000000000000e+03
-9.999000000000000000e+03
-9.999000000000000000e+03
-9.999000000000000000e+03
-9.999000000000000000e+03
-9.999000000000000000e+03
-9.999000000000000000e+03
-9.999000000000000000e+03
-9.999000000000000000e+03
-9.999000000000000000e+03
-9.999000000000000000e+03
-9.999000000000000000e+03
-9.999000000000000000e+03
-9.999000000000000000e+03
-9.999000000000000000e+03
-9.999000000000000000e+03
-9.999000000000000000e+03
-9.999000000000000000e+03
-9.999000000000000000e+03
1.010096669197082520e-01
9.259423613548278809e-02
6.048817560076713562e-02
2.919883932918310165e-03
-4.223677515983581543e-02
-4.880994185805320740e-02
-9.999000000000000000e+03
-9.999000000000000000e+03
-9.999000000000000000e+03
-9.999000000000000000e+03
-9.999000000000000000e+03
-9.999000000000000000e+03
-9.999000000000000000e+03
-9.999000000000000000e+03
-9.999000000000000000e+03
-9.999000000000000000e+03
-9.999000000000000000e+03
-9.999000000000000000e+03
-9.999000000000000000e+03
-9.999000000000000000e+03
-9.999000000000000000e+03
-9.999000000000000000e+03
-9.999000000000000000e+03
-9.999000000000000000e+03
-9.999000000000000000e+03
-9.999000000000000000e+03
-9.999000000000000000e+03
-9.999000000000000000e+03
-9.999000000000000000e+03
-9.999000000000000000e+03
-9.999000000000000000e+03
5.087954550981521606e-02
4.780856892466545105e-02
4.037115722894668579e-02
-9.999000000000000000e+03
-9.999000000000000000e+03
-9.999000000000000000e+03
-9.999000000000000000e+03
-9.999000000000000000e+03
-9.999000000000000000e+03
-9.999000000000000000e+03
-9.999000000000000000e+03
-9.999000000000000000e+03
-9.999000000000000000e+03
-9.999000000000000000e+03
-9.999000000000000000e+03
-9.999000000000000000e+03
-9.999000000000000000e+03
-9.999000000000000000e+03
-9.999000000000000000e+03
-9.999000000000000000e+03
-9.999000000000000000e+03
-9.999000000000000000e+03
-9.999000000000000000e+03
-9.999000000000000000e+03
-9.999000000000000000e+03
-9.999000000000000000e+03
-9.999000000000000000e+03
-9.999000000000000000e+03
-9.999000000000000000e+03
-9.999000000000000000e+03
-9.999000000000000000e+03
