1.043375656008720398e-01
1.092989146709442139e-01
9.663008898496627808e-02
8.780703693628311157e-02
1.083761006593704224e-01
8.899150788784027100e-02
7.470161467790603638e-02
7.002778351306915283e-02
6.056202948093414307e-02
5.872436985373497009e-02
-2.659392077475786209e-03
-9.999000000000000000e+03
-9.999000000000000000e+03
-9.999000000000000000e+03
-9.999000000000000000e+03
-9.999000000000000000e+03
-9.999000000000000000e+03
-9.999000000000000000e+03
-9.999000000000000000e+03
-9.999000000000000000e+03
-9.999000000000000000e+03
-9.999000000000000000e+03
-9.999000000000000000e+03
2.538720890879631042e-02
7.556527107954025269e-02
9.443759918212890625e-02
1.289115697145462036e-01
1.667542755603790283e-01
1.761977672576904297e-01
1.855231225490570068e-01
1.852636486291885376e-01
5.145626515150070190e-02
4.961298778653144836e-02
3.401678800582885742e-02
2.246804907917976379e-02
4.107661917805671692e-02
2.002437226474285126e-02
9.088676422834396362e-03
1.950668916106224060e-02
1.867757178843021393e-02
3.574246913194656372e-02
4.539594054222106934e-02
4.011351987719535828e-02
-9.999000000000000000e+03
-9.999000000000000000e+03
-9.999000000000000000e+03
-9.999000000000000000e+03
-9.999000000000000000e+03
-9.999000000000000000e+03
-9.999000000000000000e+03
-9.999000000000000000e+03
-9.999000000000000000e+03
6.351265311241149902e-02
8.559986948966979980e-02
8.185949921607971191e-02
1.235501021146774292e-01
1.281641721725463867e-01
1.426037698984146118e-01
1.518093943595886230e-01
1.566307395696640015e-01
1.700669229030609131e-01
1.826850473880767822e-01
1.113515533506870270e-02
-2.301985397934913635e-03
-2.946497313678264618e-02
-4.745347797870635986e-02
-3.404574468731880188e-02
-4.079103842377662659e-02
-3.804817050695419312e-02
-2.414360456168651581e-02
-2.134349010884761810e-02
3.971917089074850082e-03
3.274768963456153870e-02
4.078581929206848145e-02
-9.999000000000000000e+03
-9.999000000000000000e+03
-9.999000000000000000e+03
-9.999000000000000000e+03
-9.999000000000000000e+03
-9.999000000000000000e+03
-9.999000000000000000e+03
1.102797836065292358e-01
1.065598055720329285e-01
1.248826310038566589e-01
1.194179132580757141e-01
1.166117861866950989e-01
1.098715290427207947e-01
1.003100275993347168e-01
1.138453632593154907e-01
1.091279387474060059e-01
1.201124489307403564e-01
1.515394002199172974e-01
1.733671575784683228e-01
-2.669252268970012665e-02
-3.866980969905853271e-02
-6.176430359482765198e-02
-8.670321851968765259e-02
-8.820152282714843750e-02
-8.534500002861022949e-02
-8.152887225151062012e-02
-6.773597002029418945e-02
-5.658791586756706238e-02
-2.489095553755760193e-02
1.903975382447242737e-03
5.238134413957595825e-02
7.680059969425201416e-02
-9.999000000000000000e+03
-9.999000000000000000e+03
-9.999000000000000000e+03
7.500813156366348267e-02
1.140647158026695251e-01
1.553758829832077026e-01
1.474767178297042847e-01
1.256548762321472168e-01
1.068089604377746582e-01
6.610225886106491089e-02
6.242080777883529663e-02
3.417446091771125793e-02
-3.665987402200698853e-03
2.929065003991127014e-02
3.511456400156021118e-02
6.705339252948760986e-02
1.080744862556457520e-01
1.349117457866668701e-01
-5.771047249436378479e-02
-7.017342746257781982e-02
-9.454925358295440674e-02
-1.107001751661300659e-01
-1.117840930819511414e-01
-1.047420725226402283e-01
-9.757023304700851440e-02
-9.189298748970031738e-02
-7.346588373184204102e-02
-4.740574583411216736e-02
-9.284093044698238373e-03
3.280235081911087036e-02
7.781724631786346436e-02
7.580303400754928589e-02
7.249627262353897095e-02
8.645959198474884033e-02
9.446996450424194336e-02
9.460315108299255371e-02
1.000169217586517334e-01
6.676634401082992554e-02
4.576484486460685730e-02
-2.890490461140871048e-03
-7.551179826259613037e-02
-6.527972221374511719e-02
-8.690660446882247925e-02
-8.083035051822662354e-02
-4.596620798110961914e-02
-1.529946457594633102e-02
3.493098169565200806e-02
8.425758779048919678e-02
1.130429133772850037e-01
-7.619910687208175659e-02
-8.408979326486587524e-02
-1.002480834722518921e-01
-1.145328506827354431e-01
-1.168925836682319641e-01
-1.067923828959465027e-01
-9.749164432287216187e-02
-8.522436022758483887e-02
-7.146856933832168579e-02
-5.251748487353324890e-02
-1.233139820396900177e-02
3.723150864243507385e-02
5.992819368839263916e-02
6.613965332508087158e-02
5.568912625312805176e-02
5.659624561667442322e-02
4.032379388809204102e-02
5.274713970720767975e-03
-2.227398194372653961e-02
-9.197170287370681763e-02
-1.193005666136741638e-01
-1.349439471960067749e-01
-1.629148721694946289e-01
-1.403218060731887817e-01
-1.158004999160766602e-01
-8.549589663743972778e-02
-5.722033232450485229e-02
-2.379560284316539764e-02
1.556991692632436752e-02
5.467505753040313721e-02
7.874052971601486206e-02
-9.266621619462966919e-02
-9.584596753120422363e-02
-1.108618676662445068e-01
-1.204378232359886169e-01
-1.170645803213119507e-01
-1.078506186604499817e-01
-9.866097569465637207e-02
-8.359111845493316650e-02
-7.423931360244750977e-02
-4.122690111398696899e-02
3.415313083678483963e-03
4.057299345731735229e-02
5.636089667677879333e-02
4.810588806867599487e-02
4.092292860150337219e-03
-1.460071466863155365e-02
-4.497475177049636841e-02
-8.089183270931243896e-02
-1.040812954306602478e-01
-1.629606783390045166e-01
-1.903419792652130127e-01
-2.005059123039245605e-01
-1.822428554296493530e-01
-1.577621102333068848e-01
-1.299466639757156372e-01
-1.110140532255172729e-01
-7.208562642335891724e-02
-4.251043498516082764e-02
-1.163181196898221970e-02
2.929927036166191101e-02
4.477984458208084106e-02
-8.889602869749069214e-02
-9.383764117956161499e-02
-1.122824847698211670e-01
-1.286433488130569458e-01
-1.114656478166580200e-01
-9.727732837200164795e-02
-9.250443428754806519e-02
-8.833450824022293091e-02
-7.328511029481887817e-02
-3.064251877367496490e-02
1.521601621061563492e-02
3.127603977918624878e-02
2.133737131953239441e-02
-6.867553107440471649e-03
-5.139558017253875732e-02
-7.223059982061386108e-02
-1.062807291746139526e-01
-1.391567587852478027e-01
-1.626121699810028076e-01
-1.818064302206039429e-01
-1.882187873125076294e-01
-1.888419091701507568e-01
-1.747655123472213745e-01
-1.623401939868927002e-01
-1.641820222139358521e-01
-1.681804358959197998e-01
-1.200984716415405273e-01
-9.010346233844757080e-02
-5.880372598767280579e-02
-1.366743724793195724e-02
-3.975674510002136230e-03
-8.296068012714385986e-02
-8.832261711359024048e-02
-1.062901541590690613e-01
-1.112209483981132507e-01
-1.031790375709533691e-01
-7.984377443790435791e-02
-7.684541493654251099e-02
-6.795307248830795288e-02
-4.564028233289718628e-02
-1.894826814532279968e-02
2.304031513631343842e-03
4.265850409865379333e-03
-3.742940351366996765e-02
-8.647236973047256470e-02
-1.159665733575820923e-01
-1.240547597408294678e-01
-1.399958878755569458e-01
-1.470443010330200195e-01
-1.596141904592514038e-01
-1.659367084503173828e-01
-1.590604186058044434e-01
-1.561846435070037842e-01
-1.253746300935745239e-01
-1.308836936950683594e-01
-1.057644337415695190e-01
-1.398954242467880249e-01
-1.276670396327972412e-01
-1.225152462720870972e-01
-1.036718040704727173e-01
-7.662332803010940552e-02
-8.087965846061706543e-02
-9.095807373523712158e-02
-7.924600690603256226e-02
-8.182346820831298828e-02
-7.436876744031906128e-02
-7.386430352926254272e-02
-6.259325891733169556e-02
-4.722992330789566040e-02
-4.750890284776687622e-02
-3.379445895552635193e-02
-1.582497917115688324e-02
-1.858635991811752319e-02
-5.606461688876152039e-02
-9.277481585741043091e-02
-1.179364398121833801e-01
-1.301921159029006958e-01
-1.315926462411880493e-01
-1.340621113777160645e-01
-9.610844403505325317e-02
-1.273049712181091309e-01
-1.148131787776947021e-01
-1.098101884126663208e-01
-9.999000000000000000e+03
-9.999000000000000000e+03
-9.999000000000000000e+03
-9.999000000000000000e+03
-9.999000000000000000e+03
-9.999000000000000000e+03
-1.296860873699188232e-01
-1.241865679621696472e-01
-1.234062016010284424e-01
-1.447631567716598511e-01
-9.875292330980300903e-02
-7.722985744476318359e-02
-6.182223558425903320e-02
-4.914524778723716736e-02
-5.000341311097145081e-02
-3.425683453679084778e-02
-2.839769050478935242e-02
-2.822106331586837769e-02
-2.309503220021724701e-02
-2.300825901329517365e-02
-3.574106469750404358e-02
-8.988378196954727173e-02
-1.094238236546516418e-01
-1.168950125575065613e-01
-1.055437475442886353e-01
-9.310012310743331909e-02
-8.095680177211761475e-02
-9.999000000000000000e+03
-9.999000000000000000e+03
-9.999000000000000000e+03
-9.999000000000000000e+03
-9.999000000000000000e+03
-9.999000000000000000e+03
-9.999000000000000000e+03
-9.999000000000000000e+03
-9.999000000000000000e+03
-9.999000000000000000e+03
-8.838383108377456665e-02
-1.303675025701522827e-01
-1.554835289716720581e-01
-1.758383810520172119e-01
-1.317939907312393188e-01
-1.000316590070724487e-01
-7.076634466648101807e-02
-5.825232341885566711e-02
-4.413649439811706543e-02
-3.557184338569641113e-02
-3.283141925930976868e-02
-2.380439825356006622e-02
-1.064981427043676376e-02
-4.490809515118598938e-02
-7.312327623367309570e-02
-9.329570829868316650e-02
-9.448046982288360596e-02
-9.464988112449645996e-02
-5.312909185886383057e-02
-5.356789752840995789e-02
-9.999000000000000000e+03
-9.999000000000000000e+03
-9.999000000000000000e+03
-9.999000000000000000e+03
-9.999000000000000000e+03
-9.999000000000000000e+03
-9.999000000000000000e+03
-9.999000000000000000e+03
-9.999000000000000000e+03
-9.999000000000000000e+03
-9.999000000000000000e+03
-9.999000000000000000e+03
-9.165804088115692139e-02
-1.592284739017486572e-01
-1.997503340244293213e-01
-1.567839980125427246e-01
-1.254380643367767334e-01
-9.629224985837936401e-02
-8.495810627937316895e-02
-6.267233192920684814e-02
-4.329591244459152222e-02
-3.142108768224716187e-02
-3.032924048602581024e-02
-3.964821621775627136e-02
-6.786134093999862671e-02
-8.360201120376586914e-02
-7.454279065132141113e-02
-5.623980239033699036e-02
-6.297473609447479248e-02
-9.999000000000000000e+03
-9.999000000000000000e+03
-9.999000000000000000e+03
-9.999000000000000000e+03
-9.999000000000000000e+03
-9.999000000000000000e+03
-9.999000000000000000e+03
-9.999000000000000000e+03
-9.999000000000000000e+03
-9.999000000000000000e+03
-9.999000000000000000e+03
-9.999000000000000000e+03
-9.999000000000000000e+03
-9.999000000000000000e+03
-9.999000000000000000e+03
-1.347321420907974243e-01
-1.751307845115661621e-01
-9.999000000000000000e+03
-8.228267729282379150e-02
-1.097380965948104858e-01
-1.082656010985374451e-01
-9.166289120912551880e-02
-7.407410442829132080e-02
-6.977495551109313965e-02
-7.269463688135147095e-02
-9.407795965671539307e-02
-9.114398062229156494e-02
-7.933793962001800537e-02
-5.734618380665779114e-02
-4.305565729737281799e-02
-9.999000000000000000e+03
-9.999000000000000000e+03
-9.999000000000000000e+03
-9.999000000000000000e+03
-9.999000000000000000e+03
-9.999000000000000000e+03
-9.999000000000000000e+03
-9.999000000000000000e+03
-9.999000000000000000e+03
-9.999000000000000000e+03
-9.999000000000000000e+03
-9.999000000000000000e+03
-9.999000000000000000e+03
-9.999000000000000000e+03
-9.999000000000000000e+03
-9.999000000000000000e+03
-9.944186359643936157e-02
-1.340104639530181885e-01
-9.999000000000000000e+03
-9.999000000000000000e+03
-9.571739286184310913e-02
-1.187672689557075500e-01
-1.137615591287612915e-01
-1.013783067464828491e-01
-1.024045646190643311e-01
-1.033350229263305664e-01
-9.898074716329574585e-02
-6.445119529962539673e-02
-5.530430376529693604e-02
-2.898499742150306702e-02
-9.999000000000000000e+03
-9.999000000000000000e+03
-9.999000000000000000e+03
-9.999000000000000000e+03
-9.999000000000000000e+03
-9.999000000000000000e+03
-9.999000000000000000e+03
-9.999000000000000000e+03
-9.999000000000000000e+03
-9.999000000000000000e+03
-9.999000000000000000e+03
-9.999000000000000000e+03
-9.999000000000000000e+03
-9.999000000000000000e+03
-9.999000000000000000e+03
-9.999000000000000000e+03
-9.999000000000000000e+03
-5.402245372533798218e-02
-8.485868573188781738e-02
-9.999000000000000000e+03
-9.999000000000000000e+03
-6.093047559261322021e-02
-8.483818173408508301e-02
-9.733231365680694580e-02
-9.570863842964172363e-02
-7.918600738048553467e-02
-6.601649522781372070e-02
-4.974057897925376892e-02
-3.201115503907203674e-02
-2.430252358317375183e-02
-2.561086229979991913e-02
-9.999000000000000000e+03
-9.999000000000000000e+03
-9.999000000000000000e+03
-9.999000000000000000e+03
-9.999000000000000000e+03
-9.999000000000000000e+03
-9.999000000000000000e+03
-9.999000000000000000e+03
-9.999000000000000000e+03
-9.999000000000000000e+03
-9.999000000000000000e+03
-9.999000000000000000e+03
-9.999000000000000000e+03
-9.999000000000000000e+03
-9.999000000000000000e+03
-9.999000000000000000e+03
-9.999000000000000000e+03
-9.999000000000000000e+03
-9.999000000000000000e+03
-9.999000000000000000e+03
-9.999000000000000000e+03
-1.896537095308303833e-02
-3.490356728434562683e-02
-4.788118228316307068e-02
-4.897419735789299011e-02
-3.414193913340568542e-02
-2.937287092208862305e-02
-1.451686397194862366e-02
-5.435334891080856323e-02
-5.232566222548484802e-02
-4.754361510276794434e-02
-9.999000000000000000e+03
-9.999000000000000000e+03
-9.999000000000000000e+03
-9.999000000000000000e+03
-9.999000000000000000e+03
-9.999000000000000000e+03
-9.999000000000000000e+03
-9.999000000000000000e+03
-9.999000000000000000e+03
-9.999000000000000000e+03
-9.999000000000000000e+03
-9.999000000000000000e+03
-9.999000000000000000e+03
-9.999000000000000000e+03
-9.999000000000000000e+03
-9.999000000000000000e+03
-9.999000000000000000e+03
-9.999000000000000000e+03
-9.999000000000000000e+03
-9.999000000000000000e+03
-9.999000000000000000e+03
-9.999000000000000000e+03
-8.770183660089969635e-03
-2.902569808065891266e-02
-2.145925536751747131e-02
6.593831814825534821e-03
7.510523311793804169e-03
-6.980835460126399994e-03
-1.406850479543209076e-02
-5.259378999471664429e-02
-9.999000000000000000e+03
-9.999000000000000000e+03
-9.999000000000000000e+03
-9.999000000000000000e+03
-9.999000000000000000e+03
-9.999000000000000000e+03
-9.999000000000000000e+03
-9.999000000000000000e+03
-9.999000000000000000e+03
-9.999000000000000000e+03
-9.999000000000000000e+03
-9.999000000000000000e+03
-9.999000000000000000e+03
-9.999000000000000000e+03
-9.999000000000000000e+03
-9.999000000000000000e+03
-9.999000000000000000e+03
-9.999000000000000000e+03
-9.999000000000000000e+03
-9.999000000000000000e+03
-9.999000000000000000e+03
-9.999000000000000000e+03
-9.999000000000000000e+03
-1.253460813313722610e-02
-3.361534699797630310e-02
-2.877708524465560913e-02
-5.113171646371483803e-04
3.912904113531112671e-02
1.162466127425432205e-02
1.218111217021942139e-01
1.565905809402465820e-01
1.045708507299423218e-01
-9.999000000000000000e+03
-9.999000000000000000e+03
-9.999000000000000000e+03
-9.999000000000000000e+03
-9.999000000000000000e+03
-9.999000000000000000e+03
-9.999000000000000000e+03
-9.999000000000000000e+03
-9.999000000000000000e+03
-9.999000000000000000e+03
-9.999000000000000000e+03
-9.999000000000000000e+03
-9.999000000000000000e+03
-9.999000000000000000e+03
-9.999000000000000000e+03
-9.999000000000000000e+03
-9.999000000000000000e+03
-9.999000000000000000e+03
-9.999000000000000000e+03
-9.999000000000000000e+03
-9.999000000000000000e+03
-9.999000000000000000e+03
-9.999000000000000000e+03
-2.949193306267261505e-02
-3.378925472497940063e-02
-1.665085181593894958e-02
1.679208315908908844e-02
6.456852704286575317e-02
7.300172746181488037e-02
1.875999122858047485e-01
1.952054500579833984e-01
-9.999000000000000000e+03
-9.999000000000000000e+03
-9.999000000000000000e+03
-9.999000000000000000e+03
-9.999000000000000000e+03
-9.999000000000000000e+03
-9.999000000000000000e+03
-9.999000000000000000e+03
-9.999000000000000000e+03
-9.999000000000000000e+03
-9.999000000000000000e+03
-9.999000000000000000e+03
-9.999000000000000000e+03
-9.999000000000000000e+03
-9.999000000000000000e+03
-9.999000000000000000e+03
-9.999000000000000000e+03
-9.999000000000000000e+03
-9.999000000000000000e+03
-9.999000000000000000e+03
-9.999000000000000000e+03
-9.999000000000000000e+03
-9.999000000000000000e+03
-3.675438463687896729e-02
-4.525040090084075928e-02
-5.085501447319984436e-02
-1.058695092797279358e-01
-1.236740276217460632e-01
-1.418208777904510498e-01
-6.396967172622680664e-02
4.469052702188491821e-02
7.090239226818084717e-02
-9.999000000000000000e+03
-9.999000000000000000e+03
-9.999000000000000000e+03
-9.999000000000000000e+03
-9.999000000000000000e+03
-9.999000000000000000e+03
-9.999000000000000000e+03
-9.999000000000000000e+03
-9.999000000000000000e+03
-9.999000000000000000e+03
-9.999000000000000000e+03
-9.999000000000000000e+03
-9.999000000000000000e+03
-9.999000000000000000e+03
-9.999000000000000000e+03
-9.999000000000000000e+03
-9.999000000000000000e+03
-9.999000000000000000e+03
-9.999000000000000000e+03
-9.999000000000000000e+03
-9.999000000000000000e+03
-9.999000000000000000e+03
-3.562904894351959229e-02
-8.594375848770141602e-02
-1.182588413357734680e-01
-1.336997449398040771e-01
-1.478209793567657471e-01
-1.399457901716232300e-01
-1.317566037178039551e-01
-1.059581786394119263e-01
-3.388595953583717346e-02
3.161767497658729553e-02
3.600088879466056824e-02
2.998398244380950928e-02
2.095092087984085083e-02
-9.999000000000000000e+03
-9.999000000000000000e+03
-9.999000000000000000e+03
-9.999000000000000000e+03
-9.999000000000000000e+03
-9.999000000000000000e+03
-9.999000000000000000e+03
-9.999000000000000000e+03
-9.999000000000000000e+03
-9.999000000000000000e+03
-9.999000000000000000e+03
-9.999000000000000000e+03
-9.999000000000000000e+03
-9.999000000000000000e+03
-9.999000000000000000e+03
-9.999000000000000000e+03
-9.999000000000000000e+03
-5.135212838649749756e-02
-5.547523126006126404e-02
-6.961853802204132080e-02
-9.934353083372116089e-02
-1.042047142982482910e-01
-1.040495559573173523e-01
-9.396990388631820679e-02
-8.670148998498916626e-02
-7.201165705919265747e-02
-1.568758860230445862e-02
1.629421301186084747e-02
1.465946622192859650e-02
1.332775875926017761e-02
1.769613847136497498e-02
-9.999000000000000000e+03
-9.999000000000000000e+03
-9.999000000000000000e+03
-9.999000000000000000e+03
-9.999000000000000000e+03
-9.999000000000000000e+03
-9.999000000000000000e+03
-9.999000000000000000e+03
-9.999000000000000000e+03
-9.999000000000000000e+03
-9.999000000000000000e+03
-9.999000000000000000e+03
-9.999000000000000000e+03
-9.999000000000000000e+03
-9.999000000000000000e+03
-3.782873228192329407e-02
-4.930414631962776184e-02
-8.583928644657135010e-02
-9.958180040121078491e-02
-8.860753476619720459e-02
-8.099023252725601196e-02
-6.687007844448089600e-02
-6.410684436559677124e-02
-5.765158310532569885e-02
-5.777216702699661255e-02
-4.176483303308486938e-02
-2.521600201725959778e-02
-7.254491560161113739e-03
-2.580635063350200653e-02
-9.999000000000000000e+03
-9.999000000000000000e+03
-9.999000000000000000e+03
-9.999000000000000000e+03
-9.999000000000000000e+03
-9.999000000000000000e+03
-9.999000000000000000e+03
-9.999000000000000000e+03
-9.999000000000000000e+03
-9.999000000000000000e+03
-9.999000000000000000e+03
-9.999000000000000000e+03
-9.999000000000000000e+03
-9.999000000000000000e+03
-9.999000000000000000e+03
-9.999000000000000000e+03
-2.145912684500217438e-02
-4.785465076565742493e-02
-7.704219967126846313e-02
-1.062418371438980103e-01
-1.167509257793426514e-01
-9.814417362213134766e-02
-7.397612929344177246e-02
-5.241427198052406311e-02
-4.362407326698303223e-02
-4.355216398835182190e-02
-5.834404379129409790e-02
-7.588545978069305420e-02
-9.786240011453628540e-02
-5.953890085220336914e-02
-9.999000000000000000e+03
-9.999000000000000000e+03
-9.999000000000000000e+03
-9.999000000000000000e+03
-9.999000000000000000e+03
-9.999000000000000000e+03
-9.999000000000000000e+03
-9.999000000000000000e+03
-9.999000000000000000e+03
-9.999000000000000000e+03
-9.999000000000000000e+03
-9.999000000000000000e+03
-9.999000000000000000e+03
-9.999000000000000000e+03
-9.999000000000000000e+03
-9.999000000000000000e+03
-9.999000000000000000e+03
-2.731576561927795410e-02
-6.221894919872283936e-02
-1.043943390250205994e-01
-1.151905953884124756e-01
-1.053716167807579041e-01
-9.747892618179321289e-02
-8.272345364093780518e-02
-5.953753367066383362e-02
-3.382601588964462280e-02
-7.782867178320884705e-04
-4.646512214094400406e-03
-2.411856502294540405e-02
-2.908338606357574463e-02
-6.222682073712348938e-02
-9.999000000000000000e+03
-9.999000000000000000e+03
-9.999000000000000000e+03
-9.999000000000000000e+03
-9.999000000000000000e+03
-9.999000000000000000e+03
-9.999000000000000000e+03
-9.999000000000000000e+03
-9.999000000000000000e+03
-9.999000000000000000e+03
-9.999000000000000000e+03
-9.999000000000000000e+03
-9.999000000000000000e+03
-9.999000000000000000e+03
-9.999000000000000000e+03
-9.999000000000000000e+03
-9.999000000000000000e+03
-5.918073654174804688e-02
-8.360277861356735229e-02
-9.645871073007583618e-02
-9.741698205471038818e-02
-9.079611301422119141e-02
-8.587718009948730469e-02
-6.885948777198791504e-02
-3.800044581294059753e-02
-1.568950153887271881e-02
1.175424642860889435e-02
1.630125753581523895e-02
2.729236707091331482e-02
1.301654428243637085e-02
-9.999000000000000000e+03
-9.999000000000000000e+03
-9.999000000000000000e+03
-9.999000000000000000e+03
-9.999000000000000000e+03
-9.999000000000000000e+03
-9.999000000000000000e+03
-9.999000000000000000e+03
-9.999000000000000000e+03
-9.999000000000000000e+03
-9.999000000000000000e+03
-9.999000000000000000e+03
-9.999000000000000000e+03
-9.999000000000000000e+03
-9.999000000000000000e+03
-9.999000000000000000e+03
-9.999000000000000000e+03
-9.999000000000000000e+03
-4.620964452624320984e-02
-5.383621156215667725e-02
-4.455456510186195374e-02
-5.252747610211372375e-02
-4.149992763996124268e-02
-4.096108302474021912e-02
-2.702835574746131897e-02
2.258974360302090645e-03
2.406486077234148979e-03
1.497275475412607193e-02
1.328474376350641251e-02
3.524225205183029175e-03
-9.999000000000000000e+03
-9.999000000000000000e+03
-9.999000000000000000e+03
-9.999000000000000000e+03
-9.999000000000000000e+03
-9.999000000000000000e+03
-9.999000000000000000e+03
-9.999000000000000000e+03
-9.999000000000000000e+03
-9.999000000000000000e+03
-9.999000000000000000e+03
-9.999000000000000000e+03
-9.999000000000000000e+03
-9.999000000000000000e+03
-9.999000000000000000e+03
-9.999000000000000000e+03
-9.999000000000000000e+03
-9.999000000000000000e+03
-9.999000000000000000e+03
-2.579475753009319305e-02
-1.120612304657697678e-02
1.315208617597818375e-03
3.241407917812466621e-03
3.039121255278587341e-02
1.966297253966331482e-02
2.238395810127258301e-02
1.826048642396926880e-02
1.384375896304845810e-02
7.633297238498926163e-03
-9.999000000000000000e+03
-9.999000000000000000e+03
-9.999000000000000000e+03
-9.999000000000000000e+03
-9.999000000000000000e+03
-9.999000000000000000e+03
-9.999000000000000000e+03
-9.999000000000000000e+03
-9.999000000000000000e+03
-9.999000000000000000e+03
-9.999000000000000000e+03
-9.999000000000000000e+03
-9.999000000000000000e+03
-9.999000000000000000e+03
-9.999000000000000000e+03
-9.999000000000000000e+03
-9.999000000000000000e+03
-9.999000000000000000e+03
-9.999000000000000000e+03
-9.999000000000000000e+03
-9.999000000000000000e+03
-1.714763604104518890e-02
2.789037488400936127e-02
5.644225701689720154e-02
6.759809702634811401e-02
6.415256112813949585e-02
2.899568527936935425e-02
-9.999000000000000000e+03
-9.999000000000000000e+03
-9.999000000000000000e+03
-9.999000000000000000e+03
-9.999000000000000000e+03
-9.999000000000000000e+03
-9.999000000000000000e+03
-9.999000000000000000e+03
-9.999000000000000000e+03
-9.999000000000000000e+03
-9.999000000000000000e+03
-9.999000000000000000e+03
-9.999000000000000000e+03
-9.999000000000000000e+03
-9.999000000000000000e+03
-9.999000000000000000e+03
-9.999000000000000000e+03
-9.999000000000000000e+03
-9.999000000000000000e+03
-9.999000000000000000e+03
-9.999000000000000000e+03
-9.999000000000000000e+03
-9.999000000000000000e+03
-9.999000000000000000e+03
-9.999000000000000000e+03
-2.578961104154586792e-02
1.638214802369475365e-03
6.001807376742362976e-02
-9.999000000000000000e+03
-9.999000000000000000e+03
-9.999000000000000000e+03
-9.999000000000000000e+03
-9.999000000000000000e+03
-9.999000000000000000e+03
-9.999000000000000000e+03
-9.999000000000000000e+03
-9.999000000000000000e+03
-9.999000000000000000e+03
-9.999000000000000000e+03
-9.999000000000000000e+03
-9.999000000000000000e+03
-9.999000000000000000e+03
-9.999000000000000000e+03
-9.999000000000000000e+03
-9.999000000000000000e+03
-9.999000000000000000e+03
-9.999000000000000000e+03
-9.999000000000000000e+03
-9.999000000000000000e+03
-9.999000000000000000e+03
-9.999000000000000000e+03
-9.999000000000000000e+03
-9.999000000000000000e+03
-9.999000000000000000e+03
-9.999000000000000000e+03
-9.999000000000000000e+03
