8.911515027284622192e-02
8.675792068243026733e-02
6.846458464860916138e-02
5.879254639148712158e-02
7.428660988807678223e-02
6.574467569589614868e-02
5.742117017507553101e-02
5.175860971212387085e-02
3.165255114436149597e-02
2.203118056058883667e-02
-3.282802179455757141e-02
-9.999000000000000000e+03
-9.999000000000000000e+03
-9.999000000000000000e+03
-9.999000000000000000e+03
-9.999000000000000000e+03
-9.999000000000000000e+03
-9.999000000000000000e+03
-9.999000000000000000e+03
-9.999000000000000000e+03
-9.999000000000000000e+03
-9.999000000000000000e+03
-9.999000000000000000e+03
5.557268392294645309e-03
4.226920753717422485e-02
6.497131288051605225e-02
9.687393903732299805e-02
1.302379965782165527e-01
1.365799158811569214e-01
1.461785137653350830e-01
1.557795703411102295e-01
2.495674416422843933e-02
2.277726493775844574e-02
1.184369437396526337e-02
6.373594515025615692e-03
1.964968070387840271e-02
4.812910221517086029e-03
-9.956549853086471558e-03
-8.251967839896678925e-03
-1.680178754031658173e-02
-5.812216550111770630e-03
-1.434405334293842316e-03
5.014441907405853271e-03
-9.999000000000000000e+03
-9.999000000000000000e+03
-9.999000000000000000e+03
-9.999000000000000000e+03
-9.999000000000000000e+03
-9.999000000000000000e+03
-9.999000000000000000e+03
-9.999000000000000000e+03
-9.999000000000000000e+03
5.583304539322853088e-02
7.236053794622421265e-02
6.221959739923477173e-02
1.010355427861213684e-01
1.083135679364204407e-01
1.100973412394523621e-01
1.192549169063568115e-01
1.254770755767822266e-01
1.365360319614410400e-01
1.456367969512939453e-01
-2.934347465634346008e-02
-4.364666342735290527e-02
-5.772683769464492798e-02
-6.685157120227813721e-02
-5.057745054364204407e-02
-6.264676898717880249e-02
-6.574890017509460449e-02
-5.635237321257591248e-02
-5.692649260163307190e-02
-3.136068955063819885e-02
-4.069344606250524521e-03
1.095254532992839813e-02
-9.999000000000000000e+03
-9.999000000000000000e+03
-9.999000000000000000e+03
-9.999000000000000000e+03
-9.999000000000000000e+03
-9.999000000000000000e+03
-9.999000000000000000e+03
9.848941117525100708e-02
9.514907002449035645e-02
1.098806411027908325e-01
1.053417399525642395e-01
1.039484068751335144e-01
1.007005125284194946e-01
9.440198540687561035e-02
1.016707867383956909e-01
8.835717290639877319e-02
9.092829376459121704e-02
1.113881692290306091e-01
1.288574039936065674e-01
-8.955951780080795288e-02
-1.034640222787857056e-01
-1.200975999236106873e-01
-1.315408945083618164e-01
-1.212120875716209412e-01
-1.296915560960769653e-01
-1.242896243929862976e-01
-1.051388755440711975e-01
-9.201914072036743164e-02
-5.569856613874435425e-02
-2.214304916560649872e-02
2.577607892453670502e-02
6.891427189111709595e-02
-9.999000000000000000e+03
-9.999000000000000000e+03
-9.999000000000000000e+03
7.107875496149063110e-02
9.900248050689697266e-02
1.283003836870193481e-01
1.142575889825820923e-01
9.453148394823074341e-02
7.960093766450881958e-02
4.366787150502204895e-02
5.005398392677307129e-02
2.925879321992397308e-02
-8.331795223057270050e-03
2.350574731826782227e-02
2.156652323901653290e-02
4.313094168901443481e-02
7.601587474346160889e-02
1.052015498280525208e-01
-1.341838985681533813e-01
-1.508480906486511230e-01
-1.698413938283920288e-01
-1.811842769384384155e-01
-1.768196672201156616e-01
-1.742097884416580200e-01
-1.593877375125885010e-01
-1.357300132513046265e-01
-1.197958514094352722e-01
-8.918523788452148438e-02
-4.084613174200057983e-02
5.736433435231447220e-03
6.950418651103973389e-02
9.110266715288162231e-02
8.482018858194351196e-02
9.299678355455398560e-02
8.959496766328811646e-02
7.291306555271148682e-02
7.013022899627685547e-02
3.608408942818641663e-02
1.382041722536087036e-02
-3.715406730771064758e-02
-9.535502642393112183e-02
-7.425297796726226807e-02
-8.952888101339340210e-02
-8.424314856529235840e-02
-5.307571962475776672e-02
-2.350745163857936859e-02
1.877730526030063629e-02
6.345052272081375122e-02
1.033955067396163940e-01
-1.499270498752593994e-01
-1.621608138084411621e-01
-1.808028519153594971e-01
-2.006536126136779785e-01
-2.078454941511154175e-01
-2.015198022127151489e-01
-1.798096746206283569e-01
-1.517825573682785034e-01
-1.343507915735244751e-01
-1.048456504940986633e-01
-6.371723860502243042e-02
-1.568560139276087284e-03
4.552803933620452881e-02
7.203944772481918335e-02
7.149458676576614380e-02
6.867459416389465332e-02
3.603554517030715942e-02
-2.185569889843463898e-02
-5.452444776892662048e-02
-1.142653003334999084e-01
-1.333476752042770386e-01
-1.447967588901519775e-01
-1.662325263023376465e-01
-1.392011046409606934e-01
-1.178736090660095215e-01
-1.049282848834991455e-01
-7.316012680530548096e-02
-4.225026816129684448e-02
-1.052731997333467007e-03
4.274947196245193481e-02
7.973198592662811279e-02
-1.608414649963378906e-01
-1.674711108207702637e-01
-1.771189570426940918e-01
-1.877446025609970093e-01
-2.017786651849746704e-01
-2.035435885190963745e-01
-1.806092858314514160e-01
-1.501822918653488159e-01
-1.189279407262802124e-01
-8.645833283662796021e-02
-4.260275140404701233e-02
3.761522937566041946e-03
4.082887992262840271e-02
5.858809500932693481e-02
1.256397925317287445e-02
-2.018500491976737976e-02
-7.306622713804244995e-02
-1.220771670341491699e-01
-1.428287923336029053e-01
-1.892625987529754639e-01
-1.982151567935943604e-01
-2.003410160541534424e-01
-1.969422847032546997e-01
-1.785279065370559692e-01
-1.608045548200607300e-01
-1.540501713752746582e-01
-1.146153509616851807e-01
-8.004850894212722778e-02
-3.611673787236213684e-02
2.050047740340232849e-02
4.644059017300605774e-02
-1.676110029220581055e-01
-1.768850982189178467e-01
-1.758888959884643555e-01
-1.702869087457656860e-01
-1.682612895965576172e-01
-1.650561094284057617e-01
-1.571278274059295654e-01
-1.459843069314956665e-01
-1.174883991479873657e-01
-7.250750064849853516e-02
-2.769418433308601379e-02
-1.207101717591285706e-02
-6.466410588473081589e-03
-1.818282157182693481e-02
-6.267058104276657104e-02
-9.344495087862014771e-02
-1.541461348533630371e-01
-1.889847517013549805e-01
-1.982665956020355225e-01
-2.026724070310592651e-01
-2.005281746387481689e-01
-2.010446488857269287e-01
-2.020511776208877563e-01
-2.039460837841033936e-01
-2.161518782377243042e-01
-2.186998277902603149e-01
-1.724404841661453247e-01
-1.360187679529190063e-01
-9.018993377685546875e-02
-3.073927760124206543e-02
-1.669206283986568451e-02
-1.601242870092391968e-01
-1.720861345529556274e-01
-1.764446645975112915e-01
-1.640024185180664062e-01
-1.503385901451110840e-01
-1.391241848468780518e-01
-1.338024586439132690e-01
-1.218947768211364746e-01
-9.259362518787384033e-02
-6.513915210962295532e-02
-4.876842722296714783e-02
-5.525773391127586365e-02
-8.159244805574417114e-02
-1.124106496572494507e-01
-1.532243788242340088e-01
-1.675807088613510132e-01
-1.940413862466812134e-01
-2.014958709478378296e-01
-2.018180787563323975e-01
-1.920413970947265625e-01
-1.743056327104568481e-01
-1.710080355405807495e-01
-1.393561363220214844e-01
-1.524287462234497070e-01
-1.213318705558776855e-01
-1.782607585191726685e-01
-1.702965050935745239e-01
-1.701716184616088867e-01
-1.372927725315093994e-01
-9.463335573673248291e-02
-8.319745212793350220e-02
-1.459983885288238525e-01
-1.460312753915786743e-01
-1.501590311527252197e-01
-1.436933130025863647e-01
-1.371276825666427612e-01
-1.231751665472984314e-01
-1.084310039877891541e-01
-1.040982082486152649e-01
-7.427305728197097778e-02
-6.822205334901809692e-02
-9.336876869201660156e-02
-1.325991451740264893e-01
-1.544218361377716064e-01
-1.680942624807357788e-01
-1.894642561674118042e-01
-1.962532103061676025e-01
-2.088873535394668579e-01
-1.476987898349761963e-01
-1.739206612110137939e-01
-1.442078649997711182e-01
-1.225627958774566650e-01
-9.999000000000000000e+03
-9.999000000000000000e+03
-9.999000000000000000e+03
-9.999000000000000000e+03
-9.999000000000000000e+03
-9.999000000000000000e+03
-1.644001752138137817e-01
-1.459836661815643311e-01
-1.393072158098220825e-01
-1.364644914865493774e-01
-1.438313424587249756e-01
-1.313470900058746338e-01
-1.282394677400588989e-01
-1.238426342606544495e-01
-1.237645819783210754e-01
-9.308759868144989014e-02
-8.478513360023498535e-02
-8.162803947925567627e-02
-7.295823842287063599e-02
-8.328357338905334473e-02
-1.174781098961830139e-01
-1.707467138767242432e-01
-1.792336702346801758e-01
-1.895846724510192871e-01
-1.869314163923263550e-01
-1.632373780012130737e-01
-1.383114904165267944e-01
-9.999000000000000000e+03
-9.999000000000000000e+03
-9.999000000000000000e+03
-9.999000000000000000e+03
-9.999000000000000000e+03
-9.999000000000000000e+03
-9.999000000000000000e+03
-9.999000000000000000e+03
-9.999000000000000000e+03
-9.999000000000000000e+03
-8.860940486192703247e-02
-1.310269981622695923e-01
-1.676169931888580322e-01
-1.805454194545745850e-01
-1.693640500307083130e-01
-1.484139859676361084e-01
-1.210573539137840271e-01
-1.070047169923782349e-01
-1.035373732447624207e-01
-9.799025207757949829e-02
-8.900773525238037109e-02
-7.112340629100799561e-02
-6.936687976121902466e-02
-1.073366776108741760e-01
-1.386643946170806885e-01
-1.549241840839385986e-01
-1.573605090379714966e-01
-1.668229699134826660e-01
-9.996952861547470093e-02
-1.107750833034515381e-01
-9.999000000000000000e+03
-9.999000000000000000e+03
-9.999000000000000000e+03
-9.999000000000000000e+03
-9.999000000000000000e+03
-9.999000000000000000e+03
-9.999000000000000000e+03
-9.999000000000000000e+03
-9.999000000000000000e+03
-9.999000000000000000e+03
-9.999000000000000000e+03
-9.999000000000000000e+03
-7.688362896442413330e-02
-1.668281704187393188e-01
-2.060401439666748047e-01
-2.309414297342300415e-01
-1.846708655357360840e-01
-1.347966790199279785e-01
-1.028164550662040710e-01
-8.853175491094589233e-02
-8.682741969823837280e-02
-7.601337879896163940e-02
-7.084733992815017700e-02
-8.040363341569900513e-02
-1.096127182245254517e-01
-1.256458461284637451e-01
-1.123547554016113281e-01
-8.896588534116744995e-02
-1.079412698745727539e-01
-9.999000000000000000e+03
-9.999000000000000000e+03
-9.999000000000000000e+03
-9.999000000000000000e+03
-9.999000000000000000e+03
-9.999000000000000000e+03
-9.999000000000000000e+03
-9.999000000000000000e+03
-9.999000000000000000e+03
-9.999000000000000000e+03
-9.999000000000000000e+03
-9.999000000000000000e+03
-9.999000000000000000e+03
-9.999000000000000000e+03
-9.999000000000000000e+03
-1.245155334472656250e-01
-1.871274858713150024e-01
-9.999000000000000000e+03
-1.154251843690872192e-01
-1.363503038883209229e-01
-1.172781810164451599e-01
-9.776503592729568481e-02
-9.228958189487457275e-02
-1.009894087910652161e-01
-1.016163751482963562e-01
-1.189147904515266418e-01
-1.094951853156089783e-01
-9.588554501533508301e-02
-7.294704020023345947e-02
-5.975720658898353577e-02
-9.999000000000000000e+03
-9.999000000000000000e+03
-9.999000000000000000e+03
-9.999000000000000000e+03
-9.999000000000000000e+03
-9.999000000000000000e+03
-9.999000000000000000e+03
-9.999000000000000000e+03
-9.999000000000000000e+03
-9.999000000000000000e+03
-9.999000000000000000e+03
-9.999000000000000000e+03
-9.999000000000000000e+03
-9.999000000000000000e+03
-9.999000000000000000e+03
-9.999000000000000000e+03
-7.488528639078140259e-02
-1.263566166162490845e-01
-9.999000000000000000e+03
-9.999000000000000000e+03
-1.178177446126937866e-01
-1.216203644871711731e-01
-1.107483804225921631e-01
-1.114183440804481506e-01
-1.216453164815902710e-01
-1.223068386316299438e-01
-1.125431135296821594e-01
-8.810579776763916016e-02
-6.636334210634231567e-02
-1.982931606471538544e-02
-9.999000000000000000e+03
-9.999000000000000000e+03
-9.999000000000000000e+03
-9.999000000000000000e+03
-9.999000000000000000e+03
-9.999000000000000000e+03
-9.999000000000000000e+03
-9.999000000000000000e+03
-9.999000000000000000e+03
-9.999000000000000000e+03
-9.999000000000000000e+03
-9.999000000000000000e+03
-9.999000000000000000e+03
-9.999000000000000000e+03
-9.999000000000000000e+03
-9.999000000000000000e+03
-9.999000000000000000e+03
-2.640392631292343140e-02
-4.301397874951362610e-02
-9.999000000000000000e+03
-9.999000000000000000e+03
-7.191865146160125732e-02
-9.598018974065780640e-02
-9.836862981319427490e-02
-9.221112728118896484e-02
-8.633409440517425537e-02
-7.730150967836380005e-02
-6.548494100570678711e-02
-4.299127683043479919e-02
-3.330717608332633972e-02
-1.570808328688144684e-02
-9.999000000000000000e+03
-9.999000000000000000e+03
-9.999000000000000000e+03
-9.999000000000000000e+03
-9.999000000000000000e+03
-9.999000000000000000e+03
-9.999000000000000000e+03
-9.999000000000000000e+03
-9.999000000000000000e+03
-9.999000000000000000e+03
-9.999000000000000000e+03
-9.999000000000000000e+03
-9.999000000000000000e+03
-9.999000000000000000e+03
-9.999000000000000000e+03
-9.999000000000000000e+03
-9.999000000000000000e+03
-9.999000000000000000e+03
-9.999000000000000000e+03
-9.999000000000000000e+03
-9.999000000000000000e+03
-3.056208416819572449e-02
-5.206172540783882141e-02
-4.920424520969390869e-02
-5.031680315732955933e-02
-3.739875927567481995e-02
-3.410001471638679504e-02
-1.924858801066875458e-02
-3.301556780934333801e-02
-3.420241177082061768e-02
-2.973185107111930847e-02
-9.999000000000000000e+03
-9.999000000000000000e+03
-9.999000000000000000e+03
-9.999000000000000000e+03
-9.999000000000000000e+03
-9.999000000000000000e+03
-9.999000000000000000e+03
-9.999000000000000000e+03
-9.999000000000000000e+03
-9.999000000000000000e+03
-9.999000000000000000e+03
-9.999000000000000000e+03
-9.999000000000000000e+03
-9.999000000000000000e+03
-9.999000000000000000e+03
-9.999000000000000000e+03
-9.999000000000000000e+03
-9.999000000000000000e+03
-9.999000000000000000e+03
-9.999000000000000000e+03
-9.999000000000000000e+03
-9.999000000000000000e+03
-2.218561060726642609e-02
-2.764081582427024841e-02
-1.405290886759757996e-02
2.063309075310826302e-03
-5.998347420245409012e-03
-2.013997919857501984e-02
-1.226374413818120956e-02
-2.469168603420257568e-02
-9.999000000000000000e+03
-9.999000000000000000e+03
-9.999000000000000000e+03
-9.999000000000000000e+03
-9.999000000000000000e+03
-9.999000000000000000e+03
-9.999000000000000000e+03
-9.999000000000000000e+03
-9.999000000000000000e+03
-9.999000000000000000e+03
-9.999000000000000000e+03
-9.999000000000000000e+03
-9.999000000000000000e+03
-9.999000000000000000e+03
-9.999000000000000000e+03
-9.999000000000000000e+03
-9.999000000000000000e+03
-9.999000000000000000e+03
-9.999000000000000000e+03
-9.999000000000000000e+03
-9.999000000000000000e+03
-9.999000000000000000e+03
-9.999000000000000000e+03
-1.147291529923677444e-02
-1.976247504353523254e-02
-1.733777672052383423e-02
-9.921155869960784912e-03
4.368965979665517807e-03
-2.385729923844337463e-02
6.705049425363540649e-02
1.286596953868865967e-01
9.887661039829254150e-02
-9.999000000000000000e+03
-9.999000000000000000e+03
-9.999000000000000000e+03
-9.999000000000000000e+03
-9.999000000000000000e+03
-9.999000000000000000e+03
-9.999000000000000000e+03
-9.999000000000000000e+03
-9.999000000000000000e+03
-9.999000000000000000e+03
-9.999000000000000000e+03
-9.999000000000000000e+03
-9.999000000000000000e+03
-9.999000000000000000e+03
-9.999000000000000000e+03
-9.999000000000000000e+03
-9.999000000000000000e+03
-9.999000000000000000e+03
-9.999000000000000000e+03
-9.999000000000000000e+03
-9.999000000000000000e+03
-9.999000000000000000e+03
-9.999000000000000000e+03
-1.207698881626129150e-02
-1.156309805810451508e-02
-1.309629809111356735e-02
-2.099234610795974731e-02
2.728159772232174873e-03
1.635781303048133850e-02
1.190350428223609924e-01
1.191641390323638916e-01
-9.999000000000000000e+03
-9.999000000000000000e+03
-9.999000000000000000e+03
-9.999000000000000000e+03
-9.999000000000000000e+03
-9.999000000000000000e+03
-9.999000000000000000e+03
-9.999000000000000000e+03
-9.999000000000000000e+03
-9.999000000000000000e+03
-9.999000000000000000e+03
-9.999000000000000000e+03
-9.999000000000000000e+03
-9.999000000000000000e+03
-9.999000000000000000e+03
-9.999000000000000000e+03
-9.999000000000000000e+03
-9.999000000000000000e+03
-9.999000000000000000e+03
-9.999000000000000000e+03
-9.999000000000000000e+03
-9.999000000000000000e+03
-9.999000000000000000e+03
-2.112578600645065308e-02
-2.224105037748813629e-02
-1.869802549481391907e-02
-8.390288800001144409e-02
-1.308608800172805786e-01
-1.540162712335586548e-01
-8.632232248783111572e-02
-6.247762124985456467e-03
-2.421592734754085541e-02
-9.999000000000000000e+03
-9.999000000000000000e+03
-9.999000000000000000e+03
-9.999000000000000000e+03
-9.999000000000000000e+03
-9.999000000000000000e+03
-9.999000000000000000e+03
-9.999000000000000000e+03
-9.999000000000000000e+03
-9.999000000000000000e+03
-9.999000000000000000e+03
-9.999000000000000000e+03
-9.999000000000000000e+03
-9.999000000000000000e+03
-9.999000000000000000e+03
-9.999000000000000000e+03
-9.999000000000000000e+03
-9.999000000000000000e+03
-9.999000000000000000e+03
-9.999000000000000000e+03
-9.999000000000000000e+03
-9.999000000000000000e+03
-3.201081976294517517e-02
-5.861781165003776550e-02
-8.526923507452011108e-02
-1.066753342747688293e-01
-1.425783634185791016e-01
-1.557285040616989136e-01
-1.452137231826782227e-01
-1.461082100868225098e-01
-1.009572073817253113e-01
-6.993913650512695312e-02
-7.208805531263351440e-02
-7.352889329195022583e-02
-5.485290661454200745e-02
-9.999000000000000000e+03
-9.999000000000000000e+03
-9.999000000000000000e+03
-9.999000000000000000e+03
-9.999000000000000000e+03
-9.999000000000000000e+03
-9.999000000000000000e+03
-9.999000000000000000e+03
-9.999000000000000000e+03
-9.999000000000000000e+03
-9.999000000000000000e+03
-9.999000000000000000e+03
-9.999000000000000000e+03
-9.999000000000000000e+03
-9.999000000000000000e+03
-9.999000000000000000e+03
-9.999000000000000000e+03
-5.032378062605857849e-02
-4.645768925547599792e-02
-4.918932542204856873e-02
-5.969652533531188965e-02
-7.182884961366653442e-02
-8.753080666065216064e-02
-7.895358651876449585e-02
-8.632373064756393433e-02
-9.508256614208221436e-02
-6.122638657689094543e-02
-4.980481788516044617e-02
-6.708633899688720703e-02
-6.463316082954406738e-02
-6.900038570165634155e-02
-9.999000000000000000e+03
-9.999000000000000000e+03
-9.999000000000000000e+03
-9.999000000000000000e+03
-9.999000000000000000e+03
-9.999000000000000000e+03
-9.999000000000000000e+03
-9.999000000000000000e+03
-9.999000000000000000e+03
-9.999000000000000000e+03
-9.999000000000000000e+03
-9.999000000000000000e+03
-9.999000000000000000e+03
-9.999000000000000000e+03
-9.999000000000000000e+03
-5.882395803928375244e-02
-6.125082820653915405e-02
-9.051220864057540894e-02
-7.616497576236724854e-02
-5.408292636275291443e-02
-3.982882201671600342e-02
-3.241522982716560364e-02
-4.294239357113838196e-02
-5.310862138867378235e-02
-7.578957080841064453e-02
-6.975588202476501465e-02
-6.997534632682800293e-02
-6.235194951295852661e-02
-7.811175286769866943e-02
-9.999000000000000000e+03
-9.999000000000000000e+03
-9.999000000000000000e+03
-9.999000000000000000e+03
-9.999000000000000000e+03
-9.999000000000000000e+03
-9.999000000000000000e+03
-9.999000000000000000e+03
-9.999000000000000000e+03
-9.999000000000000000e+03
-9.999000000000000000e+03
-9.999000000000000000e+03
-9.999000000000000000e+03
-9.999000000000000000e+03
-9.999000000000000000e+03
-9.999000000000000000e+03
-5.117579549551010132e-02
-7.001721858978271484e-02
-7.320880889892578125e-02
-8.464340865612030029e-02
-8.208258450031280518e-02
-5.571095272898674011e-02
-3.150344267487525940e-02
-2.959374152123928070e-02
-2.924027107656002045e-02
-4.668132588267326355e-02
-8.703587949275970459e-02
-1.150896847248077393e-01
-1.182400882244110107e-01
-8.486276119947433472e-02
-9.999000000000000000e+03
-9.999000000000000000e+03
-9.999000000000000000e+03
-9.999000000000000000e+03
-9.999000000000000000e+03
-9.999000000000000000e+03
-9.999000000000000000e+03
-9.999000000000000000e+03
-9.999000000000000000e+03
-9.999000000000000000e+03
-9.999000000000000000e+03
-9.999000000000000000e+03
-9.999000000000000000e+03
-9.999000000000000000e+03
-9.999000000000000000e+03
-9.999000000000000000e+03
-9.999000000000000000e+03
-6.651660799980163574e-02
-8.487218618392944336e-02
-9.078798443078994751e-02
-8.330487459897994995e-02
-7.767508178949356079e-02
-6.886255741119384766e-02
-5.871626734733581543e-02
-4.747590422630310059e-02
-2.810787782073020935e-02
-6.050489377230405807e-03
-2.271974086761474609e-02
-5.488301813602447510e-02
-5.047893896698951721e-02
-7.122443616390228271e-02
-9.999000000000000000e+03
-9.999000000000000000e+03
-9.999000000000000000e+03
-9.999000000000000000e+03
-9.999000000000000000e+03
-9.999000000000000000e+03
-9.999000000000000000e+03
-9.999000000000000000e+03
-9.999000000000000000e+03
-9.999000000000000000e+03
-9.999000000000000000e+03
-9.999000000000000000e+03
-9.999000000000000000e+03
-9.999000000000000000e+03
-9.999000000000000000e+03
-9.999000000000000000e+03
-9.999000000000000000e+03
-1.150103136897087097e-01
-1.151799634099006653e-01
-1.020542681217193604e-01
-8.645839244127273560e-02
-7.161006331443786621e-02
-6.804400682449340820e-02
-6.084148958325386047e-02
-4.653889685869216919e-02
-2.985051460564136505e-02
-1.013176701962947845e-02
-3.480738960206508636e-03
5.176243837922811508e-03
-4.358260426670312881e-03
-9.999000000000000000e+03
-9.999000000000000000e+03
-9.999000000000000000e+03
-9.999000000000000000e+03
-9.999000000000000000e+03
-9.999000000000000000e+03
-9.999000000000000000e+03
-9.999000000000000000e+03
-9.999000000000000000e+03
-9.999000000000000000e+03
-9.999000000000000000e+03
-9.999000000000000000e+03
-9.999000000000000000e+03
-9.999000000000000000e+03
-9.999000000000000000e+03
-9.999000000000000000e+03
-9.999000000000000000e+03
-9.999000000000000000e+03
-1.031447276473045349e-01
-9.557919204235076904e-02
-7.688479870557785034e-02
-6.347945332527160645e-02
-3.888332843780517578e-02
-3.112822957336902618e-02
-2.820368669927120209e-02
-1.719395630061626434e-02
-1.428296416997909546e-02
8.517133072018623352e-03
5.048209801316261292e-03
-1.307405810803174973e-02
-9.999000000000000000e+03
-9.999000000000000000e+03
-9.999000000000000000e+03
-9.999000000000000000e+03
-9.999000000000000000e+03
-9.999000000000000000e+03
-9.999000000000000000e+03
-9.999000000000000000e+03
-9.999000000000000000e+03
-9.999000000000000000e+03
-9.999000000000000000e+03
-9.999000000000000000e+03
-9.999000000000000000e+03
-9.999000000000000000e+03
-9.999000000000000000e+03
-9.999000000000000000e+03
-9.999000000000000000e+03
-9.999000000000000000e+03
-9.999000000000000000e+03
-7.208847999572753906e-02
-6.091889366507530212e-02
-4.610482230782508850e-02
-3.683494031429290771e-02
2.175310254096984863e-02
3.170995041728019714e-02
1.538493949919939041e-02
3.894728142768144608e-03
8.452798938378691673e-04
4.085305146872997284e-03
-9.999000000000000000e+03
-9.999000000000000000e+03
-9.999000000000000000e+03
-9.999000000000000000e+03
-9.999000000000000000e+03
-9.999000000000000000e+03
-9.999000000000000000e+03
-9.999000000000000000e+03
-9.999000000000000000e+03
-9.999000000000000000e+03
-9.999000000000000000e+03
-9.999000000000000000e+03
-9.999000000000000000e+03
-9.999000000000000000e+03
-9.999000000000000000e+03
-9.999000000000000000e+03
-9.999000000000000000e+03
-9.999000000000000000e+03
-9.999000000000000000e+03
-9.999000000000000000e+03
-9.999000000000000000e+03
-4.600788280367851257e-02
-8.042325265705585480e-03
2.229960635304450989e-02
4.320933297276496887e-02
7.035305351018905640e-02
5.616829916834831238e-02
-9.999000000000000000e+03
-9.999000000000000000e+03
-9.999000000000000000e+03
-9.999000000000000000e+03
-9.999000000000000000e+03
-9.999000000000000000e+03
-9.999000000000000000e+03
-9.999000000000000000e+03
-9.999000000000000000e+03
-9.999000000000000000e+03
-9.999000000000000000e+03
-9.999000000000000000e+03
-9.999000000000000000e+03
-9.999000000000000000e+03
-9.999000000000000000e+03
-9.999000000000000000e+03
-9.999000000000000000e+03
-9.999000000000000000e+03
-9.999000000000000000e+03
-9.999000000000000000e+03
-9.999000000000000000e+03
-9.999000000000000000e+03
-9.999000000000000000e+03
-9.999000000000000000e+03
-9.999000000000000000e+03
-3.854097425937652588e-02
-1.134042162448167801e-02
3.762365877628326416e-02
-9.999000000000000000e+03
-9.999000000000000000e+03
-9.999000000000000000e+03
-9.999000000000000000e+03
-9.999000000000000000e+03
-9.999000000000000000e+03
-9.999000000000000000e+03
-9.999000000000000000e+03
-9.999000000000000000e+03
-9.999000000000000000e+03
-9.999000000000000000e+03
-9.999000000000000000e+03
-9.999000000000000000e+03
-9.999000000000000000e+03
-9.999000000000000000e+03
-9.999000000000000000e+03
-9.999000000000000000e+03
-9.999000000000000000e+03
-9.999000000000000000e+03
-9.999000000000000000e+03
-9.999000000000000000e+03
-9.999000000000000000e+03
-9.999000000000000000e+03
-9.999000000000000000e+03
-9.999000000000000000e+03
-9.999000000000000000e+03
-9.999000000000000000e+03
-9.999000000000000000e+03
