1.204625964164733887e-01
1.273765265941619873e-01
1.102616041898727417e-01
9.567917883396148682e-02
1.098246276378631592e-01
9.762839972972869873e-02
8.957915753126144409e-02
8.520731329917907715e-02
6.261559575796127319e-02
5.091805756092071533e-02
-3.837447613477706909e-03
-9.999000000000000000e+03
-9.999000000000000000e+03
-9.999000000000000000e+03
-9.999000000000000000e+03
-9.999000000000000000e+03
-9.999000000000000000e+03
-9.999000000000000000e+03
-9.999000000000000000e+03
-9.999000000000000000e+03
-9.999000000000000000e+03
-9.999000000000000000e+03
-9.999000000000000000e+03
1.932018669322133064e-03
1.634584926068782806e-02
6.137489527463912964e-02
1.019556969404220581e-01
1.428466886281967163e-01
1.599469631910324097e-01
1.683968454599380493e-01
1.717348545789718628e-01
5.160737410187721252e-02
5.457699671387672424e-02
4.398658126592636108e-02
3.594220802187919617e-02
5.160742625594139099e-02
4.075777530670166016e-02
2.521045506000518799e-02
2.738865278661251068e-02
1.544297765940427780e-02
2.314159460365772247e-02
2.212703600525856018e-02
1.745201274752616882e-02
-9.999000000000000000e+03
-9.999000000000000000e+03
-9.999000000000000000e+03
-9.999000000000000000e+03
-9.999000000000000000e+03
-9.999000000000000000e+03
-9.999000000000000000e+03
-9.999000000000000000e+03
-9.999000000000000000e+03
4.735940694808959961e-02
7.073033601045608521e-02
6.660371273756027222e-02
9.819570928812026978e-02
1.096728146076202393e-01
1.343050301074981689e-01
1.563669145107269287e-01
1.622846424579620361e-01
1.630232185125350952e-01
1.708741486072540283e-01
-9.315977804362773895e-03
-1.878827996551990509e-02
-3.680972754955291748e-02
-5.183955654501914978e-02
-2.779851108789443970e-02
-3.495569899678230286e-02
-3.480836004018783569e-02
-2.530363947153091431e-02
-3.202598541975021362e-02
-1.206469349563121796e-02
8.607614785432815552e-03
1.681880094110965729e-02
-9.999000000000000000e+03
-9.999000000000000000e+03
-9.999000000000000000e+03
-9.999000000000000000e+03
-9.999000000000000000e+03
-9.999000000000000000e+03
-9.999000000000000000e+03
8.120418339967727661e-02
7.914488017559051514e-02
1.017346084117889404e-01
1.071819067001342773e-01
1.148011162877082825e-01
1.126566529273986816e-01
1.236742064356803894e-01
1.409148871898651123e-01
1.433586776256561279e-01
1.538723558187484741e-01
1.695622503757476807e-01
1.714609712362289429e-01
-7.350274175405502319e-02
-8.783706277608871460e-02
-1.095817089080810547e-01
-1.302796453237533569e-01
-1.136502102017402649e-01
-1.133537814021110535e-01
-1.057654023170471191e-01
-8.409754186868667603e-02
-7.389366626739501953e-02
-4.131745547056198120e-02
-1.588371396064758301e-02
1.977538503706455231e-02
4.167391732335090637e-02
-9.999000000000000000e+03
-9.999000000000000000e+03
-9.999000000000000000e+03
6.663426011800765991e-02
9.559214115142822266e-02
1.155368834733963013e-01
9.063883125782012939e-02
6.639334559440612793e-02
5.858072638511657715e-02
3.798678889870643616e-02
6.822783499956130981e-02
7.373727113008499146e-02
5.799539014697074890e-02
9.887927025556564331e-02
1.014673337340354919e-01
1.169686391949653625e-01
1.375696212053298950e-01
1.450548470020294189e-01
-1.199955195188522339e-01
-1.486908793449401855e-01
-1.741488873958587646e-01
-1.896068006753921509e-01
-1.782884001731872559e-01
-1.681782007217407227e-01
-1.490241140127182007e-01
-1.210473179817199707e-01
-1.002404168248176575e-01
-6.465370953083038330e-02
-2.233888208866119385e-02
1.223779842257499695e-02
4.657584056258201599e-02
6.156503781676292419e-02
7.630569487810134888e-02
8.405064791440963745e-02
8.633075654506683350e-02
7.039849460124969482e-02
6.055666878819465637e-02
1.103825494647026062e-02
-1.983391866087913513e-02
-6.469017267227172852e-02
-8.527307957410812378e-02
-4.597843065857887268e-02
-3.981889411807060242e-02
-2.155636437237262726e-02
1.826228573918342590e-02
4.697645455598831177e-02
7.841282337903976440e-02
1.136438548564910889e-01
1.313742250204086304e-01
-1.427569091320037842e-01
-1.735452115535736084e-01
-2.066191136837005615e-01
-2.243335992097854614e-01
-2.142820954322814941e-01
-1.972729116678237915e-01
-1.707164943218231201e-01
-1.397320479154586792e-01
-1.178928241133689880e-01
-7.919474691152572632e-02
-3.169715777039527893e-02
1.206522993743419647e-02
4.670394957065582275e-02
6.378816068172454834e-02
6.167864426970481873e-02
5.873077735304832458e-02
3.031643107533454895e-02
-3.215233236551284790e-02
-6.896071135997772217e-02
-1.300134211778640747e-01
-1.448222696781158447e-01
-1.443121284246444702e-01
-1.504388302564620972e-01
-1.152208223938941956e-01
-8.946067094802856445e-02
-8.074973523616790771e-02
-3.195647150278091431e-02
-6.816708017140626907e-03
3.290061280131340027e-02
8.189839124679565430e-02
1.058265641331672668e-01
-1.522095501422882080e-01
-1.819381415843963623e-01
-2.130002975463867188e-01
-2.227939516305923462e-01
-2.201485484838485718e-01
-2.051091194152832031e-01
-1.735465824604034424e-01
-1.413271129131317139e-01
-1.116696596145629883e-01
-7.699764519929885864e-02
-3.580426797270774841e-02
-1.751928939484059811e-03
3.575457260012626648e-02
5.497301742434501648e-02
5.754824727773666382e-03
-3.049502149224281311e-02
-8.832895755767822266e-02
-1.406269222497940063e-01
-1.610648781061172485e-01
-1.998701393604278564e-01
-2.011414915323257446e-01
-2.020736783742904663e-01
-2.142188847064971924e-01
-1.954491585493087769e-01
-1.803205162286758423e-01
-1.666132509708404541e-01
-1.089044734835624695e-01
-7.217124104499816895e-02
-2.974888682365417480e-02
3.218816220760345459e-02
5.898775160312652588e-02
-1.503276228904724121e-01
-1.716740429401397705e-01
-2.014900892972946167e-01
-1.981777101755142212e-01
-1.865712255239486694e-01
-1.718782782554626465e-01
-1.548004746437072754e-01
-1.348893195390701294e-01
-1.046745553612709045e-01
-6.827485561370849609e-02
-3.777465969324111938e-02
-1.700559630990028381e-02
-1.116000022739171982e-02
-2.270710468292236328e-02
-7.070385664701461792e-02
-1.064496040344238281e-01
-1.731554716825485229e-01
-1.981144398450851440e-01
-2.036204189062118530e-01
-2.053938955068588257e-01
-2.049600332975387573e-01
-2.154633253812789917e-01
-2.243845909833908081e-01
-2.274743765592575073e-01
-2.415194064378738403e-01
-2.441920787096023560e-01
-1.847085356712341309e-01
-1.432453542947769165e-01
-9.657787531614303589e-02
-3.356697037816047668e-02
-1.902194693684577942e-02
-1.368942707777023315e-01
-1.501020193099975586e-01
-1.701129823923110962e-01
-1.707216650247573853e-01
-1.618540734052658081e-01
-1.349598467350006104e-01
-1.391171962022781372e-01
-1.185501441359519958e-01
-8.692132681608200073e-02
-6.076232716441154480e-02
-4.474923387169837952e-02
-4.739915207028388977e-02
-7.578338682651519775e-02
-1.147161871194839478e-01
-1.609625071287155151e-01
-1.722747087478637695e-01
-1.928239166736602783e-01
-1.910457164049148560e-01
-1.897860914468765259e-01
-1.773751229047775269e-01
-1.536748558282852173e-01
-1.545328348875045776e-01
-1.249084919691085815e-01
-1.494849175214767456e-01
-1.206721588969230652e-01
-1.943543255329132080e-01
-1.839985400438308716e-01
-1.821048408746719360e-01
-1.461823284626007080e-01
-1.023727655410766602e-01
-9.200619161128997803e-02
-1.222562566399574280e-01
-1.319226324558258057e-01
-1.428320556879043579e-01
-1.367732733488082886e-01
-1.378556191921234131e-01
-1.253661513328552246e-01
-1.172032207250595093e-01
-1.153070479631423950e-01
-8.671759814023971558e-02
-7.730808109045028687e-02
-8.931412547826766968e-02
-1.220237612724304199e-01
-1.460731923580169678e-01
-1.660598814487457275e-01
-1.872753798961639404e-01
-1.844260543584823608e-01
-1.815824955701828003e-01
-1.290273517370223999e-01
-1.461386680603027344e-01
-1.105053722858428955e-01
-9.176574647426605225e-02
-9.999000000000000000e+03
-9.999000000000000000e+03
-9.999000000000000000e+03
-9.999000000000000000e+03
-9.999000000000000000e+03
-9.999000000000000000e+03
-1.862433552742004395e-01
-1.721976101398468018e-01
-1.515648961067199707e-01
-1.534641385078430176e-01
-1.127409636974334717e-01
-1.063380837440490723e-01
-1.136064156889915466e-01
-1.147167682647705078e-01
-1.197954267263412476e-01
-1.099874973297119141e-01
-1.011353060603141785e-01
-9.194171428680419922e-02
-8.636388182640075684e-02
-1.022673547267913818e-01
-1.252960413694381714e-01
-1.667505651712417603e-01
-1.763513833284378052e-01
-1.813037544488906860e-01
-1.689299046993255615e-01
-1.449009031057357788e-01
-1.213594153523445129e-01
-9.999000000000000000e+03
-9.999000000000000000e+03
-9.999000000000000000e+03
-9.999000000000000000e+03
-9.999000000000000000e+03
-9.999000000000000000e+03
-9.999000000000000000e+03
-9.999000000000000000e+03
-9.999000000000000000e+03
-9.999000000000000000e+03
-1.105078607797622681e-01
-1.645389646291732788e-01
-1.968609243631362915e-01
-2.039203345775604248e-01
-1.068840250372886658e-01
-8.935993909835815430e-02
-8.803137391805648804e-02
-9.223852306604385376e-02
-9.719865024089813232e-02
-1.000281348824501038e-01
-9.268467128276824951e-02
-7.711806148290634155e-02
-8.760897815227508545e-02
-1.267075389623641968e-01
-1.465480774641036987e-01
-1.534433513879776001e-01
-1.525728702545166016e-01
-1.564941406250000000e-01
-8.586934208869934082e-02
-9.431193768978118896e-02
-9.999000000000000000e+03
-9.999000000000000000e+03
-9.999000000000000000e+03
-9.999000000000000000e+03
-9.999000000000000000e+03
-9.999000000000000000e+03
-9.999000000000000000e+03
-9.999000000000000000e+03
-9.999000000000000000e+03
-9.999000000000000000e+03
-9.999000000000000000e+03
-9.999000000000000000e+03
-1.046271622180938721e-01
-2.051705420017242432e-01
-2.422907650470733643e-01
-1.454625427722930908e-01
-1.080338582396507263e-01
-7.538753747940063477e-02
-6.639874726533889771e-02
-6.440693885087966919e-02
-6.673417985439300537e-02
-5.519226565957069397e-02
-6.503342837095260620e-02
-8.859334886074066162e-02
-1.139948293566703796e-01
-1.255753934383392334e-01
-1.127742752432823181e-01
-8.364550024271011353e-02
-9.852096438407897949e-02
-9.999000000000000000e+03
-9.999000000000000000e+03
-9.999000000000000000e+03
-9.999000000000000000e+03
-9.999000000000000000e+03
-9.999000000000000000e+03
-9.999000000000000000e+03
-9.999000000000000000e+03
-9.999000000000000000e+03
-9.999000000000000000e+03
-9.999000000000000000e+03
-9.999000000000000000e+03
-9.999000000000000000e+03
-9.999000000000000000e+03
-9.999000000000000000e+03
-1.660430133342742920e-01
-2.312442362308502197e-01
-9.999000000000000000e+03
-6.693332642316818237e-02
-7.643351703882217407e-02
-6.490977108478546143e-02
-5.161032080650329590e-02
-5.080398917198181152e-02
-5.294197797775268555e-02
-7.266926020383834839e-02
-9.791532158851623535e-02
-9.359659999608993530e-02
-8.788767457008361816e-02
-7.112807035446166992e-02
-5.743870139122009277e-02
-9.999000000000000000e+03
-9.999000000000000000e+03
-9.999000000000000000e+03
-9.999000000000000000e+03
-9.999000000000000000e+03
-9.999000000000000000e+03
-9.999000000000000000e+03
-9.999000000000000000e+03
-9.999000000000000000e+03
-9.999000000000000000e+03
-9.999000000000000000e+03
-9.999000000000000000e+03
-9.999000000000000000e+03
-9.999000000000000000e+03
-9.999000000000000000e+03
-9.999000000000000000e+03
-1.097102090716362000e-01
-1.715661138296127319e-01
-9.999000000000000000e+03
-9.999000000000000000e+03
-6.879591941833496094e-02
-6.695799529552459717e-02
-5.260839685797691345e-02
-4.999005794525146484e-02
-6.432548910379409790e-02
-7.979127764701843262e-02
-8.495896309614181519e-02
-7.797735929489135742e-02
-6.433308869600296021e-02
-2.606741897761821747e-02
-9.999000000000000000e+03
-9.999000000000000000e+03
-9.999000000000000000e+03
-9.999000000000000000e+03
-9.999000000000000000e+03
-9.999000000000000000e+03
-9.999000000000000000e+03
-9.999000000000000000e+03
-9.999000000000000000e+03
-9.999000000000000000e+03
-9.999000000000000000e+03
-9.999000000000000000e+03
-9.999000000000000000e+03
-9.999000000000000000e+03
-9.999000000000000000e+03
-9.999000000000000000e+03
-9.999000000000000000e+03
-4.720419272780418396e-02
-7.300747185945510864e-02
-9.999000000000000000e+03
-9.999000000000000000e+03
-3.628259524703025818e-02
-4.476944729685783386e-02
-4.438926652073860168e-02
-3.394367918372154236e-02
-3.497558832168579102e-02
-4.261571541428565979e-02
-4.692696407437324524e-02
-3.677896782755851746e-02
-3.771319985389709473e-02
-2.370874397456645966e-02
-9.999000000000000000e+03
-9.999000000000000000e+03
-9.999000000000000000e+03
-9.999000000000000000e+03
-9.999000000000000000e+03
-9.999000000000000000e+03
-9.999000000000000000e+03
-9.999000000000000000e+03
-9.999000000000000000e+03
-9.999000000000000000e+03
-9.999000000000000000e+03
-9.999000000000000000e+03
-9.999000000000000000e+03
-9.999000000000000000e+03
-9.999000000000000000e+03
-9.999000000000000000e+03
-9.999000000000000000e+03
-9.999000000000000000e+03
-9.999000000000000000e+03
-9.999000000000000000e+03
-9.999000000000000000e+03
-1.439007744193077087e-02
-1.524112932384014130e-02
-2.441270276904106140e-02
-2.537461556494235992e-02
-8.555824868381023407e-03
2.343757310882210732e-03
1.616185344755649567e-02
2.486848039552569389e-03
-1.815009303390979767e-02
-1.860456727445125580e-02
-9.999000000000000000e+03
-9.999000000000000000e+03
-9.999000000000000000e+03
-9.999000000000000000e+03
-9.999000000000000000e+03
-9.999000000000000000e+03
-9.999000000000000000e+03
-9.999000000000000000e+03
-9.999000000000000000e+03
-9.999000000000000000e+03
-9.999000000000000000e+03
-9.999000000000000000e+03
-9.999000000000000000e+03
-9.999000000000000000e+03
-9.999000000000000000e+03
-9.999000000000000000e+03
-9.999000000000000000e+03
-9.999000000000000000e+03
-9.999000000000000000e+03
-9.999000000000000000e+03
-9.999000000000000000e+03
-9.999000000000000000e+03
-2.142972871661186218e-02
-3.081455081701278687e-02
-2.765384316444396973e-02
2.813361212611198425e-02
3.606823831796646118e-02
3.688917681574821472e-02
4.257827997207641602e-02
1.094828639179468155e-02
-9.999000000000000000e+03
-9.999000000000000000e+03
-9.999000000000000000e+03
-9.999000000000000000e+03
-9.999000000000000000e+03
-9.999000000000000000e+03
-9.999000000000000000e+03
-9.999000000000000000e+03
-9.999000000000000000e+03
-9.999000000000000000e+03
-9.999000000000000000e+03
-9.999000000000000000e+03
-9.999000000000000000e+03
-9.999000000000000000e+03
-9.999000000000000000e+03
-9.999000000000000000e+03
-9.999000000000000000e+03
-9.999000000000000000e+03
-9.999000000000000000e+03
-9.999000000000000000e+03
-9.999000000000000000e+03
-9.999000000000000000e+03
-9.999000000000000000e+03
-1.888284645974636078e-02
-5.118843913078308105e-02
-4.137433320283889771e-02
-1.192349661141633987e-02
1.828026026487350464e-02
2.951007150113582611e-02
1.009254679083824158e-01
1.522554457187652588e-01
1.110123023390769958e-01
-9.999000000000000000e+03
-9.999000000000000000e+03
-9.999000000000000000e+03
-9.999000000000000000e+03
-9.999000000000000000e+03
-9.999000000000000000e+03
-9.999000000000000000e+03
-9.999000000000000000e+03
-9.999000000000000000e+03
-9.999000000000000000e+03
-9.999000000000000000e+03
-9.999000000000000000e+03
-9.999000000000000000e+03
-9.999000000000000000e+03
-9.999000000000000000e+03
-9.999000000000000000e+03
-9.999000000000000000e+03
-9.999000000000000000e+03
-9.999000000000000000e+03
-9.999000000000000000e+03
-9.999000000000000000e+03
-9.999000000000000000e+03
-9.999000000000000000e+03
-5.655262246727943420e-02
-4.021207988262176514e-02
-4.827973246574401855e-02
-5.849428102374076843e-02
-3.968534246087074280e-02
-3.727930784225463867e-02
1.146559566259384155e-01
1.374575793743133545e-01
-9.999000000000000000e+03
-9.999000000000000000e+03
-9.999000000000000000e+03
-9.999000000000000000e+03
-9.999000000000000000e+03
-9.999000000000000000e+03
-9.999000000000000000e+03
-9.999000000000000000e+03
-9.999000000000000000e+03
-9.999000000000000000e+03
-9.999000000000000000e+03
-9.999000000000000000e+03
-9.999000000000000000e+03
-9.999000000000000000e+03
-9.999000000000000000e+03
-9.999000000000000000e+03
-9.999000000000000000e+03
-9.999000000000000000e+03
-9.999000000000000000e+03
-9.999000000000000000e+03
-9.999000000000000000e+03
-9.999000000000000000e+03
-9.999000000000000000e+03
-5.339463055133819580e-02
-8.306230604648590088e-02
-1.172264292836189270e-01
-1.459330320358276367e-01
-1.663767844438552856e-01
-1.604202389717102051e-01
-9.943709522485733032e-02
-1.384219247847795486e-02
-2.341134473681449890e-02
-9.999000000000000000e+03
-9.999000000000000000e+03
-9.999000000000000000e+03
-9.999000000000000000e+03
-9.999000000000000000e+03
-9.999000000000000000e+03
-9.999000000000000000e+03
-9.999000000000000000e+03
-9.999000000000000000e+03
-9.999000000000000000e+03
-9.999000000000000000e+03
-9.999000000000000000e+03
-9.999000000000000000e+03
-9.999000000000000000e+03
-9.999000000000000000e+03
-9.999000000000000000e+03
-9.999000000000000000e+03
-9.999000000000000000e+03
-9.999000000000000000e+03
-9.999000000000000000e+03
-9.999000000000000000e+03
-9.999000000000000000e+03
-1.630806736648082733e-02
-7.762265205383300781e-02
-1.095646917819976807e-01
-1.261868178844451904e-01
-1.367233991622924805e-01
-1.311081945896148682e-01
-1.303648650646209717e-01
-1.109045073390007019e-01
-6.894741207361221313e-02
-4.628118127584457397e-02
-4.638175293803215027e-02
-3.721969202160835266e-02
-1.561052817851305008e-02
-9.999000000000000000e+03
-9.999000000000000000e+03
-9.999000000000000000e+03
-9.999000000000000000e+03
-9.999000000000000000e+03
-9.999000000000000000e+03
-9.999000000000000000e+03
-9.999000000000000000e+03
-9.999000000000000000e+03
-9.999000000000000000e+03
-9.999000000000000000e+03
-9.999000000000000000e+03
-9.999000000000000000e+03
-9.999000000000000000e+03
-9.999000000000000000e+03
-9.999000000000000000e+03
-9.999000000000000000e+03
-2.115954458713531494e-02
-1.794962398707866669e-02
-2.629386447370052338e-02
-4.120979830622673035e-02
-6.913781166076660156e-02
-9.174564480781555176e-02
-8.514706790447235107e-02
-8.206969499588012695e-02
-7.722572237253189087e-02
-1.970927789807319641e-02
1.163202058523893356e-02
-3.590013459324836731e-02
-3.012828715145587921e-02
-2.015866525471210480e-02
-9.999000000000000000e+03
-9.999000000000000000e+03
-9.999000000000000000e+03
-9.999000000000000000e+03
-9.999000000000000000e+03
-9.999000000000000000e+03
-9.999000000000000000e+03
-9.999000000000000000e+03
-9.999000000000000000e+03
-9.999000000000000000e+03
-9.999000000000000000e+03
-9.999000000000000000e+03
-9.999000000000000000e+03
-9.999000000000000000e+03
-9.999000000000000000e+03
-3.689137101173400879e-02
-3.369902446866035461e-02
-4.579472541809082031e-02
-3.533896803855895996e-02
-2.443232387304306030e-02
-2.068657614290714264e-02
-2.829215675592422485e-02
-5.727299675345420837e-02
-7.953355461359024048e-02
-8.419881016016006470e-02
-6.177730485796928406e-02
-5.307890102267265320e-02
-2.556734159588813782e-02
-4.498593136668205261e-02
-9.999000000000000000e+03
-9.999000000000000000e+03
-9.999000000000000000e+03
-9.999000000000000000e+03
-9.999000000000000000e+03
-9.999000000000000000e+03
-9.999000000000000000e+03
-9.999000000000000000e+03
-9.999000000000000000e+03
-9.999000000000000000e+03
-9.999000000000000000e+03
-9.999000000000000000e+03
-9.999000000000000000e+03
-9.999000000000000000e+03
-9.999000000000000000e+03
-9.999000000000000000e+03
-4.094274714589118958e-02
-4.834792017936706543e-02
-4.274904727935791016e-02
-4.236211255192756653e-02
-4.203261062502861023e-02
-2.481347136199474335e-02
-8.087046444416046143e-03
-1.171774789690971375e-02
-3.164521977305412292e-02
-5.350302159786224365e-02
-9.368720650672912598e-02
-1.180432215332984924e-01
-1.064524650573730469e-01
-7.872422039508819580e-02
-9.999000000000000000e+03
-9.999000000000000000e+03
-9.999000000000000000e+03
-9.999000000000000000e+03
-9.999000000000000000e+03
-9.999000000000000000e+03
-9.999000000000000000e+03
-9.999000000000000000e+03
-9.999000000000000000e+03
-9.999000000000000000e+03
-9.999000000000000000e+03
-9.999000000000000000e+03
-9.999000000000000000e+03
-9.999000000000000000e+03
-9.999000000000000000e+03
-9.999000000000000000e+03
-9.999000000000000000e+03
-5.896823480725288391e-02
-6.996190547943115234e-02
-6.801722198724746704e-02
-5.959753692150115967e-02
-5.721380561590194702e-02
-4.026836156845092773e-02
-2.463833615183830261e-02
-1.457745395600795746e-02
-1.652823761105537415e-02
-1.026541180908679962e-02
-2.838956005871295929e-02
-6.417282670736312866e-02
-6.296426802873611450e-02
-7.375684380531311035e-02
-9.999000000000000000e+03
-9.999000000000000000e+03
-9.999000000000000000e+03
-9.999000000000000000e+03
-9.999000000000000000e+03
-9.999000000000000000e+03
-9.999000000000000000e+03
-9.999000000000000000e+03
-9.999000000000000000e+03
-9.999000000000000000e+03
-9.999000000000000000e+03
-9.999000000000000000e+03
-9.999000000000000000e+03
-9.999000000000000000e+03
-9.999000000000000000e+03
-9.999000000000000000e+03
-9.999000000000000000e+03
-8.306526392698287964e-02
-9.597267955541610718e-02
-9.010182321071624756e-02
-7.539001852273941040e-02
-6.680683791637420654e-02
-4.197140783071517944e-02
-2.211302518844604492e-02
-1.730640232563018799e-02
-1.557454932481050491e-02
-1.629574410617351532e-02
-2.329776622354984283e-02
-2.166299708187580109e-02
-2.841364219784736633e-02
-9.999000000000000000e+03
-9.999000000000000000e+03
-9.999000000000000000e+03
-9.999000000000000000e+03
-9.999000000000000000e+03
-9.999000000000000000e+03
-9.999000000000000000e+03
-9.999000000000000000e+03
-9.999000000000000000e+03
-9.999000000000000000e+03
-9.999000000000000000e+03
-9.999000000000000000e+03
-9.999000000000000000e+03
-9.999000000000000000e+03
-9.999000000000000000e+03
-9.999000000000000000e+03
-9.999000000000000000e+03
-9.999000000000000000e+03
-8.474044501781463623e-02
-9.335551410913467407e-02
-7.598020881414413452e-02
-6.777458637952804565e-02
-3.914669901132583618e-02
-1.820061355829238892e-02
-9.714266285300254822e-03
-8.581293746829032898e-03
-6.996466778218746185e-03
1.561771892011165619e-02
-6.311958655714988708e-03
-3.985050320625305176e-02
-9.999000000000000000e+03
-9.999000000000000000e+03
-9.999000000000000000e+03
-9.999000000000000000e+03
-9.999000000000000000e+03
-9.999000000000000000e+03
-9.999000000000000000e+03
-9.999000000000000000e+03
-9.999000000000000000e+03
-9.999000000000000000e+03
-9.999000000000000000e+03
-9.999000000000000000e+03
-9.999000000000000000e+03
-9.999000000000000000e+03
-9.999000000000000000e+03
-9.999000000000000000e+03
-9.999000000000000000e+03
-9.999000000000000000e+03
-9.999000000000000000e+03
-7.033915072679519653e-02
-5.709097534418106079e-02
-4.040870815515518188e-02
-3.172359988093376160e-02
3.112771362066268921e-02
3.504487872123718262e-02
2.065351791679859161e-02
5.992397200316190720e-03
-3.079154528677463531e-03
-1.665766700170934200e-03
-9.999000000000000000e+03
-9.999000000000000000e+03
-9.999000000000000000e+03
-9.999000000000000000e+03
-9.999000000000000000e+03
-9.999000000000000000e+03
-9.999000000000000000e+03
-9.999000000000000000e+03
-9.999000000000000000e+03
-9.999000000000000000e+03
-9.999000000000000000e+03
-9.999000000000000000e+03
-9.999000000000000000e+03
-9.999000000000000000e+03
-9.999000000000000000e+03
-9.999000000000000000e+03
-9.999000000000000000e+03
-9.999000000000000000e+03
-9.999000000000000000e+03
-9.999000000000000000e+03
-9.999000000000000000e+03
-3.614937886595726013e-02
-1.448825467377901077e-03
2.531550452113151550e-02
5.246658250689506531e-02
7.226750999689102173e-02
5.182420089840888977e-02
-9.999000000000000000e+03
-9.999000000000000000e+03
-9.999000000000000000e+03
-9.999000000000000000e+03
-9.999000000000000000e+03
-9.999000000000000000e+03
-9.999000000000000000e+03
-9.999000000000000000e+03
-9.999000000000000000e+03
-9.999000000000000000e+03
-9.999000000000000000e+03
-9.999000000000000000e+03
-9.999000000000000000e+03
-9.999000000000000000e+03
-9.999000000000000000e+03
-9.999000000000000000e+03
-9.999000000000000000e+03
-9.999000000000000000e+03
-9.999000000000000000e+03
-9.999000000000000000e+03
-9.999000000000000000e+03
-9.999000000000000000e+03
-9.999000000000000000e+03
-9.999000000000000000e+03
-9.999000000000000000e+03
-2.408839575946331024e-02
1.148872193880379200e-03
4.000055417418479919e-02
-9.999000000000000000e+03
-9.999000000000000000e+03
-9.999000000000000000e+03
-9.999000000000000000e+03
-9.999000000000000000e+03
-9.999000000000000000e+03
-9.999000000000000000e+03
-9.999000000000000000e+03
-9.999000000000000000e+03
-9.999000000000000000e+03
-9.999000000000000000e+03
-9.999000000000000000e+03
-9.999000000000000000e+03
-9.999000000000000000e+03
-9.999000000000000000e+03
-9.999000000000000000e+03
-9.999000000000000000e+03
-9.999000000000000000e+03
-9.999000000000000000e+03
-9.999000000000000000e+03
-9.999000000000000000e+03
-9.999000000000000000e+03
-9.999000000000000000e+03
-9.999000000000000000e+03
-9.999000000000000000e+03
-9.999000000000000000e+03
-9.999000000000000000e+03
-9.999000000000000000e+03
