5.354851856827735901e-02
5.134586617350578308e-02
3.945283219218254089e-02
2.765022963285446167e-02
4.228574782609939575e-02
2.586025744676589966e-02
2.051542699337005615e-02
2.371020428836345673e-02
1.912348344922065735e-02
2.465129457414150238e-02
-1.595663093030452728e-02
-9.999000000000000000e+03
-9.999000000000000000e+03
-9.999000000000000000e+03
-9.999000000000000000e+03
-9.999000000000000000e+03
-9.999000000000000000e+03
-9.999000000000000000e+03
-9.999000000000000000e+03
-9.999000000000000000e+03
-9.999000000000000000e+03
-9.999000000000000000e+03
-9.999000000000000000e+03
3.153295069932937622e-02
8.259417116641998291e-02
8.411866426467895508e-02
1.042469516396522522e-01
1.319113820791244507e-01
1.501777917146682739e-01
1.580145508050918579e-01
1.571654975414276123e-01
-3.283600322902202606e-03
-6.288073956966400146e-03
-2.065570652484893799e-02
-3.230679780244827271e-02
-2.427212707698345184e-02
-4.531561583280563354e-02
-4.784150049090385437e-02
-3.086346201598644257e-02
-1.957101933658123016e-02
9.788833558559417725e-04
2.519161906093358994e-03
1.447820104658603668e-03
-9.999000000000000000e+03
-9.999000000000000000e+03
-9.999000000000000000e+03
-9.999000000000000000e+03
-9.999000000000000000e+03
-9.999000000000000000e+03
-9.999000000000000000e+03
-9.999000000000000000e+03
-9.999000000000000000e+03
6.000494584441184998e-02
8.057879656553268433e-02
7.469873875379562378e-02
1.058857068419456482e-01
1.005009412765502930e-01
1.019043922424316406e-01
1.104408577084541321e-01
1.193594634532928467e-01
1.373066455125808716e-01
1.471597403287887573e-01
-4.040259867906570435e-02
-5.404931679368019104e-02
-7.308626174926757812e-02
-8.859750628471374512e-02
-8.307296782732009888e-02
-9.216177463531494141e-02
-8.734218031167984009e-02
-6.380358338356018066e-02
-4.196068271994590759e-02
-2.576463110744953156e-02
-2.772206254303455353e-02
-1.834915950894355774e-02
-9.999000000000000000e+03
-9.999000000000000000e+03
-9.999000000000000000e+03
-9.999000000000000000e+03
-9.999000000000000000e+03
-9.999000000000000000e+03
-9.999000000000000000e+03
1.261126846075057983e-01
1.135608106851577759e-01
1.209954470396041870e-01
1.052773147821426392e-01
8.638616651296615601e-02
7.435745745897293091e-02
6.153897941112518311e-02
7.014314085245132446e-02
6.548457592725753784e-02
7.915581762790679932e-02
1.099868491291999817e-01
1.166837885975837708e-01
-6.868012249469757080e-02
-8.620475232601165771e-02
-1.036026403307914734e-01
-1.177380010485649109e-01
-1.224885284900665283e-01
-1.289660781621932983e-01
-1.132372394204139709e-01
-8.314282447099685669e-02
-6.216344237327575684e-02
-4.339538514614105225e-02
-4.487112909555435181e-02
-1.540508680045604706e-02
2.054244652390480042e-02
-9.999000000000000000e+03
-9.999000000000000000e+03
-9.999000000000000000e+03
1.060902252793312073e-01
1.530136913061141968e-01
1.906881034374237061e-01
1.654688417911529541e-01
1.370583176612854004e-01
1.152673065662384033e-01
6.540125608444213867e-02
3.221263736486434937e-02
-5.141708999872207642e-03
-3.384167701005935669e-02
-7.689013145864009857e-03
-5.758446175605058670e-03
2.362202480435371399e-02
6.356184929609298706e-02
8.849108964204788208e-02
-8.566714078187942505e-02
-1.049092859029769897e-01
-1.212486848235130310e-01
-1.275867968797683716e-01
-1.335954964160919189e-01
-1.352741867303848267e-01
-1.182344481348991394e-01
-9.166547656059265137e-02
-8.150012791156768799e-02
-6.700943410396575928e-02
-3.116044774651527405e-02
1.037722732871770859e-02
3.924349695444107056e-02
5.899062380194664001e-02
7.858324795961380005e-02
1.171854510903358459e-01
1.279109269380569458e-01
1.208494156599044800e-01
1.205811500549316406e-01
7.701654732227325439e-02
5.471967160701751709e-02
1.483269594609737396e-02
-6.381099671125411987e-02
-7.898344844579696655e-02
-1.061842218041419983e-01
-1.005123108625411987e-01
-6.959613412618637085e-02
-4.367199912667274475e-02
1.586119527928531170e-03
4.469734057784080505e-02
7.361963391304016113e-02
-9.826708585023880005e-02
-1.089219748973846436e-01
-1.168118491768836975e-01
-1.228523403406143188e-01
-1.265809088945388794e-01
-1.211188212037086487e-01
-1.105927750468254089e-01
-9.957584738731384277e-02
-9.266831725835800171e-02
-6.976942718029022217e-02
-1.683606579899787903e-02
3.530022874474525452e-02
4.432914778590202332e-02
5.006948113441467285e-02
5.039366707205772400e-02
6.784284859895706177e-02
4.968848824501037598e-02
3.256339346989989281e-03
-2.819967269897460938e-02
-8.893078565597534180e-02
-1.095469817519187927e-01
-1.211742982268333435e-01
-1.500552296638488770e-01
-1.504271626472473145e-01
-1.433820128440856934e-01
-1.017320752143859863e-01
-7.150660455226898193e-02
-4.273713007569313049e-02
-1.175325643271207809e-02
1.996949315071105957e-02
3.993779420852661133e-02
-9.840780496597290039e-02
-1.123045682907104492e-01
-1.167707964777946472e-01
-1.162784844636917114e-01
-1.158939450979232788e-01
-1.121142134070396423e-01
-1.038032397627830505e-01
-1.079284623265266418e-01
-8.494719862937927246e-02
-4.335004463791847229e-02
-5.830905865877866745e-04
2.477287501096725464e-02
3.285031765699386597e-02
2.240602485835552216e-02
-9.735764004290103912e-03
-1.982896029949188232e-02
-5.646377056837081909e-02
-9.782257676124572754e-02
-1.158763468265533447e-01
-1.599746346473693848e-01
-1.723331063985824585e-01
-1.731504499912261963e-01
-1.608686596155166626e-01
-1.530912518501281738e-01
-1.337946653366088867e-01
-1.073623597621917725e-01
-6.872709095478057861e-02
-4.401590302586555481e-02
-2.910505235195159912e-02
-3.210104303434491158e-03
3.678480163216590881e-03
-7.455786317586898804e-02
-1.053719669580459595e-01
-1.268498152494430542e-01
-1.141344606876373291e-01
-1.011962220072746277e-01
-8.938188105821609497e-02
-8.581776171922683716e-02
-8.753614872694015503e-02
-6.516359746456146240e-02
-2.896665968000888824e-02
-5.573430564254522324e-03
-7.469971198588609695e-03
-1.663991995155811310e-02
-3.506955876946449280e-02
-7.036907970905303955e-02
-8.666473627090454102e-02
-1.320109069347381592e-01
-1.644950807094573975e-01
-1.733624041080474854e-01
-1.737754493951797485e-01
-1.634409874677658081e-01
-1.577950119972229004e-01
-1.402978748083114624e-01
-1.353386789560317993e-01
-1.288510262966156006e-01
-1.274393945932388306e-01
-9.783739596605300903e-02
-8.087614178657531738e-02
-6.543231010437011719e-02
-3.749777004122734070e-02
-4.408183321356773376e-02
-6.363508105278015137e-02
-9.131646156311035156e-02
-1.081348285079002380e-01
-9.118594974279403687e-02
-8.062297105789184570e-02
-7.968890666961669922e-02
-7.394098490476608276e-02
-5.064826831221580505e-02
-2.788116969168186188e-02
-1.767471246421337128e-02
-2.034195698797702789e-02
-3.824445605278015137e-02
-8.005131036043167114e-02
-1.159805655479431152e-01
-1.390262395143508911e-01
-1.477603614330291748e-01
-1.716290563344955444e-01
-1.791700273752212524e-01
-1.750907450914382935e-01
-1.486906409263610840e-01
-1.235908642411231995e-01
-1.179634928703308105e-01
-9.586291015148162842e-02
-1.013664975762367249e-01
-7.965232431888580322e-02
-1.150982528924942017e-01
-1.202282682061195374e-01
-1.228468492627143860e-01
-1.099055483937263489e-01
-8.889712393283843994e-02
-9.180124849081039429e-02
-1.027838215231895447e-01
-8.314118534326553345e-02
-5.918837711215019226e-02
-4.017781093716621399e-02
-3.509349748492240906e-02
-3.214273601770401001e-02
-3.178070485591888428e-02
-2.742718905210494995e-02
-1.916077337227761745e-03
-1.205976307392120361e-02
-4.995935037732124329e-02
-9.738823771476745605e-02
-1.280698478221893311e-01
-1.439283937215805054e-01
-1.537228524684906006e-01
-1.658319532871246338e-01
-1.806416958570480347e-01
-1.223299279808998108e-01
-1.327202469110488892e-01
-9.742768108844757080e-02
-8.129744231700897217e-02
-9.999000000000000000e+03
-9.999000000000000000e+03
-9.999000000000000000e+03
-9.999000000000000000e+03
-9.999000000000000000e+03
-9.999000000000000000e+03
-1.429198682308197021e-01
-1.209798380732536316e-01
-1.272392719984054565e-01
-1.408655345439910889e-01
-9.365523606538772583e-02
-6.632970273494720459e-02
-4.880135878920555115e-02
-3.570906072854995728e-02
-2.792750298976898193e-02
-9.722732007503509521e-03
-3.370534162968397141e-03
-3.010540967807173729e-04
3.285089973360300064e-03
-2.355491183698177338e-02
-6.901897490024566650e-02
-1.300797015428543091e-01
-1.420591473579406738e-01
-1.463182121515274048e-01
-1.474271565675735474e-01
-1.341980993747711182e-01
-1.192307844758033752e-01
-9.999000000000000000e+03
-9.999000000000000000e+03
-9.999000000000000000e+03
-9.999000000000000000e+03
-9.999000000000000000e+03
-9.999000000000000000e+03
-9.999000000000000000e+03
-9.999000000000000000e+03
-9.999000000000000000e+03
-9.999000000000000000e+03
-7.034100592136383057e-02
-1.014173328876495361e-01
-1.328309923410415649e-01
-1.559459567070007324e-01
-6.982104480266571045e-02
-6.583936512470245361e-02
-5.360590666532516479e-02
-4.337481781840324402e-02
-2.852555178105831146e-02
-1.507763098925352097e-02
-7.710427045822143555e-03
1.751901727402582765e-04
-1.592031680047512054e-02
-7.043720036745071411e-02
-1.052862033247947693e-01
-1.279934197664260864e-01
-1.302908658981323242e-01
-1.377629041671752930e-01
-8.559057116508483887e-02
-9.060219675302505493e-02
-9.999000000000000000e+03
-9.999000000000000000e+03
-9.999000000000000000e+03
-9.999000000000000000e+03
-9.999000000000000000e+03
-9.999000000000000000e+03
-9.999000000000000000e+03
-9.999000000000000000e+03
-9.999000000000000000e+03
-9.999000000000000000e+03
-9.999000000000000000e+03
-9.999000000000000000e+03
-5.130665004253387451e-02
-1.182991936802864075e-01
-1.636354774236679077e-01
-1.168695166707038879e-01
-1.029709130525588989e-01
-8.412741869688034058e-02
-6.952004879713058472e-02
-4.277940839529037476e-02
-3.191855177283287048e-02
-3.359819576144218445e-02
-3.946134448051452637e-02
-7.029914855957031250e-02
-1.030119061470031738e-01
-1.190290153026580811e-01
-1.131666302680969238e-01
-8.353302627801895142e-02
-9.452542662620544434e-02
-9.999000000000000000e+03
-9.999000000000000000e+03
-9.999000000000000000e+03
-9.999000000000000000e+03
-9.999000000000000000e+03
-9.999000000000000000e+03
-9.999000000000000000e+03
-9.999000000000000000e+03
-9.999000000000000000e+03
-9.999000000000000000e+03
-9.999000000000000000e+03
-9.999000000000000000e+03
-9.999000000000000000e+03
-9.999000000000000000e+03
-9.999000000000000000e+03
-7.333957403898239136e-02
-1.223376914858818054e-01
-9.999000000000000000e+03
-7.922837883234024048e-02
-8.877333253622055054e-02
-7.678248733282089233e-02
-6.586224585771560669e-02
-6.311256438493728638e-02
-8.429595828056335449e-02
-9.599889814853668213e-02
-1.127549931406974792e-01
-1.018601879477500916e-01
-9.588226675987243652e-02
-7.499468326568603516e-02
-6.304717063903808594e-02
-9.999000000000000000e+03
-9.999000000000000000e+03
-9.999000000000000000e+03
-9.999000000000000000e+03
-9.999000000000000000e+03
-9.999000000000000000e+03
-9.999000000000000000e+03
-9.999000000000000000e+03
-9.999000000000000000e+03
-9.999000000000000000e+03
-9.999000000000000000e+03
-9.999000000000000000e+03
-9.999000000000000000e+03
-9.999000000000000000e+03
-9.999000000000000000e+03
-9.999000000000000000e+03
-3.247418999671936035e-02
-6.703434139490127563e-02
-9.999000000000000000e+03
-9.999000000000000000e+03
-7.769678533077239990e-02
-6.907204538583755493e-02
-6.779519468545913696e-02
-7.595099508762359619e-02
-9.294772148132324219e-02
-1.079240068793296814e-01
-9.567552059888839722e-02
-5.876570194959640503e-02
-4.853356629610061646e-02
-2.595975063741207123e-02
-9.999000000000000000e+03
-9.999000000000000000e+03
-9.999000000000000000e+03
-9.999000000000000000e+03
-9.999000000000000000e+03
-9.999000000000000000e+03
-9.999000000000000000e+03
-9.999000000000000000e+03
-9.999000000000000000e+03
-9.999000000000000000e+03
-9.999000000000000000e+03
-9.999000000000000000e+03
-9.999000000000000000e+03
-9.999000000000000000e+03
-9.999000000000000000e+03
-9.999000000000000000e+03
-9.999000000000000000e+03
-5.743836518377065659e-03
-8.949822746217250824e-03
-9.999000000000000000e+03
-9.999000000000000000e+03
-4.841319844126701355e-02
-5.355092510581016541e-02
-4.687801375985145569e-02
-5.052059143781661987e-02
-5.990401655435562134e-02
-7.447490841150283813e-02
-7.996890693902969360e-02
-7.871434837579727173e-02
-4.948134347796440125e-02
-3.309419006109237671e-02
-9.999000000000000000e+03
-9.999000000000000000e+03
-9.999000000000000000e+03
-9.999000000000000000e+03
-9.999000000000000000e+03
-9.999000000000000000e+03
-9.999000000000000000e+03
-9.999000000000000000e+03
-9.999000000000000000e+03
-9.999000000000000000e+03
-9.999000000000000000e+03
-9.999000000000000000e+03
-9.999000000000000000e+03
-9.999000000000000000e+03
-9.999000000000000000e+03
-9.999000000000000000e+03
-9.999000000000000000e+03
-9.999000000000000000e+03
-9.999000000000000000e+03
-9.999000000000000000e+03
-9.999000000000000000e+03
-1.606954820454120636e-02
-8.851445280015468597e-03
-1.109853480011224747e-02
-1.452795881778001785e-02
-1.174660865217447281e-02
-3.399091586470603943e-02
-7.080289721488952637e-02
-9.988823533058166504e-02
-8.968037366867065430e-02
-7.226052135229110718e-02
-9.999000000000000000e+03
-9.999000000000000000e+03
-9.999000000000000000e+03
-9.999000000000000000e+03
-9.999000000000000000e+03
-9.999000000000000000e+03
-9.999000000000000000e+03
-9.999000000000000000e+03
-9.999000000000000000e+03
-9.999000000000000000e+03
-9.999000000000000000e+03
-9.999000000000000000e+03
-9.999000000000000000e+03
-9.999000000000000000e+03
-9.999000000000000000e+03
-9.999000000000000000e+03
-9.999000000000000000e+03
-9.999000000000000000e+03
-9.999000000000000000e+03
-9.999000000000000000e+03
-9.999000000000000000e+03
-9.999000000000000000e+03
-1.827026158571243286e-02
-2.096582576632499695e-02
-4.251815844327211380e-04
3.037561289966106415e-02
3.110777586698532104e-02
8.803450502455234528e-03
1.314449682831764221e-02
-4.792656376957893372e-02
-9.999000000000000000e+03
-9.999000000000000000e+03
-9.999000000000000000e+03
-9.999000000000000000e+03
-9.999000000000000000e+03
-9.999000000000000000e+03
-9.999000000000000000e+03
-9.999000000000000000e+03
-9.999000000000000000e+03
-9.999000000000000000e+03
-9.999000000000000000e+03
-9.999000000000000000e+03
-9.999000000000000000e+03
-9.999000000000000000e+03
-9.999000000000000000e+03
-9.999000000000000000e+03
-9.999000000000000000e+03
-9.999000000000000000e+03
-9.999000000000000000e+03
-9.999000000000000000e+03
-9.999000000000000000e+03
-9.999000000000000000e+03
-9.999000000000000000e+03
-1.627407781779766083e-02
-3.647273033857345581e-02
-2.580014057457447052e-02
7.376858848147094250e-04
6.066304817795753479e-02
5.694539099931716919e-02
1.399408429861068726e-01
1.623590886592864990e-01
1.037232950329780579e-01
-9.999000000000000000e+03
-9.999000000000000000e+03
-9.999000000000000000e+03
-9.999000000000000000e+03
-9.999000000000000000e+03
-9.999000000000000000e+03
-9.999000000000000000e+03
-9.999000000000000000e+03
-9.999000000000000000e+03
-9.999000000000000000e+03
-9.999000000000000000e+03
-9.999000000000000000e+03
-9.999000000000000000e+03
-9.999000000000000000e+03
-9.999000000000000000e+03
-9.999000000000000000e+03
-9.999000000000000000e+03
-9.999000000000000000e+03
-9.999000000000000000e+03
-9.999000000000000000e+03
-9.999000000000000000e+03
-9.999000000000000000e+03
-9.999000000000000000e+03
-4.786226525902748108e-02
-3.927686810493469238e-02
-1.286136358976364136e-02
4.936648532748222351e-02
1.061239242553710938e-01
1.127461791038513184e-01
1.744530498981475830e-01
1.591572612524032593e-01
-9.999000000000000000e+03
-9.999000000000000000e+03
-9.999000000000000000e+03
-9.999000000000000000e+03
-9.999000000000000000e+03
-9.999000000000000000e+03
-9.999000000000000000e+03
-9.999000000000000000e+03
-9.999000000000000000e+03
-9.999000000000000000e+03
-9.999000000000000000e+03
-9.999000000000000000e+03
-9.999000000000000000e+03
-9.999000000000000000e+03
-9.999000000000000000e+03
-9.999000000000000000e+03
-9.999000000000000000e+03
-9.999000000000000000e+03
-9.999000000000000000e+03
-9.999000000000000000e+03
-9.999000000000000000e+03
-9.999000000000000000e+03
-9.999000000000000000e+03
-4.776263236999511719e-02
-5.965393409132957458e-02
-4.614147171378135681e-02
-6.296391785144805908e-02
-3.587811812758445740e-02
-8.764493465423583984e-02
-3.537722304463386536e-02
5.480213835835456848e-02
8.497487008571624756e-02
-9.999000000000000000e+03
-9.999000000000000000e+03
-9.999000000000000000e+03
-9.999000000000000000e+03
-9.999000000000000000e+03
-9.999000000000000000e+03
-9.999000000000000000e+03
-9.999000000000000000e+03
-9.999000000000000000e+03
-9.999000000000000000e+03
-9.999000000000000000e+03
-9.999000000000000000e+03
-9.999000000000000000e+03
-9.999000000000000000e+03
-9.999000000000000000e+03
-9.999000000000000000e+03
-9.999000000000000000e+03
-9.999000000000000000e+03
-9.999000000000000000e+03
-9.999000000000000000e+03
-9.999000000000000000e+03
-9.999000000000000000e+03
-4.001466929912567139e-02
-8.596228063106536865e-02
-9.817512333393096924e-02
-9.990261495113372803e-02
-1.193508580327033997e-01
-1.303797513246536255e-01
-1.159124374389648438e-01
-1.133955866098403931e-01
-4.608519002795219421e-02
4.220816493034362793e-02
4.845893383026123047e-02
7.640511612407863140e-04
-1.216944400221109390e-02
-9.999000000000000000e+03
-9.999000000000000000e+03
-9.999000000000000000e+03
-9.999000000000000000e+03
-9.999000000000000000e+03
-9.999000000000000000e+03
-9.999000000000000000e+03
-9.999000000000000000e+03
-9.999000000000000000e+03
-9.999000000000000000e+03
-9.999000000000000000e+03
-9.999000000000000000e+03
-9.999000000000000000e+03
-9.999000000000000000e+03
-9.999000000000000000e+03
-9.999000000000000000e+03
-9.999000000000000000e+03
-5.790304765105247498e-02
-5.848494917154312134e-02
-6.956616789102554321e-02
-5.218202620744705200e-02
-4.824220016598701477e-02
-6.319916993379592896e-02
-6.482427567243576050e-02
-7.162331789731979370e-02
-7.663050293922424316e-02
-4.630485177040100098e-02
-1.346308365464210510e-02
-1.418593525886535645e-02
-2.602574042975902557e-02
-3.410932421684265137e-02
-9.999000000000000000e+03
-9.999000000000000000e+03
-9.999000000000000000e+03
-9.999000000000000000e+03
-9.999000000000000000e+03
-9.999000000000000000e+03
-9.999000000000000000e+03
-9.999000000000000000e+03
-9.999000000000000000e+03
-9.999000000000000000e+03
-9.999000000000000000e+03
-9.999000000000000000e+03
-9.999000000000000000e+03
-9.999000000000000000e+03
-9.999000000000000000e+03
-5.354325845837593079e-02
-5.488200485706329346e-02
-1.026316359639167786e-01
-8.805270493030548096e-02
-5.527916550636291504e-02
-2.500928752124309540e-02
-9.041914716362953186e-03
-9.619031101465225220e-03
-2.053462900221347809e-02
-4.325427114963531494e-02
-4.486081376671791077e-02
-3.254360705614089966e-02
-1.974932849407196045e-02
-3.352109342813491821e-02
-9.999000000000000000e+03
-9.999000000000000000e+03
-9.999000000000000000e+03
-9.999000000000000000e+03
-9.999000000000000000e+03
-9.999000000000000000e+03
-9.999000000000000000e+03
-9.999000000000000000e+03
-9.999000000000000000e+03
-9.999000000000000000e+03
-9.999000000000000000e+03
-9.999000000000000000e+03
-9.999000000000000000e+03
-9.999000000000000000e+03
-9.999000000000000000e+03
-9.999000000000000000e+03
-5.369105935096740723e-02
-8.396995067596435547e-02
-9.927185624837875366e-02
-1.233983933925628662e-01
-1.147942021489143372e-01
-6.671770662069320679e-02
-2.607673406600952148e-02
-1.423938479274511337e-02
-1.423827931284904480e-02
-3.163073584437370300e-02
-6.160950288176536560e-02
-7.782828062772750854e-02
-7.492671906948089600e-02
-4.232489690184593201e-02
-9.999000000000000000e+03
-9.999000000000000000e+03
-9.999000000000000000e+03
-9.999000000000000000e+03
-9.999000000000000000e+03
-9.999000000000000000e+03
-9.999000000000000000e+03
-9.999000000000000000e+03
-9.999000000000000000e+03
-9.999000000000000000e+03
-9.999000000000000000e+03
-9.999000000000000000e+03
-9.999000000000000000e+03
-9.999000000000000000e+03
-9.999000000000000000e+03
-9.999000000000000000e+03
-9.999000000000000000e+03
-6.121804937720298767e-02
-9.753460437059402466e-02
-1.273796260356903076e-01
-1.271237134933471680e-01
-1.016127988696098328e-01
-7.407910376787185669e-02
-4.856222495436668396e-02
-3.907326981425285339e-02
-3.168269991874694824e-02
-2.030077017843723297e-02
-4.076710343360900879e-02
-6.344808638095855713e-02
-4.892591387033462524e-02
-4.900149628520011902e-02
-9.999000000000000000e+03
-9.999000000000000000e+03
-9.999000000000000000e+03
-9.999000000000000000e+03
-9.999000000000000000e+03
-9.999000000000000000e+03
-9.999000000000000000e+03
-9.999000000000000000e+03
-9.999000000000000000e+03
-9.999000000000000000e+03
-9.999000000000000000e+03
-9.999000000000000000e+03
-9.999000000000000000e+03
-9.999000000000000000e+03
-9.999000000000000000e+03
-9.999000000000000000e+03
-9.999000000000000000e+03
-1.047409027814865112e-01
-1.147375926375389099e-01
-1.169544458389282227e-01
-1.101262122392654419e-01
-8.989630639553070068e-02
-6.343635916709899902e-02
-4.603319615125656128e-02
-3.668024018406867981e-02
-3.170572593808174133e-02
-2.237127535045146942e-02
-3.323013335466384888e-02
-3.184202685952186584e-02
-1.553901843726634979e-02
-9.999000000000000000e+03
-9.999000000000000000e+03
-9.999000000000000000e+03
-9.999000000000000000e+03
-9.999000000000000000e+03
-9.999000000000000000e+03
-9.999000000000000000e+03
-9.999000000000000000e+03
-9.999000000000000000e+03
-9.999000000000000000e+03
-9.999000000000000000e+03
-9.999000000000000000e+03
-9.999000000000000000e+03
-9.999000000000000000e+03
-9.999000000000000000e+03
-9.999000000000000000e+03
-9.999000000000000000e+03
-9.999000000000000000e+03
-8.984512090682983398e-02
-8.463327586650848389e-02
-8.017472922801971436e-02
-7.975601404905319214e-02
-6.236571818590164185e-02
-4.203242436051368713e-02
-1.957173272967338562e-02
-8.671501418575644493e-04
-1.869673654437065125e-02
-3.270978480577468872e-02
-3.275281563401222229e-02
-3.853919357061386108e-02
-9.999000000000000000e+03
-9.999000000000000000e+03
-9.999000000000000000e+03
-9.999000000000000000e+03
-9.999000000000000000e+03
-9.999000000000000000e+03
-9.999000000000000000e+03
-9.999000000000000000e+03
-9.999000000000000000e+03
-9.999000000000000000e+03
-9.999000000000000000e+03
-9.999000000000000000e+03
-9.999000000000000000e+03
-9.999000000000000000e+03
-9.999000000000000000e+03
-9.999000000000000000e+03
-9.999000000000000000e+03
-9.999000000000000000e+03
-9.999000000000000000e+03
-5.474540591239929199e-02
-4.183522984385490417e-02
-4.106309264898300171e-02
-5.083113908767700195e-02
-1.073319464921951294e-02
7.492215372622013092e-03
1.917371153831481934e-02
1.346398983150720596e-02
-1.204188331030309200e-03
-1.014643907546997070e-02
-9.999000000000000000e+03
-9.999000000000000000e+03
-9.999000000000000000e+03
-9.999000000000000000e+03
-9.999000000000000000e+03
-9.999000000000000000e+03
-9.999000000000000000e+03
-9.999000000000000000e+03
-9.999000000000000000e+03
-9.999000000000000000e+03
-9.999000000000000000e+03
-9.999000000000000000e+03
-9.999000000000000000e+03
-9.999000000000000000e+03
-9.999000000000000000e+03
-9.999000000000000000e+03
-9.999000000000000000e+03
-9.999000000000000000e+03
-9.999000000000000000e+03
-9.999000000000000000e+03
-9.999000000000000000e+03
-4.018986597657203674e-02
-3.357212699484080076e-04
1.404409110546112061e-02
1.759607158601284027e-02
2.669200859963893890e-02
2.017913386225700378e-02
-9.999000000000000000e+03
-9.999000000000000000e+03
-9.999000000000000000e+03
-9.999000000000000000e+03
-9.999000000000000000e+03
-9.999000000000000000e+03
-9.999000000000000000e+03
-9.999000000000000000e+03
-9.999000000000000000e+03
-9.999000000000000000e+03
-9.999000000000000000e+03
-9.999000000000000000e+03
-9.999000000000000000e+03
-9.999000000000000000e+03
-9.999000000000000000e+03
-9.999000000000000000e+03
-9.999000000000000000e+03
-9.999000000000000000e+03
-9.999000000000000000e+03
-9.999000000000000000e+03
-9.999000000000000000e+03
-9.999000000000000000e+03
-9.999000000000000000e+03
-9.999000000000000000e+03
-9.999000000000000000e+03
-3.873644769191741943e-02
-1.491515990346670151e-02
2.267821505665779114e-02
-9.999000000000000000e+03
-9.999000000000000000e+03
-9.999000000000000000e+03
-9.999000000000000000e+03
-9.999000000000000000e+03
-9.999000000000000000e+03
-9.999000000000000000e+03
-9.999000000000000000e+03
-9.999000000000000000e+03
-9.999000000000000000e+03
-9.999000000000000000e+03
-9.999000000000000000e+03
-9.999000000000000000e+03
-9.999000000000000000e+03
-9.999000000000000000e+03
-9.999000000000000000e+03
-9.999000000000000000e+03
-9.999000000000000000e+03
-9.999000000000000000e+03
-9.999000000000000000e+03
-9.999000000000000000e+03
-9.999000000000000000e+03
-9.999000000000000000e+03
-9.999000000000000000e+03
-9.999000000000000000e+03
-9.999000000000000000e+03
-9.999000000000000000e+03
-9.999000000000000000e+03
