1.359480470418930054e-01
1.371744275093078613e-01
1.122769042849540710e-01
9.051062911748886108e-02
1.068890318274497986e-01
9.700145572423934937e-02
9.543127566576004028e-02
9.437128156423568726e-02
8.683904260396957397e-02
8.066856861114501953e-02
1.757398806512355804e-02
-9.999000000000000000e+03
-9.999000000000000000e+03
-9.999000000000000000e+03
-9.999000000000000000e+03
-9.999000000000000000e+03
-9.999000000000000000e+03
-9.999000000000000000e+03
-9.999000000000000000e+03
-9.999000000000000000e+03
-9.999000000000000000e+03
-9.999000000000000000e+03
-9.999000000000000000e+03
3.552714735269546509e-02
5.137144401669502258e-02
6.642068922519683838e-02
9.096089750528335571e-02
1.212523281574249268e-01
1.407084763050079346e-01
1.510012745857238770e-01
1.456279009580612183e-01
5.908519402146339417e-02
5.689992755651473999e-02
3.958658128976821899e-02
3.051934763789176941e-02
4.405428841710090637e-02
3.924927860498428345e-02
4.336957633495330811e-02
5.374360084533691406e-02
4.972843825817108154e-02
5.858778953552246094e-02
5.830718949437141418e-02
4.214677587151527405e-02
-9.999000000000000000e+03
-9.999000000000000000e+03
-9.999000000000000000e+03
-9.999000000000000000e+03
-9.999000000000000000e+03
-9.999000000000000000e+03
-9.999000000000000000e+03
-9.999000000000000000e+03
-9.999000000000000000e+03
3.956305608153343201e-02
7.142507284879684448e-02
7.189264148473739624e-02
8.698547631502151489e-02
9.364472329616546631e-02
1.071221902966499329e-01
1.251240372657775879e-01
1.211655661463737488e-01
1.121993586421012878e-01
1.094424799084663391e-01
-6.100698839873075485e-03
-1.641728729009628296e-02
-3.041470237076282501e-02
-2.225598692893981934e-02
8.243694901466369629e-04
2.535286825150251389e-03
5.585298873484134674e-03
1.847755350172519684e-02
1.202878449112176895e-02
2.235548570752143860e-02
3.877031430602073669e-02
3.745058923959732056e-02
-9.999000000000000000e+03
-9.999000000000000000e+03
-9.999000000000000000e+03
-9.999000000000000000e+03
-9.999000000000000000e+03
-9.999000000000000000e+03
-9.999000000000000000e+03
5.816823989152908325e-02
6.416589766740798950e-02
9.039094299077987671e-02
1.152534931898117065e-01
1.212582886219024658e-01
1.105675026774406433e-01
1.165784224867820740e-01
1.199717596173286438e-01
1.218090951442718506e-01
1.287965625524520874e-01
1.157088726758956909e-01
1.305734813213348389e-01
-7.455305010080337524e-02
-7.249316573143005371e-02
-7.455056160688400269e-02
-6.606323271989822388e-02
-4.013118147850036621e-02
-4.091816395521163940e-02
-4.411559179425239563e-02
-2.996436506509780884e-02
-2.926094084978103638e-02
-1.248627901077270508e-02
2.697246149182319641e-03
2.685386314988136292e-02
2.857272885739803314e-02
-9.999000000000000000e+03
-9.999000000000000000e+03
-9.999000000000000000e+03
3.356895595788955688e-02
4.874297231435775757e-02
7.138792425394058228e-02
6.213146075606346130e-02
6.185422837734222412e-02
7.152102887630462646e-02
6.855597347021102905e-02
1.018546894192695618e-01
1.208368912339210510e-01
1.241685673594474792e-01
1.449071764945983887e-01
1.710003018379211426e-01
1.767546236515045166e-01
1.739432215690612793e-01
1.793116778135299683e-01
-1.383857429027557373e-01
-1.302047967910766602e-01
-1.250482201576232910e-01
-1.221636459231376648e-01
-9.593133628368377686e-02
-8.750817924737930298e-02
-8.341830223798751831e-02
-6.997912377119064331e-02
-6.133644655346870422e-02
-4.441281035542488098e-02
-2.230027318000793457e-02
-5.502806045114994049e-03
1.274133659899234772e-02
6.464731413871049881e-03
2.080878429114818573e-02
3.120834752917289734e-02
2.787038870155811310e-02
1.416475418955087662e-02
1.283254195004701614e-02
-1.673725061118602753e-02
-1.229276880621910095e-02
-1.661541312932968140e-02
-2.975269965827465057e-02
1.377897989004850388e-02
4.697716608643531799e-02
8.261755853891372681e-02
1.266459375619888306e-01
1.595816016197204590e-01
1.780655682086944580e-01
1.932655870914459229e-01
1.823855787515640259e-01
-1.794861555099487305e-01
-1.727923005819320679e-01
-1.763683110475540161e-01
-1.789927929639816284e-01
-1.539945006370544434e-01
-1.392153948545455933e-01
-1.195604950189590454e-01
-9.411446005105972290e-02
-7.668772339820861816e-02
-5.039464682340621948e-02
-2.494402974843978882e-02
7.013395428657531738e-03
1.287537254393100739e-02
1.403374690562486649e-02
5.420193076133728027e-03
1.591959502547979355e-03
-2.778511680662631989e-02
-6.511950492858886719e-02
-9.057754278182983398e-02
-1.345174759626388550e-01
-1.508499383926391602e-01
-1.403477638959884644e-01
-1.501702815294265747e-01
-8.380690217018127441e-02
-2.828393317759037018e-02
-9.360869415104389191e-03
6.601719558238983154e-02
8.715180307626724243e-02
1.154752597212791443e-01
1.512303203344345093e-01
1.548871695995330811e-01
-1.862672865390777588e-01
-1.900538206100463867e-01
-1.961398571729660034e-01
-1.965286582708358765e-01
-1.846878826618194580e-01
-1.682615578174591064e-01
-1.369259357452392578e-01
-1.047774329781532288e-01
-7.152700424194335938e-02
-4.127603769302368164e-02
-1.027696486562490463e-02
1.142327208071947098e-02
2.354818210005760193e-02
1.482905913144350052e-02
-3.672855347394943237e-02
-6.909297406673431396e-02
-1.051406115293502808e-01
-1.368554234504699707e-01
-1.550183892250061035e-01
-2.027667313814163208e-01
-2.374641895294189453e-01
-2.638762891292572021e-01
-2.658980786800384521e-01
-2.264893203973770142e-01
-1.900154352188110352e-01
-1.589120626449584961e-01
-6.724235415458679199e-02
-3.247976675629615784e-02
1.446269173175096512e-02
8.109077811241149902e-02
1.011748611927032471e-01
-1.527570039033889771e-01
-1.700416952371597290e-01
-1.915482133626937866e-01
-1.893958449363708496e-01
-1.771240234375000000e-01
-1.472792327404022217e-01
-1.163805425167083740e-01
-9.479724615812301636e-02
-6.501613557338714600e-02
-4.364411905407905579e-02
-1.717994734644889832e-02
-7.411236409097909927e-03
-1.296725403517484665e-02
-3.905542567372322083e-02
-8.453461527824401855e-02
-1.183865666389465332e-01
-1.607121378183364868e-01
-1.757348179817199707e-01
-1.978553533554077148e-01
-2.091916501522064209e-01
-2.102507054805755615e-01
-2.412757128477096558e-01
-2.263370305299758911e-01
-2.526748180389404297e-01
-2.974139750003814697e-01
-2.969256639480590820e-01
-2.007557898759841919e-01
-1.413618922233581543e-01
-8.150371164083480835e-02
-4.815459717065095901e-03
2.587172389030456543e-02
-1.248241662979125977e-01
-1.356604248285293579e-01
-1.522514969110488892e-01
-1.518488824367523193e-01
-1.554067581892013550e-01
-1.251695603132247925e-01
-9.886384755373001099e-02
-8.097251504659652710e-02
-6.548906862735748291e-02
-5.127070844173431396e-02
-3.836887329816818237e-02
-3.370709344744682312e-02
-5.879402160644531250e-02
-1.036147922277450562e-01
-1.440264880657196045e-01
-1.534083485603332520e-01
-1.603540927171707153e-01
-1.482427120208740234e-01
-1.511625349521636963e-01
-1.102822124958038330e-01
-6.240440160036087036e-02
-7.625881582498550415e-02
-6.886958330869674683e-02
-1.323952525854110718e-01
-1.321724355220794678e-01
-2.517978847026824951e-01
-2.408871650695800781e-01
-2.091885656118392944e-01
-1.462576836347579956e-01
-8.457326889038085938e-02
-6.432978063821792603e-02
-1.157852113246917725e-01
-1.159252747893333435e-01
-1.232140287756919861e-01
-1.195424050092697144e-01
-1.182273253798484802e-01
-1.062730848789215088e-01
-9.220365434885025024e-02
-8.503936976194381714e-02
-7.140713930130004883e-02
-6.671071052551269531e-02
-6.695388257503509521e-02
-9.384890645742416382e-02
-1.184235811233520508e-01
-1.418110430240631104e-01
-1.584863364696502686e-01
-1.499873399734497070e-01
-1.263799965381622314e-01
-7.831023633480072021e-02
-6.126914545893669128e-02
-3.168027149513363838e-03
1.440602447837591171e-02
-9.999000000000000000e+03
-9.999000000000000000e+03
-9.999000000000000000e+03
-9.999000000000000000e+03
-9.999000000000000000e+03
-9.999000000000000000e+03
-2.710005342960357666e-01
-2.076299786567687988e-01
-1.368997544050216675e-01
-1.206231564283370972e-01
-9.895465523004531860e-02
-9.569492936134338379e-02
-1.054621040821075439e-01
-1.094569414854049683e-01
-1.033288016915321350e-01
-9.015554934740066528e-02
-8.644375205039978027e-02
-8.485426008701324463e-02
-8.799357712268829346e-02
-9.961596876382827759e-02
-1.032300293445587158e-01
-1.425354778766632080e-01
-1.504130214452743530e-01
-1.522680968046188354e-01
-1.303971409797668457e-01
-1.052191853523254395e-01
-8.080673962831497192e-02
-9.999000000000000000e+03
-9.999000000000000000e+03
-9.999000000000000000e+03
-9.999000000000000000e+03
-9.999000000000000000e+03
-9.999000000000000000e+03
-9.999000000000000000e+03
-9.999000000000000000e+03
-9.999000000000000000e+03
-9.999000000000000000e+03
-1.360992342233657837e-01
-1.762369573116302490e-01
-1.781367957592010498e-01
-1.608670353889465332e-01
-9.651727974414825439e-02
-8.034022152423858643e-02
-7.951599359512329102e-02
-8.199781179428100586e-02
-8.729393035173416138e-02
-8.691244572401046753e-02
-8.833609521389007568e-02
-9.773825109004974365e-02
-1.233238205313682556e-01
-1.383859217166900635e-01
-1.385811567306518555e-01
-1.427397131919860840e-01
-1.348865628242492676e-01
-1.299645304679870605e-01
-6.358096748590469360e-02
-5.795505270361900330e-02
-9.999000000000000000e+03
-9.999000000000000000e+03
-9.999000000000000000e+03
-9.999000000000000000e+03
-9.999000000000000000e+03
-9.999000000000000000e+03
-9.999000000000000000e+03
-9.999000000000000000e+03
-9.999000000000000000e+03
-9.999000000000000000e+03
-9.999000000000000000e+03
-9.999000000000000000e+03
-1.042056679725646973e-01
-1.681531071662902832e-01
-1.836308240890502930e-01
-1.195057854056358337e-01
-8.280555903911590576e-02
-5.475196614861488342e-02
-4.648477211594581604e-02
-5.627727508544921875e-02
-6.860905885696411133e-02
-9.085486829280853271e-02
-1.169216409325599670e-01
-1.370076835155487061e-01
-1.338503658771514893e-01
-1.306286305189132690e-01
-1.228464469313621521e-01
-7.746822386980056763e-02
-8.241295814514160156e-02
-9.999000000000000000e+03
-9.999000000000000000e+03
-9.999000000000000000e+03
-9.999000000000000000e+03
-9.999000000000000000e+03
-9.999000000000000000e+03
-9.999000000000000000e+03
-9.999000000000000000e+03
-9.999000000000000000e+03
-9.999000000000000000e+03
-9.999000000000000000e+03
-9.999000000000000000e+03
-9.999000000000000000e+03
-9.999000000000000000e+03
-9.999000000000000000e+03
-1.465009897947311401e-01
-1.885348707437515259e-01
-9.999000000000000000e+03
-5.036440119147300720e-02
-5.204289406538009644e-02
-4.284579306840896606e-02
-3.925257548689842224e-02
-5.314109101891517639e-02
-8.263994008302688599e-02
-1.174391061067581177e-01
-1.085482761263847351e-01
-1.009514480829238892e-01
-1.028441488742828369e-01
-8.485510945320129395e-02
-5.766619741916656494e-02
-9.999000000000000000e+03
-9.999000000000000000e+03
-9.999000000000000000e+03
-9.999000000000000000e+03
-9.999000000000000000e+03
-9.999000000000000000e+03
-9.999000000000000000e+03
-9.999000000000000000e+03
-9.999000000000000000e+03
-9.999000000000000000e+03
-9.999000000000000000e+03
-9.999000000000000000e+03
-9.999000000000000000e+03
-9.999000000000000000e+03
-9.999000000000000000e+03
-9.999000000000000000e+03
-1.184569075703620911e-01
-1.790340095758438110e-01
-9.999000000000000000e+03
-9.999000000000000000e+03
-5.118939280509948730e-02
-4.836502298712730408e-02
-4.151795804500579834e-02
-4.893226921558380127e-02
-6.746298819780349731e-02
-8.352738618850708008e-02
-7.179985195398330688e-02
-6.175934523344039917e-02
-6.821138411760330200e-02
-2.251898869872093201e-02
-9.999000000000000000e+03
-9.999000000000000000e+03
-9.999000000000000000e+03
-9.999000000000000000e+03
-9.999000000000000000e+03
-9.999000000000000000e+03
-9.999000000000000000e+03
-9.999000000000000000e+03
-9.999000000000000000e+03
-9.999000000000000000e+03
-9.999000000000000000e+03
-9.999000000000000000e+03
-9.999000000000000000e+03
-9.999000000000000000e+03
-9.999000000000000000e+03
-9.999000000000000000e+03
-9.999000000000000000e+03
-7.050546258687973022e-02
-1.402530372142791748e-01
-9.999000000000000000e+03
-9.999000000000000000e+03
-3.136943653225898743e-02
-4.644527658820152283e-02
-4.693345725536346436e-02
-4.357269778847694397e-02
-4.313052445650100708e-02
-2.009865455329418182e-02
-2.353447675704956055e-02
-1.827733777463436127e-02
-1.791255734860897064e-02
5.882221739739179611e-03
-9.999000000000000000e+03
-9.999000000000000000e+03
-9.999000000000000000e+03
-9.999000000000000000e+03
-9.999000000000000000e+03
-9.999000000000000000e+03
-9.999000000000000000e+03
-9.999000000000000000e+03
-9.999000000000000000e+03
-9.999000000000000000e+03
-9.999000000000000000e+03
-9.999000000000000000e+03
-9.999000000000000000e+03
-9.999000000000000000e+03
-9.999000000000000000e+03
-9.999000000000000000e+03
-9.999000000000000000e+03
-9.999000000000000000e+03
-9.999000000000000000e+03
-9.999000000000000000e+03
-9.999000000000000000e+03
-9.506371803581714630e-03
-2.152736298739910126e-02
-3.694232180714607239e-02
-3.876822814345359802e-02
-5.601639393717050552e-03
2.519786730408668518e-02
3.618314489722251892e-02
2.266893535852432251e-02
1.355412136763334274e-02
1.194969471544027328e-02
-9.999000000000000000e+03
-9.999000000000000000e+03
-9.999000000000000000e+03
-9.999000000000000000e+03
-9.999000000000000000e+03
-9.999000000000000000e+03
-9.999000000000000000e+03
-9.999000000000000000e+03
-9.999000000000000000e+03
-9.999000000000000000e+03
-9.999000000000000000e+03
-9.999000000000000000e+03
-9.999000000000000000e+03
-9.999000000000000000e+03
-9.999000000000000000e+03
-9.999000000000000000e+03
-9.999000000000000000e+03
-9.999000000000000000e+03
-9.999000000000000000e+03
-9.999000000000000000e+03
-9.999000000000000000e+03
-9.999000000000000000e+03
-1.821847073733806610e-02
-2.574983984231948853e-02
-3.073985688388347626e-02
7.206629216670989990e-02
5.469991639256477356e-02
4.527341946959495544e-02
5.679526925086975098e-02
4.770863056182861328e-02
-9.999000000000000000e+03
-9.999000000000000000e+03
-9.999000000000000000e+03
-9.999000000000000000e+03
-9.999000000000000000e+03
-9.999000000000000000e+03
-9.999000000000000000e+03
-9.999000000000000000e+03
-9.999000000000000000e+03
-9.999000000000000000e+03
-9.999000000000000000e+03
-9.999000000000000000e+03
-9.999000000000000000e+03
-9.999000000000000000e+03
-9.999000000000000000e+03
-9.999000000000000000e+03
-9.999000000000000000e+03
-9.999000000000000000e+03
-9.999000000000000000e+03
-9.999000000000000000e+03
-9.999000000000000000e+03
-9.999000000000000000e+03
-9.999000000000000000e+03
-1.375809311866760254e-02
-3.422598913311958313e-02
-1.439291797578334808e-02
1.046422589570283890e-02
1.729436032474040985e-02
-1.131415367126464844e-03
1.076273918151855469e-01
1.832467764616012573e-01
1.420129686594009399e-01
-9.999000000000000000e+03
-9.999000000000000000e+03
-9.999000000000000000e+03
-9.999000000000000000e+03
-9.999000000000000000e+03
-9.999000000000000000e+03
-9.999000000000000000e+03
-9.999000000000000000e+03
-9.999000000000000000e+03
-9.999000000000000000e+03
-9.999000000000000000e+03
-9.999000000000000000e+03
-9.999000000000000000e+03
-9.999000000000000000e+03
-9.999000000000000000e+03
-9.999000000000000000e+03
-9.999000000000000000e+03
-9.999000000000000000e+03
-9.999000000000000000e+03
-9.999000000000000000e+03
-9.999000000000000000e+03
-9.999000000000000000e+03
-9.999000000000000000e+03
-4.584470018744468689e-02
-3.321313858032226562e-02
-5.248700454831123352e-02
-4.510219022631645203e-02
-2.131060755345970392e-04
3.180965408682823181e-02
1.747868657112121582e-01
1.959709227085113525e-01
-9.999000000000000000e+03
-9.999000000000000000e+03
-9.999000000000000000e+03
-9.999000000000000000e+03
-9.999000000000000000e+03
-9.999000000000000000e+03
-9.999000000000000000e+03
-9.999000000000000000e+03
-9.999000000000000000e+03
-9.999000000000000000e+03
-9.999000000000000000e+03
-9.999000000000000000e+03
-9.999000000000000000e+03
-9.999000000000000000e+03
-9.999000000000000000e+03
-9.999000000000000000e+03
-9.999000000000000000e+03
-9.999000000000000000e+03
-9.999000000000000000e+03
-9.999000000000000000e+03
-9.999000000000000000e+03
-9.999000000000000000e+03
-9.999000000000000000e+03
-5.937405675649642944e-02
-9.958942979574203491e-02
-1.515283733606338501e-01
-1.132705509662628174e-01
-8.601967245340347290e-02
-7.113462686538696289e-02
-1.022407226264476776e-02
8.260323852300643921e-02
8.703993260860443115e-02
-9.999000000000000000e+03
-9.999000000000000000e+03
-9.999000000000000000e+03
-9.999000000000000000e+03
-9.999000000000000000e+03
-9.999000000000000000e+03
-9.999000000000000000e+03
-9.999000000000000000e+03
-9.999000000000000000e+03
-9.999000000000000000e+03
-9.999000000000000000e+03
-9.999000000000000000e+03
-9.999000000000000000e+03
-9.999000000000000000e+03
-9.999000000000000000e+03
-9.999000000000000000e+03
-9.999000000000000000e+03
-9.999000000000000000e+03
-9.999000000000000000e+03
-9.999000000000000000e+03
-9.999000000000000000e+03
-9.999000000000000000e+03
-1.694514229893684387e-02
-7.465706765651702881e-02
-9.441951662302017212e-02
-9.228452295064926147e-02
-7.385365664958953857e-02
-6.588084995746612549e-02
-6.973347812891006470e-02
-6.376472860574722290e-02
-5.000336468219757080e-02
8.383541367948055267e-03
3.078775480389595032e-02
2.903313562273979187e-02
2.337343618273735046e-02
-9.999000000000000000e+03
-9.999000000000000000e+03
-9.999000000000000000e+03
-9.999000000000000000e+03
-9.999000000000000000e+03
-9.999000000000000000e+03
-9.999000000000000000e+03
-9.999000000000000000e+03
-9.999000000000000000e+03
-9.999000000000000000e+03
-9.999000000000000000e+03
-9.999000000000000000e+03
-9.999000000000000000e+03
-9.999000000000000000e+03
-9.999000000000000000e+03
-9.999000000000000000e+03
-9.999000000000000000e+03
4.598963540047407150e-03
9.413945488631725311e-03
9.686970151960849762e-03
-1.176370587199926376e-02
-5.065322294831275940e-02
-6.758867949247360229e-02
-5.959640443325042725e-02
-5.704201757907867432e-02
-5.967211723327636719e-02
-2.692984044551849365e-02
-2.466850914061069489e-03
2.358321659266948700e-02
2.054351940751075745e-02
2.442278154194355011e-02
-9.999000000000000000e+03
-9.999000000000000000e+03
-9.999000000000000000e+03
-9.999000000000000000e+03
-9.999000000000000000e+03
-9.999000000000000000e+03
-9.999000000000000000e+03
-9.999000000000000000e+03
-9.999000000000000000e+03
-9.999000000000000000e+03
-9.999000000000000000e+03
-9.999000000000000000e+03
-9.999000000000000000e+03
-9.999000000000000000e+03
-9.999000000000000000e+03
2.651280723512172699e-02
6.955773569643497467e-03
9.089902043342590332e-03
-2.031649230048060417e-03
3.221258753910660744e-03
1.741951680742204189e-03
-3.808479057624936104e-03
-3.136923909187316895e-02
-4.682896658778190613e-02
-3.569903224706649780e-02
-7.642912212759256363e-03
2.760575897991657257e-02
3.897924721240997314e-02
2.907456271350383759e-02
-9.999000000000000000e+03
-9.999000000000000000e+03
-9.999000000000000000e+03
-9.999000000000000000e+03
-9.999000000000000000e+03
-9.999000000000000000e+03
-9.999000000000000000e+03
-9.999000000000000000e+03
-9.999000000000000000e+03
-9.999000000000000000e+03
-9.999000000000000000e+03
-9.999000000000000000e+03
-9.999000000000000000e+03
-9.999000000000000000e+03
-9.999000000000000000e+03
-9.999000000000000000e+03
3.071932680904865265e-02
4.904861375689506531e-02
2.052153460681438446e-02
4.178777453489601612e-04
-2.668942511081695557e-02
-2.400339208543300629e-02
5.765763926319777966e-04
1.697377674281597137e-02
7.640960160642862320e-03
-1.077325269579887390e-02
-3.527815267443656921e-02
-3.623841330409049988e-02
-4.877351224422454834e-02
-2.704890444874763489e-02
-9.999000000000000000e+03
-9.999000000000000000e+03
-9.999000000000000000e+03
-9.999000000000000000e+03
-9.999000000000000000e+03
-9.999000000000000000e+03
-9.999000000000000000e+03
-9.999000000000000000e+03
-9.999000000000000000e+03
-9.999000000000000000e+03
-9.999000000000000000e+03
-9.999000000000000000e+03
-9.999000000000000000e+03
-9.999000000000000000e+03
-9.999000000000000000e+03
-9.999000000000000000e+03
-9.999000000000000000e+03
-5.751042161136865616e-03
-1.266898307949304581e-02
-4.399782046675682068e-02
-6.485065817832946777e-02
-6.573174148797988892e-02
-3.954581171274185181e-02
-9.123991243541240692e-03
1.435287762433290482e-02
2.525974065065383911e-02
2.770286239683628082e-02
3.729774849489331245e-03
-3.232242912054061890e-02
-3.742091357707977295e-02
-5.026955902576446533e-02
-9.999000000000000000e+03
-9.999000000000000000e+03
-9.999000000000000000e+03
-9.999000000000000000e+03
-9.999000000000000000e+03
-9.999000000000000000e+03
-9.999000000000000000e+03
-9.999000000000000000e+03
-9.999000000000000000e+03
-9.999000000000000000e+03
-9.999000000000000000e+03
-9.999000000000000000e+03
-9.999000000000000000e+03
-9.999000000000000000e+03
-9.999000000000000000e+03
-9.999000000000000000e+03
-9.999000000000000000e+03
-6.124400347471237183e-02
-8.519005775451660156e-02
-9.326386451721191406e-02
-9.209953248500823975e-02
-7.394003123044967651e-02
-2.445686608552932739e-02
5.773640703409910202e-03
2.527894265949726105e-02
3.467526659369468689e-02
3.211633116006851196e-02
1.467670593410730362e-02
-1.908467267639935017e-03
7.752816192805767059e-03
-9.999000000000000000e+03
-9.999000000000000000e+03
-9.999000000000000000e+03
-9.999000000000000000e+03
-9.999000000000000000e+03
-9.999000000000000000e+03
-9.999000000000000000e+03
-9.999000000000000000e+03
-9.999000000000000000e+03
-9.999000000000000000e+03
-9.999000000000000000e+03
-9.999000000000000000e+03
-9.999000000000000000e+03
-9.999000000000000000e+03
-9.999000000000000000e+03
-9.999000000000000000e+03
-9.999000000000000000e+03
-9.999000000000000000e+03
-5.913274362683296204e-02
-7.065736502408981323e-02
-5.544908344745635986e-02
-4.496959596872329712e-02
-7.904018275439739227e-04
2.510371245443820953e-02
3.920602053403854370e-02
6.272107362747192383e-02
5.425475165247917175e-02
7.537619769573211670e-02
3.948721289634704590e-02
1.080867834389209747e-02
-9.999000000000000000e+03
-9.999000000000000000e+03
-9.999000000000000000e+03
-9.999000000000000000e+03
-9.999000000000000000e+03
-9.999000000000000000e+03
-9.999000000000000000e+03
-9.999000000000000000e+03
-9.999000000000000000e+03
-9.999000000000000000e+03
-9.999000000000000000e+03
-9.999000000000000000e+03
-9.999000000000000000e+03
-9.999000000000000000e+03
-9.999000000000000000e+03
-9.999000000000000000e+03
-9.999000000000000000e+03
-9.999000000000000000e+03
-9.999000000000000000e+03
-3.425051644444465637e-02
-2.391614764928817749e-02
-4.212416242808103561e-03
2.071071416139602661e-02
9.633077681064605713e-02
9.722258895635604858e-02
9.272500127553939819e-02
6.974022090435028076e-02
6.282605230808258057e-02
4.555642232298851013e-02
-9.999000000000000000e+03
-9.999000000000000000e+03
-9.999000000000000000e+03
-9.999000000000000000e+03
-9.999000000000000000e+03
-9.999000000000000000e+03
-9.999000000000000000e+03
-9.999000000000000000e+03
-9.999000000000000000e+03
-9.999000000000000000e+03
-9.999000000000000000e+03
-9.999000000000000000e+03
-9.999000000000000000e+03
-9.999000000000000000e+03
-9.999000000000000000e+03
-9.999000000000000000e+03
-9.999000000000000000e+03
-9.999000000000000000e+03
-9.999000000000000000e+03
-9.999000000000000000e+03
-9.999000000000000000e+03
-1.093527209013700485e-02
3.268422931432723999e-02
7.472046464681625366e-02
1.025530323386192322e-01
1.207530498504638672e-01
1.020121797919273376e-01
-9.999000000000000000e+03
-9.999000000000000000e+03
-9.999000000000000000e+03
-9.999000000000000000e+03
-9.999000000000000000e+03
-9.999000000000000000e+03
-9.999000000000000000e+03
-9.999000000000000000e+03
-9.999000000000000000e+03
-9.999000000000000000e+03
-9.999000000000000000e+03
-9.999000000000000000e+03
-9.999000000000000000e+03
-9.999000000000000000e+03
-9.999000000000000000e+03
-9.999000000000000000e+03
-9.999000000000000000e+03
-9.999000000000000000e+03
-9.999000000000000000e+03
-9.999000000000000000e+03
-9.999000000000000000e+03
-9.999000000000000000e+03
-9.999000000000000000e+03
-9.999000000000000000e+03
-9.999000000000000000e+03
8.789845742285251617e-04
2.440768852829933167e-02
8.837989717721939087e-02
-9.999000000000000000e+03
-9.999000000000000000e+03
-9.999000000000000000e+03
-9.999000000000000000e+03
-9.999000000000000000e+03
-9.999000000000000000e+03
-9.999000000000000000e+03
-9.999000000000000000e+03
-9.999000000000000000e+03
-9.999000000000000000e+03
-9.999000000000000000e+03
-9.999000000000000000e+03
-9.999000000000000000e+03
-9.999000000000000000e+03
-9.999000000000000000e+03
-9.999000000000000000e+03
-9.999000000000000000e+03
-9.999000000000000000e+03
-9.999000000000000000e+03
-9.999000000000000000e+03
-9.999000000000000000e+03
-9.999000000000000000e+03
-9.999000000000000000e+03
-9.999000000000000000e+03
-9.999000000000000000e+03
-9.999000000000000000e+03
-9.999000000000000000e+03
-9.999000000000000000e+03
