1.114844456315040588e-01
1.265580952167510986e-01
1.163934767246246338e-01
8.869922161102294922e-02
8.829960227012634277e-02
6.440418213605880737e-02
5.327914655208587646e-02
4.534753784537315369e-02
2.568387053906917572e-02
1.417926978319883347e-02
-3.158215433359146118e-02
-9.999000000000000000e+03
-9.999000000000000000e+03
-9.999000000000000000e+03
-9.999000000000000000e+03
-9.999000000000000000e+03
-9.999000000000000000e+03
-9.999000000000000000e+03
-9.999000000000000000e+03
-9.999000000000000000e+03
-9.999000000000000000e+03
-9.999000000000000000e+03
-9.999000000000000000e+03
-3.949461132287979126e-02
-6.666791439056396484e-02
-2.317729406058788300e-02
1.001979503780603409e-02
4.917499423027038574e-02
7.648072391748428345e-02
9.896767884492874146e-02
9.441798925399780273e-02
3.092282079160213470e-02
4.682356864213943481e-02
4.142122715711593628e-02
2.143566682934761047e-02
1.647069118916988373e-02
-1.354291918687522411e-03
-6.073790602385997772e-03
-3.586242906749248505e-03
-1.014028862118721008e-02
-5.134930834174156189e-03
-8.419492281973361969e-03
-3.796242875978350639e-03
-9.999000000000000000e+03
-9.999000000000000000e+03
-9.999000000000000000e+03
-9.999000000000000000e+03
-9.999000000000000000e+03
-9.999000000000000000e+03
-9.999000000000000000e+03
-9.999000000000000000e+03
-9.999000000000000000e+03
3.870750078931450844e-03
9.855864569544792175e-03
-8.850990794599056244e-03
-6.310942117124795914e-03
1.229524891823530197e-02
4.178831726312637329e-02
6.227945908904075623e-02
7.557479292154312134e-02
7.927289605140686035e-02
8.641027659177780151e-02
-4.592087864875793457e-02
-3.526880219578742981e-02
-4.656241461634635925e-02
-6.983669847249984741e-02
-5.622500181198120117e-02
-6.085132807493209839e-02
-5.178907141089439392e-02
-3.601144254207611084e-02
-3.861553221940994263e-02
-3.095840476453304291e-02
-2.525622211396694183e-02
-1.041699945926666260e-02
-9.999000000000000000e+03
-9.999000000000000000e+03
-9.999000000000000000e+03
-9.999000000000000000e+03
-9.999000000000000000e+03
-9.999000000000000000e+03
-9.999000000000000000e+03
4.082129150629043579e-02
4.192226752638816833e-02
5.508380010724067688e-02
6.183419004082679749e-02
4.442020505666732788e-02
3.625679761171340942e-02
5.332127213478088379e-02
6.365133076906204224e-02
7.499118149280548096e-02
9.265305846929550171e-02
1.093278005719184875e-01
1.395302414894104004e-01
-1.242750138044357300e-01
-1.196999624371528625e-01
-1.273100525140762329e-01
-1.429243385791778564e-01
-1.291919648647308350e-01
-1.246176660060882568e-01
-1.107049286365509033e-01
-8.459910750389099121e-02
-7.563108950853347778e-02
-5.351822450757026672e-02
-4.422954842448234558e-02
-1.230285782366991043e-02
-1.239019259810447693e-02
-9.999000000000000000e+03
-9.999000000000000000e+03
-9.999000000000000000e+03
1.640374027192592621e-02
2.754106186330318451e-02
4.282603040337562561e-02
2.858634665608406067e-02
2.231207676231861115e-02
2.541349269449710846e-02
1.401617750525474548e-02
3.902091458439826965e-02
5.305982008576393127e-02
5.292294174432754517e-02
9.306432306766510010e-02
1.142912507057189941e-01
1.243345290422439575e-01
1.400769650936126709e-01
1.544556468725204468e-01
-1.890823543071746826e-01
-1.953434497117996216e-01
-2.026884257793426514e-01
-2.065722197294235229e-01
-1.892330795526504517e-01
-1.757756769657135010e-01
-1.515612453222274780e-01
-1.182094365358352661e-01
-9.857261180877685547e-02
-7.212141901254653931e-02
-4.220186918973922729e-02
-2.375352755188941956e-02
-2.123830281198024750e-02
-3.467023745179176331e-02
-1.482532825320959091e-02
2.310362877324223518e-03
-3.251913934946060181e-03
-2.155084349215030670e-02
-2.441466785967350006e-02
-5.898112431168556213e-02
-5.922115221619606018e-02
-6.994020193815231323e-02
-7.856457680463790894e-02
-4.904573783278465271e-02
-2.921646460890769958e-02
-2.867641451302915812e-04
4.223351180553436279e-02
7.493891566991806030e-02
1.033626124262809753e-01
1.254895329475402832e-01
1.351653337478637695e-01
-2.139302492141723633e-01
-2.285606861114501953e-01
-2.450190484523773193e-01
-2.432055622339248657e-01
-2.254987508058547974e-01
-2.055411487817764282e-01
-1.760972440242767334e-01
-1.379831284284591675e-01
-1.142109408974647522e-01
-7.926443219184875488e-02
-3.593024984002113342e-02
-3.380707232281565666e-03
-1.121366769075393677e-02
-1.587810553610324860e-02
-2.403032779693603516e-02
-2.701994031667709351e-02
-5.869359523057937622e-02
-1.119300574064254761e-01
-1.363383382558822632e-01
-1.751749515533447266e-01
-1.849191784858703613e-01
-1.730938553810119629e-01
-1.823237985372543335e-01
-1.353750079870223999e-01
-1.062807738780975342e-01
-8.042329549789428711e-02
-1.149348635226488113e-02
1.863364502787590027e-02
5.399214103817939758e-02
9.050000458955764771e-02
1.001716852188110352e-01
-2.187686860561370850e-01
-2.308726012706756592e-01
-2.420519590377807617e-01
-2.368129789829254150e-01
-2.311868518590927124e-01
-2.173663079738616943e-01
-1.832914054393768311e-01
-1.402431279420852661e-01
-1.044668629765510559e-01
-7.741080969572067261e-02
-4.263732209801673889e-02
-2.113816887140274048e-02
-1.039449963718652725e-02
-1.891894266009330750e-02
-7.086849957704544067e-02
-1.046923100948333740e-01
-1.544949710369110107e-01
-1.945549398660659790e-01
-2.072652578353881836e-01
-2.398467361927032471e-01
-2.588882446289062500e-01
-2.751159071922302246e-01
-2.819033861160278320e-01
-2.536695897579193115e-01
-2.263507246971130371e-01
-1.974315196275711060e-01
-1.195169985294342041e-01
-8.440887928009033203e-02
-3.858271613717079163e-02
2.286308631300926208e-02
4.432717338204383850e-02
-1.819691359996795654e-01
-2.079837918281555176e-01
-2.196888476610183716e-01
-2.046276926994323730e-01
-1.948065161705017090e-01
-1.756102144718170166e-01
-1.520405858755111694e-01
-1.295578777790069580e-01
-9.742337465286254883e-02
-8.231113106012344360e-02
-6.686142832040786743e-02
-6.395321339368820190e-02
-6.670785695314407349e-02
-8.819229155778884888e-02
-1.336080580949783325e-01
-1.654760092496871948e-01
-2.206771969795227051e-01
-2.357315123081207275e-01
-2.457803785800933838e-01
-2.484973520040512085e-01
-2.453218549489974976e-01
-2.668547332286834717e-01
-2.574807405471801758e-01
-2.763325870037078857e-01
-3.134717643260955811e-01
-3.039992153644561768e-01
-2.214157730340957642e-01
-1.712867021560668945e-01
-1.255844384431838989e-01
-6.579695641994476318e-02
-4.154860228300094604e-02
-1.433073133230209351e-01
-1.638076752424240112e-01
-1.795769780874252319e-01
-1.667930185794830322e-01
-1.614149510860443115e-01
-1.415686607360839844e-01
-1.240074187517166138e-01
-1.079224795103073120e-01
-8.983854204416275024e-02
-8.770605176687240601e-02
-9.150779247283935547e-02
-1.014810204505920410e-01
-1.287780404090881348e-01
-1.684236526489257812e-01
-2.044971436262130737e-01
-2.117954492568969727e-01
-2.232675701379776001e-01
-2.118926793336868286e-01
-2.094574272632598877e-01
-1.711893826723098755e-01
-1.233033090829849243e-01
-1.297474503517150879e-01
-1.080861613154411316e-01
-1.584354043006896973e-01
-1.437600106000900269e-01
-2.513371706008911133e-01
-2.382656037807464600e-01
-2.142288386821746826e-01
-1.700172722339630127e-01
-1.261992454528808594e-01
-1.045640110969543457e-01
-1.221350058913230896e-01
-1.277864724397659302e-01
-1.421713083982467651e-01
-1.376246660947799683e-01
-1.286910623311996460e-01
-1.139658540487289429e-01
-9.515041112899780273e-02
-9.205889701843261719e-02
-8.252994716167449951e-02
-1.053811758756637573e-01
-1.326846629381179810e-01
-1.692599654197692871e-01
-1.947347074747085571e-01
-2.137147337198257446e-01
-2.239123582839965820e-01
-2.145752608776092529e-01
-1.985100060701370239e-01
-1.321495622396469116e-01
-1.279068142175674438e-01
-6.772197037935256958e-02
-4.201899841427803040e-02
-9.999000000000000000e+03
-9.999000000000000000e+03
-9.999000000000000000e+03
-9.999000000000000000e+03
-9.999000000000000000e+03
-9.999000000000000000e+03
-2.507691085338592529e-01
-2.093125432729721069e-01
-1.630641222000122070e-01
-1.428261995315551758e-01
-9.301484376192092896e-02
-8.736646175384521484e-02
-1.012196242809295654e-01
-1.013478189706802368e-01
-1.069579347968101501e-01
-8.869124948978424072e-02
-7.526816427707672119e-02
-7.912497967481613159e-02
-1.039297133684158325e-01
-1.442045420408248901e-01
-1.688353717327117920e-01
-2.139165103435516357e-01
-2.225267440080642700e-01
-2.203678190708160400e-01
-1.958288848400115967e-01
-1.623898595571517944e-01
-1.313809901475906372e-01
-9.999000000000000000e+03
-9.999000000000000000e+03
-9.999000000000000000e+03
-9.999000000000000000e+03
-9.999000000000000000e+03
-9.999000000000000000e+03
-9.999000000000000000e+03
-9.999000000000000000e+03
-9.999000000000000000e+03
-9.999000000000000000e+03
-1.261150985956192017e-01
-1.756774336099624634e-01
-2.023483961820602417e-01
-1.950943320989608765e-01
-9.579677879810333252e-02
-8.399370312690734863e-02
-8.055991679430007935e-02
-8.176507800817489624e-02
-8.788393437862396240e-02
-9.270156919956207275e-02
-9.361066669225692749e-02
-1.020144373178482056e-01
-1.584609448909759521e-01
-1.869186460971832275e-01
-1.958907246589660645e-01
-2.035542726516723633e-01
-1.985448300838470459e-01
-1.940644830465316772e-01
-1.009091883897781372e-01
-1.001665145158767700e-01
-9.999000000000000000e+03
-9.999000000000000000e+03
-9.999000000000000000e+03
-9.999000000000000000e+03
-9.999000000000000000e+03
-9.999000000000000000e+03
-9.999000000000000000e+03
-9.999000000000000000e+03
-9.999000000000000000e+03
-9.999000000000000000e+03
-9.999000000000000000e+03
-9.999000000000000000e+03
-1.006149426102638245e-01
-1.936441063880920410e-01
-2.231233566999435425e-01
-1.421606838703155518e-01
-1.196555495262145996e-01
-8.994419127702713013e-02
-7.510224729776382446e-02
-7.473564893007278442e-02
-8.976083993911743164e-02
-1.032045111060142517e-01
-1.301113367080688477e-01
-1.664923131465911865e-01
-1.751083433628082275e-01
-1.774296313524246216e-01
-1.728755682706832886e-01
-1.177235767245292664e-01
-1.272912472486495972e-01
-9.999000000000000000e+03
-9.999000000000000000e+03
-9.999000000000000000e+03
-9.999000000000000000e+03
-9.999000000000000000e+03
-9.999000000000000000e+03
-9.999000000000000000e+03
-9.999000000000000000e+03
-9.999000000000000000e+03
-9.999000000000000000e+03
-9.999000000000000000e+03
-9.999000000000000000e+03
-9.999000000000000000e+03
-9.999000000000000000e+03
-9.999000000000000000e+03
-1.608625948429107666e-01
-2.222806662321090698e-01
-9.999000000000000000e+03
-8.321310579776763916e-02
-8.686069399118423462e-02
-6.695459038019180298e-02
-5.959407240152359009e-02
-7.094493508338928223e-02
-9.037126600742340088e-02
-1.328066736459732056e-01
-1.435102075338363647e-01
-1.376591324806213379e-01
-1.392534077167510986e-01
-1.175750121474266052e-01
-8.852939307689666748e-02
-9.999000000000000000e+03
-9.999000000000000000e+03
-9.999000000000000000e+03
-9.999000000000000000e+03
-9.999000000000000000e+03
-9.999000000000000000e+03
-9.999000000000000000e+03
-9.999000000000000000e+03
-9.999000000000000000e+03
-9.999000000000000000e+03
-9.999000000000000000e+03
-9.999000000000000000e+03
-9.999000000000000000e+03
-9.999000000000000000e+03
-9.999000000000000000e+03
-9.999000000000000000e+03
-1.322744637727737427e-01
-2.041417509317398071e-01
-9.999000000000000000e+03
-9.999000000000000000e+03
-7.758373022079467773e-02
-5.681758373975753784e-02
-4.910146817564964294e-02
-5.993442237377166748e-02
-8.602789789438247681e-02
-1.087851077318191528e-01
-1.059874594211578369e-01
-1.023845523595809937e-01
-1.034071072936058044e-01
-4.668095707893371582e-02
-9.999000000000000000e+03
-9.999000000000000000e+03
-9.999000000000000000e+03
-9.999000000000000000e+03
-9.999000000000000000e+03
-9.999000000000000000e+03
-9.999000000000000000e+03
-9.999000000000000000e+03
-9.999000000000000000e+03
-9.999000000000000000e+03
-9.999000000000000000e+03
-9.999000000000000000e+03
-9.999000000000000000e+03
-9.999000000000000000e+03
-9.999000000000000000e+03
-9.999000000000000000e+03
-9.999000000000000000e+03
-7.892606407403945923e-02
-1.495197415351867676e-01
-9.999000000000000000e+03
-9.999000000000000000e+03
-4.962651059031486511e-02
-5.092829093337059021e-02
-4.182684421539306641e-02
-4.610939696431159973e-02
-6.548072397708892822e-02
-6.306770443916320801e-02
-7.130113244056701660e-02
-7.120490819215774536e-02
-6.697658449411392212e-02
-3.743098303675651550e-02
-9.999000000000000000e+03
-9.999000000000000000e+03
-9.999000000000000000e+03
-9.999000000000000000e+03
-9.999000000000000000e+03
-9.999000000000000000e+03
-9.999000000000000000e+03
-9.999000000000000000e+03
-9.999000000000000000e+03
-9.999000000000000000e+03
-9.999000000000000000e+03
-9.999000000000000000e+03
-9.999000000000000000e+03
-9.999000000000000000e+03
-9.999000000000000000e+03
-9.999000000000000000e+03
-9.999000000000000000e+03
-9.999000000000000000e+03
-9.999000000000000000e+03
-9.999000000000000000e+03
-9.999000000000000000e+03
-3.195375576615333557e-02
-3.602228313684463501e-02
-2.741307392716407776e-02
-3.397763520479202271e-02
-2.448448538780212402e-02
-2.262962050735950470e-02
-2.472262457013130188e-02
-3.466149792075157166e-02
-4.373013600707054138e-02
-3.912068903446197510e-02
-9.999000000000000000e+03
-9.999000000000000000e+03
-9.999000000000000000e+03
-9.999000000000000000e+03
-9.999000000000000000e+03
-9.999000000000000000e+03
-9.999000000000000000e+03
-9.999000000000000000e+03
-9.999000000000000000e+03
-9.999000000000000000e+03
-9.999000000000000000e+03
-9.999000000000000000e+03
-9.999000000000000000e+03
-9.999000000000000000e+03
-9.999000000000000000e+03
-9.999000000000000000e+03
-9.999000000000000000e+03
-9.999000000000000000e+03
-9.999000000000000000e+03
-9.999000000000000000e+03
-9.999000000000000000e+03
-9.999000000000000000e+03
-2.733683958649635315e-02
-3.310203924775123596e-02
-3.621965274214744568e-02
3.075237385928630829e-02
1.934022828936576843e-02
5.418382119387388229e-03
1.491183601319789886e-02
-1.090555731207132339e-02
-9.999000000000000000e+03
-9.999000000000000000e+03
-9.999000000000000000e+03
-9.999000000000000000e+03
-9.999000000000000000e+03
-9.999000000000000000e+03
-9.999000000000000000e+03
-9.999000000000000000e+03
-9.999000000000000000e+03
-9.999000000000000000e+03
-9.999000000000000000e+03
-9.999000000000000000e+03
-9.999000000000000000e+03
-9.999000000000000000e+03
-9.999000000000000000e+03
-9.999000000000000000e+03
-9.999000000000000000e+03
-9.999000000000000000e+03
-9.999000000000000000e+03
-9.999000000000000000e+03
-9.999000000000000000e+03
-9.999000000000000000e+03
-9.999000000000000000e+03
-3.933949768543243408e-02
-5.906112119555473328e-02
-3.149926662445068359e-02
-2.552190329879522324e-03
1.091708801686763763e-02
-3.304152050986886024e-03
8.658004552125930786e-02
1.463562101125717163e-01
1.052095517516136169e-01
-9.999000000000000000e+03
-9.999000000000000000e+03
-9.999000000000000000e+03
-9.999000000000000000e+03
-9.999000000000000000e+03
-9.999000000000000000e+03
-9.999000000000000000e+03
-9.999000000000000000e+03
-9.999000000000000000e+03
-9.999000000000000000e+03
-9.999000000000000000e+03
-9.999000000000000000e+03
-9.999000000000000000e+03
-9.999000000000000000e+03
-9.999000000000000000e+03
-9.999000000000000000e+03
-9.999000000000000000e+03
-9.999000000000000000e+03
-9.999000000000000000e+03
-9.999000000000000000e+03
-9.999000000000000000e+03
-9.999000000000000000e+03
-9.999000000000000000e+03
-8.097625523805618286e-02
-5.498691275715827942e-02
-6.785406917333602905e-02
-6.090180948376655579e-02
-2.731688506901264191e-02
-8.737122640013694763e-03
1.454661339521408081e-01
1.833058595657348633e-01
-9.999000000000000000e+03
-9.999000000000000000e+03
-9.999000000000000000e+03
-9.999000000000000000e+03
-9.999000000000000000e+03
-9.999000000000000000e+03
-9.999000000000000000e+03
-9.999000000000000000e+03
-9.999000000000000000e+03
-9.999000000000000000e+03
-9.999000000000000000e+03
-9.999000000000000000e+03
-9.999000000000000000e+03
-9.999000000000000000e+03
-9.999000000000000000e+03
-9.999000000000000000e+03
-9.999000000000000000e+03
-9.999000000000000000e+03
-9.999000000000000000e+03
-9.999000000000000000e+03
-9.999000000000000000e+03
-9.999000000000000000e+03
-9.999000000000000000e+03
-9.549717605113983154e-02
-1.404681354761123657e-01
-1.856124401092529297e-01
-1.623401939868927002e-01
-1.437422782182693481e-01
-1.148013100028038025e-01
-3.795189037919044495e-02
7.015233486890792847e-02
7.731442898511886597e-02
-9.999000000000000000e+03
-9.999000000000000000e+03
-9.999000000000000000e+03
-9.999000000000000000e+03
-9.999000000000000000e+03
-9.999000000000000000e+03
-9.999000000000000000e+03
-9.999000000000000000e+03
-9.999000000000000000e+03
-9.999000000000000000e+03
-9.999000000000000000e+03
-9.999000000000000000e+03
-9.999000000000000000e+03
-9.999000000000000000e+03
-9.999000000000000000e+03
-9.999000000000000000e+03
-9.999000000000000000e+03
-9.999000000000000000e+03
-9.999000000000000000e+03
-9.999000000000000000e+03
-9.999000000000000000e+03
-9.999000000000000000e+03
-4.048908874392509460e-02
-1.145240142941474915e-01
-1.351613402366638184e-01
-1.405997425317764282e-01
-1.255598962306976318e-01
-1.083638370037078857e-01
-1.002606451511383057e-01
-8.103598654270172119e-02
-5.272326990962028503e-02
-9.256991557776927948e-03
-7.283811457455158234e-03
-1.991801336407661438e-02
-2.542761620134115219e-03
-9.999000000000000000e+03
-9.999000000000000000e+03
-9.999000000000000000e+03
-9.999000000000000000e+03
-9.999000000000000000e+03
-9.999000000000000000e+03
-9.999000000000000000e+03
-9.999000000000000000e+03
-9.999000000000000000e+03
-9.999000000000000000e+03
-9.999000000000000000e+03
-9.999000000000000000e+03
-9.999000000000000000e+03
-9.999000000000000000e+03
-9.999000000000000000e+03
-9.999000000000000000e+03
-9.999000000000000000e+03
-1.684620603919029236e-02
-2.136683091521263123e-02
-3.275819495320320129e-02
-4.199259728193283081e-02
-9.142898023128509521e-02
-1.113508865237236023e-01
-9.784480184316635132e-02
-8.851552009582519531e-02
-8.141642808914184570e-02
-3.522771596908569336e-02
3.216906916350126266e-03
7.847912609577178955e-03
5.109286401420831680e-03
-5.639240145683288574e-03
-9.999000000000000000e+03
-9.999000000000000000e+03
-9.999000000000000000e+03
-9.999000000000000000e+03
-9.999000000000000000e+03
-9.999000000000000000e+03
-9.999000000000000000e+03
-9.999000000000000000e+03
-9.999000000000000000e+03
-9.999000000000000000e+03
-9.999000000000000000e+03
-9.999000000000000000e+03
-9.999000000000000000e+03
-9.999000000000000000e+03
-9.999000000000000000e+03
1.256274711340665817e-02
-7.236300734803080559e-05
-2.822978235781192780e-02
-5.016127228736877441e-02
-4.232265800237655640e-02
-3.846900537610054016e-02
-4.433707892894744873e-02
-7.509668171405792236e-02
-7.929661870002746582e-02
-6.888095289468765259e-02
-4.716679453849792480e-02
-1.140378601849079132e-02
2.316753938794136047e-02
2.355339378118515015e-02
-9.999000000000000000e+03
-9.999000000000000000e+03
-9.999000000000000000e+03
-9.999000000000000000e+03
-9.999000000000000000e+03
-9.999000000000000000e+03
-9.999000000000000000e+03
-9.999000000000000000e+03
-9.999000000000000000e+03
-9.999000000000000000e+03
-9.999000000000000000e+03
-9.999000000000000000e+03
-9.999000000000000000e+03
-9.999000000000000000e+03
-9.999000000000000000e+03
-9.999000000000000000e+03
6.638198392465710640e-04
1.191939041018486023e-02
5.551925394684076309e-03
-1.783339492976665497e-02
-5.565210804343223572e-02
-6.036716699600219727e-02
-3.244978561997413635e-02
-1.376036554574966431e-02
-2.319811284542083740e-02
-2.986086346209049225e-02
-5.556691065430641174e-02
-8.094253391027450562e-02
-9.508436173200607300e-02
-5.622074380517005920e-02
-9.999000000000000000e+03
-9.999000000000000000e+03
-9.999000000000000000e+03
-9.999000000000000000e+03
-9.999000000000000000e+03
-9.999000000000000000e+03
-9.999000000000000000e+03
-9.999000000000000000e+03
-9.999000000000000000e+03
-9.999000000000000000e+03
-9.999000000000000000e+03
-9.999000000000000000e+03
-9.999000000000000000e+03
-9.999000000000000000e+03
-9.999000000000000000e+03
-9.999000000000000000e+03
-9.999000000000000000e+03
-2.988761477172374725e-02
-4.728787764906883240e-02
-5.916463211178779602e-02
-6.718515604734420776e-02
-7.159817218780517578e-02
-5.579840764403343201e-02
-2.823925949633121490e-02
-6.800833158195018768e-03
7.257979596033692360e-04
6.347919348627328873e-03
-1.119564846158027649e-02
-5.160081014037132263e-02
-5.849828198552131653e-02
-7.326463609933853149e-02
-9.999000000000000000e+03
-9.999000000000000000e+03
-9.999000000000000000e+03
-9.999000000000000000e+03
-9.999000000000000000e+03
-9.999000000000000000e+03
-9.999000000000000000e+03
-9.999000000000000000e+03
-9.999000000000000000e+03
-9.999000000000000000e+03
-9.999000000000000000e+03
-9.999000000000000000e+03
-9.999000000000000000e+03
-9.999000000000000000e+03
-9.999000000000000000e+03
-9.999000000000000000e+03
-9.999000000000000000e+03
-7.105077058076858521e-02
-9.377033263444900513e-02
-9.449612349271774292e-02
-8.012193441390991211e-02
-6.211385130882263184e-02
-2.954446710646152496e-02
-7.499489467591047287e-03
1.915815519168972969e-03
7.867828011512756348e-03
5.676284898072481155e-03
-7.001402787864208221e-03
-1.140463259071111679e-02
-8.414565585553646088e-03
-9.999000000000000000e+03
-9.999000000000000000e+03
-9.999000000000000000e+03
-9.999000000000000000e+03
-9.999000000000000000e+03
-9.999000000000000000e+03
-9.999000000000000000e+03
-9.999000000000000000e+03
-9.999000000000000000e+03
-9.999000000000000000e+03
-9.999000000000000000e+03
-9.999000000000000000e+03
-9.999000000000000000e+03
-9.999000000000000000e+03
-9.999000000000000000e+03
-9.999000000000000000e+03
-9.999000000000000000e+03
-9.999000000000000000e+03
-7.947570085525512695e-02
-8.986460417509078979e-02
-6.078719347715377808e-02
-3.769448399543762207e-02
-1.363337039947509766e-03
1.266429107636213303e-02
1.443684939295053482e-02
2.925495617091655731e-02
2.405061200261116028e-02
4.824169725179672241e-02
1.846924610435962677e-02
-9.366380982100963593e-03
-9.999000000000000000e+03
-9.999000000000000000e+03
-9.999000000000000000e+03
-9.999000000000000000e+03
-9.999000000000000000e+03
-9.999000000000000000e+03
-9.999000000000000000e+03
-9.999000000000000000e+03
-9.999000000000000000e+03
-9.999000000000000000e+03
-9.999000000000000000e+03
-9.999000000000000000e+03
-9.999000000000000000e+03
-9.999000000000000000e+03
-9.999000000000000000e+03
-9.999000000000000000e+03
-9.999000000000000000e+03
-9.999000000000000000e+03
-9.999000000000000000e+03
-6.946331262588500977e-02
-5.264174193143844604e-02
-2.286566048860549927e-02
1.465629506856203079e-02
8.917367458343505859e-02
8.730737119913101196e-02
7.589153200387954712e-02
4.975340887904167175e-02
3.511705994606018066e-02
2.662177383899688721e-02
-9.999000000000000000e+03
-9.999000000000000000e+03
-9.999000000000000000e+03
-9.999000000000000000e+03
-9.999000000000000000e+03
-9.999000000000000000e+03
-9.999000000000000000e+03
-9.999000000000000000e+03
-9.999000000000000000e+03
-9.999000000000000000e+03
-9.999000000000000000e+03
-9.999000000000000000e+03
-9.999000000000000000e+03
-9.999000000000000000e+03
-9.999000000000000000e+03
-9.999000000000000000e+03
-9.999000000000000000e+03
-9.999000000000000000e+03
-9.999000000000000000e+03
-9.999000000000000000e+03
-9.999000000000000000e+03
-4.210168123245239258e-02
7.623015902936458588e-03
6.211772561073303223e-02
1.032941117882728577e-01
1.300004124641418457e-01
1.063214093446731567e-01
-9.999000000000000000e+03
-9.999000000000000000e+03
-9.999000000000000000e+03
-9.999000000000000000e+03
-9.999000000000000000e+03
-9.999000000000000000e+03
-9.999000000000000000e+03
-9.999000000000000000e+03
-9.999000000000000000e+03
-9.999000000000000000e+03
-9.999000000000000000e+03
-9.999000000000000000e+03
-9.999000000000000000e+03
-9.999000000000000000e+03
-9.999000000000000000e+03
-9.999000000000000000e+03
-9.999000000000000000e+03
-9.999000000000000000e+03
-9.999000000000000000e+03
-9.999000000000000000e+03
-9.999000000000000000e+03
-9.999000000000000000e+03
-9.999000000000000000e+03
-9.999000000000000000e+03
-9.999000000000000000e+03
-1.502450741827487946e-02
8.935727179050445557e-03
8.044539391994476318e-02
-9.999000000000000000e+03
-9.999000000000000000e+03
-9.999000000000000000e+03
-9.999000000000000000e+03
-9.999000000000000000e+03
-9.999000000000000000e+03
-9.999000000000000000e+03
-9.999000000000000000e+03
-9.999000000000000000e+03
-9.999000000000000000e+03
-9.999000000000000000e+03
-9.999000000000000000e+03
-9.999000000000000000e+03
-9.999000000000000000e+03
-9.999000000000000000e+03
-9.999000000000000000e+03
-9.999000000000000000e+03
-9.999000000000000000e+03
-9.999000000000000000e+03
-9.999000000000000000e+03
-9.999000000000000000e+03
-9.999000000000000000e+03
-9.999000000000000000e+03
-9.999000000000000000e+03
-9.999000000000000000e+03
-9.999000000000000000e+03
-9.999000000000000000e+03
-9.999000000000000000e+03
