-1.353562027215957642e-01
-9.443825483322143555e-02
-4.188727587461471558e-02
1.386602642014622688e-03
3.890579566359519958e-02
8.008486777544021606e-02
1.334362179040908813e-01
1.864496618509292603e-01
2.410081475973129272e-01
2.689473628997802734e-01
2.510178983211517334e-01
-9.999000000000000000e+03
-9.999000000000000000e+03
-9.999000000000000000e+03
-9.999000000000000000e+03
-9.999000000000000000e+03
-9.999000000000000000e+03
-9.999000000000000000e+03
-9.999000000000000000e+03
-9.999000000000000000e+03
-9.999000000000000000e+03
-9.999000000000000000e+03
-9.999000000000000000e+03
4.025810956954956055e-02
4.171444103121757507e-02
5.744662508368492126e-02
6.662876158952713013e-02
5.538868904113769531e-02
6.023933365941047668e-02
5.818134918808937073e-02
7.477384805679321289e-02
-1.218275949358940125e-01
-8.798508346080780029e-02
-4.167054966092109680e-02
3.399286651983857155e-03
5.053156241774559021e-02
1.036042273044586182e-01
1.628390103578567505e-01
2.123411446809768677e-01
2.484741210937500000e-01
2.720422446727752686e-01
2.643015086650848389e-01
1.482820808887481689e-01
-9.999000000000000000e+03
-9.999000000000000000e+03
-9.999000000000000000e+03
-9.999000000000000000e+03
-9.999000000000000000e+03
-9.999000000000000000e+03
-9.999000000000000000e+03
-9.999000000000000000e+03
-9.999000000000000000e+03
3.152290591970086098e-03
2.181163057684898376e-02
4.189958795905113220e-02
2.369175665080547333e-02
3.976939246058464050e-02
3.259108215570449829e-02
3.066599741578102112e-02
3.370293229818344116e-02
4.832223057746887207e-02
6.230881065130233765e-02
-1.244136244058609009e-01
-8.439677953720092773e-02
-3.363614156842231750e-02
2.537542022764682770e-02
7.800029963254928589e-02
1.270708292722702026e-01
1.704896390438079834e-01
2.158794552087783813e-01
2.437465041875839233e-01
2.593939304351806641e-01
2.369197458028793335e-01
1.529891192913055420e-01
-9.999000000000000000e+03
-9.999000000000000000e+03
-9.999000000000000000e+03
-9.999000000000000000e+03
-9.999000000000000000e+03
-9.999000000000000000e+03
-9.999000000000000000e+03
-2.442864328622817993e-02
-1.476356200873851776e-02
1.009357743896543980e-03
5.087381228804588318e-03
1.627572439610958099e-02
2.856658771634101868e-02
2.964183874428272247e-02
2.169587463140487671e-02
1.313554123044013977e-02
1.392229180783033371e-02
2.534192055463790894e-02
3.420663997530937195e-02
-1.128680855035781860e-01
-8.597701787948608398e-02
-4.680580273270606995e-02
1.869099773466587067e-02
9.423723816871643066e-02
1.439724862575531006e-01
1.774098873138427734e-01
2.094935923814773560e-01
2.264210134744644165e-01
2.383114546537399292e-01
2.286562472581863403e-01
1.581877022981643677e-01
8.247372508049011230e-02
-9.999000000000000000e+03
-9.999000000000000000e+03
-9.999000000000000000e+03
-4.685786366462707520e-02
-5.759948864579200745e-02
-5.188563466072082520e-02
-2.710415050387382507e-02
-8.534597232937812805e-03
1.429380732588469982e-03
1.260650809854269028e-02
1.836491376161575317e-02
2.853443287312984467e-02
1.234407816082239151e-02
6.524550262838602066e-03
-1.147645618766546249e-02
-2.058845013380050659e-02
-8.832652121782302856e-03
1.177653437480330467e-03
-8.768385648727416992e-02
-5.846982449293136597e-02
-1.248919405043125153e-02
3.629540652036666870e-02
8.889585733413696289e-02
1.295536458492279053e-01
1.614171713590621948e-01
1.932230889797210693e-01
1.988237649202346802e-01
1.944288760423660278e-01
1.747010946273803711e-01
1.260306537151336670e-01
6.889513134956359863e-02
1.661818847060203552e-02
-4.343190044164657593e-02
-7.012668997049331665e-02
-7.328863441944122314e-02
-5.871861428022384644e-02
-3.780269622802734375e-02
-5.300727672874927521e-03
1.703776977956295013e-02
2.382356859743595123e-02
4.049267619848251343e-02
2.319559082388877869e-02
6.078618578612804413e-03
-2.380829863250255585e-02
-3.680676966905593872e-02
-5.752730742096900940e-02
-6.866604834794998169e-02
-5.033182352781295776e-02
-2.690785191953182220e-02
-4.582839831709861755e-02
-2.829441241919994354e-02
1.301991171203553677e-03
4.395096749067306519e-02
8.653239905834197998e-02
1.174847111105918884e-01
1.344349682331085205e-01
1.542186737060546875e-01
1.568830609321594238e-01
1.566095203161239624e-01
1.269675344228744507e-01
8.407544344663619995e-02
3.951960429549217224e-02
-8.886468596756458282e-03
-4.021314904093742371e-02
-5.951279774308204651e-02
-5.234959349036216736e-02
-1.477109454572200775e-02
1.927660405635833740e-02
5.946389585733413696e-02
6.272561103105545044e-02
5.541516840457916260e-02
4.005980864167213440e-02
1.185325626283884048e-02
-2.319846116006374359e-02
-6.901267170906066895e-02
-8.937597274780273438e-02
-1.113193407654762268e-01
-1.144958510994911194e-01
-9.138450026512145996e-02
-6.235121190547943115e-02
-5.433663260191679001e-03
1.523129455745220184e-02
3.378665074706077576e-02
5.611804500222206116e-02
7.544979453086853027e-02
9.645047783851623535e-02
1.119438037276268005e-01
1.238482892513275146e-01
1.224598586559295654e-01
1.048213168978691101e-01
8.307136595249176025e-02
5.284731090068817139e-02
2.805159799754619598e-02
-9.854264557361602783e-03
-1.173188630491495132e-02
-1.096578594297170639e-02
1.591140776872634888e-02
4.836021736264228821e-02
6.339512765407562256e-02
8.815655857324600220e-02
7.338389009237289429e-02
5.009467154741287231e-02
1.909056492149829865e-02
-9.526585228741168976e-03
-4.987312480807304382e-02
-9.227911382913589478e-02
-1.283587068319320679e-01
-1.619209051132202148e-01
-1.630923300981521606e-01
-1.217304021120071411e-01
-9.628161042928695679e-02
-2.452762098982930183e-03
2.782208286225795746e-02
5.381803587079048157e-02
6.304339319467544556e-02
7.518965750932693481e-02
9.220543503761291504e-02
1.028847768902778625e-01
1.044082418084144592e-01
9.651058167219161987e-02
6.601654738187789917e-02
4.382401332259178162e-02
2.166479267179965973e-02
2.392786554992198944e-02
2.468822151422500610e-02
3.760212659835815430e-02
4.197071120142936707e-02
7.655637711286544800e-02
9.041634947061538696e-02
8.582428097724914551e-02
7.910111546516418457e-02
7.041986286640167236e-02
5.785563215613365173e-02
3.753273561596870422e-02
-1.171322353184223175e-02
-8.157067745923995972e-02
-1.424994021654129028e-01
-1.824643313884735107e-01
-2.140604108572006226e-01
-2.117575556039810181e-01
-1.639005988836288452e-01
-1.269048899412155151e-01
1.502902619540691376e-02
3.220516070723533630e-02
4.885354265570640564e-02
5.809921398758888245e-02
7.133330404758453369e-02
9.647355973720550537e-02
9.914776682853698730e-02
7.248358428478240967e-02
4.599993303418159485e-02
2.226340025663375854e-02
1.749054901301860809e-02
2.252063900232315063e-02
5.073614418506622314e-02
7.478132843971252441e-02
9.735945612192153931e-02
9.636760503053665161e-02
1.013622209429740906e-01
9.120146930217742920e-02
7.808045297861099243e-02
7.288023084402084351e-02
6.651698797941207886e-02
5.895963311195373535e-02
3.440243750810623169e-02
1.447396003641188145e-03
-3.799255192279815674e-02
-1.308751404285430908e-01
-1.945745795965194702e-01
-2.478310167789459229e-01
-2.345082461833953857e-01
-1.867545843124389648e-01
-1.293527483940124512e-01
1.366517599672079086e-02
1.794883050024509430e-02
3.214471414685249329e-02
3.722934424877166748e-02
5.887564271688461304e-02
7.279431819915771484e-02
6.964794546365737915e-02
5.106431245803833008e-02
1.525746658444404602e-02
2.421576064079999924e-03
2.585719898343086243e-02
6.730648875236511230e-02
9.558045119047164917e-02
1.119901835918426514e-01
1.229477450251579285e-01
1.140793859958648682e-01
9.395747631788253784e-02
5.879375338554382324e-02
4.686191678047180176e-02
3.121808543801307678e-02
4.785480350255966187e-02
-9.999000000000000000e+03
-9.999000000000000000e+03
-9.999000000000000000e+03
-9.999000000000000000e+03
-9.999000000000000000e+03
-9.999000000000000000e+03
-1.892178952693939209e-01
-2.345021516084671021e-01
-1.930352300405502319e-01
-1.229137703776359558e-01
9.833725169301033020e-03
1.250243559479713440e-02
1.450230274349451065e-02
2.456894144415855408e-02
4.757861047983169556e-02
4.955575615167617798e-02
5.713813751935958862e-02
3.662721812725067139e-02
1.589562185108661652e-02
2.577970363199710846e-02
5.487275496125221252e-02
1.157869249582290649e-01
1.215470954775810242e-01
1.292163878679275513e-01
1.113217920064926147e-01
9.535112231969833374e-02
9.734984487295150757e-02
-9.999000000000000000e+03
-9.999000000000000000e+03
-9.999000000000000000e+03
-9.999000000000000000e+03
-9.999000000000000000e+03
-9.999000000000000000e+03
-9.999000000000000000e+03
-9.999000000000000000e+03
-9.999000000000000000e+03
-9.999000000000000000e+03
-1.426911354064941406e-01
-1.955057382583618164e-01
-1.987677663564682007e-01
-1.453248262405395508e-01
2.477226406335830688e-02
1.834154315292835236e-02
3.147428855299949646e-02
5.256153270602226257e-02
5.461000278592109680e-02
5.058216303586959839e-02
5.373511463403701782e-02
3.402201086282730103e-02
2.608683146536350250e-02
8.592341095209121704e-02
1.069258078932762146e-01
1.213328838348388672e-01
1.241396665573120117e-01
1.212420761585235596e-01
5.457283928990364075e-02
5.418737977743148804e-02
-9.999000000000000000e+03
-9.999000000000000000e+03
-9.999000000000000000e+03
-9.999000000000000000e+03
-9.999000000000000000e+03
-9.999000000000000000e+03
-9.999000000000000000e+03
-9.999000000000000000e+03
-9.999000000000000000e+03
-9.999000000000000000e+03
-9.999000000000000000e+03
-9.999000000000000000e+03
-1.178661361336708069e-01
-1.602073609828948975e-01
-1.074348613619804382e-01
-3.075933642685413361e-02
-2.732768654823303223e-02
8.302741684019565582e-03
4.254000633955001831e-02
5.361084267497062683e-02
6.158778071403503418e-02
3.932950645685195923e-02
4.140850529074668884e-02
6.992821395397186279e-02
1.200724914669990540e-01
1.267141848802566528e-01
1.172684133052825928e-01
9.437271952629089355e-02
1.074649989604949951e-01
-9.999000000000000000e+03
-9.999000000000000000e+03
-9.999000000000000000e+03
-9.999000000000000000e+03
-9.999000000000000000e+03
-9.999000000000000000e+03
-9.999000000000000000e+03
-9.999000000000000000e+03
-9.999000000000000000e+03
-9.999000000000000000e+03
-9.999000000000000000e+03
-9.999000000000000000e+03
-9.999000000000000000e+03
-9.999000000000000000e+03
-9.999000000000000000e+03
-1.096610948443412781e-01
-8.330868184566497803e-02
-9.999000000000000000e+03
-5.149127170443534851e-02
-2.816179767251014709e-02
6.877891719341278076e-03
4.125325754284858704e-02
5.915553495287895203e-02
3.775672614574432373e-02
7.538635283708572388e-02
1.271969974040985107e-01
1.283357292413711548e-01
1.240611746907234192e-01
1.133024990558624268e-01
7.316508889198303223e-02
-9.999000000000000000e+03
-9.999000000000000000e+03
-9.999000000000000000e+03
-9.999000000000000000e+03
-9.999000000000000000e+03
-9.999000000000000000e+03
-9.999000000000000000e+03
-9.999000000000000000e+03
-9.999000000000000000e+03
-9.999000000000000000e+03
-9.999000000000000000e+03
-9.999000000000000000e+03
-9.999000000000000000e+03
-9.999000000000000000e+03
-9.999000000000000000e+03
-9.999000000000000000e+03
-3.989628329873085022e-02
-2.082060091197490692e-02
-9.999000000000000000e+03
-9.999000000000000000e+03
-5.016050115227699280e-02
-1.707311160862445831e-02
1.844620145857334137e-02
4.114555194973945618e-02
7.236462831497192383e-02
1.018134057521820068e-01
1.249251440167427063e-01
1.179433837532997131e-01
1.007809713482856750e-01
4.796180874109268188e-02
-9.999000000000000000e+03
-9.999000000000000000e+03
-9.999000000000000000e+03
-9.999000000000000000e+03
-9.999000000000000000e+03
-9.999000000000000000e+03
-9.999000000000000000e+03
-9.999000000000000000e+03
-9.999000000000000000e+03
-9.999000000000000000e+03
-9.999000000000000000e+03
-9.999000000000000000e+03
-9.999000000000000000e+03
-9.999000000000000000e+03
-9.999000000000000000e+03
-9.999000000000000000e+03
-9.999000000000000000e+03
-4.803793504834175110e-03
2.576085738837718964e-02
-9.999000000000000000e+03
-9.999000000000000000e+03
-3.125609830021858215e-02
-1.925398968160152435e-02
6.859317887574434280e-03
4.103148356080055237e-02
9.840147197246551514e-02
1.080940812826156616e-01
1.114255934953689575e-01
9.692256897687911987e-02
7.747969031333923340e-02
5.732898786664009094e-02
-9.999000000000000000e+03
-9.999000000000000000e+03
-9.999000000000000000e+03
-9.999000000000000000e+03
-9.999000000000000000e+03
-9.999000000000000000e+03
-9.999000000000000000e+03
-9.999000000000000000e+03
-9.999000000000000000e+03
-9.999000000000000000e+03
-9.999000000000000000e+03
-9.999000000000000000e+03
-9.999000000000000000e+03
-9.999000000000000000e+03
-9.999000000000000000e+03
-9.999000000000000000e+03
-9.999000000000000000e+03
-9.999000000000000000e+03
-9.999000000000000000e+03
-9.999000000000000000e+03
-9.999000000000000000e+03
-1.682861894369125366e-02
-1.230894494801759720e-02
3.004515776410698891e-03
4.683315008878707886e-02
7.742336392402648926e-02
9.223939478397369385e-02
9.402384608983993530e-02
8.583082258701324463e-02
5.011128634214401245e-02
3.265149518847465515e-02
-9.999000000000000000e+03
-9.999000000000000000e+03
-9.999000000000000000e+03
-9.999000000000000000e+03
-9.999000000000000000e+03
-9.999000000000000000e+03
-9.999000000000000000e+03
-9.999000000000000000e+03
-9.999000000000000000e+03
-9.999000000000000000e+03
-9.999000000000000000e+03
-9.999000000000000000e+03
-9.999000000000000000e+03
-9.999000000000000000e+03
-9.999000000000000000e+03
-9.999000000000000000e+03
-9.999000000000000000e+03
-9.999000000000000000e+03
-9.999000000000000000e+03
-9.999000000000000000e+03
-9.999000000000000000e+03
-9.999000000000000000e+03
-1.618708483874797821e-02
-6.812980864197015762e-03
4.201787337660789490e-02
4.230386018753051758e-02
6.156335398554801941e-02
1.018006950616836548e-01
1.264147013425827026e-01
6.847344338893890381e-02
-9.999000000000000000e+03
-9.999000000000000000e+03
-9.999000000000000000e+03
-9.999000000000000000e+03
-9.999000000000000000e+03
-9.999000000000000000e+03
-9.999000000000000000e+03
-9.999000000000000000e+03
-9.999000000000000000e+03
-9.999000000000000000e+03
-9.999000000000000000e+03
-9.999000000000000000e+03
-9.999000000000000000e+03
-9.999000000000000000e+03
-9.999000000000000000e+03
-9.999000000000000000e+03
-9.999000000000000000e+03
-9.999000000000000000e+03
-9.999000000000000000e+03
-9.999000000000000000e+03
-9.999000000000000000e+03
-9.999000000000000000e+03
-9.999000000000000000e+03
-9.253619238734245300e-03
9.734830819070339203e-03
2.469364553689956665e-02
1.297109574079513550e-02
4.712758213281631470e-02
1.212858259677886963e-01
1.409959644079208374e-01
8.097478002309799194e-02
3.481916710734367371e-02
-9.999000000000000000e+03
-9.999000000000000000e+03
-9.999000000000000000e+03
-9.999000000000000000e+03
-9.999000000000000000e+03
-9.999000000000000000e+03
-9.999000000000000000e+03
-9.999000000000000000e+03
-9.999000000000000000e+03
-9.999000000000000000e+03
-9.999000000000000000e+03
-9.999000000000000000e+03
-9.999000000000000000e+03
-9.999000000000000000e+03
-9.999000000000000000e+03
-9.999000000000000000e+03
-9.999000000000000000e+03
-9.999000000000000000e+03
-9.999000000000000000e+03
-9.999000000000000000e+03
-9.999000000000000000e+03
-9.999000000000000000e+03
-9.999000000000000000e+03
4.268427379429340363e-03
2.115137875080108643e-02
8.243177086114883423e-03
4.370922595262527466e-02
7.019445300102233887e-02
1.570854708552360535e-02
3.295279666781425476e-02
7.960768789052963257e-02
-9.999000000000000000e+03
-9.999000000000000000e+03
-9.999000000000000000e+03
-9.999000000000000000e+03
-9.999000000000000000e+03
-9.999000000000000000e+03
-9.999000000000000000e+03
-9.999000000000000000e+03
-9.999000000000000000e+03
-9.999000000000000000e+03
-9.999000000000000000e+03
-9.999000000000000000e+03
-9.999000000000000000e+03
-9.999000000000000000e+03
-9.999000000000000000e+03
-9.999000000000000000e+03
-9.999000000000000000e+03
-9.999000000000000000e+03
-9.999000000000000000e+03
-9.999000000000000000e+03
-9.999000000000000000e+03
-9.999000000000000000e+03
-9.999000000000000000e+03
2.513721585273742676e-03
-8.566465228796005249e-03
-2.741532959043979645e-02
-2.396281249821186066e-02
-7.243476808071136475e-02
-1.432428508996963501e-01
-8.937428146600723267e-02
9.915882721543312073e-03
6.226046383380889893e-02
-9.999000000000000000e+03
-9.999000000000000000e+03
-9.999000000000000000e+03
-9.999000000000000000e+03
-9.999000000000000000e+03
-9.999000000000000000e+03
-9.999000000000000000e+03
-9.999000000000000000e+03
-9.999000000000000000e+03
-9.999000000000000000e+03
-9.999000000000000000e+03
-9.999000000000000000e+03
-9.999000000000000000e+03
-9.999000000000000000e+03
-9.999000000000000000e+03
-9.999000000000000000e+03
-9.999000000000000000e+03
-9.999000000000000000e+03
-9.999000000000000000e+03
-9.999000000000000000e+03
-9.999000000000000000e+03
-9.999000000000000000e+03
4.015773162245750427e-02
1.302064210176467896e-02
-3.581311553716659546e-03
-4.145397618412971497e-02
-9.380243718624114990e-02
-1.625257581472396851e-01
-1.217702627182006836e-01
-6.042025052011013031e-03
1.020965278148651123e-01
3.910684585571289062e-02
-2.148572355508804321e-02
-6.461382145062088966e-04
2.537756040692329407e-02
-9.999000000000000000e+03
-9.999000000000000000e+03
-9.999000000000000000e+03
-9.999000000000000000e+03
-9.999000000000000000e+03
-9.999000000000000000e+03
-9.999000000000000000e+03
-9.999000000000000000e+03
-9.999000000000000000e+03
-9.999000000000000000e+03
-9.999000000000000000e+03
-9.999000000000000000e+03
-9.999000000000000000e+03
-9.999000000000000000e+03
-9.999000000000000000e+03
-9.999000000000000000e+03
-9.999000000000000000e+03
4.548900201916694641e-02
5.448845773935317993e-02
5.259499698877334595e-02
2.088452130556106567e-02
-2.877631969749927521e-02
-8.578670024871826172e-02
-1.027744859457015991e-01
-8.915386348962783813e-02
-3.675268962979316711e-02
3.787636384367942810e-02
2.717006392776966095e-02
2.841434627771377563e-02
2.061562053859233856e-02
3.282103314995765686e-02
-9.999000000000000000e+03
-9.999000000000000000e+03
-9.999000000000000000e+03
-9.999000000000000000e+03
-9.999000000000000000e+03
-9.999000000000000000e+03
-9.999000000000000000e+03
-9.999000000000000000e+03
-9.999000000000000000e+03
-9.999000000000000000e+03
-9.999000000000000000e+03
-9.999000000000000000e+03
-9.999000000000000000e+03
-9.999000000000000000e+03
-9.999000000000000000e+03
7.430333644151687622e-02
5.902936309576034546e-02
4.500085860490798950e-02
6.278879195451736450e-02
4.938077926635742188e-02
1.873342692852020264e-02
-1.170922815799713135e-02
-4.377738758921623230e-02
-6.271895021200180054e-02
-6.380414962768554688e-02
-4.418211802840232849e-02
8.076949976384639740e-03
6.660936027765274048e-02
8.983926475048065186e-02
-9.999000000000000000e+03
-9.999000000000000000e+03
-9.999000000000000000e+03
-9.999000000000000000e+03
-9.999000000000000000e+03
-9.999000000000000000e+03
-9.999000000000000000e+03
-9.999000000000000000e+03
-9.999000000000000000e+03
-9.999000000000000000e+03
-9.999000000000000000e+03
-9.999000000000000000e+03
-9.999000000000000000e+03
-9.999000000000000000e+03
-9.999000000000000000e+03
-9.999000000000000000e+03
5.957720801234245300e-02
9.027549624443054199e-02
1.063248515129089355e-01
7.811003178358078003e-02
5.664695799350738525e-02
3.632114082574844360e-02
1.059818640351295471e-02
2.504516742192208767e-04
-1.057282462716102600e-02
-3.008222952485084534e-02
-5.664670094847679138e-02
-6.565371155738830566e-02
-1.972756162285804749e-02
8.834130316972732544e-02
-9.999000000000000000e+03
-9.999000000000000000e+03
-9.999000000000000000e+03
-9.999000000000000000e+03
-9.999000000000000000e+03
-9.999000000000000000e+03
-9.999000000000000000e+03
-9.999000000000000000e+03
-9.999000000000000000e+03
-9.999000000000000000e+03
-9.999000000000000000e+03
-9.999000000000000000e+03
-9.999000000000000000e+03
-9.999000000000000000e+03
-9.999000000000000000e+03
-9.999000000000000000e+03
-9.999000000000000000e+03
9.377913177013397217e-02
9.985155612230300903e-02
1.391950398683547974e-01
8.429406583309173584e-02
4.247676208615303040e-02
1.553335878998041153e-02
-5.948832840658724308e-04
-6.929976399987936020e-03
4.842061549425125122e-03
-1.985199935734272003e-02
-4.158566147089004517e-02
-5.653059110045433044e-02
-1.709011383354663849e-02
5.506925284862518311e-02
-9.999000000000000000e+03
-9.999000000000000000e+03
-9.999000000000000000e+03
-9.999000000000000000e+03
-9.999000000000000000e+03
-9.999000000000000000e+03
-9.999000000000000000e+03
-9.999000000000000000e+03
-9.999000000000000000e+03
-9.999000000000000000e+03
-9.999000000000000000e+03
-9.999000000000000000e+03
-9.999000000000000000e+03
-9.999000000000000000e+03
-9.999000000000000000e+03
-9.999000000000000000e+03
-9.999000000000000000e+03
1.097400858998298645e-01
1.416865289211273193e-01
1.374199688434600830e-01
8.569747209548950195e-02
3.914917632937431335e-02
-1.016497146338224411e-02
-3.753397241234779358e-02
-2.283669076859951019e-02
-1.049609854817390442e-02
-2.091656811535358429e-02
-3.930039331316947937e-02
-5.600631609559059143e-02
-1.590356044471263885e-02
-9.999000000000000000e+03
-9.999000000000000000e+03
-9.999000000000000000e+03
-9.999000000000000000e+03
-9.999000000000000000e+03
-9.999000000000000000e+03
-9.999000000000000000e+03
-9.999000000000000000e+03
-9.999000000000000000e+03
-9.999000000000000000e+03
-9.999000000000000000e+03
-9.999000000000000000e+03
-9.999000000000000000e+03
-9.999000000000000000e+03
-9.999000000000000000e+03
-9.999000000000000000e+03
-9.999000000000000000e+03
-9.999000000000000000e+03
1.227295845746994019e-01
1.410788744688034058e-01
1.073166802525520325e-01
5.973231047391891479e-02
3.481903346255421638e-03
-4.163127392530441284e-02
-6.359384208917617798e-02
-3.219565376639366150e-02
-1.155492383986711502e-02
4.151603206992149353e-03
-1.818254031240940094e-02
-3.866986185312271118e-02
-9.999000000000000000e+03
-9.999000000000000000e+03
-9.999000000000000000e+03
-9.999000000000000000e+03
-9.999000000000000000e+03
-9.999000000000000000e+03
-9.999000000000000000e+03
-9.999000000000000000e+03
-9.999000000000000000e+03
-9.999000000000000000e+03
-9.999000000000000000e+03
-9.999000000000000000e+03
-9.999000000000000000e+03
-9.999000000000000000e+03
-9.999000000000000000e+03
-9.999000000000000000e+03
-9.999000000000000000e+03
-9.999000000000000000e+03
-9.999000000000000000e+03
1.105911880731582642e-01
1.187345683574676514e-01
9.885070472955703735e-02
5.194933339953422546e-02
-4.312503710389137268e-02
-6.159378588199615479e-02
-3.743804618716239929e-02
-1.284864079207181931e-02
-3.089492674916982651e-03
-1.452113152481615543e-03
-9.999000000000000000e+03
-9.999000000000000000e+03
-9.999000000000000000e+03
-9.999000000000000000e+03
-9.999000000000000000e+03
-9.999000000000000000e+03
-9.999000000000000000e+03
-9.999000000000000000e+03
-9.999000000000000000e+03
-9.999000000000000000e+03
-9.999000000000000000e+03
-9.999000000000000000e+03
-9.999000000000000000e+03
-9.999000000000000000e+03
-9.999000000000000000e+03
-9.999000000000000000e+03
-9.999000000000000000e+03
-9.999000000000000000e+03
-9.999000000000000000e+03
-9.999000000000000000e+03
-9.999000000000000000e+03
9.924329072237014771e-02
9.366839379072189331e-02
6.108074262738227844e-02
3.426163224503397942e-03
-4.093473404645919800e-02
-4.615076631307601929e-02
-9.999000000000000000e+03
-9.999000000000000000e+03
-9.999000000000000000e+03
-9.999000000000000000e+03
-9.999000000000000000e+03
-9.999000000000000000e+03
-9.999000000000000000e+03
-9.999000000000000000e+03
-9.999000000000000000e+03
-9.999000000000000000e+03
-9.999000000000000000e+03
-9.999000000000000000e+03
-9.999000000000000000e+03
-9.999000000000000000e+03
-9.999000000000000000e+03
-9.999000000000000000e+03
-9.999000000000000000e+03
-9.999000000000000000e+03
-9.999000000000000000e+03
-9.999000000000000000e+03
-9.999000000000000000e+03
-9.999000000000000000e+03
-9.999000000000000000e+03
-9.999000000000000000e+03
-9.999000000000000000e+03
5.061082169413566589e-02
4.773017019033432007e-02
4.041740670800209045e-02
-9.999000000000000000e+03
-9.999000000000000000e+03
-9.999000000000000000e+03
-9.999000000000000000e+03
-9.999000000000000000e+03
-9.999000000000000000e+03
-9.999000000000000000e+03
-9.999000000000000000e+03
-9.999000000000000000e+03
-9.999000000000000000e+03
-9.999000000000000000e+03
-9.999000000000000000e+03
-9.999000000000000000e+03
-9.999000000000000000e+03
-9.999000000000000000e+03
-9.999000000000000000e+03
-9.999000000000000000e+03
-9.999000000000000000e+03
-9.999000000000000000e+03
-9.999000000000000000e+03
-9.999000000000000000e+03
-9.999000000000000000e+03
-9.999000000000000000e+03
-9.999000000000000000e+03
-9.999000000000000000e+03
-9.999000000000000000e+03
-9.999000000000000000e+03
-9.999000000000000000e+03
