-1.664134263992309570e-01
-1.185869723558425903e-01
-7.209067046642303467e-02
-2.569811046123504639e-02
3.405436128377914429e-02
1.062021031975746155e-01
1.798665225505828857e-01
2.350303679704666138e-01
2.844420373439788818e-01
3.131769001483917236e-01
3.106187582015991211e-01
-9.999000000000000000e+03
-9.999000000000000000e+03
-9.999000000000000000e+03
-9.999000000000000000e+03
-9.999000000000000000e+03
-9.999000000000000000e+03
-9.999000000000000000e+03
-9.999000000000000000e+03
-9.999000000000000000e+03
-9.999000000000000000e+03
-9.999000000000000000e+03
-9.999000000000000000e+03
1.880626752972602844e-02
-8.615924743935465813e-04
1.533485855907201767e-02
3.454738482832908630e-02
2.440566755831241608e-02
3.181316703557968140e-02
3.024364821612834930e-02
4.822682961821556091e-02
-1.416332125663757324e-01
-1.069698929786682129e-01
-6.752304732799530029e-02
-2.131448313593864441e-02
4.525452852249145508e-02
1.312157213687896729e-01
2.075054794549942017e-01
2.575387656688690186e-01
2.873165309429168701e-01
3.119024932384490967e-01
3.133383393287658691e-01
1.874991953372955322e-01
-9.999000000000000000e+03
-9.999000000000000000e+03
-9.999000000000000000e+03
-9.999000000000000000e+03
-9.999000000000000000e+03
-9.999000000000000000e+03
-9.999000000000000000e+03
-9.999000000000000000e+03
-9.999000000000000000e+03
1.123897545039653778e-02
1.791171170771121979e-02
1.941785588860511780e-02
-4.189820494502782822e-03
-1.245966996066272259e-04
-9.577640332281589508e-03
-5.540159530937671661e-03
3.293410409241914749e-03
1.967811211943626404e-02
4.052100330591201782e-02
-1.330566406250000000e-01
-8.663509786128997803e-02
-4.557766392827033997e-02
1.794650405645370483e-02
8.104672282934188843e-02
1.491196453571319580e-01
2.085700929164886475e-01
2.566382288932800293e-01
2.746720016002655029e-01
2.966527342796325684e-01
2.927422523498535156e-01
2.047962844371795654e-01
-9.999000000000000000e+03
-9.999000000000000000e+03
-9.999000000000000000e+03
-9.999000000000000000e+03
-9.999000000000000000e+03
-9.999000000000000000e+03
-9.999000000000000000e+03
-2.454518340528011322e-03
9.032934904098510742e-03
1.905892603099346161e-02
1.310414820909500122e-02
1.305794063955545425e-02
1.054679229855537415e-02
6.638720631599426270e-03
-6.123872939497232437e-03
-1.514395419508218765e-02
-1.068125385791063309e-02
9.162968955934047699e-03
2.843114733695983887e-02
-1.048680767416954041e-01
-6.817276775836944580e-02
-3.488911688327789307e-02
2.567296288907527924e-02
1.037706509232521057e-01
1.651560068130493164e-01
2.029312849044799805e-01
2.363732308149337769e-01
2.501716017723083496e-01
2.697243988513946533e-01
2.791700661182403564e-01
2.213400900363922119e-01
1.150760799646377563e-01
-9.999000000000000000e+03
-9.999000000000000000e+03
-9.999000000000000000e+03
-4.060738906264305115e-02
-4.640944674611091614e-02
-3.022972866892814636e-02
-4.483539611101150513e-03
1.976574584841728210e-02
2.527885138988494873e-02
2.913705632090568542e-02
2.398939989507198334e-02
1.937577873468399048e-02
4.228306002914905548e-03
-1.678648218512535095e-02
-3.554147481918334961e-02
-4.080761969089508057e-02
-2.242162264883518219e-02
-2.177893766202032566e-04
-8.446250855922698975e-02
-4.135468974709510803e-02
3.751216456294059753e-03
5.126946046948432922e-02
1.018597185611724854e-01
1.433907598257064819e-01
1.748430132865905762e-01
2.086933851242065430e-01
2.165303081274032593e-01
2.157537937164306641e-01
2.015076130628585815e-01
1.461363732814788818e-01
8.465166389942169189e-02
2.875480242073535919e-02
-2.888268791139125824e-02
-5.495371669530868530e-02
-5.899991095066070557e-02
-4.830087348818778992e-02
-2.680285274982452393e-02
1.281154341995716095e-02
4.486546292901039124e-02
4.555579274892807007e-02
5.976120382547378540e-02
3.755433112382888794e-02
1.482692547142505646e-02
-1.907860860228538513e-02
-4.488426819443702698e-02
-6.809935718774795532e-02
-7.256144285202026367e-02
-4.707446321845054626e-02
-1.855178736150264740e-02
-6.359535455703735352e-02
-2.734906971454620361e-02
1.251427084207534790e-02
6.611305475234985352e-02
1.071230173110961914e-01
1.329344809055328369e-01
1.455775052309036255e-01
1.678977012634277344e-01
1.755229085683822632e-01
1.751453280448913574e-01
1.335060000419616699e-01
8.846298605203628540e-02
5.126690492033958435e-02
1.239908114075660706e-02
-1.411912217736244202e-02
-3.474967926740646362e-02
-3.129310160875320435e-02
-2.978319069370627403e-03
2.906583622097969055e-02
8.271235972642898560e-02
9.974917024374008179e-02
9.045281261205673218e-02
6.965919584035873413e-02
3.490340337157249451e-02
-7.993545383214950562e-03
-5.702207982540130615e-02
-8.069257438182830811e-02
-9.970963746309280396e-02
-9.786315262317657471e-02
-7.337720692157745361e-02
-4.370141774415969849e-02
-3.841020166873931885e-02
4.705366212874650955e-03
4.513196274638175964e-02
8.168585598468780518e-02
1.078242361545562744e-01
1.295444369316101074e-01
1.350240707397460938e-01
1.489694416522979736e-01
1.541200131177902222e-01
1.385432481765747070e-01
1.109555736184120178e-01
7.770215719938278198e-02
4.880581796169281006e-02
1.725485920906066895e-02
1.027299650013446808e-02
1.079474575817584991e-02
3.485653176903724670e-02
6.809340417385101318e-02
8.361611515283584595e-02
1.247085481882095337e-01
1.144889444112777710e-01
8.216521888971328735e-02
3.100118599832057953e-02
-1.012732624076306820e-03
-4.490159079432487488e-02
-8.312140405178070068e-02
-1.091913580894470215e-01
-1.259254664182662964e-01
-1.210087984800338745e-01
-8.638902008533477783e-02
-6.396160274744033813e-02
-1.899387314915657043e-02
1.150434091687202454e-02
5.669072642922401428e-02
8.847950398921966553e-02
1.119580119848251343e-01
1.298807710409164429e-01
1.405881643295288086e-01
1.445015519857406616e-01
1.477074325084686279e-01
1.123488768935203552e-01
7.808771729469299316e-02
4.012736305594444275e-02
3.780060634016990662e-02
3.749172389507293701e-02
5.043114349246025085e-02
6.140775606036186218e-02
1.014293134212493896e-01
1.200417429208755493e-01
1.218454837799072266e-01
1.109506413340568542e-01
8.930368721485137939e-02
6.467691808938980103e-02
2.647246234118938446e-02
-1.967743411660194397e-02
-8.060125261545181274e-02
-1.205527260899543762e-01
-1.509103327989578247e-01
-1.707963049411773682e-01
-1.669940650463104248e-01
-1.202954724431037903e-01
-9.813427180051803589e-02
-7.225234294310212135e-04
2.221003361046314240e-02
4.838818684220314026e-02
6.654102355241775513e-02
9.372507780790328979e-02
1.218979209661483765e-01
1.478336453437805176e-01
1.390687525272369385e-01
1.104292497038841248e-01
7.095476239919662476e-02
4.839159175753593445e-02
3.227154538035392761e-02
5.395697802305221558e-02
7.482045888900756836e-02
1.014847084879875183e-01
1.101982966065406799e-01
1.214640587568283081e-01
1.112309545278549194e-01
1.008369997143745422e-01
8.022109419107437134e-02
5.924157053232192993e-02
4.358040913939476013e-02
1.787987910211086273e-02
-1.030801795423030853e-02
-3.988689929246902466e-02
-1.122739538550376892e-01
-1.655984520912170410e-01
-2.214226573705673218e-01
-2.169157117605209351e-01
-1.752525418996810913e-01
-1.325345337390899658e-01
3.520964644849300385e-03
2.914747409522533417e-02
4.430403560400009155e-02
4.700121656060218811e-02
8.259377628564834595e-02
1.180626004934310913e-01
1.294451057910919189e-01
1.220600903034210205e-01
8.391096442937850952e-02
4.193259403109550476e-02
3.407306969165802002e-02
5.956516042351722717e-02
8.191299438476562500e-02
9.732066839933395386e-02
1.138282194733619690e-01
1.217254549264907837e-01
1.063784435391426086e-01
6.024843454360961914e-02
4.556750506162643433e-02
2.267143316566944122e-02
3.718993440270423889e-02
-9.999000000000000000e+03
-9.999000000000000000e+03
-9.999000000000000000e+03
-9.999000000000000000e+03
-9.999000000000000000e+03
-9.999000000000000000e+03
-1.683512628078460693e-01
-2.189061194658279419e-01
-2.013978511095046997e-01
-1.393865793943405151e-01
-1.303832884877920151e-02
5.462239030748605728e-03
2.292851731181144714e-02
3.190032392740249634e-02
7.451025396585464478e-02
1.025658249855041504e-01
9.781049191951751709e-02
9.034026414155960083e-02
6.034098938107490540e-02
4.471201449632644653e-02
4.903293401002883911e-02
9.691500663757324219e-02
9.729897975921630859e-02
1.030628234148025513e-01
1.025498658418655396e-01
1.003555431962013245e-01
1.087661683559417725e-01
-9.999000000000000000e+03
-9.999000000000000000e+03
-9.999000000000000000e+03
-9.999000000000000000e+03
-9.999000000000000000e+03
-9.999000000000000000e+03
-9.999000000000000000e+03
-9.999000000000000000e+03
-9.999000000000000000e+03
-9.999000000000000000e+03
-1.343861669301986694e-01
-1.950144618749618530e-01
-2.015980184078216553e-01
-1.516301780939102173e-01
-5.067805945873260498e-02
-3.568974882364273071e-02
-4.309677518904209137e-03
3.096201643347740173e-02
5.623674020171165466e-02
7.383342832326889038e-02
8.521870523691177368e-02
7.566763460636138916e-02
5.071985349059104919e-02
8.789651840925216675e-02
1.009169220924377441e-01
1.098579317331314087e-01
1.051884293556213379e-01
9.797801822423934937e-02
5.423209816217422485e-02
5.791962519288063049e-02
-9.999000000000000000e+03
-9.999000000000000000e+03
-9.999000000000000000e+03
-9.999000000000000000e+03
-9.999000000000000000e+03
-9.999000000000000000e+03
-9.999000000000000000e+03
-9.999000000000000000e+03
-9.999000000000000000e+03
-9.999000000000000000e+03
-9.999000000000000000e+03
-9.999000000000000000e+03
-1.216954290866851807e-01
-1.586092710494995117e-01
-1.094429939985275269e-01
-8.251801878213882446e-02
-7.684898376464843750e-02
-3.637868538498878479e-02
1.419352646917104721e-02
4.403295367956161499e-02
7.460395991802215576e-02
6.063966080546379089e-02
6.754773855209350586e-02
8.312607556581497192e-02
1.198077723383903503e-01
1.288399547338485718e-01
1.171117797493934631e-01
8.983535319566726685e-02
9.800022095441818237e-02
-9.999000000000000000e+03
-9.999000000000000000e+03
-9.999000000000000000e+03
-9.999000000000000000e+03
-9.999000000000000000e+03
-9.999000000000000000e+03
-9.999000000000000000e+03
-9.999000000000000000e+03
-9.999000000000000000e+03
-9.999000000000000000e+03
-9.999000000000000000e+03
-9.999000000000000000e+03
-9.999000000000000000e+03
-9.999000000000000000e+03
-9.999000000000000000e+03
-1.089582741260528564e-01
-7.749537378549575806e-02
-9.999000000000000000e+03
-7.799776643514633179e-02
-5.975244566798210144e-02
-2.287059649825096130e-02
2.036300674080848694e-02
5.120339244604110718e-02
4.397284612059593201e-02
8.639974147081375122e-02
1.295484453439712524e-01
1.334467530250549316e-01
1.275084912776947021e-01
1.125132665038108826e-01
7.096445560455322266e-02
-9.999000000000000000e+03
-9.999000000000000000e+03
-9.999000000000000000e+03
-9.999000000000000000e+03
-9.999000000000000000e+03
-9.999000000000000000e+03
-9.999000000000000000e+03
-9.999000000000000000e+03
-9.999000000000000000e+03
-9.999000000000000000e+03
-9.999000000000000000e+03
-9.999000000000000000e+03
-9.999000000000000000e+03
-9.999000000000000000e+03
-9.999000000000000000e+03
-9.999000000000000000e+03
-4.002629593014717102e-02
-1.786034740507602692e-02
-9.999000000000000000e+03
-9.999000000000000000e+03
-7.926295697689056396e-02
-5.206970125436782837e-02
-4.088009241968393326e-03
3.289632871747016907e-02
7.046106457710266113e-02
1.035685911774635315e-01
1.293345689773559570e-01
1.237270981073379517e-01
9.615261852741241455e-02
2.806480415165424347e-02
-9.999000000000000000e+03
-9.999000000000000000e+03
-9.999000000000000000e+03
-9.999000000000000000e+03
-9.999000000000000000e+03
-9.999000000000000000e+03
-9.999000000000000000e+03
-9.999000000000000000e+03
-9.999000000000000000e+03
-9.999000000000000000e+03
-9.999000000000000000e+03
-9.999000000000000000e+03
-9.999000000000000000e+03
-9.999000000000000000e+03
-9.999000000000000000e+03
-9.999000000000000000e+03
-9.999000000000000000e+03
-1.161415036767721176e-02
1.594558358192443848e-02
-9.999000000000000000e+03
-9.999000000000000000e+03
-5.343651771545410156e-02
-4.665460065007209778e-02
-1.619966514408588409e-02
3.171750158071517944e-02
9.648487716913223267e-02
1.096700280904769897e-01
1.127406358718872070e-01
9.855334460735321045e-02
8.088140934705734253e-02
5.173340812325477600e-02
-9.999000000000000000e+03
-9.999000000000000000e+03
-9.999000000000000000e+03
-9.999000000000000000e+03
-9.999000000000000000e+03
-9.999000000000000000e+03
-9.999000000000000000e+03
-9.999000000000000000e+03
-9.999000000000000000e+03
-9.999000000000000000e+03
-9.999000000000000000e+03
-9.999000000000000000e+03
-9.999000000000000000e+03
-9.999000000000000000e+03
-9.999000000000000000e+03
-9.999000000000000000e+03
-9.999000000000000000e+03
-9.999000000000000000e+03
-9.999000000000000000e+03
-9.999000000000000000e+03
-9.999000000000000000e+03
-2.960635907948017120e-02
-3.149804845452308655e-02
-1.690788939595222473e-02
3.740262612700462341e-02
8.797778189182281494e-02
1.047372967004776001e-01
9.918126463890075684e-02
8.662503212690353394e-02
8.310488611459732056e-02
6.384313851594924927e-02
-9.999000000000000000e+03
-9.999000000000000000e+03
-9.999000000000000000e+03
-9.999000000000000000e+03
-9.999000000000000000e+03
-9.999000000000000000e+03
-9.999000000000000000e+03
-9.999000000000000000e+03
-9.999000000000000000e+03
-9.999000000000000000e+03
-9.999000000000000000e+03
-9.999000000000000000e+03
-9.999000000000000000e+03
-9.999000000000000000e+03
-9.999000000000000000e+03
-9.999000000000000000e+03
-9.999000000000000000e+03
-9.999000000000000000e+03
-9.999000000000000000e+03
-9.999000000000000000e+03
-9.999000000000000000e+03
-9.999000000000000000e+03
-1.943887211382389069e-02
-1.627223752439022064e-02
3.699920326471328735e-02
8.397132158279418945e-02
8.749999105930328369e-02
1.025784388184547424e-01
1.157030388712882996e-01
8.774573355913162231e-02
-9.999000000000000000e+03
-9.999000000000000000e+03
-9.999000000000000000e+03
-9.999000000000000000e+03
-9.999000000000000000e+03
-9.999000000000000000e+03
-9.999000000000000000e+03
-9.999000000000000000e+03
-9.999000000000000000e+03
-9.999000000000000000e+03
-9.999000000000000000e+03
-9.999000000000000000e+03
-9.999000000000000000e+03
-9.999000000000000000e+03
-9.999000000000000000e+03
-9.999000000000000000e+03
-9.999000000000000000e+03
-9.999000000000000000e+03
-9.999000000000000000e+03
-9.999000000000000000e+03
-9.999000000000000000e+03
-9.999000000000000000e+03
-9.999000000000000000e+03
-7.550903130322694778e-03
8.073513163253664970e-04
2.132996544241905212e-02
3.669102862477302551e-02
6.925369054079055786e-02
1.250562667846679688e-01
1.209407672286033630e-01
7.631058990955352783e-02
4.138028249144554138e-02
-9.999000000000000000e+03
-9.999000000000000000e+03
-9.999000000000000000e+03
-9.999000000000000000e+03
-9.999000000000000000e+03
-9.999000000000000000e+03
-9.999000000000000000e+03
-9.999000000000000000e+03
-9.999000000000000000e+03
-9.999000000000000000e+03
-9.999000000000000000e+03
-9.999000000000000000e+03
-9.999000000000000000e+03
-9.999000000000000000e+03
-9.999000000000000000e+03
-9.999000000000000000e+03
-9.999000000000000000e+03
-9.999000000000000000e+03
-9.999000000000000000e+03
-9.999000000000000000e+03
-9.999000000000000000e+03
-9.999000000000000000e+03
-9.999000000000000000e+03
1.130286138504743576e-02
2.591172605752944946e-02
3.152877464890480042e-02
7.382288575172424316e-02
8.905827999114990234e-02
3.367215022444725037e-02
3.125083446502685547e-02
5.125310644507408142e-02
-9.999000000000000000e+03
-9.999000000000000000e+03
-9.999000000000000000e+03
-9.999000000000000000e+03
-9.999000000000000000e+03
-9.999000000000000000e+03
-9.999000000000000000e+03
-9.999000000000000000e+03
-9.999000000000000000e+03
-9.999000000000000000e+03
-9.999000000000000000e+03
-9.999000000000000000e+03
-9.999000000000000000e+03
-9.999000000000000000e+03
-9.999000000000000000e+03
-9.999000000000000000e+03
-9.999000000000000000e+03
-9.999000000000000000e+03
-9.999000000000000000e+03
-9.999000000000000000e+03
-9.999000000000000000e+03
-9.999000000000000000e+03
-9.999000000000000000e+03
3.495718911290168762e-02
3.418529778718948364e-02
2.839658036828041077e-02
4.717775434255599976e-02
-1.700814440846443176e-02
-9.949973970651626587e-02
-8.257231861352920532e-02
-1.398412510752677917e-02
4.479265585541725159e-02
-9.999000000000000000e+03
-9.999000000000000000e+03
-9.999000000000000000e+03
-9.999000000000000000e+03
-9.999000000000000000e+03
-9.999000000000000000e+03
-9.999000000000000000e+03
-9.999000000000000000e+03
-9.999000000000000000e+03
-9.999000000000000000e+03
-9.999000000000000000e+03
-9.999000000000000000e+03
-9.999000000000000000e+03
-9.999000000000000000e+03
-9.999000000000000000e+03
-9.999000000000000000e+03
-9.999000000000000000e+03
-9.999000000000000000e+03
-9.999000000000000000e+03
-9.999000000000000000e+03
-9.999000000000000000e+03
-9.999000000000000000e+03
7.109382003545761108e-02
5.603707209229469299e-02
4.963993281126022339e-02
2.521704323589801788e-02
-2.517378330230712891e-02
-1.013003587722778320e-01
-9.083119779825210571e-02
-1.377174351364374161e-02
7.474595308303833008e-02
5.894081667065620422e-02
2.994735352694988251e-02
2.934207580983638763e-02
3.063056990504264832e-02
-9.999000000000000000e+03
-9.999000000000000000e+03
-9.999000000000000000e+03
-9.999000000000000000e+03
-9.999000000000000000e+03
-9.999000000000000000e+03
-9.999000000000000000e+03
-9.999000000000000000e+03
-9.999000000000000000e+03
-9.999000000000000000e+03
-9.999000000000000000e+03
-9.999000000000000000e+03
-9.999000000000000000e+03
-9.999000000000000000e+03
-9.999000000000000000e+03
-9.999000000000000000e+03
-9.999000000000000000e+03
7.216325402259826660e-02
7.785274833440780640e-02
7.530257105827331543e-02
4.811688885092735291e-02
1.527595054358243942e-02
-2.236740291118621826e-02
-3.707297891378402710e-02
-3.661935403943061829e-02
-9.623954072594642639e-03
3.926273807883262634e-02
5.906100943684577942e-02
7.435561716556549072e-02
3.937814012169837952e-02
3.232995793223381042e-02
-9.999000000000000000e+03
-9.999000000000000000e+03
-9.999000000000000000e+03
-9.999000000000000000e+03
-9.999000000000000000e+03
-9.999000000000000000e+03
-9.999000000000000000e+03
-9.999000000000000000e+03
-9.999000000000000000e+03
-9.999000000000000000e+03
-9.999000000000000000e+03
-9.999000000000000000e+03
-9.999000000000000000e+03
-9.999000000000000000e+03
-9.999000000000000000e+03
6.848333775997161865e-02
7.151871919631958008e-02
6.818717718124389648e-02
6.450245529413223267e-02
5.367359891533851624e-02
3.007026389241218567e-02
1.142189651727676392e-02
-5.267055821605026722e-04
-1.155415177345275879e-02
-2.177731133997440338e-02
-2.045637369155883789e-02
1.710700988769531250e-02
7.744402438402175903e-02
1.006985083222389221e-01
-9.999000000000000000e+03
-9.999000000000000000e+03
-9.999000000000000000e+03
-9.999000000000000000e+03
-9.999000000000000000e+03
-9.999000000000000000e+03
-9.999000000000000000e+03
-9.999000000000000000e+03
-9.999000000000000000e+03
-9.999000000000000000e+03
-9.999000000000000000e+03
-9.999000000000000000e+03
-9.999000000000000000e+03
-9.999000000000000000e+03
-9.999000000000000000e+03
-9.999000000000000000e+03
2.449176087975502014e-02
6.500390172004699707e-02
9.597871452569961548e-02
7.978733628988265991e-02
5.677611380815505981e-02
2.671271190047264099e-02
-1.161813270300626755e-03
5.296142771840095520e-03
1.849071308970451355e-02
1.688488759100437164e-02
-9.066395461559295654e-03
-3.633688762784004211e-02
-1.368295680731534958e-02
9.467402100563049316e-02
-9.999000000000000000e+03
-9.999000000000000000e+03
-9.999000000000000000e+03
-9.999000000000000000e+03
-9.999000000000000000e+03
-9.999000000000000000e+03
-9.999000000000000000e+03
-9.999000000000000000e+03
-9.999000000000000000e+03
-9.999000000000000000e+03
-9.999000000000000000e+03
-9.999000000000000000e+03
-9.999000000000000000e+03
-9.999000000000000000e+03
-9.999000000000000000e+03
-9.999000000000000000e+03
-9.999000000000000000e+03
4.867849871516227722e-02
6.769943982362747192e-02
1.091575175523757935e-01
8.376668393611907959e-02
3.838673606514930725e-02
5.379175301641225815e-03
-1.401608344167470932e-02
-3.208205103874206543e-03
3.096733614802360535e-02
3.799200430512428284e-02
1.810587570071220398e-02
-1.314045302569866180e-02
7.091329433023929596e-03
6.587411463260650635e-02
-9.999000000000000000e+03
-9.999000000000000000e+03
-9.999000000000000000e+03
-9.999000000000000000e+03
-9.999000000000000000e+03
-9.999000000000000000e+03
-9.999000000000000000e+03
-9.999000000000000000e+03
-9.999000000000000000e+03
-9.999000000000000000e+03
-9.999000000000000000e+03
-9.999000000000000000e+03
-9.999000000000000000e+03
-9.999000000000000000e+03
-9.999000000000000000e+03
-9.999000000000000000e+03
-9.999000000000000000e+03
6.884917616844177246e-02
1.045060828328132629e-01
1.112073138356208801e-01
8.193990588188171387e-02
2.970954030752182007e-02
-8.923032321035861969e-03
-2.769300527870655060e-02
-2.028503827750682831e-02
5.836969241499900818e-03
1.997339352965354919e-02
1.996096037328243256e-02
-6.802566349506378174e-03
1.037378981709480286e-02
-9.999000000000000000e+03
-9.999000000000000000e+03
-9.999000000000000000e+03
-9.999000000000000000e+03
-9.999000000000000000e+03
-9.999000000000000000e+03
-9.999000000000000000e+03
-9.999000000000000000e+03
-9.999000000000000000e+03
-9.999000000000000000e+03
-9.999000000000000000e+03
-9.999000000000000000e+03
-9.999000000000000000e+03
-9.999000000000000000e+03
-9.999000000000000000e+03
-9.999000000000000000e+03
-9.999000000000000000e+03
-9.999000000000000000e+03
1.015393510460853577e-01
1.372331678867340088e-01
1.067904308438301086e-01
6.451667100191116333e-02
1.484913751482963562e-02
-2.324760518968105316e-02
-4.556830599904060364e-02
-2.989235706627368927e-02
-7.566096610389649868e-04
3.932601585984230042e-02
1.893099397420883179e-02
2.793425228446722031e-03
-9.999000000000000000e+03
-9.999000000000000000e+03
-9.999000000000000000e+03
-9.999000000000000000e+03
-9.999000000000000000e+03
-9.999000000000000000e+03
-9.999000000000000000e+03
-9.999000000000000000e+03
-9.999000000000000000e+03
-9.999000000000000000e+03
-9.999000000000000000e+03
-9.999000000000000000e+03
-9.999000000000000000e+03
-9.999000000000000000e+03
-9.999000000000000000e+03
-9.999000000000000000e+03
-9.999000000000000000e+03
-9.999000000000000000e+03
-9.999000000000000000e+03
1.099536120891571045e-01
1.214186251163482666e-01
1.021983996033668518e-01
6.485652178525924683e-02
-2.132088132202625275e-02
-3.698016330599784851e-02
-2.306453697383403778e-02
-6.151788868010044098e-03
6.518413778394460678e-03
1.526203937828540802e-02
-9.999000000000000000e+03
-9.999000000000000000e+03
-9.999000000000000000e+03
-9.999000000000000000e+03
-9.999000000000000000e+03
-9.999000000000000000e+03
-9.999000000000000000e+03
-9.999000000000000000e+03
-9.999000000000000000e+03
-9.999000000000000000e+03
-9.999000000000000000e+03
-9.999000000000000000e+03
-9.999000000000000000e+03
-9.999000000000000000e+03
-9.999000000000000000e+03
-9.999000000000000000e+03
-9.999000000000000000e+03
-9.999000000000000000e+03
-9.999000000000000000e+03
-9.999000000000000000e+03
-9.999000000000000000e+03
8.306970447301864624e-02
9.357796609401702881e-02
5.677467957139015198e-02
2.457643486559391022e-02
-9.095045737922191620e-03
-2.485093660652637482e-02
-9.999000000000000000e+03
-9.999000000000000000e+03
-9.999000000000000000e+03
-9.999000000000000000e+03
-9.999000000000000000e+03
-9.999000000000000000e+03
-9.999000000000000000e+03
-9.999000000000000000e+03
-9.999000000000000000e+03
-9.999000000000000000e+03
-9.999000000000000000e+03
-9.999000000000000000e+03
-9.999000000000000000e+03
-9.999000000000000000e+03
-9.999000000000000000e+03
-9.999000000000000000e+03
-9.999000000000000000e+03
-9.999000000000000000e+03
-9.999000000000000000e+03
-9.999000000000000000e+03
-9.999000000000000000e+03
-9.999000000000000000e+03
-9.999000000000000000e+03
-9.999000000000000000e+03
-9.999000000000000000e+03
2.793407253921031952e-02
4.080314189195632935e-02
3.615404665470123291e-02
-9.999000000000000000e+03
-9.999000000000000000e+03
-9.999000000000000000e+03
-9.999000000000000000e+03
-9.999000000000000000e+03
-9.999000000000000000e+03
-9.999000000000000000e+03
-9.999000000000000000e+03
-9.999000000000000000e+03
-9.999000000000000000e+03
-9.999000000000000000e+03
-9.999000000000000000e+03
-9.999000000000000000e+03
-9.999000000000000000e+03
-9.999000000000000000e+03
-9.999000000000000000e+03
-9.999000000000000000e+03
-9.999000000000000000e+03
-9.999000000000000000e+03
-9.999000000000000000e+03
-9.999000000000000000e+03
-9.999000000000000000e+03
-9.999000000000000000e+03
-9.999000000000000000e+03
-9.999000000000000000e+03
-9.999000000000000000e+03
-9.999000000000000000e+03
-9.999000000000000000e+03
