1.422069519758224487e-01
1.489614695310592651e-01
1.299671530723571777e-01
1.120268404483795166e-01
1.224083974957466125e-01
1.100799366831779480e-01
9.854117035865783691e-02
8.288317918777465820e-02
5.815092846751213074e-02
3.118203207850456238e-02
-2.604137174785137177e-02
-9.999000000000000000e+03
-9.999000000000000000e+03
-9.999000000000000000e+03
-9.999000000000000000e+03
-9.999000000000000000e+03
-9.999000000000000000e+03
-9.999000000000000000e+03
-9.999000000000000000e+03
-9.999000000000000000e+03
-9.999000000000000000e+03
-9.999000000000000000e+03
-9.999000000000000000e+03
8.582283742725849152e-03
2.741128206253051758e-02
4.633900523185729980e-02
6.314819306135177612e-02
9.987957775592803955e-02
1.257110685110092163e-01
1.336791068315505981e-01
1.383366882801055908e-01
7.465758919715881348e-02
8.243034034967422485e-02
7.194694131612777710e-02
5.603726580739021301e-02
6.045708060264587402e-02
5.358424037694931030e-02
4.052018001675605774e-02
3.700514882802963257e-02
2.143469825387001038e-02
1.687060296535491943e-02
5.881193559616804123e-03
4.268971737474203110e-03
-9.999000000000000000e+03
-9.999000000000000000e+03
-9.999000000000000000e+03
-9.999000000000000000e+03
-9.999000000000000000e+03
-9.999000000000000000e+03
-9.999000000000000000e+03
-9.999000000000000000e+03
-9.999000000000000000e+03
4.354258999228477478e-02
6.838589906692504883e-02
6.679549813270568848e-02
9.665348380804061890e-02
9.732908755540847778e-02
1.027588546276092529e-01
1.250775903463363647e-01
1.421131938695907593e-01
1.457289904356002808e-01
1.498426496982574463e-01
1.376250572502613068e-02
1.638144999742507935e-02
6.095860153436660767e-04
-2.765992656350135803e-02
-1.585393212735652924e-02
-2.446554042398929596e-02
-1.837872155010700226e-02
-4.105655942112207413e-03
-1.104148104786872864e-02
5.116289248690009117e-04
1.110887806862592697e-02
1.912938989698886871e-02
-9.999000000000000000e+03
-9.999000000000000000e+03
-9.999000000000000000e+03
-9.999000000000000000e+03
-9.999000000000000000e+03
-9.999000000000000000e+03
-9.999000000000000000e+03
7.644559442996978760e-02
7.442860305309295654e-02
9.870481491088867188e-02
1.043284460902214050e-01
1.085597649216651917e-01
1.065987870097160339e-01
1.164295822381973267e-01
1.287072747945785522e-01
1.367020308971405029e-01
1.488338559865951538e-01
1.648149043321609497e-01
1.673176735639572144e-01
-5.403469502925872803e-02
-5.687894299626350403e-02
-7.357790321111679077e-02
-1.002255752682685852e-01
-9.869883954524993896e-02
-1.056186482310295105e-01
-9.318770468235015869e-02
-6.069388613104820251e-02
-4.290336742997169495e-02
-1.277981977909803391e-02
6.998703349381685257e-03
4.253289103507995605e-02
7.111411541700363159e-02
-9.999000000000000000e+03
-9.999000000000000000e+03
-9.999000000000000000e+03
7.380601018667221069e-02
9.640953689813613892e-02
1.087498217821121216e-01
9.047836065292358398e-02
6.882070749998092651e-02
6.006359681487083435e-02
3.817833960056304932e-02
6.230770051479339600e-02
6.995115429162979126e-02
6.635541468858718872e-02
1.114070788025856018e-01
1.239776834845542908e-01
1.388228386640548706e-01
1.506345272064208984e-01
1.495077759027481079e-01
-1.210337132215499878e-01
-1.323618590831756592e-01
-1.497274190187454224e-01
-1.649208068847656250e-01
-1.594845354557037354e-01
-1.531559824943542480e-01
-1.338970214128494263e-01
-9.915759414434432983e-02
-6.459818035364151001e-02
-2.433728799223899841e-02
1.800755597651004791e-02
5.827151238918304443e-02
9.085717797279357910e-02
1.010783910751342773e-01
1.070002689957618713e-01
1.056504994630813599e-01
9.950248152017593384e-02
7.646998763084411621e-02
6.134960427880287170e-02
1.477718167006969452e-02
-8.196771144866943359e-03
-5.120117962360382080e-02
-7.823965698480606079e-02
-4.607791826128959656e-02
-3.121515363454818726e-02
-1.873449655249714851e-03
4.390383139252662659e-02
8.196185529232025146e-02
1.155880242586135864e-01
1.353965401649475098e-01
1.401265859603881836e-01
-1.547965407371520996e-01
-1.686833202838897705e-01
-1.856298446655273438e-01
-1.945136040449142456e-01
-1.923819929361343384e-01
-1.789490431547164917e-01
-1.526066064834594727e-01
-1.153365746140480042e-01
-8.383923768997192383e-02
-3.542808070778846741e-02
1.903202570974826813e-02
7.417351752519607544e-02
9.694415330886840820e-02
1.030158847570419312e-01
9.029567986726760864e-02
8.362863212823867798e-02
4.919767007231712341e-02
-1.750907301902770996e-02
-5.866046622395515442e-02
-1.167834028601646423e-01
-1.332938075065612793e-01
-1.355758905410766602e-01
-1.463941782712936401e-01
-1.168890073895454407e-01
-8.593062311410903931e-02
-6.055359169840812683e-02
3.594350302591919899e-03
3.891858458518981934e-02
7.551137357950210571e-02
1.107761636376380920e-01
1.165744289755821228e-01
-1.642681360244750977e-01
-1.742650866508483887e-01
-1.898398101329803467e-01
-1.924377828836441040e-01
-1.936592906713485718e-01
-1.871558576822280884e-01
-1.581957638263702393e-01
-1.202461943030357361e-01
-8.399675041437149048e-02
-3.930965065956115723e-02
8.452950045466423035e-03
3.811230510473251343e-02
7.188579440116882324e-02
7.664554566144943237e-02
2.614022791385650635e-02
-1.109357271343469620e-02
-6.936254352331161499e-02
-1.204328760504722595e-01
-1.415528208017349243e-01
-1.807349026203155518e-01
-1.891020536422729492e-01
-1.995889991521835327e-01
-2.149255722761154175e-01
-2.001094073057174683e-01
-1.810861676931381226e-01
-1.569004505872726440e-01
-8.281346410512924194e-02
-4.643472656607627869e-02
-1.157014630734920502e-02
4.187423363327980042e-02
5.488530546426773071e-02
-1.615196019411087036e-01
-1.580411940813064575e-01
-1.727346330881118774e-01
-1.711374223232269287e-01
-1.664453148841857910e-01
-1.528927832841873169e-01
-1.323941051959991455e-01
-1.134473755955696106e-01
-8.634492754936218262e-02
-4.520885646343231201e-02
-8.953466080129146576e-03
7.229313720017671585e-03
1.228080596774816513e-02
-8.136511314660310745e-04
-5.239184200763702393e-02
-9.015012532472610474e-02
-1.534352004528045654e-01
-1.732418090105056763e-01
-1.820467263460159302e-01
-1.857900917530059814e-01
-1.876672506332397461e-01
-2.048468440771102905e-01
-2.092429399490356445e-01
-2.165201157331466675e-01
-2.353167384862899780e-01
-2.390471696853637695e-01
-1.761857420206069946e-01
-1.358841359615325928e-01
-9.551890194416046143e-02
-4.306220635771751404e-02
-3.109575062990188599e-02
-1.372455954551696777e-01
-1.284747868776321411e-01
-1.354104876518249512e-01
-1.358979940414428711e-01
-1.413898915052413940e-01
-1.246139928698539734e-01
-1.106251329183578491e-01
-8.692704141139984131e-02
-6.059850007295608521e-02
-4.033697396516799927e-02
-2.492571994662284851e-02
-2.069412916898727417e-02
-5.142420157790184021e-02
-9.597777575254440308e-02
-1.496316492557525635e-01
-1.606992334127426147e-01
-1.748287379741668701e-01
-1.662511974573135376e-01
-1.636460721492767334e-01
-1.493527591228485107e-01
-1.245281696319580078e-01
-1.286891847848892212e-01
-1.023982688784599304e-01
-1.275952905416488647e-01
-1.062649860978126526e-01
-1.963987052440643311e-01
-1.932630836963653564e-01
-1.810350269079208374e-01
-1.450517922639846802e-01
-1.066786199808120728e-01
-9.367651492357254028e-02
-1.084845364093780518e-01
-1.036678776144981384e-01
-1.056244894862174988e-01
-1.021855399012565613e-01
-1.130328476428985596e-01
-1.159872263669967651e-01
-9.896370023488998413e-02
-7.697889208793640137e-02
-5.433968454599380493e-02
-5.904313921928405762e-02
-7.157813757658004761e-02
-1.049132347106933594e-01
-1.290336549282073975e-01
-1.528387963771820068e-01
-1.778509020805358887e-01
-1.761356294155120850e-01
-1.645171791315078735e-01
-1.114600673317909241e-01
-1.200903132557868958e-01
-8.469787240028381348e-02
-6.590645015239715576e-02
-9.999000000000000000e+03
-9.999000000000000000e+03
-9.999000000000000000e+03
-9.999000000000000000e+03
-9.999000000000000000e+03
-9.999000000000000000e+03
-2.097218185663223267e-01
-1.789670288562774658e-01
-1.489883959293365479e-01
-1.444679796695709229e-01
-9.284000098705291748e-02
-7.949385792016983032e-02
-7.621909677982330322e-02
-6.965314596891403198e-02
-8.090905845165252686e-02
-8.565127104520797729e-02
-7.142365723848342896e-02
-6.206855550408363342e-02
-7.121030986309051514e-02
-1.039010509848594666e-01
-1.262688040733337402e-01
-1.671274453401565552e-01
-1.705546528100967407e-01
-1.750012487173080444e-01
-1.626883596181869507e-01
-1.379398703575134277e-01
-1.116286739706993103e-01
-9.999000000000000000e+03
-9.999000000000000000e+03
-9.999000000000000000e+03
-9.999000000000000000e+03
-9.999000000000000000e+03
-9.999000000000000000e+03
-9.999000000000000000e+03
-9.999000000000000000e+03
-9.999000000000000000e+03
-9.999000000000000000e+03
-1.100644469261169434e-01
-1.582668423652648926e-01
-1.862195134162902832e-01
-1.871997714042663574e-01
-1.073627844452857971e-01
-8.990857005119323730e-02
-7.263753563165664673e-02
-6.717764586210250854e-02
-6.269375234842300415e-02
-6.754051148891448975e-02
-6.568448990583419800e-02
-6.269419938325881958e-02
-1.002546995878219604e-01
-1.450589597225189209e-01
-1.574625372886657715e-01
-1.605571806430816650e-01
-1.534120589494705200e-01
-1.539896726608276367e-01
-8.410823345184326172e-02
-8.802893012762069702e-02
-9.999000000000000000e+03
-9.999000000000000000e+03
-9.999000000000000000e+03
-9.999000000000000000e+03
-9.999000000000000000e+03
-9.999000000000000000e+03
-9.999000000000000000e+03
-9.999000000000000000e+03
-9.999000000000000000e+03
-9.999000000000000000e+03
-9.999000000000000000e+03
-9.999000000000000000e+03
-9.155569970607757568e-02
-1.813093125820159912e-01
-2.121631205081939697e-01
-1.424525976181030273e-01
-1.200968846678733826e-01
-9.040679782629013062e-02
-7.006936520338058472e-02
-5.752350389957427979e-02
-5.513271689414978027e-02
-4.627215117216110229e-02
-6.448370218276977539e-02
-1.004502847790718079e-01
-1.295778900384902954e-01
-1.419840008020401001e-01
-1.365283727645874023e-01
-9.326828271150588989e-02
-9.992853552103042603e-02
-9.999000000000000000e+03
-9.999000000000000000e+03
-9.999000000000000000e+03
-9.999000000000000000e+03
-9.999000000000000000e+03
-9.999000000000000000e+03
-9.999000000000000000e+03
-9.999000000000000000e+03
-9.999000000000000000e+03
-9.999000000000000000e+03
-9.999000000000000000e+03
-9.999000000000000000e+03
-9.999000000000000000e+03
-9.999000000000000000e+03
-9.999000000000000000e+03
-1.430619359016418457e-01
-2.042846232652664185e-01
-9.999000000000000000e+03
-7.973062247037887573e-02
-9.160891175270080566e-02
-6.770246475934982300e-02
-4.726273566484451294e-02
-4.483459144830703735e-02
-4.352331161499023438e-02
-7.580529898405075073e-02
-9.784313291311264038e-02
-9.891921281814575195e-02
-1.040099263191223145e-01
-8.734125643968582153e-02
-7.055354118347167969e-02
-9.999000000000000000e+03
-9.999000000000000000e+03
-9.999000000000000000e+03
-9.999000000000000000e+03
-9.999000000000000000e+03
-9.999000000000000000e+03
-9.999000000000000000e+03
-9.999000000000000000e+03
-9.999000000000000000e+03
-9.999000000000000000e+03
-9.999000000000000000e+03
-9.999000000000000000e+03
-9.999000000000000000e+03
-9.999000000000000000e+03
-9.999000000000000000e+03
-9.999000000000000000e+03
-9.582508355379104614e-02
-1.555797159671783447e-01
-9.999000000000000000e+03
-9.999000000000000000e+03
-7.784397900104522705e-02
-5.788651853799819946e-02
-3.903187438845634460e-02
-3.639011830091476440e-02
-5.419293045997619629e-02
-7.679995894432067871e-02
-7.984743267297744751e-02
-7.133044302463531494e-02
-6.958664953708648682e-02
-2.820656076073646545e-02
-9.999000000000000000e+03
-9.999000000000000000e+03
-9.999000000000000000e+03
-9.999000000000000000e+03
-9.999000000000000000e+03
-9.999000000000000000e+03
-9.999000000000000000e+03
-9.999000000000000000e+03
-9.999000000000000000e+03
-9.999000000000000000e+03
-9.999000000000000000e+03
-9.999000000000000000e+03
-9.999000000000000000e+03
-9.999000000000000000e+03
-9.999000000000000000e+03
-9.999000000000000000e+03
-9.999000000000000000e+03
-3.924668207764625549e-02
-6.461893022060394287e-02
-9.999000000000000000e+03
-9.999000000000000000e+03
-4.357992485165596008e-02
-4.509556666016578674e-02
-3.315295651555061340e-02
-2.713733911514282227e-02
-3.156452253460884094e-02
-3.962425887584686279e-02
-4.551744833588600159e-02
-3.565380722284317017e-02
-3.804869204759597778e-02
-2.290780842304229736e-02
-9.999000000000000000e+03
-9.999000000000000000e+03
-9.999000000000000000e+03
-9.999000000000000000e+03
-9.999000000000000000e+03
-9.999000000000000000e+03
-9.999000000000000000e+03
-9.999000000000000000e+03
-9.999000000000000000e+03
-9.999000000000000000e+03
-9.999000000000000000e+03
-9.999000000000000000e+03
-9.999000000000000000e+03
-9.999000000000000000e+03
-9.999000000000000000e+03
-9.999000000000000000e+03
-9.999000000000000000e+03
-9.999000000000000000e+03
-9.999000000000000000e+03
-9.999000000000000000e+03
-9.999000000000000000e+03
-2.470109239220619202e-02
-3.355465456843376160e-02
-2.057671919465065002e-02
-1.051076594740152359e-02
3.026919206604361534e-03
2.245054580271244049e-03
1.094774063676595688e-02
1.142939273267984390e-02
-6.829679012298583984e-03
-8.695245720446109772e-03
-9.999000000000000000e+03
-9.999000000000000000e+03
-9.999000000000000000e+03
-9.999000000000000000e+03
-9.999000000000000000e+03
-9.999000000000000000e+03
-9.999000000000000000e+03
-9.999000000000000000e+03
-9.999000000000000000e+03
-9.999000000000000000e+03
-9.999000000000000000e+03
-9.999000000000000000e+03
-9.999000000000000000e+03
-9.999000000000000000e+03
-9.999000000000000000e+03
-9.999000000000000000e+03
-9.999000000000000000e+03
-9.999000000000000000e+03
-9.999000000000000000e+03
-9.999000000000000000e+03
-9.999000000000000000e+03
-9.999000000000000000e+03
-3.385561332106590271e-02
-3.609934076666831970e-02
-5.497722886502742767e-03
5.333107337355613708e-02
4.687834158539772034e-02
3.796933963894844055e-02
6.079593673348426819e-02
4.618116840720176697e-02
-9.999000000000000000e+03
-9.999000000000000000e+03
-9.999000000000000000e+03
-9.999000000000000000e+03
-9.999000000000000000e+03
-9.999000000000000000e+03
-9.999000000000000000e+03
-9.999000000000000000e+03
-9.999000000000000000e+03
-9.999000000000000000e+03
-9.999000000000000000e+03
-9.999000000000000000e+03
-9.999000000000000000e+03
-9.999000000000000000e+03
-9.999000000000000000e+03
-9.999000000000000000e+03
-9.999000000000000000e+03
-9.999000000000000000e+03
-9.999000000000000000e+03
-9.999000000000000000e+03
-9.999000000000000000e+03
-9.999000000000000000e+03
-9.999000000000000000e+03
-3.727627918124198914e-02
-6.021429598331451416e-02
-2.856371179223060608e-02
1.064736861735582352e-02
3.414560109376907349e-02
4.290013760328292847e-02
1.179309561848640442e-01
1.859290152788162231e-01
1.417605578899383545e-01
-9.999000000000000000e+03
-9.999000000000000000e+03
-9.999000000000000000e+03
-9.999000000000000000e+03
-9.999000000000000000e+03
-9.999000000000000000e+03
-9.999000000000000000e+03
-9.999000000000000000e+03
-9.999000000000000000e+03
-9.999000000000000000e+03
-9.999000000000000000e+03
-9.999000000000000000e+03
-9.999000000000000000e+03
-9.999000000000000000e+03
-9.999000000000000000e+03
-9.999000000000000000e+03
-9.999000000000000000e+03
-9.999000000000000000e+03
-9.999000000000000000e+03
-9.999000000000000000e+03
-9.999000000000000000e+03
-9.999000000000000000e+03
-9.999000000000000000e+03
-6.207141280174255371e-02
-4.170545935630798340e-02
-4.704689607024192810e-02
-6.657975167036056519e-02
-4.735424369573593140e-02
-2.304632216691970825e-02
1.416069269180297852e-01
1.602247506380081177e-01
-9.999000000000000000e+03
-9.999000000000000000e+03
-9.999000000000000000e+03
-9.999000000000000000e+03
-9.999000000000000000e+03
-9.999000000000000000e+03
-9.999000000000000000e+03
-9.999000000000000000e+03
-9.999000000000000000e+03
-9.999000000000000000e+03
-9.999000000000000000e+03
-9.999000000000000000e+03
-9.999000000000000000e+03
-9.999000000000000000e+03
-9.999000000000000000e+03
-9.999000000000000000e+03
-9.999000000000000000e+03
-9.999000000000000000e+03
-9.999000000000000000e+03
-9.999000000000000000e+03
-9.999000000000000000e+03
-9.999000000000000000e+03
-9.999000000000000000e+03
-5.424727126955986023e-02
-8.861744403839111328e-02
-1.385311335325241089e-01
-1.441491842269897461e-01
-1.498056352138519287e-01
-1.345263421535491943e-01
-8.117894083261489868e-02
-1.122077088803052902e-02
-2.272262051701545715e-02
-9.999000000000000000e+03
-9.999000000000000000e+03
-9.999000000000000000e+03
-9.999000000000000000e+03
-9.999000000000000000e+03
-9.999000000000000000e+03
-9.999000000000000000e+03
-9.999000000000000000e+03
-9.999000000000000000e+03
-9.999000000000000000e+03
-9.999000000000000000e+03
-9.999000000000000000e+03
-9.999000000000000000e+03
-9.999000000000000000e+03
-9.999000000000000000e+03
-9.999000000000000000e+03
-9.999000000000000000e+03
-9.999000000000000000e+03
-9.999000000000000000e+03
-9.999000000000000000e+03
-9.999000000000000000e+03
-9.999000000000000000e+03
-1.014705095440149307e-02
-6.827727705240249634e-02
-9.272115677595138550e-02
-1.035014688968658447e-01
-1.076581776142120361e-01
-1.056314185261726379e-01
-1.075983345508575439e-01
-8.511677384376525879e-02
-4.484064504504203796e-02
-3.005920723080635071e-02
-2.261264063417911530e-02
2.627341076731681824e-03
1.710021682083606720e-02
-9.999000000000000000e+03
-9.999000000000000000e+03
-9.999000000000000000e+03
-9.999000000000000000e+03
-9.999000000000000000e+03
-9.999000000000000000e+03
-9.999000000000000000e+03
-9.999000000000000000e+03
-9.999000000000000000e+03
-9.999000000000000000e+03
-9.999000000000000000e+03
-9.999000000000000000e+03
-9.999000000000000000e+03
-9.999000000000000000e+03
-9.999000000000000000e+03
-9.999000000000000000e+03
-9.999000000000000000e+03
-1.177281327545642853e-02
-7.214977405965328217e-03
-6.829408928751945496e-03
-1.328414212912321091e-02
-4.405086487531661987e-02
-6.493627279996871948e-02
-6.252767145633697510e-02
-6.143886595964431763e-02
-5.240329355001449585e-02
3.272681031376123428e-03
4.308445751667022705e-02
2.071273513138294220e-02
2.308101579546928406e-02
2.556929551064968109e-02
-9.999000000000000000e+03
-9.999000000000000000e+03
-9.999000000000000000e+03
-9.999000000000000000e+03
-9.999000000000000000e+03
-9.999000000000000000e+03
-9.999000000000000000e+03
-9.999000000000000000e+03
-9.999000000000000000e+03
-9.999000000000000000e+03
-9.999000000000000000e+03
-9.999000000000000000e+03
-9.999000000000000000e+03
-9.999000000000000000e+03
-9.999000000000000000e+03
-8.413268253207206726e-03
-1.728210039436817169e-02
-3.501299768686294556e-02
-3.097661025822162628e-02
-1.325896661728620529e-02
-7.852642796933650970e-03
-1.270099822431802750e-02
-3.515659272670745850e-02
-5.371293798089027405e-02
-5.687811970710754395e-02
-4.232472181320190430e-02
-2.340007014572620392e-02
1.090382877737283707e-02
-1.967232674360275269e-03
-9.999000000000000000e+03
-9.999000000000000000e+03
-9.999000000000000000e+03
-9.999000000000000000e+03
-9.999000000000000000e+03
-9.999000000000000000e+03
-9.999000000000000000e+03
-9.999000000000000000e+03
-9.999000000000000000e+03
-9.999000000000000000e+03
-9.999000000000000000e+03
-9.999000000000000000e+03
-9.999000000000000000e+03
-9.999000000000000000e+03
-9.999000000000000000e+03
-9.999000000000000000e+03
-8.787722326815128326e-03
-2.002550056204199791e-03
-1.211766432970762253e-02
-2.611245587468147278e-02
-3.738124296069145203e-02
-2.179612591862678528e-02
-4.762505181133747101e-03
1.744224340654909611e-03
-8.944056928157806396e-03
-1.619545184075832367e-02
-4.334993660449981689e-02
-7.348186522722244263e-02
-8.049197494983673096e-02
-5.959955230355262756e-02
-9.999000000000000000e+03
-9.999000000000000000e+03
-9.999000000000000000e+03
-9.999000000000000000e+03
-9.999000000000000000e+03
-9.999000000000000000e+03
-9.999000000000000000e+03
-9.999000000000000000e+03
-9.999000000000000000e+03
-9.999000000000000000e+03
-9.999000000000000000e+03
-9.999000000000000000e+03
-9.999000000000000000e+03
-9.999000000000000000e+03
-9.999000000000000000e+03
-9.999000000000000000e+03
-9.999000000000000000e+03
-2.617726661264896393e-02
-1.924414932727813721e-02
-3.404780477285385132e-02
-4.838201403617858887e-02
-4.737689346075057983e-02
-3.266869857907295227e-02
-1.185085810720920563e-02
1.071672700345516205e-02
1.565014198422431946e-02
3.589558601379394531e-02
3.150131553411483765e-02
-1.125017367303371429e-02
-3.223885223269462585e-02
-6.047101318836212158e-02
-9.999000000000000000e+03
-9.999000000000000000e+03
-9.999000000000000000e+03
-9.999000000000000000e+03
-9.999000000000000000e+03
-9.999000000000000000e+03
-9.999000000000000000e+03
-9.999000000000000000e+03
-9.999000000000000000e+03
-9.999000000000000000e+03
-9.999000000000000000e+03
-9.999000000000000000e+03
-9.999000000000000000e+03
-9.999000000000000000e+03
-9.999000000000000000e+03
-9.999000000000000000e+03
-9.999000000000000000e+03
-4.549159109592437744e-02
-4.692943394184112549e-02
-4.395519942045211792e-02
-4.286636039614677429e-02
-3.786543756723403931e-02
-1.998865231871604919e-02
6.395820993930101395e-03
2.190771885216236115e-02
3.234900906682014465e-02
3.565179929137229919e-02
3.515116125345230103e-02
3.840960189700126648e-02
3.178414888679981232e-03
-9.999000000000000000e+03
-9.999000000000000000e+03
-9.999000000000000000e+03
-9.999000000000000000e+03
-9.999000000000000000e+03
-9.999000000000000000e+03
-9.999000000000000000e+03
-9.999000000000000000e+03
-9.999000000000000000e+03
-9.999000000000000000e+03
-9.999000000000000000e+03
-9.999000000000000000e+03
-9.999000000000000000e+03
-9.999000000000000000e+03
-9.999000000000000000e+03
-9.999000000000000000e+03
-9.999000000000000000e+03
-9.999000000000000000e+03
-4.080227762460708618e-02
-3.961332142353057861e-02
-2.282376028597354889e-02
-1.134002674371004105e-02
1.181695889681577682e-02
1.810420677065849304e-02
2.144021540880203247e-02
3.393555432558059692e-02
4.878517612814903259e-02
7.403905689716339111e-02
4.378756508231163025e-02
1.609109900891780853e-02
-9.999000000000000000e+03
-9.999000000000000000e+03
-9.999000000000000000e+03
-9.999000000000000000e+03
-9.999000000000000000e+03
-9.999000000000000000e+03
-9.999000000000000000e+03
-9.999000000000000000e+03
-9.999000000000000000e+03
-9.999000000000000000e+03
-9.999000000000000000e+03
-9.999000000000000000e+03
-9.999000000000000000e+03
-9.999000000000000000e+03
-9.999000000000000000e+03
-9.999000000000000000e+03
-9.999000000000000000e+03
-9.999000000000000000e+03
-9.999000000000000000e+03
-2.366409823298454285e-02
-1.728207431733608246e-02
2.263850998133420944e-03
2.037033438682556152e-02
9.199108928442001343e-02
8.976160734891891479e-02
7.485301047563552856e-02
5.388921499252319336e-02
4.715606942772865295e-02
3.502369299530982971e-02
-9.999000000000000000e+03
-9.999000000000000000e+03
-9.999000000000000000e+03
-9.999000000000000000e+03
-9.999000000000000000e+03
-9.999000000000000000e+03
-9.999000000000000000e+03
-9.999000000000000000e+03
-9.999000000000000000e+03
-9.999000000000000000e+03
-9.999000000000000000e+03
-9.999000000000000000e+03
-9.999000000000000000e+03
-9.999000000000000000e+03
-9.999000000000000000e+03
-9.999000000000000000e+03
-9.999000000000000000e+03
-9.999000000000000000e+03
-9.999000000000000000e+03
-9.999000000000000000e+03
-9.999000000000000000e+03
1.429674099199473858e-03
2.727507241070270538e-02
6.345947086811065674e-02
1.029716134071350098e-01
1.303252726793289185e-01
1.087911650538444519e-01
-9.999000000000000000e+03
-9.999000000000000000e+03
-9.999000000000000000e+03
-9.999000000000000000e+03
-9.999000000000000000e+03
-9.999000000000000000e+03
-9.999000000000000000e+03
-9.999000000000000000e+03
-9.999000000000000000e+03
-9.999000000000000000e+03
-9.999000000000000000e+03
-9.999000000000000000e+03
-9.999000000000000000e+03
-9.999000000000000000e+03
-9.999000000000000000e+03
-9.999000000000000000e+03
-9.999000000000000000e+03
-9.999000000000000000e+03
-9.999000000000000000e+03
-9.999000000000000000e+03
-9.999000000000000000e+03
-9.999000000000000000e+03
-9.999000000000000000e+03
-9.999000000000000000e+03
-9.999000000000000000e+03
9.260975755751132965e-03
2.279989421367645264e-02
7.302670925855636597e-02
-9.999000000000000000e+03
-9.999000000000000000e+03
-9.999000000000000000e+03
-9.999000000000000000e+03
-9.999000000000000000e+03
-9.999000000000000000e+03
-9.999000000000000000e+03
-9.999000000000000000e+03
-9.999000000000000000e+03
-9.999000000000000000e+03
-9.999000000000000000e+03
-9.999000000000000000e+03
-9.999000000000000000e+03
-9.999000000000000000e+03
-9.999000000000000000e+03
-9.999000000000000000e+03
-9.999000000000000000e+03
-9.999000000000000000e+03
-9.999000000000000000e+03
-9.999000000000000000e+03
-9.999000000000000000e+03
-9.999000000000000000e+03
-9.999000000000000000e+03
-9.999000000000000000e+03
-9.999000000000000000e+03
-9.999000000000000000e+03
-9.999000000000000000e+03
-9.999000000000000000e+03
