1.177177727222442627e-01
1.229372546076774597e-01
1.025125011801719666e-01
8.770809322595596313e-02
1.020221039652824402e-01
8.996412158012390137e-02
8.112405985593795776e-02
7.568025588989257812e-02
5.110440775752067566e-02
3.922586888074874878e-02
-1.329542417079210281e-02
-9.999000000000000000e+03
-9.999000000000000000e+03
-9.999000000000000000e+03
-9.999000000000000000e+03
-9.999000000000000000e+03
-9.999000000000000000e+03
-9.999000000000000000e+03
-9.999000000000000000e+03
-9.999000000000000000e+03
-9.999000000000000000e+03
-9.999000000000000000e+03
-9.999000000000000000e+03
-8.544404990971088409e-03
6.339485844364389777e-05
4.491490125656127930e-02
8.531393110752105713e-02
1.290914267301559448e-01
1.510336697101593018e-01
1.665741205215454102e-01
1.721964776515960693e-01
5.058716610074043274e-02
5.309069156646728516e-02
4.135524481534957886e-02
3.317486494779586792e-02
4.764427617192268372e-02
3.416827321052551270e-02
1.492868084460496902e-02
1.516606751829385757e-02
1.870709005743265152e-03
1.032924093306064606e-02
1.129427552223205566e-02
1.149938628077507019e-02
-9.999000000000000000e+03
-9.999000000000000000e+03
-9.999000000000000000e+03
-9.999000000000000000e+03
-9.999000000000000000e+03
-9.999000000000000000e+03
-9.999000000000000000e+03
-9.999000000000000000e+03
-9.999000000000000000e+03
4.283344000577926636e-02
6.166743487119674683e-02
5.434121191501617432e-02
8.428819477558135986e-02
9.544882178306579590e-02
1.197953745722770691e-01
1.443871259689331055e-01
1.539966762065887451e-01
1.594494879245758057e-01
1.682712435722351074e-01
-1.113330759108066559e-02
-1.930639706552028656e-02
-3.551533818244934082e-02
-4.889510571956634521e-02
-2.684947475790977478e-02
-3.862813487648963928e-02
-4.465207457542419434e-02
-3.851878270506858826e-02
-4.675082117319107056e-02
-2.490616776049137115e-02
-1.885554287582635880e-03
9.000618942081928253e-03
-9.999000000000000000e+03
-9.999000000000000000e+03
-9.999000000000000000e+03
-9.999000000000000000e+03
-9.999000000000000000e+03
-9.999000000000000000e+03
-9.999000000000000000e+03
7.650750130414962769e-02
7.401148229837417603e-02
9.232168644666671753e-02
9.582361578941345215e-02
1.040119901299476624e-01
1.019228249788284302e-01
1.110735535621643066e-01
1.279731690883636475e-01
1.305282115936279297e-01
1.408860981464385986e-01
1.569389253854751587e-01
1.599106937646865845e-01
-7.762585580348968506e-02
-9.038358181715011597e-02
-1.102702468633651733e-01
-1.277124583721160889e-01
-1.096462905406951904e-01
-1.152700632810592651e-01
-1.134829893708229065e-01
-9.606888890266418457e-02
-8.677563071250915527e-02
-5.432233959436416626e-02
-2.884992584586143494e-02
5.415731575340032578e-03
2.991612814366817474e-02
-9.999000000000000000e+03
-9.999000000000000000e+03
-9.999000000000000000e+03
5.372489616274833679e-02
8.001624792814254761e-02
1.059538275003433228e-01
8.253973722457885742e-02
5.850681290030479431e-02
5.057497322559356689e-02
2.755050547420978546e-02
5.586360767483711243e-02
6.138207763433456421e-02
4.292508214712142944e-02
8.300460875034332275e-02
8.392395079135894775e-02
9.827463328838348389e-02
1.194167435169219971e-01
1.303943246603012085e-01
-1.252827346324920654e-01
-1.518724560737609863e-01
-1.757351756095886230e-01
-1.887160986661911011e-01
-1.750454902648925781e-01
-1.683288365602493286e-01
-1.551748365163803101e-01
-1.304453462362289429e-01
-1.104189455509185791e-01
-7.785841822624206543e-02
-3.711623325943946838e-02
-3.135252743959426880e-03
3.248380869626998901e-02
4.910219833254814148e-02
5.943066999316215515e-02
6.270707398653030396e-02
6.448280811309814453e-02
4.970687627792358398e-02
4.264340177178382874e-02
-3.293190617114305496e-03
-3.020442277193069458e-02
-7.526562362909317017e-02
-9.758883714675903320e-02
-5.945292860269546509e-02
-5.395857989788055420e-02
-3.706632554531097412e-02
1.162401633337140083e-03
2.904440835118293762e-02
5.735868215560913086e-02
9.342317283153533936e-02
1.168412342667579651e-01
-1.467296779155731201e-01
-1.770931929349899292e-01
-2.088434100151062012e-01
-2.257299423217773438e-01
-2.139952629804611206e-01
-1.999944299459457397e-01
-1.774829924106597900e-01
-1.494970917701721191e-01
-1.297285258769989014e-01
-9.322175383567810059e-02
-4.693695157766342163e-02
-2.826457144692540169e-03
3.158279880881309509e-02
4.756774008274078369e-02
4.390825331211090088e-02
3.832561150193214417e-02
9.472589939832687378e-03
-5.038118734955787659e-02
-8.658718317747116089e-02
-1.465693712234497070e-01
-1.588441133499145508e-01
-1.562902629375457764e-01
-1.613817512989044189e-01
-1.269608438014984131e-01
-1.015975624322891235e-01
-9.521742910146713257e-02
-4.986646398901939392e-02
-2.783120609819889069e-02
9.068367071449756622e-03
5.751659348607063293e-02
8.470068126916885376e-02
-1.561853140592575073e-01
-1.881077140569686890e-01
-2.179652154445648193e-01
-2.262650579214096069e-01
-2.218470871448516846e-01
-2.079553753137588501e-01
-1.806770414113998413e-01
-1.519475579261779785e-01
-1.224808990955352783e-01
-9.055396169424057007e-02
-4.992285743355751038e-02
-1.474982593208551407e-02
2.157483808696269989e-02
3.958741948008537292e-02
-8.311949670314788818e-03
-4.694434627890586853e-02
-1.059576049447059631e-01
-1.590299904346466064e-01
-1.798061132431030273e-01
-2.186178863048553467e-01
-2.162366211414337158e-01
-2.121944874525070190e-01
-2.234992533922195435e-01
-2.056641727685928345e-01
-1.916323006153106689e-01
-1.795778125524520874e-01
-1.258399635553359985e-01
-9.172828495502471924e-02
-5.142406374216079712e-02
8.908628486096858978e-03
4.076407477259635925e-02
-1.541756838560104370e-01
-1.791018098592758179e-01
-2.090479582548141479e-01
-2.032039314508438110e-01
-1.907700151205062866e-01
-1.774413585662841797e-01
-1.616019010543823242e-01
-1.449427753686904907e-01
-1.156805306673049927e-01
-8.155673742294311523e-02
-5.120912194252014160e-02
-3.007352910935878754e-02
-2.319349162280559540e-02
-3.368071094155311584e-02
-8.098777383565902710e-02
-1.209104061126708984e-01
-1.916985809803009033e-01
-2.168935686349868774e-01
-2.226684987545013428e-01
-2.231777012348175049e-01
-2.197135835886001587e-01
-2.261952608823776245e-01
-2.332121580839157104e-01
-2.387710511684417725e-01
-2.538279592990875244e-01
-2.527725100517272949e-01
-1.972081661224365234e-01
-1.579255312681198120e-01
-1.129868701100349426e-01
-5.282244086265563965e-02
-3.429703041911125183e-02
-1.444675624370574951e-01
-1.583673357963562012e-01
-1.779210269451141357e-01
-1.769433319568634033e-01
-1.660022884607315063e-01
-1.402758806943893433e-01
-1.441302001476287842e-01
-1.282764375209808350e-01
-1.004104316234588623e-01
-7.532470673322677612e-02
-5.928017199039459229e-02
-6.037166714668273926e-02
-8.568666130304336548e-02
-1.215431690216064453e-01
-1.705176234245300293e-01
-1.866271197795867920e-01
-2.100973129272460938e-01
-2.079844176769256592e-01
-2.081784456968307495e-01
-1.959334313869476318e-01
-1.685498803853988647e-01
-1.653020679950714111e-01
-1.332031488418579102e-01
-1.587044000625610352e-01
-1.288627833127975464e-01
-2.014501094818115234e-01
-1.924427449703216553e-01
-1.932274401187896729e-01
-1.589403450489044189e-01
-1.156232804059982300e-01
-1.029699295759201050e-01
-1.300491541624069214e-01
-1.390798538923263550e-01
-1.494065970182418823e-01
-1.443070322275161743e-01
-1.429587304592132568e-01
-1.290387362241744995e-01
-1.223763301968574524e-01
-1.233370304107666016e-01
-1.001552119851112366e-01
-8.846341818571090698e-02
-1.003722921013832092e-01
-1.307721585035324097e-01
-1.531993746757507324e-01
-1.731488555669784546e-01
-1.970601230859756470e-01
-1.983629912137985229e-01
-1.969132572412490845e-01
-1.402862071990966797e-01
-1.621215492486953735e-01
-1.255420148372650146e-01
-1.041512116789817810e-01
-9.999000000000000000e+03
-9.999000000000000000e+03
-9.999000000000000000e+03
-9.999000000000000000e+03
-9.999000000000000000e+03
-9.999000000000000000e+03
-1.919043958187103271e-01
-1.803460717201232910e-01
-1.605408787727355957e-01
-1.597627401351928711e-01
-1.182319894433021545e-01
-1.113557443022727966e-01
-1.195040643215179443e-01
-1.212664470076560974e-01
-1.259718835353851318e-01
-1.113664880394935608e-01
-1.040998920798301697e-01
-1.005896329879760742e-01
-9.468371421098709106e-02
-1.071027815341949463e-01
-1.313274651765823364e-01
-1.731322258710861206e-01
-1.829979270696640015e-01
-1.895735561847686768e-01
-1.799637824296951294e-01
-1.561742573976516724e-01
-1.309184879064559937e-01
-9.999000000000000000e+03
-9.999000000000000000e+03
-9.999000000000000000e+03
-9.999000000000000000e+03
-9.999000000000000000e+03
-9.999000000000000000e+03
-9.999000000000000000e+03
-9.999000000000000000e+03
-9.999000000000000000e+03
-9.999000000000000000e+03
-1.155710667371749878e-01
-1.705961823463439941e-01
-2.034211456775665283e-01
-2.104565650224685669e-01
-1.088687032461166382e-01
-9.048314392566680908e-02
-8.817879110574722290e-02
-9.256024658679962158e-02
-9.886073321104049683e-02
-1.016048491001129150e-01
-9.473851323127746582e-02
-8.309233933687210083e-02
-9.135624766349792480e-02
-1.280329823493957520e-01
-1.504386067390441895e-01
-1.599466502666473389e-01
-1.607544571161270142e-01
-1.654878556728363037e-01
-9.131059050559997559e-02
-1.020933315157890320e-01
-9.999000000000000000e+03
-9.999000000000000000e+03
-9.999000000000000000e+03
-9.999000000000000000e+03
-9.999000000000000000e+03
-9.999000000000000000e+03
-9.999000000000000000e+03
-9.999000000000000000e+03
-9.999000000000000000e+03
-9.999000000000000000e+03
-9.999000000000000000e+03
-9.999000000000000000e+03
-1.090005338191986084e-01
-2.115816920995712280e-01
-2.505327761173248291e-01
-1.482342928647994995e-01
-1.117125898599624634e-01
-7.777278870344161987e-02
-6.741239875555038452e-02
-6.482470035552978516e-02
-6.810829788446426392e-02
-6.022223457694053650e-02
-6.969197094440460205e-02
-9.111689776182174683e-02
-1.162123531103134155e-01
-1.306798160076141357e-01
-1.206370443105697632e-01
-9.071594476699829102e-02
-1.064837872982025146e-01
-9.999000000000000000e+03
-9.999000000000000000e+03
-9.999000000000000000e+03
-9.999000000000000000e+03
-9.999000000000000000e+03
-9.999000000000000000e+03
-9.999000000000000000e+03
-9.999000000000000000e+03
-9.999000000000000000e+03
-9.999000000000000000e+03
-9.999000000000000000e+03
-9.999000000000000000e+03
-9.999000000000000000e+03
-9.999000000000000000e+03
-9.999000000000000000e+03
-1.739219576120376587e-01
-2.412805408239364624e-01
-9.999000000000000000e+03
-7.428697496652603149e-02
-8.320555090904235840e-02
-7.131361216306686401e-02
-5.709345638751983643e-02
-5.559348687529563904e-02
-6.187453120946884155e-02
-7.913114130496978760e-02
-1.009324863553047180e-01
-9.806846082210540771e-02
-9.415798634290695190e-02
-7.785757631063461304e-02
-6.333480030298233032e-02
-9.999000000000000000e+03
-9.999000000000000000e+03
-9.999000000000000000e+03
-9.999000000000000000e+03
-9.999000000000000000e+03
-9.999000000000000000e+03
-9.999000000000000000e+03
-9.999000000000000000e+03
-9.999000000000000000e+03
-9.999000000000000000e+03
-9.999000000000000000e+03
-9.999000000000000000e+03
-9.999000000000000000e+03
-9.999000000000000000e+03
-9.999000000000000000e+03
-9.999000000000000000e+03
-1.184335947036743164e-01
-1.811095029115676880e-01
-9.999000000000000000e+03
-9.999000000000000000e+03
-7.789818942546844482e-02
-7.457684725522994995e-02
-6.188869103789329529e-02
-6.074694171547889709e-02
-7.670091837644577026e-02
-8.943993598222732544e-02
-9.085845202207565308e-02
-8.310034871101379395e-02
-7.131617516279220581e-02
-3.191673755645751953e-02
-9.999000000000000000e+03
-9.999000000000000000e+03
-9.999000000000000000e+03
-9.999000000000000000e+03
-9.999000000000000000e+03
-9.999000000000000000e+03
-9.999000000000000000e+03
-9.999000000000000000e+03
-9.999000000000000000e+03
-9.999000000000000000e+03
-9.999000000000000000e+03
-9.999000000000000000e+03
-9.999000000000000000e+03
-9.999000000000000000e+03
-9.999000000000000000e+03
-9.999000000000000000e+03
-9.999000000000000000e+03
-5.441492423415184021e-02
-8.381500095129013062e-02
-9.999000000000000000e+03
-9.999000000000000000e+03
-4.358479008078575134e-02
-5.182572081685066223e-02
-5.104981735348701477e-02
-4.522855952382087708e-02
-4.884343966841697693e-02
-5.319668352603912354e-02
-5.452262610197067261e-02
-4.342528805136680603e-02
-4.310576245188713074e-02
-2.941204421222209930e-02
-9.999000000000000000e+03
-9.999000000000000000e+03
-9.999000000000000000e+03
-9.999000000000000000e+03
-9.999000000000000000e+03
-9.999000000000000000e+03
-9.999000000000000000e+03
-9.999000000000000000e+03
-9.999000000000000000e+03
-9.999000000000000000e+03
-9.999000000000000000e+03
-9.999000000000000000e+03
-9.999000000000000000e+03
-9.999000000000000000e+03
-9.999000000000000000e+03
-9.999000000000000000e+03
-9.999000000000000000e+03
-9.999000000000000000e+03
-9.999000000000000000e+03
-9.999000000000000000e+03
-9.999000000000000000e+03
-1.789670810103416443e-02
-2.053014747798442841e-02
-2.614155225455760956e-02
-2.966520749032497406e-02
-1.595272868871688843e-02
-7.683149538934230804e-03
4.840821493417024612e-03
-1.113937608897686005e-02
-2.780208177864551544e-02
-2.661532722413539886e-02
-9.999000000000000000e+03
-9.999000000000000000e+03
-9.999000000000000000e+03
-9.999000000000000000e+03
-9.999000000000000000e+03
-9.999000000000000000e+03
-9.999000000000000000e+03
-9.999000000000000000e+03
-9.999000000000000000e+03
-9.999000000000000000e+03
-9.999000000000000000e+03
-9.999000000000000000e+03
-9.999000000000000000e+03
-9.999000000000000000e+03
-9.999000000000000000e+03
-9.999000000000000000e+03
-9.999000000000000000e+03
-9.999000000000000000e+03
-9.999000000000000000e+03
-9.999000000000000000e+03
-9.999000000000000000e+03
-9.999000000000000000e+03
-1.893507875502109528e-02
-2.825126983225345612e-02
-2.532794512808322906e-02
1.994836516678333282e-02
2.436887286603450775e-02
2.170826680958271027e-02
2.560105361044406891e-02
-3.806868568062782288e-03
-9.999000000000000000e+03
-9.999000000000000000e+03
-9.999000000000000000e+03
-9.999000000000000000e+03
-9.999000000000000000e+03
-9.999000000000000000e+03
-9.999000000000000000e+03
-9.999000000000000000e+03
-9.999000000000000000e+03
-9.999000000000000000e+03
-9.999000000000000000e+03
-9.999000000000000000e+03
-9.999000000000000000e+03
-9.999000000000000000e+03
-9.999000000000000000e+03
-9.999000000000000000e+03
-9.999000000000000000e+03
-9.999000000000000000e+03
-9.999000000000000000e+03
-9.999000000000000000e+03
-9.999000000000000000e+03
-9.999000000000000000e+03
-9.999000000000000000e+03
-1.525725238025188446e-02
-4.653602838516235352e-02
-3.969691693782806396e-02
-1.628070697188377380e-02
1.010806951671838760e-02
1.143801026046276093e-02
8.799532055854797363e-02
1.462236344814300537e-01
1.073682233691215515e-01
-9.999000000000000000e+03
-9.999000000000000000e+03
-9.999000000000000000e+03
-9.999000000000000000e+03
-9.999000000000000000e+03
-9.999000000000000000e+03
-9.999000000000000000e+03
-9.999000000000000000e+03
-9.999000000000000000e+03
-9.999000000000000000e+03
-9.999000000000000000e+03
-9.999000000000000000e+03
-9.999000000000000000e+03
-9.999000000000000000e+03
-9.999000000000000000e+03
-9.999000000000000000e+03
-9.999000000000000000e+03
-9.999000000000000000e+03
-9.999000000000000000e+03
-9.999000000000000000e+03
-9.999000000000000000e+03
-9.999000000000000000e+03
-9.999000000000000000e+03
-5.825527384877204895e-02
-4.213173687458038330e-02
-5.041476711630821228e-02
-5.698876455426216125e-02
-3.363967314362525940e-02
-2.906507253646850586e-02
1.158450469374656677e-01
1.402822136878967285e-01
-9.999000000000000000e+03
-9.999000000000000000e+03
-9.999000000000000000e+03
-9.999000000000000000e+03
-9.999000000000000000e+03
-9.999000000000000000e+03
-9.999000000000000000e+03
-9.999000000000000000e+03
-9.999000000000000000e+03
-9.999000000000000000e+03
-9.999000000000000000e+03
-9.999000000000000000e+03
-9.999000000000000000e+03
-9.999000000000000000e+03
-9.999000000000000000e+03
-9.999000000000000000e+03
-9.999000000000000000e+03
-9.999000000000000000e+03
-9.999000000000000000e+03
-9.999000000000000000e+03
-9.999000000000000000e+03
-9.999000000000000000e+03
-9.999000000000000000e+03
-5.962286144495010376e-02
-8.851933479309082031e-02
-1.159277856349945068e-01
-1.509233415126800537e-01
-1.701236516237258911e-01
-1.666078269481658936e-01
-1.005827933549880981e-01
-1.214075181633234024e-02
-2.226285450160503387e-02
-9.999000000000000000e+03
-9.999000000000000000e+03
-9.999000000000000000e+03
-9.999000000000000000e+03
-9.999000000000000000e+03
-9.999000000000000000e+03
-9.999000000000000000e+03
-9.999000000000000000e+03
-9.999000000000000000e+03
-9.999000000000000000e+03
-9.999000000000000000e+03
-9.999000000000000000e+03
-9.999000000000000000e+03
-9.999000000000000000e+03
-9.999000000000000000e+03
-9.999000000000000000e+03
-9.999000000000000000e+03
-9.999000000000000000e+03
-9.999000000000000000e+03
-9.999000000000000000e+03
-9.999000000000000000e+03
-9.999000000000000000e+03
-2.670708484947681427e-02
-8.769951760768890381e-02
-1.206621304154396057e-01
-1.398839503526687622e-01
-1.524771898984909058e-01
-1.427212506532669067e-01
-1.370821595191955566e-01
-1.183666735887527466e-01
-7.709161192178726196e-02
-5.366151779890060425e-02
-5.922983959317207336e-02
-5.467364192008972168e-02
-2.824982069432735443e-02
-9.999000000000000000e+03
-9.999000000000000000e+03
-9.999000000000000000e+03
-9.999000000000000000e+03
-9.999000000000000000e+03
-9.999000000000000000e+03
-9.999000000000000000e+03
-9.999000000000000000e+03
-9.999000000000000000e+03
-9.999000000000000000e+03
-9.999000000000000000e+03
-9.999000000000000000e+03
-9.999000000000000000e+03
-9.999000000000000000e+03
-9.999000000000000000e+03
-9.999000000000000000e+03
-9.999000000000000000e+03
-3.314064815640449524e-02
-3.018012829124927521e-02
-3.985502198338508606e-02
-5.284044146537780762e-02
-8.260419219732284546e-02
-1.065837815403938293e-01
-9.621667116880416870e-02
-9.027146548032760620e-02
-8.582595735788345337e-02
-2.796589955687522888e-02
-4.919199272990226746e-05
-5.355609208345413208e-02
-4.570727795362472534e-02
-3.337470442056655884e-02
-9.999000000000000000e+03
-9.999000000000000000e+03
-9.999000000000000000e+03
-9.999000000000000000e+03
-9.999000000000000000e+03
-9.999000000000000000e+03
-9.999000000000000000e+03
-9.999000000000000000e+03
-9.999000000000000000e+03
-9.999000000000000000e+03
-9.999000000000000000e+03
-9.999000000000000000e+03
-9.999000000000000000e+03
-9.999000000000000000e+03
-9.999000000000000000e+03
-4.887565225362777710e-02
-4.713502898812294006e-02
-6.259765475988388062e-02
-4.804806783795356750e-02
-3.534795716404914856e-02
-3.118165209889411926e-02
-3.998411819338798523e-02
-6.929152458906173706e-02
-8.560010790824890137e-02
-8.979748934507369995e-02
-6.776108592748641968e-02
-6.170533224940299988e-02
-3.578387200832366943e-02
-5.607409030199050903e-02
-9.999000000000000000e+03
-9.999000000000000000e+03
-9.999000000000000000e+03
-9.999000000000000000e+03
-9.999000000000000000e+03
-9.999000000000000000e+03
-9.999000000000000000e+03
-9.999000000000000000e+03
-9.999000000000000000e+03
-9.999000000000000000e+03
-9.999000000000000000e+03
-9.999000000000000000e+03
-9.999000000000000000e+03
-9.999000000000000000e+03
-9.999000000000000000e+03
-9.999000000000000000e+03
-4.868097603321075439e-02
-6.116151064634323120e-02
-5.977489426732063293e-02
-6.158352270722389221e-02
-5.590986087918281555e-02
-3.189411759376525879e-02
-1.457849238067865372e-02
-2.316491119563579559e-02
-4.499412700533866882e-02
-6.564053893089294434e-02
-1.029288321733474731e-01
-1.275143325328826904e-01
-1.191963702440261841e-01
-8.737331628799438477e-02
-9.999000000000000000e+03
-9.999000000000000000e+03
-9.999000000000000000e+03
-9.999000000000000000e+03
-9.999000000000000000e+03
-9.999000000000000000e+03
-9.999000000000000000e+03
-9.999000000000000000e+03
-9.999000000000000000e+03
-9.999000000000000000e+03
-9.999000000000000000e+03
-9.999000000000000000e+03
-9.999000000000000000e+03
-9.999000000000000000e+03
-9.999000000000000000e+03
-9.999000000000000000e+03
-9.999000000000000000e+03
-7.214489579200744629e-02
-8.594705164432525635e-02
-8.436155319213867188e-02
-7.394410669803619385e-02
-6.513792276382446289e-02
-4.494289681315422058e-02
-3.100935183465480804e-02
-2.626815065741539001e-02
-3.228564187884330750e-02
-2.674091234803199768e-02
-4.186154901981353760e-02
-7.375269383192062378e-02
-7.012048363685607910e-02
-8.144416660070419312e-02
-9.999000000000000000e+03
-9.999000000000000000e+03
-9.999000000000000000e+03
-9.999000000000000000e+03
-9.999000000000000000e+03
-9.999000000000000000e+03
-9.999000000000000000e+03
-9.999000000000000000e+03
-9.999000000000000000e+03
-9.999000000000000000e+03
-9.999000000000000000e+03
-9.999000000000000000e+03
-9.999000000000000000e+03
-9.999000000000000000e+03
-9.999000000000000000e+03
-9.999000000000000000e+03
-9.999000000000000000e+03
-1.014213040471076965e-01
-1.141074299812316895e-01
-1.055647134780883789e-01
-8.785922825336456299e-02
-7.527441531419754028e-02
-4.826731607317924500e-02
-3.255643323063850403e-02
-3.008186258375644684e-02
-2.980013191699981689e-02
-3.057578951120376587e-02
-3.713191300630569458e-02
-3.075059875845909119e-02
-3.473172709345817566e-02
-9.999000000000000000e+03
-9.999000000000000000e+03
-9.999000000000000000e+03
-9.999000000000000000e+03
-9.999000000000000000e+03
-9.999000000000000000e+03
-9.999000000000000000e+03
-9.999000000000000000e+03
-9.999000000000000000e+03
-9.999000000000000000e+03
-9.999000000000000000e+03
-9.999000000000000000e+03
-9.999000000000000000e+03
-9.999000000000000000e+03
-9.999000000000000000e+03
-9.999000000000000000e+03
-9.999000000000000000e+03
-9.999000000000000000e+03
-1.015856191515922546e-01
-1.085976362228393555e-01
-8.631346374750137329e-02
-7.671777158975601196e-02
-4.883892834186553955e-02
-2.835712954401969910e-02
-2.065525203943252563e-02
-1.899287663400173187e-02
-1.788748800754547119e-02
2.446685917675495148e-03
-1.679071970283985138e-02
-4.791069775819778442e-02
-9.999000000000000000e+03
-9.999000000000000000e+03
-9.999000000000000000e+03
-9.999000000000000000e+03
-9.999000000000000000e+03
-9.999000000000000000e+03
-9.999000000000000000e+03
-9.999000000000000000e+03
-9.999000000000000000e+03
-9.999000000000000000e+03
-9.999000000000000000e+03
-9.999000000000000000e+03
-9.999000000000000000e+03
-9.999000000000000000e+03
-9.999000000000000000e+03
-9.999000000000000000e+03
-9.999000000000000000e+03
-9.999000000000000000e+03
-9.999000000000000000e+03
-8.285820484161376953e-02
-6.634283810853958130e-02
-4.698286950588226318e-02
-3.840840235352516174e-02
1.882324926555156708e-02
2.239894866943359375e-02
1.135617401450872421e-02
1.291179214604198933e-04
-9.083243086934089661e-03
-5.264308303594589233e-03
-9.999000000000000000e+03
-9.999000000000000000e+03
-9.999000000000000000e+03
-9.999000000000000000e+03
-9.999000000000000000e+03
-9.999000000000000000e+03
-9.999000000000000000e+03
-9.999000000000000000e+03
-9.999000000000000000e+03
-9.999000000000000000e+03
-9.999000000000000000e+03
-9.999000000000000000e+03
-9.999000000000000000e+03
-9.999000000000000000e+03
-9.999000000000000000e+03
-9.999000000000000000e+03
-9.999000000000000000e+03
-9.999000000000000000e+03
-9.999000000000000000e+03
-9.999000000000000000e+03
-9.999000000000000000e+03
-4.659183695912361145e-02
-8.960450999438762665e-03
2.125992067158222198e-02
4.732393100857734680e-02
6.415235996246337891e-02
4.145269468426704407e-02
-9.999000000000000000e+03
-9.999000000000000000e+03
-9.999000000000000000e+03
-9.999000000000000000e+03
-9.999000000000000000e+03
-9.999000000000000000e+03
-9.999000000000000000e+03
-9.999000000000000000e+03
-9.999000000000000000e+03
-9.999000000000000000e+03
-9.999000000000000000e+03
-9.999000000000000000e+03
-9.999000000000000000e+03
-9.999000000000000000e+03
-9.999000000000000000e+03
-9.999000000000000000e+03
-9.999000000000000000e+03
-9.999000000000000000e+03
-9.999000000000000000e+03
-9.999000000000000000e+03
-9.999000000000000000e+03
-9.999000000000000000e+03
-9.999000000000000000e+03
-9.999000000000000000e+03
-9.999000000000000000e+03
-3.277057409286499023e-02
-4.856582731008529663e-03
3.608922287821769714e-02
-9.999000000000000000e+03
-9.999000000000000000e+03
-9.999000000000000000e+03
-9.999000000000000000e+03
-9.999000000000000000e+03
-9.999000000000000000e+03
-9.999000000000000000e+03
-9.999000000000000000e+03
-9.999000000000000000e+03
-9.999000000000000000e+03
-9.999000000000000000e+03
-9.999000000000000000e+03
-9.999000000000000000e+03
-9.999000000000000000e+03
-9.999000000000000000e+03
-9.999000000000000000e+03
-9.999000000000000000e+03
-9.999000000000000000e+03
-9.999000000000000000e+03
-9.999000000000000000e+03
-9.999000000000000000e+03
-9.999000000000000000e+03
-9.999000000000000000e+03
-9.999000000000000000e+03
-9.999000000000000000e+03
-9.999000000000000000e+03
-9.999000000000000000e+03
-9.999000000000000000e+03
