-1.332450360059738159e-01
-9.539785981178283691e-02
-4.809431731700897217e-02
1.389274932444095612e-02
6.122711300849914551e-02
9.993775188922882080e-02
1.311988383531570435e-01
1.604786217212677002e-01
1.963132321834564209e-01
2.240365594625473022e-01
2.394224107265472412e-01
-9.999000000000000000e+03
-9.999000000000000000e+03
-9.999000000000000000e+03
-9.999000000000000000e+03
-9.999000000000000000e+03
-9.999000000000000000e+03
-9.999000000000000000e+03
-9.999000000000000000e+03
-9.999000000000000000e+03
-9.999000000000000000e+03
-9.999000000000000000e+03
-9.999000000000000000e+03
5.099052190780639648e-02
1.396711766719818115e-01
1.535918265581130981e-01
1.659616380929946899e-01
1.593321859836578369e-01
1.525289714336395264e-01
1.440968215465545654e-01
1.401615291833877563e-01
-1.190705299377441406e-01
-8.034335821866989136e-02
-2.541259117424488068e-02
3.219756111502647400e-02
8.307196199893951416e-02
1.186657845973968506e-01
1.517391800880432129e-01
1.820336729288101196e-01
2.074883431196212769e-01
2.282335907220840454e-01
2.341899871826171875e-01
1.387754976749420166e-01
-9.999000000000000000e+03
-9.999000000000000000e+03
-9.999000000000000000e+03
-9.999000000000000000e+03
-9.999000000000000000e+03
-9.999000000000000000e+03
-9.999000000000000000e+03
-9.999000000000000000e+03
-9.999000000000000000e+03
2.265247516334056854e-02
3.465504944324493408e-02
6.189265847206115723e-02
9.728715568780899048e-02
1.320915371179580688e-01
1.563060134649276733e-01
1.495807766914367676e-01
1.352069973945617676e-01
1.333302855491638184e-01
1.347046494483947754e-01
-1.226847544312477112e-01
-6.302987039089202881e-02
8.041407912969589233e-03
6.035939604043960571e-02
9.689271450042724609e-02
1.238468512892723083e-01
1.536021828651428223e-01
1.897841840982437134e-01
2.117234170436859131e-01
2.260851711034774780e-01
2.152532935142517090e-01
1.363260596990585327e-01
-9.999000000000000000e+03
-9.999000000000000000e+03
-9.999000000000000000e+03
-9.999000000000000000e+03
-9.999000000000000000e+03
-9.999000000000000000e+03
-9.999000000000000000e+03
4.499692004173994064e-03
1.396564207971096039e-02
3.984979167580604553e-02
2.421976998448371887e-02
4.570828378200531006e-02
8.654025197029113770e-02
9.476248174905776978e-02
1.137964800000190735e-01
1.096809580922126770e-01
1.145639196038246155e-01
1.171197593212127686e-01
1.129124015569686890e-01
-1.142706125974655151e-01
-6.348416954278945923e-02
-8.883367292582988739e-03
4.276533797383308411e-02
9.364747256040573120e-02
1.282724440097808838e-01
1.582954525947570801e-01
1.876767724752426147e-01
2.077527046203613281e-01
2.203992754220962524e-01
2.154917865991592407e-01
1.406866461038589478e-01
6.649006158113479614e-02
-9.999000000000000000e+03
-9.999000000000000000e+03
-9.999000000000000000e+03
-6.700272206217050552e-03
-1.078464370220899582e-02
-6.412529852241277695e-03
1.170126255601644516e-02
1.527992822229862213e-02
1.831404305994510651e-02
1.442318223416805267e-02
3.452320769429206848e-02
8.047534525394439697e-02
4.796100780367851257e-02
7.675223052501678467e-02
7.462560385465621948e-02
8.045350015163421631e-02
9.184387326240539551e-02
9.967456012964248657e-02
-1.137352287769317627e-01
-6.219437718391418457e-02
-1.597697660326957703e-02
2.217401191592216492e-02
7.326457649469375610e-02
1.112064644694328308e-01
1.449165046215057373e-01
1.818613260984420776e-01
2.071546614170074463e-01
2.109689265489578247e-01
1.876138150691986084e-01
1.364929974079132080e-01
6.617852300405502319e-02
8.474498055875301361e-03
-2.178265247493982315e-03
-1.189442258328199387e-02
-5.723054986447095871e-03
7.679900620132684708e-03
1.339732576161623001e-02
2.525768056511878967e-02
1.801991090178489685e-02
6.945840083062648773e-03
2.982021076604723930e-03
1.466468814760446548e-02
1.786451600492000580e-02
3.896991955116391182e-03
2.115308865904808044e-02
3.126826509833335876e-02
4.956654831767082214e-02
7.695177197456359863e-02
9.767564386129379272e-02
-9.220453351736068726e-02
-6.493176519870758057e-02
-3.834080323576927185e-02
1.215681040775962174e-04
5.920218303799629211e-02
9.836567938327789307e-02
1.236076131463050842e-01
1.537053436040878296e-01
1.726855188608169556e-01
1.893117427825927734e-01
1.731041222810745239e-01
1.209420636296272278e-01
6.541122496128082275e-02
1.564091257750988007e-02
4.807406512554734945e-04
-6.901309243403375149e-04
2.606031857430934906e-02
5.392589420080184937e-02
5.411401391029357910e-02
4.532826319336891174e-02
2.473969571292400360e-02
9.275505435653030872e-04
-1.739101670682430267e-02
-2.500742487609386444e-02
-3.363443166017532349e-02
-5.128910765051841736e-02
-2.325436472892761230e-02
-9.724132716655731201e-03
1.663121208548545837e-02
6.026246026158332825e-02
9.119085967540740967e-02
-6.790380924940109253e-02
-5.536845326423645020e-02
-3.217857331037521362e-02
-9.033115929923951626e-04
4.116505756974220276e-02
7.664740830659866333e-02
1.056935489177703857e-01
1.285838335752487183e-01
1.429511308670043945e-01
1.513673216104507446e-01
1.411657631397247314e-01
1.053145453333854675e-01
6.881330907344818115e-02
3.093786165118217468e-02
3.770899027585983276e-02
5.428701266646385193e-02
8.386549353599548340e-02
9.860001504421234131e-02
8.772216737270355225e-02
7.333984225988388062e-02
4.348472878336906433e-02
-1.216755947098135948e-03
-4.784842580556869507e-02
-7.479465007781982422e-02
-9.485799819231033325e-02
-1.081447675824165344e-01
-8.679552376270294189e-02
-8.401822298765182495e-02
-4.976899549365043640e-02
2.964695356786251068e-02
5.275157839059829712e-02
-6.590658426284790039e-02
-5.217497423291206360e-02
-2.921702899038791656e-02
-1.057300809770822525e-02
2.824351377785205841e-02
6.411528587341308594e-02
8.453641086816787720e-02
1.042703688144683838e-01
1.117670014500617981e-01
1.233390569686889648e-01
1.187629327178001404e-01
8.931102603673934937e-02
7.259184867143630981e-02
6.684125959873199463e-02
8.742263913154602051e-02
1.009799614548683167e-01
1.286329030990600586e-01
1.267105937004089355e-01
1.109255179762840271e-01
9.638476371765136719e-02
6.288297474384307861e-02
2.205114997923374176e-02
-3.123636916279792786e-02
-9.641697257757186890e-02
-1.581955999135971069e-01
-1.725344061851501465e-01
-1.756969690322875977e-01
-1.730886697769165039e-01
-1.297830343246459961e-01
-3.828239440917968750e-02
-1.369664352387189865e-02
-5.292923375964164734e-02
-3.501538187265396118e-02
-2.399642951786518097e-02
-1.173716410994529724e-02
1.121164113283157349e-02
4.073346406221389771e-02
4.906118661165237427e-02
7.336875796318054199e-02
9.030583500862121582e-02
1.099827438592910767e-01
1.135868579149246216e-01
1.024715006351470947e-01
1.051580458879470825e-01
1.220618486404418945e-01
1.395815014839172363e-01
1.382597833871841431e-01
1.401303261518478394e-01
1.281965374946594238e-01
1.190793141722679138e-01
1.004502996802330017e-01
4.717285558581352234e-02
5.746528971940279007e-03
-2.010292187333106995e-02
-6.166616082191467285e-02
-7.874588668346405029e-02
-1.646686494350433350e-01
-2.175685018301010132e-01
-2.369242012500762939e-01
-1.795784085988998413e-01
-9.710170328617095947e-02
-3.538504242897033691e-02
-5.065609514713287354e-02
-3.494270145893096924e-02
-2.567750588059425354e-02
-2.377920038998126984e-02
-1.284606847912073135e-02
2.486629411578178406e-03
1.412985939532518387e-02
4.272393882274627686e-02
6.814621388912200928e-02
1.094931885600090027e-01
1.276382654905319214e-01
1.445470303297042847e-01
1.536009460687637329e-01
1.578236669301986694e-01
1.576480120420455933e-01
1.463722437620162964e-01
1.315394043922424316e-01
8.139552175998687744e-02
7.618144899606704712e-02
3.736240044236183167e-02
2.470271289348602295e-02
-9.999000000000000000e+03
-9.999000000000000000e+03
-9.999000000000000000e+03
-9.999000000000000000e+03
-9.999000000000000000e+03
-9.999000000000000000e+03
-2.046060711145401001e-01
-2.264787852764129639e-01
-1.266376823186874390e-01
-4.333770275115966797e-02
-4.082624614238739014e-02
-3.046687133610248566e-02
-2.764297462999820709e-02
-1.929481513798236847e-02
-2.096115797758102417e-02
-1.426686719059944153e-02
9.751096367835998535e-03
3.570125252008438110e-02
7.915003597736358643e-02
1.278551667928695679e-01
1.514888256788253784e-01
1.852289438247680664e-01
1.821832358837127686e-01
1.707134544849395752e-01
1.465229988098144531e-01
1.253823637962341309e-01
1.288627088069915771e-01
-9.999000000000000000e+03
-9.999000000000000000e+03
-9.999000000000000000e+03
-9.999000000000000000e+03
-9.999000000000000000e+03
-9.999000000000000000e+03
-9.999000000000000000e+03
-9.999000000000000000e+03
-9.999000000000000000e+03
-9.999000000000000000e+03
-1.644467413425445557e-01
-2.145631313323974609e-01
-1.723020076751708984e-01
-8.533377200365066528e-02
-2.435372024774551392e-02
-1.503792311996221542e-02
3.851718036457896233e-03
1.126644201576709747e-02
1.214471878483891487e-03
-4.161452408879995346e-03
1.150549575686454773e-02
4.638693481683731079e-02
1.177876666188240051e-01
1.608069837093353271e-01
1.759684830904006958e-01
1.907161325216293335e-01
1.871510148048400879e-01
1.640053838491439819e-01
7.643262296915054321e-02
7.614038139581680298e-02
-9.999000000000000000e+03
-9.999000000000000000e+03
-9.999000000000000000e+03
-9.999000000000000000e+03
-9.999000000000000000e+03
-9.999000000000000000e+03
-9.999000000000000000e+03
-9.999000000000000000e+03
-9.999000000000000000e+03
-9.999000000000000000e+03
-9.999000000000000000e+03
-9.999000000000000000e+03
-1.449481844902038574e-01
-1.510953158140182495e-01
-6.442415714263916016e-02
-4.521699622273445129e-02
-4.282724857330322266e-02
-1.469825860112905502e-02
5.401256959885358810e-03
6.253793835639953613e-03
8.860257454216480255e-03
3.903096541762351990e-02
8.736485987901687622e-02
1.433951258659362793e-01
1.593499034643173218e-01
1.698087751865386963e-01
1.943553537130355835e-01
1.343428045511245728e-01
1.419671177864074707e-01
-9.999000000000000000e+03
-9.999000000000000000e+03
-9.999000000000000000e+03
-9.999000000000000000e+03
-9.999000000000000000e+03
-9.999000000000000000e+03
-9.999000000000000000e+03
-9.999000000000000000e+03
-9.999000000000000000e+03
-9.999000000000000000e+03
-9.999000000000000000e+03
-9.999000000000000000e+03
-9.999000000000000000e+03
-9.999000000000000000e+03
-9.999000000000000000e+03
-1.214708089828491211e-01
-6.204292923212051392e-02
-9.999000000000000000e+03
-5.521631985902786255e-02
-4.859864711761474609e-02
-2.551447786390781403e-02
1.671484322287142277e-03
1.665927842259407043e-02
5.701272934675216675e-02
1.328061074018478394e-01
1.416005939245223999e-01
1.444949954748153687e-01
1.621171534061431885e-01
1.630837768316268921e-01
1.018934324383735657e-01
-9.999000000000000000e+03
-9.999000000000000000e+03
-9.999000000000000000e+03
-9.999000000000000000e+03
-9.999000000000000000e+03
-9.999000000000000000e+03
-9.999000000000000000e+03
-9.999000000000000000e+03
-9.999000000000000000e+03
-9.999000000000000000e+03
-9.999000000000000000e+03
-9.999000000000000000e+03
-9.999000000000000000e+03
-9.999000000000000000e+03
-9.999000000000000000e+03
-9.999000000000000000e+03
-4.960423335433006287e-02
-1.631780155003070831e-02
-9.999000000000000000e+03
-9.999000000000000000e+03
-6.598038226366043091e-02
-5.385238304734230042e-02
-1.238265540450811386e-02
3.010057657957077026e-02
9.574336558580398560e-02
1.412585526704788208e-01
1.321994811296463013e-01
1.376622170209884644e-01
1.435458213090896606e-01
5.077594891190528870e-02
-9.999000000000000000e+03
-9.999000000000000000e+03
-9.999000000000000000e+03
-9.999000000000000000e+03
-9.999000000000000000e+03
-9.999000000000000000e+03
-9.999000000000000000e+03
-9.999000000000000000e+03
-9.999000000000000000e+03
-9.999000000000000000e+03
-9.999000000000000000e+03
-9.999000000000000000e+03
-9.999000000000000000e+03
-9.999000000000000000e+03
-9.999000000000000000e+03
-9.999000000000000000e+03
-9.999000000000000000e+03
-1.368008926510810852e-02
1.570788957178592682e-02
-9.999000000000000000e+03
-9.999000000000000000e+03
-4.889123886823654175e-02
-5.336381867527961731e-02
-2.807030454277992249e-02
2.596566267311573029e-02
1.050167679786682129e-01
1.240564659237861633e-01
1.360188722610473633e-01
1.390377134084701538e-01
1.215303838253021240e-01
7.695742696523666382e-02
-9.999000000000000000e+03
-9.999000000000000000e+03
-9.999000000000000000e+03
-9.999000000000000000e+03
-9.999000000000000000e+03
-9.999000000000000000e+03
-9.999000000000000000e+03
-9.999000000000000000e+03
-9.999000000000000000e+03
-9.999000000000000000e+03
-9.999000000000000000e+03
-9.999000000000000000e+03
-9.999000000000000000e+03
-9.999000000000000000e+03
-9.999000000000000000e+03
-9.999000000000000000e+03
-9.999000000000000000e+03
-9.999000000000000000e+03
-9.999000000000000000e+03
-9.999000000000000000e+03
-9.999000000000000000e+03
-3.144994378089904785e-02
-5.103733390569686890e-02
-2.435537986457347870e-02
2.820281684398651123e-02
5.893250927329063416e-02
1.006026193499565125e-01
1.451427042484283447e-01
1.452123224735260010e-01
9.229179471731185913e-02
7.026021927595138550e-02
-9.999000000000000000e+03
-9.999000000000000000e+03
-9.999000000000000000e+03
-9.999000000000000000e+03
-9.999000000000000000e+03
-9.999000000000000000e+03
-9.999000000000000000e+03
-9.999000000000000000e+03
-9.999000000000000000e+03
-9.999000000000000000e+03
-9.999000000000000000e+03
-9.999000000000000000e+03
-9.999000000000000000e+03
-9.999000000000000000e+03
-9.999000000000000000e+03
-9.999000000000000000e+03
-9.999000000000000000e+03
-9.999000000000000000e+03
-9.999000000000000000e+03
-9.999000000000000000e+03
-9.999000000000000000e+03
-9.999000000000000000e+03
-3.407257050275802612e-02
-2.632618136703968048e-02
1.369713805615901947e-02
-3.367371484637260437e-02
6.733342260122299194e-02
1.440979689359664917e-01
1.737849116325378418e-01
1.175414696335792542e-01
-9.999000000000000000e+03
-9.999000000000000000e+03
-9.999000000000000000e+03
-9.999000000000000000e+03
-9.999000000000000000e+03
-9.999000000000000000e+03
-9.999000000000000000e+03
-9.999000000000000000e+03
-9.999000000000000000e+03
-9.999000000000000000e+03
-9.999000000000000000e+03
-9.999000000000000000e+03
-9.999000000000000000e+03
-9.999000000000000000e+03
-9.999000000000000000e+03
-9.999000000000000000e+03
-9.999000000000000000e+03
-9.999000000000000000e+03
-9.999000000000000000e+03
-9.999000000000000000e+03
-9.999000000000000000e+03
-9.999000000000000000e+03
-9.999000000000000000e+03
-2.807103469967842102e-02
-4.692193586379289627e-03
-2.184803597629070282e-02
-6.839513778686523438e-02
4.520336911082267761e-02
1.578838378190994263e-01
2.145021855831146240e-01
1.663403660058975220e-01
1.106220632791519165e-01
-9.999000000000000000e+03
-9.999000000000000000e+03
-9.999000000000000000e+03
-9.999000000000000000e+03
-9.999000000000000000e+03
-9.999000000000000000e+03
-9.999000000000000000e+03
-9.999000000000000000e+03
-9.999000000000000000e+03
-9.999000000000000000e+03
-9.999000000000000000e+03
-9.999000000000000000e+03
-9.999000000000000000e+03
-9.999000000000000000e+03
-9.999000000000000000e+03
-9.999000000000000000e+03
-9.999000000000000000e+03
-9.999000000000000000e+03
-9.999000000000000000e+03
-9.999000000000000000e+03
-9.999000000000000000e+03
-9.999000000000000000e+03
-9.999000000000000000e+03
4.545219242572784424e-03
-2.083907276391983032e-02
-3.219014033675193787e-02
4.367281869053840637e-02
8.891238272190093994e-02
6.275352090597152710e-02
1.081270277500152588e-01
1.020060256123542786e-01
-9.999000000000000000e+03
-9.999000000000000000e+03
-9.999000000000000000e+03
-9.999000000000000000e+03
-9.999000000000000000e+03
-9.999000000000000000e+03
-9.999000000000000000e+03
-9.999000000000000000e+03
-9.999000000000000000e+03
-9.999000000000000000e+03
-9.999000000000000000e+03
-9.999000000000000000e+03
-9.999000000000000000e+03
-9.999000000000000000e+03
-9.999000000000000000e+03
-9.999000000000000000e+03
-9.999000000000000000e+03
-9.999000000000000000e+03
-9.999000000000000000e+03
-9.999000000000000000e+03
-9.999000000000000000e+03
-9.999000000000000000e+03
-9.999000000000000000e+03
-3.713441547006368637e-03
-3.254222869873046875e-02
-6.701784580945968628e-02
-5.258395895361900330e-02
-8.219323307275772095e-02
-1.151798367500305176e-01
-5.588665232062339783e-02
3.466735780239105225e-02
8.569241315126419067e-02
-9.999000000000000000e+03
-9.999000000000000000e+03
-9.999000000000000000e+03
-9.999000000000000000e+03
-9.999000000000000000e+03
-9.999000000000000000e+03
-9.999000000000000000e+03
-9.999000000000000000e+03
-9.999000000000000000e+03
-9.999000000000000000e+03
-9.999000000000000000e+03
-9.999000000000000000e+03
-9.999000000000000000e+03
-9.999000000000000000e+03
-9.999000000000000000e+03
-9.999000000000000000e+03
-9.999000000000000000e+03
-9.999000000000000000e+03
-9.999000000000000000e+03
-9.999000000000000000e+03
-9.999000000000000000e+03
-9.999000000000000000e+03
2.590864896774291992e-02
-2.543715760111808777e-02
-6.812670081853866577e-02
-9.900673478841781616e-02
-1.213714852929115295e-01
-1.471962481737136841e-01
-1.026201471686363220e-01
8.153402246534824371e-03
1.096956431865692139e-01
6.129669398069381714e-02
8.788445033133029938e-03
6.628850940614938736e-03
2.078119851648807526e-02
-9.999000000000000000e+03
-9.999000000000000000e+03
-9.999000000000000000e+03
-9.999000000000000000e+03
-9.999000000000000000e+03
-9.999000000000000000e+03
-9.999000000000000000e+03
-9.999000000000000000e+03
-9.999000000000000000e+03
-9.999000000000000000e+03
-9.999000000000000000e+03
-9.999000000000000000e+03
-9.999000000000000000e+03
-9.999000000000000000e+03
-9.999000000000000000e+03
-9.999000000000000000e+03
-9.999000000000000000e+03
1.503865607082843781e-02
2.193014323711395264e-02
9.591107256710529327e-03
-3.607825934886932373e-02
-7.938949763774871826e-02
-1.162635460495948792e-01
-1.175959333777427673e-01
-8.707047998905181885e-02
-1.356619317084550858e-02
8.482103049755096436e-02
4.858000576496124268e-02
1.168307196348905563e-02
9.778650477528572083e-03
1.433642581105232239e-02
-9.999000000000000000e+03
-9.999000000000000000e+03
-9.999000000000000000e+03
-9.999000000000000000e+03
-9.999000000000000000e+03
-9.999000000000000000e+03
-9.999000000000000000e+03
-9.999000000000000000e+03
-9.999000000000000000e+03
-9.999000000000000000e+03
-9.999000000000000000e+03
-9.999000000000000000e+03
-9.999000000000000000e+03
-9.999000000000000000e+03
-9.999000000000000000e+03
1.618024706840515137e-02
1.395064126700162888e-02
-1.139721833169460297e-03
2.136758714914321899e-02
1.420173421502113342e-02
-1.208622660487890244e-02
-4.256647452712059021e-02
-7.932902872562408447e-02
-1.038913503289222717e-01
-8.350940793752670288e-02
-1.141147967427968979e-02
2.790117450058460236e-02
7.023191452026367188e-02
5.899861827492713928e-02
-9.999000000000000000e+03
-9.999000000000000000e+03
-9.999000000000000000e+03
-9.999000000000000000e+03
-9.999000000000000000e+03
-9.999000000000000000e+03
-9.999000000000000000e+03
-9.999000000000000000e+03
-9.999000000000000000e+03
-9.999000000000000000e+03
-9.999000000000000000e+03
-9.999000000000000000e+03
-9.999000000000000000e+03
-9.999000000000000000e+03
-9.999000000000000000e+03
-9.999000000000000000e+03
1.606119424104690552e-02
2.161918021738529205e-02
4.747626557946205139e-02
4.829493537545204163e-02
3.891098871827125549e-02
1.331030949950218201e-02
-2.446113340556621552e-02
-3.020345978438854218e-02
-4.120171815156936646e-02
-6.287138164043426514e-02
-7.734002172946929932e-02
-4.397941380739212036e-02
-5.944652482867240906e-03
9.272274374961853027e-02
-9.999000000000000000e+03
-9.999000000000000000e+03
-9.999000000000000000e+03
-9.999000000000000000e+03
-9.999000000000000000e+03
-9.999000000000000000e+03
-9.999000000000000000e+03
-9.999000000000000000e+03
-9.999000000000000000e+03
-9.999000000000000000e+03
-9.999000000000000000e+03
-9.999000000000000000e+03
-9.999000000000000000e+03
-9.999000000000000000e+03
-9.999000000000000000e+03
-9.999000000000000000e+03
-9.999000000000000000e+03
2.953323535621166229e-02
4.224863275885581970e-02
9.653992205858230591e-02
8.111497014760971069e-02
4.543426632881164551e-02
4.724622122012078762e-04
-3.303664922714233398e-02
-3.631595522165298462e-02
-1.835234090685844421e-02
-3.833309561014175415e-02
-5.044217035174369812e-02
-3.654251992702484131e-02
-1.924960757605731487e-03
6.125875189900398254e-02
-9.999000000000000000e+03
-9.999000000000000000e+03
-9.999000000000000000e+03
-9.999000000000000000e+03
-9.999000000000000000e+03
-9.999000000000000000e+03
-9.999000000000000000e+03
-9.999000000000000000e+03
-9.999000000000000000e+03
-9.999000000000000000e+03
-9.999000000000000000e+03
-9.999000000000000000e+03
-9.999000000000000000e+03
-9.999000000000000000e+03
-9.999000000000000000e+03
-9.999000000000000000e+03
-9.999000000000000000e+03
6.536676734685897827e-02
1.131663993000984192e-01
1.288728415966033936e-01
1.049915105104446411e-01
5.951420217752456665e-02
-1.558932289481163025e-02
-4.707890376448631287e-02
-4.663419723510742188e-02
-2.102604322135448456e-02
-2.051381953060626984e-02
-3.670830652117729187e-02
-2.829732559621334076e-02
-2.192563004791736603e-02
-9.999000000000000000e+03
-9.999000000000000000e+03
-9.999000000000000000e+03
-9.999000000000000000e+03
-9.999000000000000000e+03
-9.999000000000000000e+03
-9.999000000000000000e+03
-9.999000000000000000e+03
-9.999000000000000000e+03
-9.999000000000000000e+03
-9.999000000000000000e+03
-9.999000000000000000e+03
-9.999000000000000000e+03
-9.999000000000000000e+03
-9.999000000000000000e+03
-9.999000000000000000e+03
-9.999000000000000000e+03
-9.999000000000000000e+03
1.104826703667640686e-01
1.614922285079956055e-01
1.439279317855834961e-01
9.566821902990341187e-02
1.975950784981250763e-02
-3.700671344995498657e-02
-5.720570310950279236e-02
-6.754572689533233643e-02
-2.534752525389194489e-02
-6.682733539491891861e-03
-9.671917185187339783e-03
-2.034009061753749847e-02
-9.999000000000000000e+03
-9.999000000000000000e+03
-9.999000000000000000e+03
-9.999000000000000000e+03
-9.999000000000000000e+03
-9.999000000000000000e+03
-9.999000000000000000e+03
-9.999000000000000000e+03
-9.999000000000000000e+03
-9.999000000000000000e+03
-9.999000000000000000e+03
-9.999000000000000000e+03
-9.999000000000000000e+03
-9.999000000000000000e+03
-9.999000000000000000e+03
-9.999000000000000000e+03
-9.999000000000000000e+03
-9.999000000000000000e+03
-9.999000000000000000e+03
1.437121331691741943e-01
1.626490354537963867e-01
1.366221308708190918e-01
8.713481575250625610e-02
-3.219772130250930786e-02
-6.220170110464096069e-02
-6.510180979967117310e-02
-4.358626157045364380e-02
-2.474066428840160370e-02
-1.331910677254199982e-02
-9.999000000000000000e+03
-9.999000000000000000e+03
-9.999000000000000000e+03
-9.999000000000000000e+03
-9.999000000000000000e+03
-9.999000000000000000e+03
-9.999000000000000000e+03
-9.999000000000000000e+03
-9.999000000000000000e+03
-9.999000000000000000e+03
-9.999000000000000000e+03
-9.999000000000000000e+03
-9.999000000000000000e+03
-9.999000000000000000e+03
-9.999000000000000000e+03
-9.999000000000000000e+03
-9.999000000000000000e+03
-9.999000000000000000e+03
-9.999000000000000000e+03
-9.999000000000000000e+03
-9.999000000000000000e+03
1.350922435522079468e-01
1.172809973359107971e-01
8.789706230163574219e-02
2.132535912096500397e-02
-3.608518838882446289e-02
-5.225849896669387817e-02
-9.999000000000000000e+03
-9.999000000000000000e+03
-9.999000000000000000e+03
-9.999000000000000000e+03
-9.999000000000000000e+03
-9.999000000000000000e+03
-9.999000000000000000e+03
-9.999000000000000000e+03
-9.999000000000000000e+03
-9.999000000000000000e+03
-9.999000000000000000e+03
-9.999000000000000000e+03
-9.999000000000000000e+03
-9.999000000000000000e+03
-9.999000000000000000e+03
-9.999000000000000000e+03
-9.999000000000000000e+03
-9.999000000000000000e+03
-9.999000000000000000e+03
-9.999000000000000000e+03
-9.999000000000000000e+03
-9.999000000000000000e+03
-9.999000000000000000e+03
-9.999000000000000000e+03
-9.999000000000000000e+03
6.709657609462738037e-02
5.953812971711158752e-02
6.098891422152519226e-02
-9.999000000000000000e+03
-9.999000000000000000e+03
-9.999000000000000000e+03
-9.999000000000000000e+03
-9.999000000000000000e+03
-9.999000000000000000e+03
-9.999000000000000000e+03
-9.999000000000000000e+03
-9.999000000000000000e+03
-9.999000000000000000e+03
-9.999000000000000000e+03
-9.999000000000000000e+03
-9.999000000000000000e+03
-9.999000000000000000e+03
-9.999000000000000000e+03
-9.999000000000000000e+03
-9.999000000000000000e+03
-9.999000000000000000e+03
-9.999000000000000000e+03
-9.999000000000000000e+03
-9.999000000000000000e+03
-9.999000000000000000e+03
-9.999000000000000000e+03
-9.999000000000000000e+03
-9.999000000000000000e+03
-9.999000000000000000e+03
-9.999000000000000000e+03
-9.999000000000000000e+03
