-1.324147582054138184e-01
-8.399159461259841919e-02
-2.967950329184532166e-02
1.093158032745122910e-02
4.553392902016639709e-02
8.574660867452621460e-02
1.379685550928115845e-01
1.876353174448013306e-01
2.350896596908569336e-01
2.591314017772674561e-01
2.400014847517013550e-01
-9.999000000000000000e+03
-9.999000000000000000e+03
-9.999000000000000000e+03
-9.999000000000000000e+03
-9.999000000000000000e+03
-9.999000000000000000e+03
-9.999000000000000000e+03
-9.999000000000000000e+03
-9.999000000000000000e+03
-9.999000000000000000e+03
-9.999000000000000000e+03
-9.999000000000000000e+03
2.220180258154869080e-02
8.582254871726036072e-03
2.213407494127750397e-02
3.534355014562606812e-02
2.750934101641178131e-02
3.013723529875278473e-02
2.954294160008430481e-02
4.525750875473022461e-02
-1.243584975600242615e-01
-8.093833923339843750e-02
-2.837289869785308838e-02
1.576458476483821869e-02
5.891869962215423584e-02
1.065959706902503967e-01
1.662392467260360718e-01
2.140030562877655029e-01
2.482355833053588867e-01
2.683729529380798340e-01
2.594648301601409912e-01
1.445987373590469360e-01
-9.999000000000000000e+03
-9.999000000000000000e+03
-9.999000000000000000e+03
-9.999000000000000000e+03
-9.999000000000000000e+03
-9.999000000000000000e+03
-9.999000000000000000e+03
-9.999000000000000000e+03
-9.999000000000000000e+03
-6.922148633748292923e-03
7.009070832282304764e-04
1.223751716315746307e-02
-1.027823798358440399e-02
5.564593710005283356e-03
2.208848891314119101e-04
2.749784383922815323e-03
9.243519045412540436e-03
2.567152306437492371e-02
4.324651882052421570e-02
-1.310834586620330811e-01
-7.768366485834121704e-02
-1.517379935830831528e-02
3.678190335631370544e-02
8.015641570091247559e-02
1.245986074209213257e-01
1.712550967931747437e-01
2.199975252151489258e-01
2.457405775785446167e-01
2.614879012107849121e-01
2.378402501344680786e-01
1.547447293996810913e-01
-9.999000000000000000e+03
-9.999000000000000000e+03
-9.999000000000000000e+03
-9.999000000000000000e+03
-9.999000000000000000e+03
-9.999000000000000000e+03
-9.999000000000000000e+03
-3.714145347476005554e-02
-2.613439038395881653e-02
-1.376147940754890442e-02
-1.328815333545207977e-02
-5.842942744493484497e-03
6.996357347816228867e-03
7.965349592268466949e-03
-1.647154917009174824e-03
-6.695330142974853516e-03
-1.849330263212323189e-03
1.388830505311489105e-02
2.200308628380298615e-02
-1.170142292976379395e-01
-8.160791546106338501e-02
-3.279941901564598083e-02
2.825875580310821533e-02
9.276387840509414673e-02
1.393856406211853027e-01
1.726758033037185669e-01
2.073502689599990845e-01
2.272257506847381592e-01
2.451409846544265747e-01
2.405305802822113037e-01
1.700832843780517578e-01
9.440686553716659546e-02
-9.999000000000000000e+03
-9.999000000000000000e+03
-9.999000000000000000e+03
-5.379293113946914673e-02
-7.403557747602462769e-02
-7.004982978105545044e-02
-4.636875540018081665e-02
-2.428103610873222351e-02
-1.382859516888856888e-02
3.414366074139252305e-05
5.848359316587448120e-03
1.879970170557498932e-02
4.453801549971103668e-03
-4.619706422090530396e-03
-1.792087778449058533e-02
-2.623262256383895874e-02
-1.699242182075977325e-02
-1.117902714759111404e-02
-9.495044499635696411e-02
-6.242643296718597412e-02
-1.242004614323377609e-02
3.650983422994613647e-02
8.750707656145095825e-02
1.260209232568740845e-01
1.572306752204895020e-01
1.886682957410812378e-01
2.028020024299621582e-01
2.049951553344726562e-01
1.900204569101333618e-01
1.420319676399230957e-01
8.383206278085708618e-02
3.250585123896598816e-02
-4.193975776433944702e-02
-7.849822938442230225e-02
-8.869599550962448120e-02
-7.745950669050216675e-02
-5.768684297800064087e-02
-2.422606386244297028e-02
2.979925367981195450e-03
1.593882776796817780e-02
3.662246093153953552e-02
1.824603229761123657e-02
2.858672058209776878e-03
-2.413022331893444061e-02
-3.675258159637451172e-02
-5.298487097024917603e-02
-6.634841114282608032e-02
-5.567109957337379456e-02
-4.264226183295249939e-02
-5.981852114200592041e-02
-4.056921601295471191e-02
-9.082623757421970367e-03
4.138188809156417847e-02
8.836898207664489746e-02
1.215109229087829590e-01
1.387795507907867432e-01
1.596001237630844116e-01
1.669542342424392700e-01
1.675452291965484619e-01
1.414069384336471558e-01
8.714886009693145752e-02
3.931591287255287170e-02
-1.344139873981475830e-02
-5.211124569177627563e-02
-7.390775531530380249e-02
-6.895326822996139526e-02
-3.392040729522705078e-02
-4.008603747934103012e-03
3.871199861168861389e-02
4.775422438979148865e-02
4.515625536441802979e-02
3.347905725240707397e-02
8.063151501119136810e-03
-2.415608987212181091e-02
-6.518567353487014771e-02
-8.223437517881393433e-02
-1.057644039392471313e-01
-1.178997680544853210e-01
-1.030615642666816711e-01
-8.897086977958679199e-02
-2.066500112414360046e-02
3.216070588678121567e-03
2.693482302129268646e-02
5.685317143797874451e-02
8.113284409046173096e-02
1.051290705800056458e-01
1.203002259135246277e-01
1.325517445802688599e-01
1.267482042312622070e-01
1.019004285335540771e-01
7.708360999822616577e-02
3.859014436602592468e-02
1.133276615291833878e-02
-3.123104944825172424e-02
-3.167530149221420288e-02
-3.072102367877960205e-02
-6.087177898734807968e-03
2.281414717435836792e-02
3.533254936337471008e-02
6.329807639122009277e-02
5.641420558094978333e-02
3.694313019514083862e-02
8.880866691470146179e-03
-1.623635739088058472e-02
-5.255818739533424377e-02
-9.276128560304641724e-02
-1.293024718761444092e-01
-1.760232597589492798e-01
-1.891215443611145020e-01
-1.549997329711914062e-01
-1.366629302501678467e-01
-1.862608268857002258e-02
1.663193106651306152e-02
5.134306475520133972e-02
6.626083701848983765e-02
8.085405081510543823e-02
9.914212673902511597e-02
1.055059358477592468e-01
1.026423871517181396e-01
8.213551342487335205e-02
4.885517805814743042e-02
2.533389814198017120e-02
5.920632742345333099e-03
6.866098847240209579e-03
4.792846739292144775e-03
1.507092267274856567e-02
1.883151568472385406e-02
4.925803095102310181e-02
6.340309232473373413e-02
6.161200255155563354e-02
6.020772084593772888e-02
5.454771593213081360e-02
4.307841882109642029e-02
2.432092651724815369e-02
-2.455033548176288605e-02
-9.335295110940933228e-02
-1.424540877342224121e-01
-1.902125775814056396e-01
-2.299901992082595825e-01
-2.364572584629058838e-01
-2.034219652414321899e-01
-1.614195853471755981e-01
3.950915299355983734e-03
2.358655259013175964e-02
4.130626842379570007e-02
5.146941170096397400e-02
6.961548328399658203e-02
9.367306530475616455e-02
9.488581120967864990e-02
6.752843409776687622e-02
3.815127536654472351e-02
1.095510646700859070e-02
2.430405933409929276e-03
6.705428007990121841e-03
3.353011980652809143e-02
5.110881105065345764e-02
7.516700029373168945e-02
7.386717200279235840e-02
7.916688174009323120e-02
7.207840681076049805e-02
6.243145465850830078e-02
6.187589094042778015e-02
5.327541381120681763e-02
4.548393934965133667e-02
2.398520894348621368e-02
-1.087498199194669724e-02
-5.043311417102813721e-02
-1.378322392702102661e-01
-2.084498554468154907e-01
-2.606954872608184814e-01
-2.523666918277740479e-01
-2.095515280961990356e-01
-1.505005359649658203e-01
1.091871317476034164e-02
1.841058582067489624e-02
2.641705423593521118e-02
3.941599652171134949e-02
6.496968865394592285e-02
7.985847443342208862e-02
7.925996184349060059e-02
6.148378551006317139e-02
2.424798719584941864e-02
2.189089776948094368e-03
1.512951496988534927e-02
5.189289897680282593e-02
7.899966835975646973e-02
9.455259889364242554e-02
1.101171746850013733e-01
1.005209162831306458e-01
8.098149299621582031e-02
4.942257329821586609e-02
3.958358988165855408e-02
2.551913447678089142e-02
3.814021125435829163e-02
-9.999000000000000000e+03
-9.999000000000000000e+03
-9.999000000000000000e+03
-9.999000000000000000e+03
-9.999000000000000000e+03
-9.999000000000000000e+03
-2.046963423490524292e-01
-2.557972371578216553e-01
-2.155656963586807251e-01
-1.519970297813415527e-01
1.625769957900047302e-02
2.149838395416736603e-02
2.441929653286933899e-02
3.843800351023674011e-02
6.711432337760925293e-02
7.187586277723312378e-02
7.222510129213333130e-02
5.078328400850296021e-02
2.454628795385360718e-02
2.617191709578037262e-02
4.729939624667167664e-02
1.025712490081787109e-01
1.121603846549987793e-01
1.237693652510643005e-01
1.119621694087982178e-01
9.457302093505859375e-02
9.462750703096389771e-02
-9.999000000000000000e+03
-9.999000000000000000e+03
-9.999000000000000000e+03
-9.999000000000000000e+03
-9.999000000000000000e+03
-9.999000000000000000e+03
-9.999000000000000000e+03
-9.999000000000000000e+03
-9.999000000000000000e+03
-9.999000000000000000e+03
-1.561973094940185547e-01
-2.141042500734329224e-01
-2.227999418973922729e-01
-1.729835420846939087e-01
1.997107826173305511e-02
1.324554067105054855e-02
3.087861835956573486e-02
5.449470132589340210e-02
6.446894258260726929e-02
6.295663118362426758e-02
6.261384487152099609e-02
4.168286547064781189e-02
2.434365637600421906e-02
7.765709608793258667e-02
9.790703654289245605e-02
1.114305034279823303e-01
1.168819367885589600e-01
1.209038868546485901e-01
6.128251180052757263e-02
6.087157875299453735e-02
-9.999000000000000000e+03
-9.999000000000000000e+03
-9.999000000000000000e+03
-9.999000000000000000e+03
-9.999000000000000000e+03
-9.999000000000000000e+03
-9.999000000000000000e+03
-9.999000000000000000e+03
-9.999000000000000000e+03
-9.999000000000000000e+03
-9.999000000000000000e+03
-9.999000000000000000e+03
-1.300254166126251221e-01
-1.827095746994018555e-01
-1.290747672319412231e-01
-4.715391993522644043e-02
-4.646739736199378967e-02
-1.297426223754882812e-02
2.206634543836116791e-02
4.494635015726089478e-02
6.101782247424125671e-02
4.291330277919769287e-02
4.381166025996208191e-02
6.387484073638916016e-02
1.065475866198539734e-01
1.134542971849441528e-01
9.947583824396133423e-02
8.356402069330215454e-02
1.006789132952690125e-01
-9.999000000000000000e+03
-9.999000000000000000e+03
-9.999000000000000000e+03
-9.999000000000000000e+03
-9.999000000000000000e+03
-9.999000000000000000e+03
-9.999000000000000000e+03
-9.999000000000000000e+03
-9.999000000000000000e+03
-9.999000000000000000e+03
-9.999000000000000000e+03
-9.999000000000000000e+03
-9.999000000000000000e+03
-9.999000000000000000e+03
-9.999000000000000000e+03
-1.325838267803192139e-01
-1.087204739451408386e-01
-9.999000000000000000e+03
-6.686162203550338745e-02
-5.146170407533645630e-02
-1.400961168110370636e-02
2.570270560681819916e-02
5.076816305518150330e-02
3.555817157030105591e-02
7.243467122316360474e-02
1.169392317533493042e-01
1.149167045950889587e-01
1.048858463764190674e-01
8.999741822481155396e-02
5.989006906747817993e-02
-9.999000000000000000e+03
-9.999000000000000000e+03
-9.999000000000000000e+03
-9.999000000000000000e+03
-9.999000000000000000e+03
-9.999000000000000000e+03
-9.999000000000000000e+03
-9.999000000000000000e+03
-9.999000000000000000e+03
-9.999000000000000000e+03
-9.999000000000000000e+03
-9.999000000000000000e+03
-9.999000000000000000e+03
-9.999000000000000000e+03
-9.999000000000000000e+03
-9.999000000000000000e+03
-6.828314065933227539e-02
-5.323700606822967529e-02
-9.999000000000000000e+03
-9.999000000000000000e+03
-6.594403833150863647e-02
-2.465248294174671173e-02
1.135300658643245697e-02
3.633013740181922913e-02
6.783843785524368286e-02
9.587734937667846680e-02
1.173077002167701721e-01
1.042665988206863403e-01
7.925083488225936890e-02
2.880516462028026581e-02
-9.999000000000000000e+03
-9.999000000000000000e+03
-9.999000000000000000e+03
-9.999000000000000000e+03
-9.999000000000000000e+03
-9.999000000000000000e+03
-9.999000000000000000e+03
-9.999000000000000000e+03
-9.999000000000000000e+03
-9.999000000000000000e+03
-9.999000000000000000e+03
-9.999000000000000000e+03
-9.999000000000000000e+03
-9.999000000000000000e+03
-9.999000000000000000e+03
-9.999000000000000000e+03
-9.999000000000000000e+03
-3.101568855345249176e-02
-1.887280121445655823e-02
-9.999000000000000000e+03
-9.999000000000000000e+03
-3.883928805589675903e-02
-2.595438435673713684e-02
3.094306448474526405e-03
3.853905573487281799e-02
9.018326550722122192e-02
9.603720158338546753e-02
9.490083903074264526e-02
7.981566339731216431e-02
5.567876622080802917e-02
2.638928219676017761e-02
-9.999000000000000000e+03
-9.999000000000000000e+03
-9.999000000000000000e+03
-9.999000000000000000e+03
-9.999000000000000000e+03
-9.999000000000000000e+03
-9.999000000000000000e+03
-9.999000000000000000e+03
-9.999000000000000000e+03
-9.999000000000000000e+03
-9.999000000000000000e+03
-9.999000000000000000e+03
-9.999000000000000000e+03
-9.999000000000000000e+03
-9.999000000000000000e+03
-9.999000000000000000e+03
-9.999000000000000000e+03
-9.999000000000000000e+03
-9.999000000000000000e+03
-9.999000000000000000e+03
-9.999000000000000000e+03
-2.269781567156314850e-02
-2.049200795590877533e-02
3.736383514478802681e-03
4.701501131057739258e-02
7.221579551696777344e-02
7.984039932489395142e-02
7.723825424909591675e-02
7.001983374357223511e-02
3.166010975837707520e-02
1.327165775001049042e-02
-9.999000000000000000e+03
-9.999000000000000000e+03
-9.999000000000000000e+03
-9.999000000000000000e+03
-9.999000000000000000e+03
-9.999000000000000000e+03
-9.999000000000000000e+03
-9.999000000000000000e+03
-9.999000000000000000e+03
-9.999000000000000000e+03
-9.999000000000000000e+03
-9.999000000000000000e+03
-9.999000000000000000e+03
-9.999000000000000000e+03
-9.999000000000000000e+03
-9.999000000000000000e+03
-9.999000000000000000e+03
-9.999000000000000000e+03
-9.999000000000000000e+03
-9.999000000000000000e+03
-9.999000000000000000e+03
-9.999000000000000000e+03
-2.012639865279197693e-02
-4.493714310228824615e-03
4.850224405527114868e-02
4.049642011523246765e-02
5.606991052627563477e-02
9.347077459096908569e-02
1.173892319202423096e-01
5.716741457581520081e-02
-9.999000000000000000e+03
-9.999000000000000000e+03
-9.999000000000000000e+03
-9.999000000000000000e+03
-9.999000000000000000e+03
-9.999000000000000000e+03
-9.999000000000000000e+03
-9.999000000000000000e+03
-9.999000000000000000e+03
-9.999000000000000000e+03
-9.999000000000000000e+03
-9.999000000000000000e+03
-9.999000000000000000e+03
-9.999000000000000000e+03
-9.999000000000000000e+03
-9.999000000000000000e+03
-9.999000000000000000e+03
-9.999000000000000000e+03
-9.999000000000000000e+03
-9.999000000000000000e+03
-9.999000000000000000e+03
-9.999000000000000000e+03
-9.999000000000000000e+03
-1.292016729712486267e-02
4.663676489144563675e-03
2.656232379376888275e-02
1.747573353350162506e-02
4.563082754611968994e-02
1.175388768315315247e-01
1.381238102912902832e-01
7.215904444456100464e-02
2.419323287904262543e-02
-9.999000000000000000e+03
-9.999000000000000000e+03
-9.999000000000000000e+03
-9.999000000000000000e+03
-9.999000000000000000e+03
-9.999000000000000000e+03
-9.999000000000000000e+03
-9.999000000000000000e+03
-9.999000000000000000e+03
-9.999000000000000000e+03
-9.999000000000000000e+03
-9.999000000000000000e+03
-9.999000000000000000e+03
-9.999000000000000000e+03
-9.999000000000000000e+03
-9.999000000000000000e+03
-9.999000000000000000e+03
-9.999000000000000000e+03
-9.999000000000000000e+03
-9.999000000000000000e+03
-9.999000000000000000e+03
-9.999000000000000000e+03
-9.999000000000000000e+03
-8.279234170913696289e-03
1.298472192138433456e-02
4.766622558236122131e-03
4.053458198904991150e-02
7.409927248954772949e-02
2.535123005509376526e-02
3.642015904188156128e-02
7.827566564083099365e-02
-9.999000000000000000e+03
-9.999000000000000000e+03
-9.999000000000000000e+03
-9.999000000000000000e+03
-9.999000000000000000e+03
-9.999000000000000000e+03
-9.999000000000000000e+03
-9.999000000000000000e+03
-9.999000000000000000e+03
-9.999000000000000000e+03
-9.999000000000000000e+03
-9.999000000000000000e+03
-9.999000000000000000e+03
-9.999000000000000000e+03
-9.999000000000000000e+03
-9.999000000000000000e+03
-9.999000000000000000e+03
-9.999000000000000000e+03
-9.999000000000000000e+03
-9.999000000000000000e+03
-9.999000000000000000e+03
-9.999000000000000000e+03
-9.999000000000000000e+03
-1.142686139792203903e-02
-2.266238257288932800e-02
-2.945666760206222534e-02
-2.645228244364261627e-02
-5.643284693360328674e-02
-1.265333592891693115e-01
-7.742475718259811401e-02
1.927541196346282959e-02
6.741031259298324585e-02
-9.999000000000000000e+03
-9.999000000000000000e+03
-9.999000000000000000e+03
-9.999000000000000000e+03
-9.999000000000000000e+03
-9.999000000000000000e+03
-9.999000000000000000e+03
-9.999000000000000000e+03
-9.999000000000000000e+03
-9.999000000000000000e+03
-9.999000000000000000e+03
-9.999000000000000000e+03
-9.999000000000000000e+03
-9.999000000000000000e+03
-9.999000000000000000e+03
-9.999000000000000000e+03
-9.999000000000000000e+03
-9.999000000000000000e+03
-9.999000000000000000e+03
-9.999000000000000000e+03
-9.999000000000000000e+03
-9.999000000000000000e+03
2.933330275118350983e-02
1.763782929629087448e-03
-1.116958446800708771e-02
-4.259438440203666687e-02
-8.350463956594467163e-02
-1.575989872217178345e-01
-1.236210688948631287e-01
-3.603969933465123177e-03
1.048287302255630493e-01
5.472872033715248108e-02
9.926172206178307533e-04
1.636769436299800873e-02
3.948832675814628601e-02
-9.999000000000000000e+03
-9.999000000000000000e+03
-9.999000000000000000e+03
-9.999000000000000000e+03
-9.999000000000000000e+03
-9.999000000000000000e+03
-9.999000000000000000e+03
-9.999000000000000000e+03
-9.999000000000000000e+03
-9.999000000000000000e+03
-9.999000000000000000e+03
-9.999000000000000000e+03
-9.999000000000000000e+03
-9.999000000000000000e+03
-9.999000000000000000e+03
-9.999000000000000000e+03
-9.999000000000000000e+03
2.568821795284748077e-02
3.494170680642127991e-02
3.629042580723762512e-02
9.645379148423671722e-03
-3.888862580060958862e-02
-9.421358257532119751e-02
-1.150760352611541748e-01
-9.954877197742462158e-02
-3.916983306407928467e-02
3.613439574837684631e-02
4.215643554925918579e-02
4.603996127843856812e-02
3.747088834643363953e-02
4.783930629491806030e-02
-9.999000000000000000e+03
-9.999000000000000000e+03
-9.999000000000000000e+03
-9.999000000000000000e+03
-9.999000000000000000e+03
-9.999000000000000000e+03
-9.999000000000000000e+03
-9.999000000000000000e+03
-9.999000000000000000e+03
-9.999000000000000000e+03
-9.999000000000000000e+03
-9.999000000000000000e+03
-9.999000000000000000e+03
-9.999000000000000000e+03
-9.999000000000000000e+03
4.742651432752609253e-02
3.414564207196235657e-02
1.625862717628479004e-02
3.309008851647377014e-02
2.299170941114425659e-02
-2.041470026597380638e-03
-2.832654863595962524e-02
-5.736148729920387268e-02
-7.817135751247406006e-02
-7.289264351129531860e-02
-5.240595713257789612e-02
6.736787036061286926e-03
6.959748268127441406e-02
9.379408508539199829e-02
-9.999000000000000000e+03
-9.999000000000000000e+03
-9.999000000000000000e+03
-9.999000000000000000e+03
-9.999000000000000000e+03
-9.999000000000000000e+03
-9.999000000000000000e+03
-9.999000000000000000e+03
-9.999000000000000000e+03
-9.999000000000000000e+03
-9.999000000000000000e+03
-9.999000000000000000e+03
-9.999000000000000000e+03
-9.999000000000000000e+03
-9.999000000000000000e+03
-9.999000000000000000e+03
3.454222902655601501e-02
6.389278173446655273e-02
8.223010599613189697e-02
5.616002902388572693e-02
3.190738707780838013e-02
6.282107438892126083e-03
-1.283817924559116364e-02
-1.793970167636871338e-02
-2.837933599948883057e-02
-4.342683777213096619e-02
-6.167430430650711060e-02
-6.749745458364486694e-02
-1.190585829317569733e-02
8.676326274871826172e-02
-9.999000000000000000e+03
-9.999000000000000000e+03
-9.999000000000000000e+03
-9.999000000000000000e+03
-9.999000000000000000e+03
-9.999000000000000000e+03
-9.999000000000000000e+03
-9.999000000000000000e+03
-9.999000000000000000e+03
-9.999000000000000000e+03
-9.999000000000000000e+03
-9.999000000000000000e+03
-9.999000000000000000e+03
-9.999000000000000000e+03
-9.999000000000000000e+03
-9.999000000000000000e+03
-9.999000000000000000e+03
6.551592797040939331e-02
7.868856191635131836e-02
1.170655712485313416e-01
6.841555237770080566e-02
2.715423516929149628e-02
1.439964253222569823e-04
-1.210921257734298706e-02
-1.640179380774497986e-02
-1.108975894749164581e-02
-2.863729931414127350e-02
-4.079172015190124512e-02
-5.440343171358108521e-02
-1.799436286091804504e-02
5.152024701237678528e-02
-9.999000000000000000e+03
-9.999000000000000000e+03
-9.999000000000000000e+03
-9.999000000000000000e+03
-9.999000000000000000e+03
-9.999000000000000000e+03
-9.999000000000000000e+03
-9.999000000000000000e+03
-9.999000000000000000e+03
-9.999000000000000000e+03
-9.999000000000000000e+03
-9.999000000000000000e+03
-9.999000000000000000e+03
-9.999000000000000000e+03
-9.999000000000000000e+03
-9.999000000000000000e+03
-9.999000000000000000e+03
8.986934274435043335e-02
1.156723350286483765e-01
1.132691651582717896e-01
7.259058207273483276e-02
3.313973546028137207e-02
-3.972206730395555496e-03
-2.897274121642112732e-02
-2.152352593839168549e-02
-1.448103971779346466e-02
-2.104560099542140961e-02
-3.492331132292747498e-02
-5.984597653150558472e-02
-2.703553810715675354e-02
-9.999000000000000000e+03
-9.999000000000000000e+03
-9.999000000000000000e+03
-9.999000000000000000e+03
-9.999000000000000000e+03
-9.999000000000000000e+03
-9.999000000000000000e+03
-9.999000000000000000e+03
-9.999000000000000000e+03
-9.999000000000000000e+03
-9.999000000000000000e+03
-9.999000000000000000e+03
-9.999000000000000000e+03
-9.999000000000000000e+03
-9.999000000000000000e+03
-9.999000000000000000e+03
-9.999000000000000000e+03
-9.999000000000000000e+03
1.148568689823150635e-01
1.276004761457443237e-01
9.639228135347366333e-02
5.534948408603668213e-02
8.648357354104518890e-03
-2.963406033813953400e-02
-5.238806456327438354e-02
-3.116639703512191772e-02
-1.295069511979818344e-02
1.050968654453754425e-02
-9.319568984210491180e-03
-3.818775340914726257e-02
-9.999000000000000000e+03
-9.999000000000000000e+03
-9.999000000000000000e+03
-9.999000000000000000e+03
-9.999000000000000000e+03
-9.999000000000000000e+03
-9.999000000000000000e+03
-9.999000000000000000e+03
-9.999000000000000000e+03
-9.999000000000000000e+03
-9.999000000000000000e+03
-9.999000000000000000e+03
-9.999000000000000000e+03
-9.999000000000000000e+03
-9.999000000000000000e+03
-9.999000000000000000e+03
-9.999000000000000000e+03
-9.999000000000000000e+03
-9.999000000000000000e+03
1.161187291145324707e-01
1.208938807249069214e-01
9.705370664596557617e-02
5.412708967924118042e-02
-4.236542433500289917e-02
-6.321661174297332764e-02
-4.124832898378372192e-02
-1.599099487066268921e-02
-3.471871139481663704e-03
4.370767623186111450e-03
-9.999000000000000000e+03
-9.999000000000000000e+03
-9.999000000000000000e+03
-9.999000000000000000e+03
-9.999000000000000000e+03
-9.999000000000000000e+03
-9.999000000000000000e+03
-9.999000000000000000e+03
-9.999000000000000000e+03
-9.999000000000000000e+03
-9.999000000000000000e+03
-9.999000000000000000e+03
-9.999000000000000000e+03
-9.999000000000000000e+03
-9.999000000000000000e+03
-9.999000000000000000e+03
-9.999000000000000000e+03
-9.999000000000000000e+03
-9.999000000000000000e+03
-9.999000000000000000e+03
-9.999000000000000000e+03
1.006843149662017822e-01
9.239836037158966064e-02
6.104548275470733643e-02
2.293846104294061661e-03
-4.473008587956428528e-02
-5.353955179452896118e-02
-9.999000000000000000e+03
-9.999000000000000000e+03
-9.999000000000000000e+03
-9.999000000000000000e+03
-9.999000000000000000e+03
-9.999000000000000000e+03
-9.999000000000000000e+03
-9.999000000000000000e+03
-9.999000000000000000e+03
-9.999000000000000000e+03
-9.999000000000000000e+03
-9.999000000000000000e+03
-9.999000000000000000e+03
-9.999000000000000000e+03
-9.999000000000000000e+03
-9.999000000000000000e+03
-9.999000000000000000e+03
-9.999000000000000000e+03
-9.999000000000000000e+03
-9.999000000000000000e+03
-9.999000000000000000e+03
-9.999000000000000000e+03
-9.999000000000000000e+03
-9.999000000000000000e+03
-9.999000000000000000e+03
4.814276099205017090e-02
4.535097628831863403e-02
4.003310576081275940e-02
-9.999000000000000000e+03
-9.999000000000000000e+03
-9.999000000000000000e+03
-9.999000000000000000e+03
-9.999000000000000000e+03
-9.999000000000000000e+03
-9.999000000000000000e+03
-9.999000000000000000e+03
-9.999000000000000000e+03
-9.999000000000000000e+03
-9.999000000000000000e+03
-9.999000000000000000e+03
-9.999000000000000000e+03
-9.999000000000000000e+03
-9.999000000000000000e+03
-9.999000000000000000e+03
-9.999000000000000000e+03
-9.999000000000000000e+03
-9.999000000000000000e+03
-9.999000000000000000e+03
-9.999000000000000000e+03
-9.999000000000000000e+03
-9.999000000000000000e+03
-9.999000000000000000e+03
-9.999000000000000000e+03
-9.999000000000000000e+03
-9.999000000000000000e+03
-9.999000000000000000e+03
