-1.678613424301147461e-01
-1.145597100257873535e-01
-6.120381131768226624e-02
-2.114790119230747223e-02
3.893289715051651001e-02
1.067244708538055420e-01
1.821432411670684814e-01
2.387300580739974976e-01
2.856455445289611816e-01
3.066096007823944092e-01
2.949380874633789062e-01
-9.999000000000000000e+03
-9.999000000000000000e+03
-9.999000000000000000e+03
-9.999000000000000000e+03
-9.999000000000000000e+03
-9.999000000000000000e+03
-9.999000000000000000e+03
-9.999000000000000000e+03
-9.999000000000000000e+03
-9.999000000000000000e+03
-9.999000000000000000e+03
-9.999000000000000000e+03
2.745109982788562775e-02
1.754914643242955208e-03
1.752740517258644104e-02
3.253830224275588989e-02
1.822495274245738983e-02
2.429537475109100342e-02
2.371684089303016663e-02
3.684892877936363220e-02
-1.424485445022583008e-01
-1.053466573357582092e-01
-6.620463728904724121e-02
-2.706833370029926300e-02
3.789442777633666992e-02
1.161444410681724548e-01
1.954191923141479492e-01
2.520086765289306641e-01
2.848501801490783691e-01
3.083409070968627930e-01
3.039079308509826660e-01
1.786298006772994995e-01
-9.999000000000000000e+03
-9.999000000000000000e+03
-9.999000000000000000e+03
-9.999000000000000000e+03
-9.999000000000000000e+03
-9.999000000000000000e+03
-9.999000000000000000e+03
-9.999000000000000000e+03
-9.999000000000000000e+03
5.868990439921617508e-03
2.240196987986564636e-02
3.127301111817359924e-02
5.314706824719905853e-03
5.186739843338727951e-03
-1.232619211077690125e-02
-1.126968394964933395e-02
-3.616333240643143654e-03
1.253318879753351212e-02
3.206948935985565186e-02
-1.264414191246032715e-01
-8.123841136693954468e-02
-4.809283465147018433e-02
7.062978576868772507e-03
6.476987153291702271e-02
1.302136927843093872e-01
1.926091015338897705e-01
2.474065423011779785e-01
2.776401638984680176e-01
2.993701398372650146e-01
2.908638715744018555e-01
2.047067880630493164e-01
-9.999000000000000000e+03
-9.999000000000000000e+03
-9.999000000000000000e+03
-9.999000000000000000e+03
-9.999000000000000000e+03
-9.999000000000000000e+03
-9.999000000000000000e+03
-7.931613363325595856e-03
1.456512720324099064e-03
1.459646597504615784e-02
1.554250903427600861e-02
1.858231239020824432e-02
1.566038653254508972e-02
6.064993795007467270e-03
-1.171344798058271408e-02
-2.104067616164684296e-02
-1.446084398776292801e-02
8.212090469896793365e-03
2.660113200545310974e-02
-8.896699547767639160e-02
-5.516024678945541382e-02
-2.546698972582817078e-02
2.729342877864837646e-02
9.366529434919357300e-02
1.583662629127502441e-01
2.009412646293640137e-01
2.384941875934600830e-01
2.571229934692382812e-01
2.791189849376678467e-01
2.934199869632720947e-01
2.302259206771850586e-01
1.201484724879264832e-01
-9.999000000000000000e+03
-9.999000000000000000e+03
-9.999000000000000000e+03
-3.481353074312210083e-02
-4.168547689914703369e-02
-3.104446455836296082e-02
-3.451121738180518150e-03
1.901658251881599426e-02
2.470527961850166321e-02
2.718201279640197754e-02
1.957760192453861237e-02
1.464672107249498367e-02
-1.932744286023080349e-03
-2.181698009371757507e-02
-3.388477116823196411e-02
-3.490697592496871948e-02
-1.526458654552698135e-02
4.497476387768983841e-03
-6.102256849408149719e-02
-2.322146296501159668e-02
2.094042673707008362e-02
6.493078172206878662e-02
1.093372330069541931e-01
1.504684239625930786e-01
1.795174628496170044e-01
2.095105499029159546e-01
2.132349163293838501e-01
2.154232859611511230e-01
2.071991115808486938e-01
1.530999988317489624e-01
9.184996783733367920e-02
3.748600557446479797e-02
-1.540518458932638168e-02
-4.614812508225440979e-02
-5.350477993488311768e-02
-4.374137148261070251e-02
-2.227247506380081177e-02
1.423000264912843704e-02
4.269227385520935059e-02
4.294114932417869568e-02
5.649555101990699768e-02
2.777508273720741272e-02
4.178180359303951263e-03
-2.740467712283134460e-02
-4.838037490844726562e-02
-6.496205180883407593e-02
-6.444946676492691040e-02
-3.728949278593063354e-02
-1.200399920344352722e-02
-4.266312718391418457e-02
-8.802659809589385986e-03
2.954101003706455231e-02
7.951133698225021362e-02
1.192005798220634460e-01
1.405726671218872070e-01
1.469650119543075562e-01
1.625545024871826172e-01
1.648297458887100220e-01
1.685722321271896362e-01
1.316082626581192017e-01
8.900864422321319580e-02
5.556869134306907654e-02
1.282052788883447647e-02
-1.830470748245716095e-02
-3.781140595674514771e-02
-3.569168969988822937e-02
-1.066471543163061142e-02
2.139036729931831360e-02
6.838212907314300537e-02
8.451262861490249634e-02
7.627446949481964111e-02
5.420212820172309875e-02
1.706281490623950958e-02
-2.699468657374382019e-02
-7.271713018417358398e-02
-8.661367744207382202e-02
-1.008302941918373108e-01
-9.573071449995040894e-02
-6.857288628816604614e-02
-3.874918445944786072e-02
-2.551139891147613525e-02
1.534992642700672150e-02
5.159587785601615906e-02
8.169333636760711670e-02
1.091724038124084473e-01
1.274832338094711304e-01
1.306358426809310913e-01
1.395701617002487183e-01
1.439049094915390015e-01
1.277577579021453857e-01
1.033438295125961304e-01
7.010105252265930176e-02
4.303590953350067139e-02
2.708049491047859192e-03
-3.451714292168617249e-03
-5.874276976101100445e-04
2.164659835398197174e-02
5.306484177708625793e-02
6.725127995014190674e-02
1.049372330307960510e-01
9.490510076284408569e-02
6.187056377530097961e-02
1.204904168844223022e-02
-2.233695983886718750e-02
-6.816072762012481689e-02
-1.044884324073791504e-01
-1.247318610548973083e-01
-1.390697956085205078e-01
-1.298193186521530151e-01
-8.796775341033935547e-02
-6.395614147186279297e-02
-2.215178310871124268e-02
1.262449752539396286e-02
4.988335818052291870e-02
7.197183370590209961e-02
9.835730493068695068e-02
1.190110892057418823e-01
1.311353296041488647e-01
1.348995715379714966e-01
1.300501674413681030e-01
9.520283341407775879e-02
6.682868301868438721e-02
3.153404220938682556e-02
2.644927985966205597e-02
2.241382747888565063e-02
3.552274405956268311e-02
4.726738110184669495e-02
8.843758702278137207e-02
1.090628430247306824e-01
1.091935634613037109e-01
9.934943169355392456e-02
7.723967730998992920e-02
5.133692920207977295e-02
1.384654920548200607e-02
-3.781475871801376343e-02
-1.057080030441284180e-01
-1.384632736444473267e-01
-1.690242588520050049e-01
-1.844011992216110229e-01
-1.778675466775894165e-01
-1.285965293645858765e-01
-1.025118455290794373e-01
-1.451791916042566299e-02
4.186160862445831299e-03
2.878375351428985596e-02
4.905413091182708740e-02
8.053575456142425537e-02
1.104708537459373474e-01
1.289379596710205078e-01
1.206420511007308960e-01
9.235142171382904053e-02
5.673211440443992615e-02
4.000053554773330688e-02
2.977501973509788513e-02
4.855488613247871399e-02
6.587992608547210693e-02
9.229393303394317627e-02
1.002253368496894836e-01
1.136314570903778076e-01
1.077356934547424316e-01
9.816642850637435913e-02
7.978700101375579834e-02
5.472412705421447754e-02
3.385429829359054565e-02
9.838369674980640411e-03
-2.370690926909446716e-02
-5.995576083660125732e-02
-1.313696503639221191e-01
-1.890258342027664185e-01
-2.416365891695022583e-01
-2.345496118068695068e-01
-1.885766386985778809e-01
-1.499761790037155151e-01
-1.621074415743350983e-02
6.574049592018127441e-03
2.389580570161342621e-02
4.236578568816184998e-02
8.301876485347747803e-02
1.092196330428123474e-01
1.133681163191795349e-01
1.066569089889526367e-01
7.158246636390686035e-02
3.393038734793663025e-02
3.395826369524002075e-02
6.385001540184020996e-02
8.526273816823959351e-02
9.749201685190200806e-02
1.145361959934234619e-01
1.188127845525741577e-01
1.058103069663047791e-01
6.409339606761932373e-02
4.995943605899810791e-02
2.586382254958152771e-02
3.717496246099472046e-02
-9.999000000000000000e+03
-9.999000000000000000e+03
-9.999000000000000000e+03
-9.999000000000000000e+03
-9.999000000000000000e+03
-9.999000000000000000e+03
-1.895498633384704590e-01
-2.504574954509735107e-01
-2.262437939643859863e-01
-1.649817228317260742e-01
-2.631038799881935120e-02
-7.899800315499305725e-03
1.532027963548898697e-02
3.670761734247207642e-02
8.380509167909622192e-02
9.909866005182266235e-02
8.965970575809478760e-02
8.103777468204498291e-02
5.415677279233932495e-02
4.355385527014732361e-02
5.279234796762466431e-02
1.048672795295715332e-01
1.071475520730018616e-01
1.119199246168136597e-01
1.117456927895545959e-01
1.066382378339767456e-01
1.169382259249687195e-01
-9.999000000000000000e+03
-9.999000000000000000e+03
-9.999000000000000000e+03
-9.999000000000000000e+03
-9.999000000000000000e+03
-9.999000000000000000e+03
-9.999000000000000000e+03
-9.999000000000000000e+03
-9.999000000000000000e+03
-9.999000000000000000e+03
-1.571294218301773071e-01
-2.229620218276977539e-01
-2.277281284332275391e-01
-1.738027036190032959e-01
-6.278179585933685303e-02
-4.778199270367622375e-02
-4.537025000900030136e-03
3.187566623091697693e-02
6.164427474141120911e-02
7.516781240701675415e-02
8.366519212722778320e-02
7.125001400709152222e-02
5.092661455273628235e-02
9.098181128501892090e-02
1.084523871541023254e-01
1.216298788785934448e-01
1.211118251085281372e-01
1.126852259039878845e-01
6.424134969711303711e-02
6.719897687435150146e-02
-9.999000000000000000e+03
-9.999000000000000000e+03
-9.999000000000000000e+03
-9.999000000000000000e+03
-9.999000000000000000e+03
-9.999000000000000000e+03
-9.999000000000000000e+03
-9.999000000000000000e+03
-9.999000000000000000e+03
-9.999000000000000000e+03
-9.999000000000000000e+03
-9.999000000000000000e+03
-1.404979526996612549e-01
-1.785623729228973389e-01
-1.228634268045425415e-01
-9.597431868314743042e-02
-9.056805819272994995e-02
-4.850852489471435547e-02
-4.067033063620328903e-03
3.874846175312995911e-02
7.558788359165191650e-02
6.763830035924911499e-02
7.293321937322616577e-02
8.763568848371505737e-02
1.248782873153686523e-01
1.363506615161895752e-01
1.278112530708312988e-01
1.089310422539710999e-01
1.178084760904312134e-01
-9.999000000000000000e+03
-9.999000000000000000e+03
-9.999000000000000000e+03
-9.999000000000000000e+03
-9.999000000000000000e+03
-9.999000000000000000e+03
-9.999000000000000000e+03
-9.999000000000000000e+03
-9.999000000000000000e+03
-9.999000000000000000e+03
-9.999000000000000000e+03
-9.999000000000000000e+03
-9.999000000000000000e+03
-9.999000000000000000e+03
-9.999000000000000000e+03
-1.267906874418258667e-01
-9.037338942289352417e-02
-9.999000000000000000e+03
-8.720504492521286011e-02
-7.904438674449920654e-02
-3.956167772412300110e-02
9.968697093427181244e-03
4.670018330216407776e-02
4.894688352942466736e-02
9.212519973516464233e-02
1.340619623661041260e-01
1.331070810556411743e-01
1.272764354944229126e-01
1.115835756063461304e-01
8.243191987276077271e-02
-9.999000000000000000e+03
-9.999000000000000000e+03
-9.999000000000000000e+03
-9.999000000000000000e+03
-9.999000000000000000e+03
-9.999000000000000000e+03
-9.999000000000000000e+03
-9.999000000000000000e+03
-9.999000000000000000e+03
-9.999000000000000000e+03
-9.999000000000000000e+03
-9.999000000000000000e+03
-9.999000000000000000e+03
-9.999000000000000000e+03
-9.999000000000000000e+03
-9.999000000000000000e+03
-5.483887344598770142e-02
-2.927902154624462128e-02
-9.999000000000000000e+03
-9.999000000000000000e+03
-9.262150526046752930e-02
-6.123777851462364197e-02
-1.067894324660301208e-02
2.930043078958988190e-02
7.184448838233947754e-02
1.064300164580345154e-01
1.289528459310531616e-01
1.166179180145263672e-01
8.774136006832122803e-02
1.329804398119449615e-02
-9.999000000000000000e+03
-9.999000000000000000e+03
-9.999000000000000000e+03
-9.999000000000000000e+03
-9.999000000000000000e+03
-9.999000000000000000e+03
-9.999000000000000000e+03
-9.999000000000000000e+03
-9.999000000000000000e+03
-9.999000000000000000e+03
-9.999000000000000000e+03
-9.999000000000000000e+03
-9.999000000000000000e+03
-9.999000000000000000e+03
-9.999000000000000000e+03
-9.999000000000000000e+03
-9.999000000000000000e+03
-2.135694399476051331e-02
3.473939606919884682e-03
-9.999000000000000000e+03
-9.999000000000000000e+03
-5.578644573688507080e-02
-4.715521633625030518e-02
-1.608232222497463226e-02
3.267116472125053406e-02
1.036958470940589905e-01
1.129116117954254150e-01
1.124505028128623962e-01
9.637542068958282471e-02
6.785439699888229370e-02
2.445407025516033173e-02
-9.999000000000000000e+03
-9.999000000000000000e+03
-9.999000000000000000e+03
-9.999000000000000000e+03
-9.999000000000000000e+03
-9.999000000000000000e+03
-9.999000000000000000e+03
-9.999000000000000000e+03
-9.999000000000000000e+03
-9.999000000000000000e+03
-9.999000000000000000e+03
-9.999000000000000000e+03
-9.999000000000000000e+03
-9.999000000000000000e+03
-9.999000000000000000e+03
-9.999000000000000000e+03
-9.999000000000000000e+03
-9.999000000000000000e+03
-9.999000000000000000e+03
-9.999000000000000000e+03
-9.999000000000000000e+03
-2.499686554074287415e-02
-2.283585816621780396e-02
-9.754385799169540405e-03
4.583803564310073853e-02
9.386286139488220215e-02
1.089448854327201843e-01
1.057821288704872131e-01
9.556522220373153687e-02
7.341081649065017700e-02
4.855866730213165283e-02
-9.999000000000000000e+03
-9.999000000000000000e+03
-9.999000000000000000e+03
-9.999000000000000000e+03
-9.999000000000000000e+03
-9.999000000000000000e+03
-9.999000000000000000e+03
-9.999000000000000000e+03
-9.999000000000000000e+03
-9.999000000000000000e+03
-9.999000000000000000e+03
-9.999000000000000000e+03
-9.999000000000000000e+03
-9.999000000000000000e+03
-9.999000000000000000e+03
-9.999000000000000000e+03
-9.999000000000000000e+03
-9.999000000000000000e+03
-9.999000000000000000e+03
-9.999000000000000000e+03
-9.999000000000000000e+03
-9.999000000000000000e+03
-1.448201108723878860e-02
-1.453610509634017944e-02
3.742182999849319458e-02
7.282485067844390869e-02
8.483149111270904541e-02
1.104943230748176575e-01
1.225654557347297668e-01
8.141721785068511963e-02
-9.999000000000000000e+03
-9.999000000000000000e+03
-9.999000000000000000e+03
-9.999000000000000000e+03
-9.999000000000000000e+03
-9.999000000000000000e+03
-9.999000000000000000e+03
-9.999000000000000000e+03
-9.999000000000000000e+03
-9.999000000000000000e+03
-9.999000000000000000e+03
-9.999000000000000000e+03
-9.999000000000000000e+03
-9.999000000000000000e+03
-9.999000000000000000e+03
-9.999000000000000000e+03
-9.999000000000000000e+03
-9.999000000000000000e+03
-9.999000000000000000e+03
-9.999000000000000000e+03
-9.999000000000000000e+03
-9.999000000000000000e+03
-9.999000000000000000e+03
-1.018199697136878967e-02
-5.788870621472597122e-03
8.140128105878829956e-03
1.853666827082633972e-02
6.409537792205810547e-02
1.314092427492141724e-01
1.243882179260253906e-01
6.329129636287689209e-02
2.649026177823543549e-02
-9.999000000000000000e+03
-9.999000000000000000e+03
-9.999000000000000000e+03
-9.999000000000000000e+03
-9.999000000000000000e+03
-9.999000000000000000e+03
-9.999000000000000000e+03
-9.999000000000000000e+03
-9.999000000000000000e+03
-9.999000000000000000e+03
-9.999000000000000000e+03
-9.999000000000000000e+03
-9.999000000000000000e+03
-9.999000000000000000e+03
-9.999000000000000000e+03
-9.999000000000000000e+03
-9.999000000000000000e+03
-9.999000000000000000e+03
-9.999000000000000000e+03
-9.999000000000000000e+03
-9.999000000000000000e+03
-9.999000000000000000e+03
-9.999000000000000000e+03
4.159517586231231689e-03
7.343064062297344208e-03
1.711941324174404144e-02
6.615222245454788208e-02
8.742995560169219971e-02
2.232359163463115692e-02
1.583068817853927612e-02
5.476935207843780518e-02
-9.999000000000000000e+03
-9.999000000000000000e+03
-9.999000000000000000e+03
-9.999000000000000000e+03
-9.999000000000000000e+03
-9.999000000000000000e+03
-9.999000000000000000e+03
-9.999000000000000000e+03
-9.999000000000000000e+03
-9.999000000000000000e+03
-9.999000000000000000e+03
-9.999000000000000000e+03
-9.999000000000000000e+03
-9.999000000000000000e+03
-9.999000000000000000e+03
-9.999000000000000000e+03
-9.999000000000000000e+03
-9.999000000000000000e+03
-9.999000000000000000e+03
-9.999000000000000000e+03
-9.999000000000000000e+03
-9.999000000000000000e+03
-9.999000000000000000e+03
2.298149652779102325e-02
2.080300450325012207e-02
2.201762236654758453e-02
2.271806634962558746e-02
-3.888928890228271484e-02
-1.219087019562721252e-01
-9.907691925764083862e-02
-1.678310334682464600e-02
4.102667048573493958e-02
-9.999000000000000000e+03
-9.999000000000000000e+03
-9.999000000000000000e+03
-9.999000000000000000e+03
-9.999000000000000000e+03
-9.999000000000000000e+03
-9.999000000000000000e+03
-9.999000000000000000e+03
-9.999000000000000000e+03
-9.999000000000000000e+03
-9.999000000000000000e+03
-9.999000000000000000e+03
-9.999000000000000000e+03
-9.999000000000000000e+03
-9.999000000000000000e+03
-9.999000000000000000e+03
-9.999000000000000000e+03
-9.999000000000000000e+03
-9.999000000000000000e+03
-9.999000000000000000e+03
-9.999000000000000000e+03
-9.999000000000000000e+03
5.598967522382736206e-02
3.972360491752624512e-02
2.781157381832599640e-02
-2.615303732454776764e-03
-4.999323561787605286e-02
-1.229946836829185486e-01
-1.100985780358314514e-01
-2.252711355686187744e-02
7.480999082326889038e-02
5.408998951315879822e-02
2.424775622785091400e-02
3.333744406700134277e-02
4.288539662957191467e-02
-9.999000000000000000e+03
-9.999000000000000000e+03
-9.999000000000000000e+03
-9.999000000000000000e+03
-9.999000000000000000e+03
-9.999000000000000000e+03
-9.999000000000000000e+03
-9.999000000000000000e+03
-9.999000000000000000e+03
-9.999000000000000000e+03
-9.999000000000000000e+03
-9.999000000000000000e+03
-9.999000000000000000e+03
-9.999000000000000000e+03
-9.999000000000000000e+03
-9.999000000000000000e+03
-9.999000000000000000e+03
5.756987258791923523e-02
6.059128791093826294e-02
5.447711423039436340e-02
2.489492110908031464e-02
-1.087231375277042389e-02
-4.134529456496238708e-02
-5.007951334118843079e-02
-4.721904546022415161e-02
-1.601384393870830536e-02
3.937605023384094238e-02
5.991480126976966858e-02
7.986287027597427368e-02
4.970222339034080505e-02
4.531551152467727661e-02
-9.999000000000000000e+03
-9.999000000000000000e+03
-9.999000000000000000e+03
-9.999000000000000000e+03
-9.999000000000000000e+03
-9.999000000000000000e+03
-9.999000000000000000e+03
-9.999000000000000000e+03
-9.999000000000000000e+03
-9.999000000000000000e+03
-9.999000000000000000e+03
-9.999000000000000000e+03
-9.999000000000000000e+03
-9.999000000000000000e+03
-9.999000000000000000e+03
4.951141402125358582e-02
5.083969980478286743e-02
4.550202190876007080e-02
3.844950348138809204e-02
2.620254456996917725e-02
5.638871341943740845e-03
-6.235104985535144806e-03
-1.070875953882932663e-02
-1.320618670433759689e-02
-2.099023014307022095e-02
-1.922070793807506561e-02
2.641253918409347534e-02
8.627915382385253906e-02
1.097056791186332703e-01
-9.999000000000000000e+03
-9.999000000000000000e+03
-9.999000000000000000e+03
-9.999000000000000000e+03
-9.999000000000000000e+03
-9.999000000000000000e+03
-9.999000000000000000e+03
-9.999000000000000000e+03
-9.999000000000000000e+03
-9.999000000000000000e+03
-9.999000000000000000e+03
-9.999000000000000000e+03
-9.999000000000000000e+03
-9.999000000000000000e+03
-9.999000000000000000e+03
-9.999000000000000000e+03
1.442642044275999069e-02
4.373585060238838196e-02
6.789821386337280273e-02
5.067569762468338013e-02
2.882142737507820129e-02
-1.939090667292475700e-03
-1.702911593019962311e-02
-6.313684396445751190e-03
6.606629583984613419e-03
6.605045404285192490e-03
-1.226737443357706070e-02
-3.292733430862426758e-02
4.340480547398328781e-03
1.071978583931922913e-01
-9.999000000000000000e+03
-9.999000000000000000e+03
-9.999000000000000000e+03
-9.999000000000000000e+03
-9.999000000000000000e+03
-9.999000000000000000e+03
-9.999000000000000000e+03
-9.999000000000000000e+03
-9.999000000000000000e+03
-9.999000000000000000e+03
-9.999000000000000000e+03
-9.999000000000000000e+03
-9.999000000000000000e+03
-9.999000000000000000e+03
-9.999000000000000000e+03
-9.999000000000000000e+03
-9.999000000000000000e+03
3.453996405005455017e-02
4.496442154049873352e-02
8.120691031217575073e-02
5.332436040043830872e-02
1.096856780350208282e-02
-1.830971240997314453e-02
-2.691831812262535095e-02
-1.198335085064172745e-02
1.343093439936637878e-02
2.026729471981525421e-02
6.387880071997642517e-03
-2.033156901597976685e-02
4.140417557209730148e-03
7.209125906229019165e-02
-9.999000000000000000e+03
-9.999000000000000000e+03
-9.999000000000000000e+03
-9.999000000000000000e+03
-9.999000000000000000e+03
-9.999000000000000000e+03
-9.999000000000000000e+03
-9.999000000000000000e+03
-9.999000000000000000e+03
-9.999000000000000000e+03
-9.999000000000000000e+03
-9.999000000000000000e+03
-9.999000000000000000e+03
-9.999000000000000000e+03
-9.999000000000000000e+03
-9.999000000000000000e+03
-9.999000000000000000e+03
6.425363570451736450e-02
9.566238522529602051e-02
9.558872133493423462e-02
6.240791827440261841e-02
2.010617405176162720e-02
-1.588578894734382629e-02
-2.423017658293247223e-02
-1.109160389751195908e-02
1.028799265623092651e-02
2.073474414646625519e-02
9.871612302958965302e-03
-2.549529634416103363e-02
-8.340682834386825562e-03
-9.999000000000000000e+03
-9.999000000000000000e+03
-9.999000000000000000e+03
-9.999000000000000000e+03
-9.999000000000000000e+03
-9.999000000000000000e+03
-9.999000000000000000e+03
-9.999000000000000000e+03
-9.999000000000000000e+03
-9.999000000000000000e+03
-9.999000000000000000e+03
-9.999000000000000000e+03
-9.999000000000000000e+03
-9.999000000000000000e+03
-9.999000000000000000e+03
-9.999000000000000000e+03
-9.999000000000000000e+03
-9.999000000000000000e+03
1.122795119881629944e-01
1.473987549543380737e-01
1.131825596094131470e-01
6.639029085636138916e-02
1.924524828791618347e-02
-1.789009571075439453e-02
-3.151465207338333130e-02
-1.928356103599071503e-02
8.116087876260280609e-03
2.982343547046184540e-02
7.017499767243862152e-03
-1.537558436393737793e-02
-9.999000000000000000e+03
-9.999000000000000000e+03
-9.999000000000000000e+03
-9.999000000000000000e+03
-9.999000000000000000e+03
-9.999000000000000000e+03
-9.999000000000000000e+03
-9.999000000000000000e+03
-9.999000000000000000e+03
-9.999000000000000000e+03
-9.999000000000000000e+03
-9.999000000000000000e+03
-9.999000000000000000e+03
-9.999000000000000000e+03
-9.999000000000000000e+03
-9.999000000000000000e+03
-9.999000000000000000e+03
-9.999000000000000000e+03
-9.999000000000000000e+03
1.330982148647308350e-01
1.415009051561355591e-01
1.180439740419387817e-01
7.428310811519622803e-02
-9.205426089465618134e-03
-4.091148078441619873e-02
-3.135338798165321350e-02
-1.346024032682180405e-02
1.595361740328371525e-03
8.139411918818950653e-03
-9.999000000000000000e+03
-9.999000000000000000e+03
-9.999000000000000000e+03
-9.999000000000000000e+03
-9.999000000000000000e+03
-9.999000000000000000e+03
-9.999000000000000000e+03
-9.999000000000000000e+03
-9.999000000000000000e+03
-9.999000000000000000e+03
-9.999000000000000000e+03
-9.999000000000000000e+03
-9.999000000000000000e+03
-9.999000000000000000e+03
-9.999000000000000000e+03
-9.999000000000000000e+03
-9.999000000000000000e+03
-9.999000000000000000e+03
-9.999000000000000000e+03
-9.999000000000000000e+03
-9.999000000000000000e+03
1.068957373499870300e-01
1.123998761177062988e-01
7.735103368759155273e-02
3.487166017293930054e-02
-1.116661075502634048e-02
-3.881618753075599670e-02
-9.999000000000000000e+03
-9.999000000000000000e+03
-9.999000000000000000e+03
-9.999000000000000000e+03
-9.999000000000000000e+03
-9.999000000000000000e+03
-9.999000000000000000e+03
-9.999000000000000000e+03
-9.999000000000000000e+03
-9.999000000000000000e+03
-9.999000000000000000e+03
-9.999000000000000000e+03
-9.999000000000000000e+03
-9.999000000000000000e+03
-9.999000000000000000e+03
-9.999000000000000000e+03
-9.999000000000000000e+03
-9.999000000000000000e+03
-9.999000000000000000e+03
-9.999000000000000000e+03
-9.999000000000000000e+03
-9.999000000000000000e+03
-9.999000000000000000e+03
-9.999000000000000000e+03
-9.999000000000000000e+03
4.432168602943420410e-02
5.268251895904541016e-02
5.397231876850128174e-02
-9.999000000000000000e+03
-9.999000000000000000e+03
-9.999000000000000000e+03
-9.999000000000000000e+03
-9.999000000000000000e+03
-9.999000000000000000e+03
-9.999000000000000000e+03
-9.999000000000000000e+03
-9.999000000000000000e+03
-9.999000000000000000e+03
-9.999000000000000000e+03
-9.999000000000000000e+03
-9.999000000000000000e+03
-9.999000000000000000e+03
-9.999000000000000000e+03
-9.999000000000000000e+03
-9.999000000000000000e+03
-9.999000000000000000e+03
-9.999000000000000000e+03
-9.999000000000000000e+03
-9.999000000000000000e+03
-9.999000000000000000e+03
-9.999000000000000000e+03
-9.999000000000000000e+03
-9.999000000000000000e+03
-9.999000000000000000e+03
-9.999000000000000000e+03
-9.999000000000000000e+03
