1.478836089372634888e-01
1.463872492313385010e-01
1.167414933443069458e-01
9.329271316528320312e-02
1.136234998703002930e-01
1.008944585919380188e-01
9.614145010709762573e-02
9.096799790859222412e-02
8.082142472267150879e-02
7.454404234886169434e-02
1.135836075991392136e-02
-9.999000000000000000e+03
-9.999000000000000000e+03
-9.999000000000000000e+03
-9.999000000000000000e+03
-9.999000000000000000e+03
-9.999000000000000000e+03
-9.999000000000000000e+03
-9.999000000000000000e+03
-9.999000000000000000e+03
-9.999000000000000000e+03
-9.999000000000000000e+03
-9.999000000000000000e+03
1.692199334502220154e-02
3.124835714697837830e-02
4.681502655148506165e-02
7.532414793968200684e-02
1.057361662387847900e-01
1.228869929909706116e-01
1.322441250085830688e-01
1.279238313436508179e-01
6.599517911672592163e-02
6.481511890888214111e-02
4.137529432773590088e-02
2.498088590800762177e-02
4.035796970129013062e-02
3.325739502906799316e-02
3.825838491320610046e-02
5.043120682239532471e-02
5.205274000763893127e-02
6.290194392204284668e-02
6.130892410874366760e-02
4.325081035494804382e-02
-9.999000000000000000e+03
-9.999000000000000000e+03
-9.999000000000000000e+03
-9.999000000000000000e+03
-9.999000000000000000e+03
-9.999000000000000000e+03
-9.999000000000000000e+03
-9.999000000000000000e+03
-9.999000000000000000e+03
2.464000508189201355e-02
4.772459343075752258e-02
4.389501363039016724e-02
5.613910779356956482e-02
6.552400439977645874e-02
8.287956565618515015e-02
1.045847535133361816e-01
1.024259775876998901e-01
9.723992645740509033e-02
9.442564845085144043e-02
-6.974300369620323181e-03
-1.166816521435976028e-02
-3.680471330881118774e-02
-3.867111727595329285e-02
-1.411609072238206863e-02
-8.010766468942165375e-03
1.497262855991721153e-03
1.799720525741577148e-02
2.142736129462718964e-02
3.803357481956481934e-02
5.059468373656272888e-02
4.527815803885459900e-02
-9.999000000000000000e+03
-9.999000000000000000e+03
-9.999000000000000000e+03
-9.999000000000000000e+03
-9.999000000000000000e+03
-9.999000000000000000e+03
-9.999000000000000000e+03
3.681606799364089966e-02
4.271302372217178345e-02
6.605816632509231567e-02
9.326218813657760620e-02
9.001676738262176514e-02
8.282205462455749512e-02
9.074857831001281738e-02
9.751207381486892700e-02
1.029753014445304871e-01
1.063112840056419373e-01
9.754685312509536743e-02
1.150243580341339111e-01
-7.540707290172576904e-02
-6.580252945423126221e-02
-7.444559037685394287e-02
-7.798177748918533325e-02
-5.559646710753440857e-02
-4.467158392071723938e-02
-4.071618989109992981e-02
-2.300679683685302734e-02
-1.611224561929702759e-02
7.740519009530544281e-03
2.453505247831344604e-02
5.211030691862106323e-02
6.290593743324279785e-02
-9.999000000000000000e+03
-9.999000000000000000e+03
-9.999000000000000000e+03
2.611031755805015564e-02
3.202470764517784119e-02
4.521179944276809692e-02
3.723793849349021912e-02
4.185448214411735535e-02
5.658948794007301331e-02
5.602429062128067017e-02
7.825323939323425293e-02
8.940161764621734619e-02
9.634337574243545532e-02
1.227994114160537720e-01
1.481230705976486206e-01
1.532785892486572266e-01
1.523183286190032959e-01
1.634636670351028442e-01
-1.391609013080596924e-01
-1.204103678464889526e-01
-1.170522794127464294e-01
-1.200332269072532654e-01
-9.995520859956741333e-02
-8.626315742731094360e-02
-7.493644207715988159e-02
-5.918504297733306885e-02
-4.739271104335784912e-02
-2.510351687669754028e-02
1.312543055973947048e-03
2.298825234174728394e-02
5.226904526352882385e-02
4.279673472046852112e-02
3.692315518856048584e-02
3.025651723146438599e-02
1.296684425324201584e-02
-7.619995158165693283e-03
-8.700910955667495728e-03
-3.167320042848587036e-02
-2.073440700769424438e-02
-1.701538637280464172e-02
-3.351901471614837646e-02
-3.706399584189057350e-03
2.213660255074501038e-02
5.834816396236419678e-02
1.039159074425697327e-01
1.344886571168899536e-01
1.560404896736145020e-01
1.745647490024566650e-01
1.720452308654785156e-01
-1.694878637790679932e-01
-1.595389842987060547e-01
-1.593050658702850342e-01
-1.652231067419052124e-01
-1.458984911441802979e-01
-1.289754807949066162e-01
-1.067329496145248413e-01
-7.932064682245254517e-02
-6.217976659536361694e-02
-3.571859002113342285e-02
-5.971553735435009003e-03
1.877731643617153168e-02
3.136844933032989502e-02
3.248454257845878601e-02
1.726393215358257294e-02
3.387118456885218620e-03
-4.087799787521362305e-02
-8.377432823181152344e-02
-1.043640822172164917e-01
-1.418827921152114868e-01
-1.564333885908126831e-01
-1.441932320594787598e-01
-1.589360386133193970e-01
-1.024250835180282593e-01
-5.489096045494079590e-02
-2.864046208560466766e-02
4.958243668079376221e-02
7.084794342517852783e-02
9.671796858310699463e-02
1.305459290742874146e-01
1.346912682056427002e-01
-1.656762063503265381e-01
-1.685890853404998779e-01
-1.748481690883636475e-01
-1.773747652769088745e-01
-1.726053655147552490e-01
-1.569501608610153198e-01
-1.246158331632614136e-01
-9.163504093885421753e-02
-6.269432604312896729e-02
-3.711115568876266479e-02
-6.792271509766578674e-03
1.176908705383539200e-02
2.877487428486347198e-02
2.355250529944896698e-02
-3.190014511346817017e-02
-7.098285108804702759e-02
-1.142871975898742676e-01
-1.480693966150283813e-01
-1.654691994190216064e-01
-2.115833461284637451e-01
-2.472957521677017212e-01
-2.762873470783233643e-01
-2.820166349411010742e-01
-2.488900572061538696e-01
-2.141800969839096069e-01
-1.769121587276458740e-01
-7.915873080492019653e-02
-4.257413372397422791e-02
-2.438724477542564273e-04
6.233642250299453735e-02
8.321700990200042725e-02
-1.325703561305999756e-01
-1.466723680496215820e-01
-1.589458733797073364e-01
-1.605453193187713623e-01
-1.611311584711074829e-01
-1.358745098114013672e-01
-1.086824163794517517e-01
-9.070599079132080078e-02
-6.680522114038467407e-02
-5.116152390837669373e-02
-2.733139880001544952e-02
-1.908091641962528229e-02
-1.739639788866043091e-02
-3.759206086397171021e-02
-8.209190517663955688e-02
-1.171582415699958801e-01
-1.627424955368041992e-01
-1.813902407884597778e-01
-2.052930593490600586e-01
-2.149730026721954346e-01
-2.132137417793273926e-01
-2.466129213571548462e-01
-2.322998046875000000e-01
-2.668733894824981689e-01
-3.088339865207672119e-01
-3.072923719882965088e-01
-2.123737037181854248e-01
-1.526115983724594116e-01
-9.387437254190444946e-02
-1.918076165020465851e-02
1.470088679343461990e-02
-1.077107563614845276e-01
-1.122294217348098755e-01
-1.202355250716209412e-01
-1.173881813883781433e-01
-1.344206780195236206e-01
-1.135232523083686829e-01
-9.112575650215148926e-02
-8.612290024757385254e-02
-7.860380411148071289e-02
-7.124233245849609375e-02
-5.917472019791603088e-02
-5.309535190463066101e-02
-6.818895041942596436e-02
-1.039381921291351318e-01
-1.415043026208877563e-01
-1.501147747039794922e-01
-1.590616554021835327e-01
-1.494679749011993408e-01
-1.535744071006774902e-01
-1.051072850823402405e-01
-5.265123769640922546e-02
-7.211614400148391724e-02
-6.974305957555770874e-02
-1.394121348857879639e-01
-1.401825994253158569e-01
-2.600424289703369141e-01
-2.520324587821960449e-01
-2.236446738243103027e-01
-1.584186255931854248e-01
-9.195308387279510498e-02
-6.565451622009277344e-02
-9.457075595855712891e-02
-8.747543394565582275e-02
-8.774899691343307495e-02
-8.394608646631240845e-02
-9.385047852993011475e-02
-9.533551335334777832e-02
-8.686336874961853027e-02
-9.003709256649017334e-02
-9.138053655624389648e-02
-9.546256065368652344e-02
-9.520440548658370972e-02
-1.161177754402160645e-01
-1.314792782068252563e-01
-1.471291631460189819e-01
-1.588664650917053223e-01
-1.468843668699264526e-01
-1.242847517132759094e-01
-7.724403589963912964e-02
-5.736453831195831299e-02
6.177441682666540146e-03
2.589281089603900909e-02
-9.999000000000000000e+03
-9.999000000000000000e+03
-9.999000000000000000e+03
-9.999000000000000000e+03
-9.999000000000000000e+03
-9.999000000000000000e+03
-2.753046154975891113e-01
-2.157862782478332520e-01
-1.440417468547821045e-01
-1.229483634233474731e-01
-7.227544486522674561e-02
-6.488270312547683716e-02
-6.898143887519836426e-02
-7.021402567625045776e-02
-7.575093209743499756e-02
-7.386419922113418579e-02
-7.940264046192169189e-02
-9.214624762535095215e-02
-1.098643019795417786e-01
-1.291588097810745239e-01
-1.341439038515090942e-01
-1.646733731031417847e-01
-1.634599119424819946e-01
-1.573620438575744629e-01
-1.308590769767761230e-01
-1.029396578669548035e-01
-7.797426730394363403e-02
-9.999000000000000000e+03
-9.999000000000000000e+03
-9.999000000000000000e+03
-9.999000000000000000e+03
-9.999000000000000000e+03
-9.999000000000000000e+03
-9.999000000000000000e+03
-9.999000000000000000e+03
-9.999000000000000000e+03
-9.999000000000000000e+03
-1.392206996679306030e-01
-1.829518675804138184e-01
-1.879151612520217896e-01
-1.696655154228210449e-01
-7.519219815731048584e-02
-6.218239292502403259e-02
-5.589555576443672180e-02
-5.710833892226219177e-02
-6.833470612764358521e-02
-7.992916554212570190e-02
-8.965153247117996216e-02
-1.077373623847961426e-01
-1.429961174726486206e-01
-1.608443409204483032e-01
-1.630712151527404785e-01
-1.621107906103134155e-01
-1.461612135171890259e-01
-1.348223239183425903e-01
-6.373781710863113403e-02
-5.628336220979690552e-02
-9.999000000000000000e+03
-9.999000000000000000e+03
-9.999000000000000000e+03
-9.999000000000000000e+03
-9.999000000000000000e+03
-9.999000000000000000e+03
-9.999000000000000000e+03
-9.999000000000000000e+03
-9.999000000000000000e+03
-9.999000000000000000e+03
-9.999000000000000000e+03
-9.999000000000000000e+03
-1.090548709034919739e-01
-1.782284080982208252e-01
-1.970586031675338745e-01
-1.070047691464424133e-01
-7.744357734918594360e-02
-4.596439376473426819e-02
-3.632416948676109314e-02
-5.286170914769172668e-02
-7.654717564582824707e-02
-1.033514440059661865e-01
-1.311130970716476440e-01
-1.532683372497558594e-01
-1.494505405426025391e-01
-1.508381515741348267e-01
-1.417289823293685913e-01
-8.593774586915969849e-02
-8.708353340625762939e-02
-9.999000000000000000e+03
-9.999000000000000000e+03
-9.999000000000000000e+03
-9.999000000000000000e+03
-9.999000000000000000e+03
-9.999000000000000000e+03
-9.999000000000000000e+03
-9.999000000000000000e+03
-9.999000000000000000e+03
-9.999000000000000000e+03
-9.999000000000000000e+03
-9.999000000000000000e+03
-9.999000000000000000e+03
-9.999000000000000000e+03
-9.999000000000000000e+03
-1.547773033380508423e-01
-2.010609060525894165e-01
-9.999000000000000000e+03
-5.507384240627288818e-02
-4.834409430623054504e-02
-3.756905347108840942e-02
-4.025912657380104065e-02
-6.113201379776000977e-02
-9.323702752590179443e-02
-1.295285820960998535e-01
-1.211650222539901733e-01
-1.158779859542846680e-01
-1.191121116280555725e-01
-9.826727211475372314e-02
-6.661789864301681519e-02
-9.999000000000000000e+03
-9.999000000000000000e+03
-9.999000000000000000e+03
-9.999000000000000000e+03
-9.999000000000000000e+03
-9.999000000000000000e+03
-9.999000000000000000e+03
-9.999000000000000000e+03
-9.999000000000000000e+03
-9.999000000000000000e+03
-9.999000000000000000e+03
-9.999000000000000000e+03
-9.999000000000000000e+03
-9.999000000000000000e+03
-9.999000000000000000e+03
-9.999000000000000000e+03
-1.244049295783042908e-01
-1.891789585351943970e-01
-9.999000000000000000e+03
-9.999000000000000000e+03
-5.040027946233749390e-02
-3.651013970375061035e-02
-3.795912489295005798e-02
-5.318120494484901428e-02
-7.296707481145858765e-02
-9.008626639842987061e-02
-8.183107525110244751e-02
-7.757852971553802490e-02
-8.610612899065017700e-02
-3.479171171784400940e-02
-9.999000000000000000e+03
-9.999000000000000000e+03
-9.999000000000000000e+03
-9.999000000000000000e+03
-9.999000000000000000e+03
-9.999000000000000000e+03
-9.999000000000000000e+03
-9.999000000000000000e+03
-9.999000000000000000e+03
-9.999000000000000000e+03
-9.999000000000000000e+03
-9.999000000000000000e+03
-9.999000000000000000e+03
-9.999000000000000000e+03
-9.999000000000000000e+03
-9.999000000000000000e+03
-9.999000000000000000e+03
-7.359907776117324829e-02
-1.429883986711502075e-01
-9.999000000000000000e+03
-9.999000000000000000e+03
-3.300193324685096741e-02
-4.035456478595733643e-02
-3.656116500496864319e-02
-3.928590193390846252e-02
-4.369884356856346130e-02
-2.159169875085353851e-02
-3.007896058261394501e-02
-3.100063093006610870e-02
-3.578699007630348206e-02
-1.046622730791568756e-02
-9.999000000000000000e+03
-9.999000000000000000e+03
-9.999000000000000000e+03
-9.999000000000000000e+03
-9.999000000000000000e+03
-9.999000000000000000e+03
-9.999000000000000000e+03
-9.999000000000000000e+03
-9.999000000000000000e+03
-9.999000000000000000e+03
-9.999000000000000000e+03
-9.999000000000000000e+03
-9.999000000000000000e+03
-9.999000000000000000e+03
-9.999000000000000000e+03
-9.999000000000000000e+03
-9.999000000000000000e+03
-9.999000000000000000e+03
-9.999000000000000000e+03
-9.999000000000000000e+03
-9.999000000000000000e+03
-1.504210103303194046e-02
-2.296976745128631592e-02
-2.052782848477363586e-02
-2.210648544132709503e-02
5.135348066687583923e-03
2.827614545822143555e-02
3.529459983110427856e-02
2.030807919800281525e-02
3.022686345502734184e-03
9.095798013731837273e-04
-9.999000000000000000e+03
-9.999000000000000000e+03
-9.999000000000000000e+03
-9.999000000000000000e+03
-9.999000000000000000e+03
-9.999000000000000000e+03
-9.999000000000000000e+03
-9.999000000000000000e+03
-9.999000000000000000e+03
-9.999000000000000000e+03
-9.999000000000000000e+03
-9.999000000000000000e+03
-9.999000000000000000e+03
-9.999000000000000000e+03
-9.999000000000000000e+03
-9.999000000000000000e+03
-9.999000000000000000e+03
-9.999000000000000000e+03
-9.999000000000000000e+03
-9.999000000000000000e+03
-9.999000000000000000e+03
-9.999000000000000000e+03
-1.950501091778278351e-02
-1.358961034566164017e-02
4.350782837718725204e-03
9.262716770172119141e-02
6.119833886623382568e-02
4.336338117718696594e-02
5.494436249136924744e-02
4.846731200814247131e-02
-9.999000000000000000e+03
-9.999000000000000000e+03
-9.999000000000000000e+03
-9.999000000000000000e+03
-9.999000000000000000e+03
-9.999000000000000000e+03
-9.999000000000000000e+03
-9.999000000000000000e+03
-9.999000000000000000e+03
-9.999000000000000000e+03
-9.999000000000000000e+03
-9.999000000000000000e+03
-9.999000000000000000e+03
-9.999000000000000000e+03
-9.999000000000000000e+03
-9.999000000000000000e+03
-9.999000000000000000e+03
-9.999000000000000000e+03
-9.999000000000000000e+03
-9.999000000000000000e+03
-9.999000000000000000e+03
-9.999000000000000000e+03
-9.999000000000000000e+03
-1.655271090567111969e-02
-2.538589760661125183e-02
7.572409696877002716e-03
2.537503279745578766e-02
2.072396315634250641e-02
-1.170768961310386658e-02
9.925346076488494873e-02
1.905632317066192627e-01
1.521890312433242798e-01
-9.999000000000000000e+03
-9.999000000000000000e+03
-9.999000000000000000e+03
-9.999000000000000000e+03
-9.999000000000000000e+03
-9.999000000000000000e+03
-9.999000000000000000e+03
-9.999000000000000000e+03
-9.999000000000000000e+03
-9.999000000000000000e+03
-9.999000000000000000e+03
-9.999000000000000000e+03
-9.999000000000000000e+03
-9.999000000000000000e+03
-9.999000000000000000e+03
-9.999000000000000000e+03
-9.999000000000000000e+03
-9.999000000000000000e+03
-9.999000000000000000e+03
-9.999000000000000000e+03
-9.999000000000000000e+03
-9.999000000000000000e+03
-9.999000000000000000e+03
-4.312931373715400696e-02
-3.253010287880897522e-02
-5.009373649954795837e-02
-4.858828708529472351e-02
-8.005002513527870178e-03
2.571219019591808319e-02
1.734222769737243652e-01
1.976421177387237549e-01
-9.999000000000000000e+03
-9.999000000000000000e+03
-9.999000000000000000e+03
-9.999000000000000000e+03
-9.999000000000000000e+03
-9.999000000000000000e+03
-9.999000000000000000e+03
-9.999000000000000000e+03
-9.999000000000000000e+03
-9.999000000000000000e+03
-9.999000000000000000e+03
-9.999000000000000000e+03
-9.999000000000000000e+03
-9.999000000000000000e+03
-9.999000000000000000e+03
-9.999000000000000000e+03
-9.999000000000000000e+03
-9.999000000000000000e+03
-9.999000000000000000e+03
-9.999000000000000000e+03
-9.999000000000000000e+03
-9.999000000000000000e+03
-9.999000000000000000e+03
-5.876334011554718018e-02
-1.000967100262641907e-01
-1.494491994380950928e-01
-1.122311651706695557e-01
-8.528529107570648193e-02
-7.281484454870223999e-02
-1.359229721128940582e-02
7.908832281827926636e-02
8.283032476902008057e-02
-9.999000000000000000e+03
-9.999000000000000000e+03
-9.999000000000000000e+03
-9.999000000000000000e+03
-9.999000000000000000e+03
-9.999000000000000000e+03
-9.999000000000000000e+03
-9.999000000000000000e+03
-9.999000000000000000e+03
-9.999000000000000000e+03
-9.999000000000000000e+03
-9.999000000000000000e+03
-9.999000000000000000e+03
-9.999000000000000000e+03
-9.999000000000000000e+03
-9.999000000000000000e+03
-9.999000000000000000e+03
-9.999000000000000000e+03
-9.999000000000000000e+03
-9.999000000000000000e+03
-9.999000000000000000e+03
-9.999000000000000000e+03
-7.571517489850521088e-03
-6.882980465888977051e-02
-9.014011919498443604e-02
-8.922480791807174683e-02
-6.873082369565963745e-02
-5.546263977885246277e-02
-6.796700507402420044e-02
-6.661587953567504883e-02
-4.876077920198440552e-02
6.657961755990982056e-03
2.243581414222717285e-02
2.261968515813350677e-02
2.573419176042079926e-02
-9.999000000000000000e+03
-9.999000000000000000e+03
-9.999000000000000000e+03
-9.999000000000000000e+03
-9.999000000000000000e+03
-9.999000000000000000e+03
-9.999000000000000000e+03
-9.999000000000000000e+03
-9.999000000000000000e+03
-9.999000000000000000e+03
-9.999000000000000000e+03
-9.999000000000000000e+03
-9.999000000000000000e+03
-9.999000000000000000e+03
-9.999000000000000000e+03
-9.999000000000000000e+03
-9.999000000000000000e+03
1.399993710219860077e-02
1.919582113623619080e-02
2.052754722535610199e-02
-7.383765187114477158e-03
-4.899432882666587830e-02
-6.405209749937057495e-02
-5.192817747592926025e-02
-4.921631142497062683e-02
-6.027520820498466492e-02
-3.432615101337432861e-02
-8.780711330473423004e-03
2.519680932164192200e-02
2.506825886666774750e-02
2.923602424561977386e-02
-9.999000000000000000e+03
-9.999000000000000000e+03
-9.999000000000000000e+03
-9.999000000000000000e+03
-9.999000000000000000e+03
-9.999000000000000000e+03
-9.999000000000000000e+03
-9.999000000000000000e+03
-9.999000000000000000e+03
-9.999000000000000000e+03
-9.999000000000000000e+03
-9.999000000000000000e+03
-9.999000000000000000e+03
-9.999000000000000000e+03
-9.999000000000000000e+03
4.159165918827056885e-02
1.641282439231872559e-02
2.388258837163448334e-02
1.039704307913780212e-02
1.019761525094509125e-02
4.926975350826978683e-03
-2.533979481086134911e-03
-2.687309496104717255e-02
-3.065702877938747406e-02
-2.420655637979507446e-02
-6.042971741408109665e-03
2.379444800317287445e-02
3.256683424115180969e-02
2.533456683158874512e-02
-9.999000000000000000e+03
-9.999000000000000000e+03
-9.999000000000000000e+03
-9.999000000000000000e+03
-9.999000000000000000e+03
-9.999000000000000000e+03
-9.999000000000000000e+03
-9.999000000000000000e+03
-9.999000000000000000e+03
-9.999000000000000000e+03
-9.999000000000000000e+03
-9.999000000000000000e+03
-9.999000000000000000e+03
-9.999000000000000000e+03
-9.999000000000000000e+03
-9.999000000000000000e+03
5.176740512251853943e-02
7.405554503202438354e-02
3.814465180039405823e-02
1.616310141980648041e-02
-1.411845628172159195e-02
-2.031504549086093903e-02
-2.056261058896780014e-03
1.528793107718229294e-02
1.365598849952220917e-02
1.749535207636654377e-03
-2.428560331463813782e-02
-3.431513905525207520e-02
-5.413321778178215027e-02
-3.161127492785453796e-02
-9.999000000000000000e+03
-9.999000000000000000e+03
-9.999000000000000000e+03
-9.999000000000000000e+03
-9.999000000000000000e+03
-9.999000000000000000e+03
-9.999000000000000000e+03
-9.999000000000000000e+03
-9.999000000000000000e+03
-9.999000000000000000e+03
-9.999000000000000000e+03
-9.999000000000000000e+03
-9.999000000000000000e+03
-9.999000000000000000e+03
-9.999000000000000000e+03
-9.999000000000000000e+03
-9.999000000000000000e+03
8.968845009803771973e-03
4.297436214983463287e-03
-2.851253747940063477e-02
-5.172712728381156921e-02
-6.008394062519073486e-02
-3.854012861847877502e-02
-1.074922084808349609e-02
1.395019423216581345e-02
3.076348640024662018e-02
4.038136079907417297e-02
1.349671743810176849e-02
-2.904529683291912079e-02
-3.727952763438224792e-02
-5.423831567168235779e-02
-9.999000000000000000e+03
-9.999000000000000000e+03
-9.999000000000000000e+03
-9.999000000000000000e+03
-9.999000000000000000e+03
-9.999000000000000000e+03
-9.999000000000000000e+03
-9.999000000000000000e+03
-9.999000000000000000e+03
-9.999000000000000000e+03
-9.999000000000000000e+03
-9.999000000000000000e+03
-9.999000000000000000e+03
-9.999000000000000000e+03
-9.999000000000000000e+03
-9.999000000000000000e+03
-9.999000000000000000e+03
-4.272607713937759399e-02
-7.126341760158538818e-02
-8.476890623569488525e-02
-8.451603353023529053e-02
-6.861976534128189087e-02
-2.138741686940193176e-02
1.047014538198709488e-02
3.114804439246654510e-02
4.205422848463058472e-02
4.295686632394790649e-02
2.699998952448368073e-02
3.527773777022957802e-03
1.008484233170747757e-02
-9.999000000000000000e+03
-9.999000000000000000e+03
-9.999000000000000000e+03
-9.999000000000000000e+03
-9.999000000000000000e+03
-9.999000000000000000e+03
-9.999000000000000000e+03
-9.999000000000000000e+03
-9.999000000000000000e+03
-9.999000000000000000e+03
-9.999000000000000000e+03
-9.999000000000000000e+03
-9.999000000000000000e+03
-9.999000000000000000e+03
-9.999000000000000000e+03
-9.999000000000000000e+03
-9.999000000000000000e+03
-9.999000000000000000e+03
-4.686480388045310974e-02
-6.883390247821807861e-02
-5.444234237074851990e-02
-4.121107235550880432e-02
4.238780122250318527e-03
3.095611929893493652e-02
4.852918535470962524e-02
7.597038149833679199e-02
6.941351294517517090e-02
9.003014117479324341e-02
5.022220313549041748e-02
1.997072249650955200e-02
-9.999000000000000000e+03
-9.999000000000000000e+03
-9.999000000000000000e+03
-9.999000000000000000e+03
-9.999000000000000000e+03
-9.999000000000000000e+03
-9.999000000000000000e+03
-9.999000000000000000e+03
-9.999000000000000000e+03
-9.999000000000000000e+03
-9.999000000000000000e+03
-9.999000000000000000e+03
-9.999000000000000000e+03
-9.999000000000000000e+03
-9.999000000000000000e+03
-9.999000000000000000e+03
-9.999000000000000000e+03
-9.999000000000000000e+03
-9.999000000000000000e+03
-3.388363122940063477e-02
-2.650435641407966614e-02
-4.423601087182760239e-03
2.447205595672130585e-02
1.045472249388694763e-01
1.067829057574272156e-01
1.033146977424621582e-01
8.118352293968200684e-02
7.763574272394180298e-02
5.588004738092422485e-02
-9.999000000000000000e+03
-9.999000000000000000e+03
-9.999000000000000000e+03
-9.999000000000000000e+03
-9.999000000000000000e+03
-9.999000000000000000e+03
-9.999000000000000000e+03
-9.999000000000000000e+03
-9.999000000000000000e+03
-9.999000000000000000e+03
-9.999000000000000000e+03
-9.999000000000000000e+03
-9.999000000000000000e+03
-9.999000000000000000e+03
-9.999000000000000000e+03
-9.999000000000000000e+03
-9.999000000000000000e+03
-9.999000000000000000e+03
-9.999000000000000000e+03
-9.999000000000000000e+03
-9.999000000000000000e+03
-1.095713954418897629e-02
3.505574539303779602e-02
8.471313118934631348e-02
1.141325160861015320e-01
1.331377774477005005e-01
1.131336167454719543e-01
-9.999000000000000000e+03
-9.999000000000000000e+03
-9.999000000000000000e+03
-9.999000000000000000e+03
-9.999000000000000000e+03
-9.999000000000000000e+03
-9.999000000000000000e+03
-9.999000000000000000e+03
-9.999000000000000000e+03
-9.999000000000000000e+03
-9.999000000000000000e+03
-9.999000000000000000e+03
-9.999000000000000000e+03
-9.999000000000000000e+03
-9.999000000000000000e+03
-9.999000000000000000e+03
-9.999000000000000000e+03
-9.999000000000000000e+03
-9.999000000000000000e+03
-9.999000000000000000e+03
-9.999000000000000000e+03
-9.999000000000000000e+03
-9.999000000000000000e+03
-9.999000000000000000e+03
-9.999000000000000000e+03
7.599624805152416229e-03
3.060233406722545624e-02
1.010323017835617065e-01
-9.999000000000000000e+03
-9.999000000000000000e+03
-9.999000000000000000e+03
-9.999000000000000000e+03
-9.999000000000000000e+03
-9.999000000000000000e+03
-9.999000000000000000e+03
-9.999000000000000000e+03
-9.999000000000000000e+03
-9.999000000000000000e+03
-9.999000000000000000e+03
-9.999000000000000000e+03
-9.999000000000000000e+03
-9.999000000000000000e+03
-9.999000000000000000e+03
-9.999000000000000000e+03
-9.999000000000000000e+03
-9.999000000000000000e+03
-9.999000000000000000e+03
-9.999000000000000000e+03
-9.999000000000000000e+03
-9.999000000000000000e+03
-9.999000000000000000e+03
-9.999000000000000000e+03
-9.999000000000000000e+03
-9.999000000000000000e+03
-9.999000000000000000e+03
-9.999000000000000000e+03
