1.294518858194351196e-01
1.364641934633255005e-01
1.244734749197959900e-01
1.152746304869651794e-01
1.224428340792655945e-01
1.049479097127914429e-01
9.174596518278121948e-02
7.883962243795394897e-02
4.995321109890937805e-02
3.533872589468955994e-02
-1.535328011959791183e-02
-9.999000000000000000e+03
-9.999000000000000000e+03
-9.999000000000000000e+03
-9.999000000000000000e+03
-9.999000000000000000e+03
-9.999000000000000000e+03
-9.999000000000000000e+03
-9.999000000000000000e+03
-9.999000000000000000e+03
-9.999000000000000000e+03
-9.999000000000000000e+03
-9.999000000000000000e+03
-2.705604024231433868e-02
-2.283478714525699615e-02
1.611687988042831421e-02
4.994079098105430603e-02
9.420474618673324585e-02
1.137747317552566528e-01
1.277368962764739990e-01
1.352503746747970581e-01
6.111421808600425720e-02
7.222285866737365723e-02
7.204159349203109741e-02
6.591114401817321777e-02
6.880911439657211304e-02
3.933826461434364319e-02
1.566451601684093475e-02
1.643206551671028137e-02
5.869453772902488708e-03
1.463259942829608917e-02
1.686573959887027740e-02
1.612667739391326904e-02
-9.999000000000000000e+03
-9.999000000000000000e+03
-9.999000000000000000e+03
-9.999000000000000000e+03
-9.999000000000000000e+03
-9.999000000000000000e+03
-9.999000000000000000e+03
-9.999000000000000000e+03
-9.999000000000000000e+03
3.081525303423404694e-02
3.960096836090087891e-02
3.065069578588008881e-02
6.393004208803176880e-02
7.182632386684417725e-02
8.606770634651184082e-02
1.044124960899353027e-01
1.173289343714714050e-01
1.295759379863739014e-01
1.379220038652420044e-01
-1.583977573318406940e-04
8.047014474868774414e-03
1.391648128628730774e-02
-1.117037516087293625e-02
-1.278914883732795715e-02
-4.168573021888732910e-02
-4.939040169119834900e-02
-3.662802278995513916e-02
-3.462571278214454651e-02
-7.430391851812601089e-03
1.146886125206947327e-02
1.877420581877231598e-02
-9.999000000000000000e+03
-9.999000000000000000e+03
-9.999000000000000000e+03
-9.999000000000000000e+03
-9.999000000000000000e+03
-9.999000000000000000e+03
-9.999000000000000000e+03
7.471384108066558838e-02
6.954918801784515381e-02
8.268519490957260132e-02
7.686328142881393433e-02
7.673676311969757080e-02
8.081432431936264038e-02
8.354022353887557983e-02
9.317597001791000366e-02
8.966292440891265869e-02
9.908170253038406372e-02
1.164299994707107544e-01
1.223004981875419617e-01
-6.504670530557632446e-02
-6.545319408178329468e-02
-6.380359828472137451e-02
-8.167741447687149048e-02
-9.901476651430130005e-02
-1.282449662685394287e-01
-1.206435188651084900e-01
-8.830707520246505737e-02
-6.598734110593795776e-02
-2.685572393238544464e-02
2.289542229846119881e-03
3.436324000358581543e-02
5.622404813766479492e-02
-9.999000000000000000e+03
-9.999000000000000000e+03
-9.999000000000000000e+03
5.326403677463531494e-02
7.465346157550811768e-02
9.548741579055786133e-02
8.022608608007431030e-02
5.454661324620246887e-02
4.226719215512275696e-02
1.332620717585086823e-02
3.160178661346435547e-02
3.225633502006530762e-02
6.278993096202611923e-03
4.205669090151786804e-02
4.895034804940223694e-02
6.921736150979995728e-02
8.840591460466384888e-02
9.808608889579772949e-02
-1.206382736563682556e-01
-1.329794675111770630e-01
-1.391180306673049927e-01
-1.514557003974914551e-01
-1.554965376853942871e-01
-1.659789681434631348e-01
-1.570367366075515747e-01
-1.224154233932495117e-01
-8.904518932104110718e-02
-4.820327460765838623e-02
1.719640800729393959e-03
3.461248800158500671e-02
6.317146867513656616e-02
6.930022686719894409e-02
6.308071315288543701e-02
6.809402257204055786e-02
6.457084417343139648e-02
4.380711913108825684e-02
3.388829156756401062e-02
-1.104678586125373840e-02
-3.380303084850311279e-02
-7.802720367908477783e-02
-1.172701641917228699e-01
-8.805619925260543823e-02
-8.610602468252182007e-02
-6.587015092372894287e-02
-2.471887320280075073e-02
1.248145289719104767e-02
4.711519181728363037e-02
7.647486776113510132e-02
8.501130342483520508e-02
-1.463026404380798340e-01
-1.660430729389190674e-01
-1.777450144290924072e-01
-1.886424720287322998e-01
-1.891671121120452881e-01
-1.857034415006637573e-01
-1.701060980558395386e-01
-1.414215266704559326e-01
-1.174674108624458313e-01
-7.328746467828750610e-02
-1.736323162913322449e-02
1.040729042142629623e-02
3.943700343370437622e-02
4.728203639388084412e-02
3.687104582786560059e-02
3.728725761175155640e-02
7.389543112367391586e-03
-5.838001891970634460e-02
-1.000183895230293274e-01
-1.663883775472640991e-01
-1.794155091047286987e-01
-1.774164438247680664e-01
-1.833675801753997803e-01
-1.529427319765090942e-01
-1.258767247200012207e-01
-1.073673442006111145e-01
-5.534409359097480774e-02
-2.660925500094890594e-02
3.187977941706776619e-03
3.977777436375617981e-02
4.838872328400611877e-02
-1.620355993509292603e-01
-1.791315525770187378e-01
-1.904602348804473877e-01
-1.913235485553741455e-01
-1.914499402046203613e-01
-1.892179399728775024e-01
-1.705842763185501099e-01
-1.435557305812835693e-01
-1.186697334051132202e-01
-8.832142502069473267e-02
-4.332825541496276855e-02
-1.545707974582910538e-02
1.231398433446884155e-02
1.541430968791246414e-02
-2.687382698059082031e-02
-5.488697066903114319e-02
-1.106911525130271912e-01
-1.678822487592697144e-01
-1.956041008234024048e-01
-2.387992739677429199e-01
-2.339834272861480713e-01
-2.286624312400817871e-01
-2.303685247898101807e-01
-2.152668237686157227e-01
-1.992199271917343140e-01
-1.858826130628585815e-01
-1.325422227382659912e-01
-1.085594445466995239e-01
-8.050411939620971680e-02
-3.252353891730308533e-02
-1.430335920304059982e-02
-1.669296026229858398e-01
-1.756829619407653809e-01
-1.829482465982437134e-01
-1.726381629705429077e-01
-1.659051179885864258e-01
-1.566083133220672607e-01
-1.478190273046493530e-01
-1.398634612560272217e-01
-1.217451170086860657e-01
-9.283936023712158203e-02
-4.907643049955368042e-02
-3.219291567802429199e-02
-3.345595300197601318e-02
-5.216818675398826599e-02
-1.007566228508949280e-01
-1.323510557413101196e-01
-1.984263956546783447e-01
-2.262848168611526489e-01
-2.345254123210906982e-01
-2.300015836954116821e-01
-2.228894084692001343e-01
-2.292497158050537109e-01
-2.338204532861709595e-01
-2.488757520914077759e-01
-2.704280316829681396e-01
-2.657306194305419922e-01
-2.140779942274093628e-01
-1.842413693666458130e-01
-1.515118628740310669e-01
-1.051109433174133301e-01
-8.241008222103118896e-02
-1.626769304275512695e-01
-1.641350835561752319e-01
-1.644993275403976440e-01
-1.495441049337387085e-01
-1.431737095117568970e-01
-1.347474902868270874e-01
-1.269372403621673584e-01
-1.221679300069808960e-01
-1.085083857178688049e-01
-8.970466256141662598e-02
-7.114731520414352417e-02
-6.771946698427200317e-02
-9.631083905696868896e-02
-1.440960764884948730e-01
-1.885323971509933472e-01
-2.008594125509262085e-01
-2.194181233644485474e-01
-2.141657173633575439e-01
-2.124520689249038696e-01
-1.927821040153503418e-01
-1.691984832286834717e-01
-1.702144294977188110e-01
-1.418355852365493774e-01
-1.736596971750259399e-01
-1.482750475406646729e-01
-2.233795672655105591e-01
-2.222035825252532959e-01
-2.195108085870742798e-01
-1.910059899091720581e-01
-1.536038070917129517e-01
-1.310666650533676147e-01
-1.398657709360122681e-01
-1.397506892681121826e-01
-1.405655145645141602e-01
-1.245045363903045654e-01
-1.190743073821067810e-01
-1.198831051588058472e-01
-1.085324510931968689e-01
-9.957821667194366455e-02
-9.142099320888519287e-02
-8.789794147014617920e-02
-1.069966405630111694e-01
-1.382268369197845459e-01
-1.612642109394073486e-01
-1.858371496200561523e-01
-2.085105329751968384e-01
-2.101585119962692261e-01
-2.046192586421966553e-01
-1.436378210783004761e-01
-1.631742417812347412e-01
-1.269974708557128906e-01
-1.075069084763526917e-01
-9.999000000000000000e+03
-9.999000000000000000e+03
-9.999000000000000000e+03
-9.999000000000000000e+03
-9.999000000000000000e+03
-9.999000000000000000e+03
-2.321631312370300293e-01
-2.073594480752944946e-01
-1.862913817167282104e-01
-1.773567497730255127e-01
-1.243726536631584167e-01
-1.092394441366195679e-01
-1.114905998110771179e-01
-9.876348823308944702e-02
-9.084987640380859375e-02
-7.255074381828308105e-02
-7.231166958808898926e-02
-7.481164485216140747e-02
-7.517826557159423828e-02
-9.758342057466506958e-02
-1.323147267103195190e-01
-1.812304258346557617e-01
-1.835683435201644897e-01
-1.920862346887588501e-01
-1.818184256553649902e-01
-1.585872173309326172e-01
-1.298055499792098999e-01
-9.999000000000000000e+03
-9.999000000000000000e+03
-9.999000000000000000e+03
-9.999000000000000000e+03
-9.999000000000000000e+03
-9.999000000000000000e+03
-9.999000000000000000e+03
-9.999000000000000000e+03
-9.999000000000000000e+03
-9.999000000000000000e+03
-1.208199560642242432e-01
-1.753823161125183105e-01
-2.100621759891510010e-01
-2.179491221904754639e-01
-1.330621540546417236e-01
-1.112416982650756836e-01
-8.405831456184387207e-02
-7.033930718898773193e-02
-6.127810478210449219e-02
-5.932286009192466736e-02
-5.975741147994995117e-02
-6.405748426914215088e-02
-8.138028532266616821e-02
-1.274774372577667236e-01
-1.590948402881622314e-01
-1.720415055751800537e-01
-1.630701422691345215e-01
-1.647877693176269531e-01
-9.124151617288589478e-02
-9.831804782152175903e-02
-9.999000000000000000e+03
-9.999000000000000000e+03
-9.999000000000000000e+03
-9.999000000000000000e+03
-9.999000000000000000e+03
-9.999000000000000000e+03
-9.999000000000000000e+03
-9.999000000000000000e+03
-9.999000000000000000e+03
-9.999000000000000000e+03
-9.999000000000000000e+03
-9.999000000000000000e+03
-1.066112145781517029e-01
-2.012168318033218384e-01
-2.405305653810501099e-01
-1.863415241241455078e-01
-1.545644551515579224e-01
-1.135155335068702698e-01
-8.818677067756652832e-02
-6.087197363376617432e-02
-5.006698518991470337e-02
-4.006592184305191040e-02
-5.376508459448814392e-02
-8.652506768703460693e-02
-1.250146776437759399e-01
-1.484195142984390259e-01
-1.466179341077804565e-01
-1.045521125197410583e-01
-1.109274253249168396e-01
-9.999000000000000000e+03
-9.999000000000000000e+03
-9.999000000000000000e+03
-9.999000000000000000e+03
-9.999000000000000000e+03
-9.999000000000000000e+03
-9.999000000000000000e+03
-9.999000000000000000e+03
-9.999000000000000000e+03
-9.999000000000000000e+03
-9.999000000000000000e+03
-9.999000000000000000e+03
-9.999000000000000000e+03
-9.999000000000000000e+03
-9.999000000000000000e+03
-1.645656675100326538e-01
-2.270420044660568237e-01
-9.999000000000000000e+03
-1.032951176166534424e-01
-1.264593303203582764e-01
-1.053478643298149109e-01
-7.520308345556259155e-02
-5.651472136378288269e-02
-5.398677289485931396e-02
-7.054422050714492798e-02
-1.076575145125389099e-01
-1.179796159267425537e-01
-1.162780374288558960e-01
-9.419933706521987915e-02
-8.139302581548690796e-02
-9.999000000000000000e+03
-9.999000000000000000e+03
-9.999000000000000000e+03
-9.999000000000000000e+03
-9.999000000000000000e+03
-9.999000000000000000e+03
-9.999000000000000000e+03
-9.999000000000000000e+03
-9.999000000000000000e+03
-9.999000000000000000e+03
-9.999000000000000000e+03
-9.999000000000000000e+03
-9.999000000000000000e+03
-9.999000000000000000e+03
-9.999000000000000000e+03
-9.999000000000000000e+03
-1.171963438391685486e-01
-1.798290461301803589e-01
-9.999000000000000000e+03
-9.999000000000000000e+03
-1.027578487992286682e-01
-9.751276671886444092e-02
-7.750020176172256470e-02
-6.744123250246047974e-02
-8.091378211975097656e-02
-9.293469041585922241e-02
-9.889802336692810059e-02
-9.197590500116348267e-02
-8.718918263912200928e-02
-4.525335878133773804e-02
-9.999000000000000000e+03
-9.999000000000000000e+03
-9.999000000000000000e+03
-9.999000000000000000e+03
-9.999000000000000000e+03
-9.999000000000000000e+03
-9.999000000000000000e+03
-9.999000000000000000e+03
-9.999000000000000000e+03
-9.999000000000000000e+03
-9.999000000000000000e+03
-9.999000000000000000e+03
-9.999000000000000000e+03
-9.999000000000000000e+03
-9.999000000000000000e+03
-9.999000000000000000e+03
-9.999000000000000000e+03
-5.861054360866546631e-02
-9.835995733737945557e-02
-9.999000000000000000e+03
-9.999000000000000000e+03
-5.378250405192375183e-02
-6.225646659731864929e-02
-5.821190401911735535e-02
-5.510635301470756531e-02
-6.495495140552520752e-02
-6.764131784439086914e-02
-6.138329207897186279e-02
-4.573465138673782349e-02
-4.286122694611549377e-02
-3.176675736904144287e-02
-9.999000000000000000e+03
-9.999000000000000000e+03
-9.999000000000000000e+03
-9.999000000000000000e+03
-9.999000000000000000e+03
-9.999000000000000000e+03
-9.999000000000000000e+03
-9.999000000000000000e+03
-9.999000000000000000e+03
-9.999000000000000000e+03
-9.999000000000000000e+03
-9.999000000000000000e+03
-9.999000000000000000e+03
-9.999000000000000000e+03
-9.999000000000000000e+03
-9.999000000000000000e+03
-9.999000000000000000e+03
-9.999000000000000000e+03
-9.999000000000000000e+03
-9.999000000000000000e+03
-9.999000000000000000e+03
-2.181329578161239624e-02
-2.834114991128444672e-02
-2.322340011596679688e-02
-2.923090197145938873e-02
-2.925755456089973450e-02
-2.951651997864246368e-02
-1.153705362230539322e-02
-2.570503950119018555e-02
-3.004730120301246643e-02
-2.772050537168979645e-02
-9.999000000000000000e+03
-9.999000000000000000e+03
-9.999000000000000000e+03
-9.999000000000000000e+03
-9.999000000000000000e+03
-9.999000000000000000e+03
-9.999000000000000000e+03
-9.999000000000000000e+03
-9.999000000000000000e+03
-9.999000000000000000e+03
-9.999000000000000000e+03
-9.999000000000000000e+03
-9.999000000000000000e+03
-9.999000000000000000e+03
-9.999000000000000000e+03
-9.999000000000000000e+03
-9.999000000000000000e+03
-9.999000000000000000e+03
-9.999000000000000000e+03
-9.999000000000000000e+03
-9.999000000000000000e+03
-9.999000000000000000e+03
-2.694379910826683044e-02
-3.162323683500289917e-02
-1.757381297647953033e-02
2.638915553689002991e-03
2.493127482011914253e-03
-8.025437127798795700e-04
9.611764922738075256e-03
-1.095387432724237442e-02
-9.999000000000000000e+03
-9.999000000000000000e+03
-9.999000000000000000e+03
-9.999000000000000000e+03
-9.999000000000000000e+03
-9.999000000000000000e+03
-9.999000000000000000e+03
-9.999000000000000000e+03
-9.999000000000000000e+03
-9.999000000000000000e+03
-9.999000000000000000e+03
-9.999000000000000000e+03
-9.999000000000000000e+03
-9.999000000000000000e+03
-9.999000000000000000e+03
-9.999000000000000000e+03
-9.999000000000000000e+03
-9.999000000000000000e+03
-9.999000000000000000e+03
-9.999000000000000000e+03
-9.999000000000000000e+03
-9.999000000000000000e+03
-9.999000000000000000e+03
-2.641890570521354675e-02
-5.396860465407371521e-02
-4.839476943016052246e-02
-3.292156010866165161e-02
2.722384175285696983e-03
-8.050038479268550873e-03
8.116201311349868774e-02
1.538870483636856079e-01
1.185755133628845215e-01
-9.999000000000000000e+03
-9.999000000000000000e+03
-9.999000000000000000e+03
-9.999000000000000000e+03
-9.999000000000000000e+03
-9.999000000000000000e+03
-9.999000000000000000e+03
-9.999000000000000000e+03
-9.999000000000000000e+03
-9.999000000000000000e+03
-9.999000000000000000e+03
-9.999000000000000000e+03
-9.999000000000000000e+03
-9.999000000000000000e+03
-9.999000000000000000e+03
-9.999000000000000000e+03
-9.999000000000000000e+03
-9.999000000000000000e+03
-9.999000000000000000e+03
-9.999000000000000000e+03
-9.999000000000000000e+03
-9.999000000000000000e+03
-9.999000000000000000e+03
-6.923110783100128174e-02
-6.148296594619750977e-02
-5.586874112486839294e-02
-3.460586071014404297e-02
-9.386082529090344906e-04
1.767758838832378387e-02
1.389333009719848633e-01
1.495242714881896973e-01
-9.999000000000000000e+03
-9.999000000000000000e+03
-9.999000000000000000e+03
-9.999000000000000000e+03
-9.999000000000000000e+03
-9.999000000000000000e+03
-9.999000000000000000e+03
-9.999000000000000000e+03
-9.999000000000000000e+03
-9.999000000000000000e+03
-9.999000000000000000e+03
-9.999000000000000000e+03
-9.999000000000000000e+03
-9.999000000000000000e+03
-9.999000000000000000e+03
-9.999000000000000000e+03
-9.999000000000000000e+03
-9.999000000000000000e+03
-9.999000000000000000e+03
-9.999000000000000000e+03
-9.999000000000000000e+03
-9.999000000000000000e+03
-9.999000000000000000e+03
-7.392893731594085693e-02
-9.997277706861495972e-02
-1.001184210181236267e-01
-1.269631385803222656e-01
-1.398262977600097656e-01
-1.491771787405014038e-01
-7.771866023540496826e-02
1.107570528984069824e-02
-2.702446188777685165e-03
-9.999000000000000000e+03
-9.999000000000000000e+03
-9.999000000000000000e+03
-9.999000000000000000e+03
-9.999000000000000000e+03
-9.999000000000000000e+03
-9.999000000000000000e+03
-9.999000000000000000e+03
-9.999000000000000000e+03
-9.999000000000000000e+03
-9.999000000000000000e+03
-9.999000000000000000e+03
-9.999000000000000000e+03
-9.999000000000000000e+03
-9.999000000000000000e+03
-9.999000000000000000e+03
-9.999000000000000000e+03
-9.999000000000000000e+03
-9.999000000000000000e+03
-9.999000000000000000e+03
-9.999000000000000000e+03
-9.999000000000000000e+03
-4.647426307201385498e-02
-1.038960516452789307e-01
-1.262397170066833496e-01
-1.365902125835418701e-01
-1.593691408634185791e-01
-1.533036679029464722e-01
-1.380422413349151611e-01
-1.160416230559349060e-01
-7.462393492460250854e-02
-4.721904546022415161e-02
-4.785394668579101562e-02
-4.137779399752616882e-02
-2.625388465821743011e-02
-9.999000000000000000e+03
-9.999000000000000000e+03
-9.999000000000000000e+03
-9.999000000000000000e+03
-9.999000000000000000e+03
-9.999000000000000000e+03
-9.999000000000000000e+03
-9.999000000000000000e+03
-9.999000000000000000e+03
-9.999000000000000000e+03
-9.999000000000000000e+03
-9.999000000000000000e+03
-9.999000000000000000e+03
-9.999000000000000000e+03
-9.999000000000000000e+03
-9.999000000000000000e+03
-9.999000000000000000e+03
-6.477942317724227905e-02
-6.644393503665924072e-02
-7.585573196411132812e-02
-7.887452840805053711e-02
-8.920524269342422485e-02
-1.070964559912681580e-01
-9.912842512130737305e-02
-9.230100363492965698e-02
-9.029230475425720215e-02
-3.733365982770919800e-02
-4.657404031604528427e-03
-3.057551011443138123e-02
-3.370015695691108704e-02
-2.594710886478424072e-02
-9.999000000000000000e+03
-9.999000000000000000e+03
-9.999000000000000000e+03
-9.999000000000000000e+03
-9.999000000000000000e+03
-9.999000000000000000e+03
-9.999000000000000000e+03
-9.999000000000000000e+03
-9.999000000000000000e+03
-9.999000000000000000e+03
-9.999000000000000000e+03
-9.999000000000000000e+03
-9.999000000000000000e+03
-9.999000000000000000e+03
-9.999000000000000000e+03
-7.250684499740600586e-02
-7.546000182628631592e-02
-1.145424246788024902e-01
-1.136528626084327698e-01
-8.944413810968399048e-02
-6.853175908327102661e-02
-5.886013433337211609e-02
-7.171396911144256592e-02
-8.164025098085403442e-02
-7.617507129907608032e-02
-5.521294847130775452e-02
-5.486757680773735046e-02
-3.573215380311012268e-02
-5.197231099009513855e-02
-9.999000000000000000e+03
-9.999000000000000000e+03
-9.999000000000000000e+03
-9.999000000000000000e+03
-9.999000000000000000e+03
-9.999000000000000000e+03
-9.999000000000000000e+03
-9.999000000000000000e+03
-9.999000000000000000e+03
-9.999000000000000000e+03
-9.999000000000000000e+03
-9.999000000000000000e+03
-9.999000000000000000e+03
-9.999000000000000000e+03
-9.999000000000000000e+03
-9.999000000000000000e+03
-6.861793994903564453e-02
-8.760782331228256226e-02
-9.714871644973754883e-02
-1.176959201693534851e-01
-1.205552667379379272e-01
-9.351366758346557617e-02
-5.378768965601921082e-02
-4.714523628354072571e-02
-6.102050095796585083e-02
-7.109289616346359253e-02
-8.859349787235260010e-02
-1.008161380887031555e-01
-1.097923964262008667e-01
-7.786875218152999878e-02
-9.999000000000000000e+03
-9.999000000000000000e+03
-9.999000000000000000e+03
-9.999000000000000000e+03
-9.999000000000000000e+03
-9.999000000000000000e+03
-9.999000000000000000e+03
-9.999000000000000000e+03
-9.999000000000000000e+03
-9.999000000000000000e+03
-9.999000000000000000e+03
-9.999000000000000000e+03
-9.999000000000000000e+03
-9.999000000000000000e+03
-9.999000000000000000e+03
-9.999000000000000000e+03
-9.999000000000000000e+03
-9.140886366367340088e-02
-1.098930537700653076e-01
-1.224276199936866760e-01
-1.174857765436172485e-01
-1.075625121593475342e-01
-8.763685822486877441e-02
-6.153632327914237976e-02
-4.981182515621185303e-02
-5.535660684108734131e-02
-3.944149240851402283e-02
-3.395539149641990662e-02
-5.184898152947425842e-02
-4.775303974747657776e-02
-6.720685213804244995e-02
-9.999000000000000000e+03
-9.999000000000000000e+03
-9.999000000000000000e+03
-9.999000000000000000e+03
-9.999000000000000000e+03
-9.999000000000000000e+03
-9.999000000000000000e+03
-9.999000000000000000e+03
-9.999000000000000000e+03
-9.999000000000000000e+03
-9.999000000000000000e+03
-9.999000000000000000e+03
-9.999000000000000000e+03
-9.999000000000000000e+03
-9.999000000000000000e+03
-9.999000000000000000e+03
-9.999000000000000000e+03
-1.266222596168518066e-01
-1.406369060277938843e-01
-1.349261254072189331e-01
-1.160009577870368958e-01
-9.876233339309692383e-02
-7.024969905614852905e-02
-4.682559147477149963e-02
-4.189395904541015625e-02
-4.141922667622566223e-02
-3.296640887856483459e-02
-2.793298847973346710e-02
-3.256844356656074524e-03
-1.281338371336460114e-02
-9.999000000000000000e+03
-9.999000000000000000e+03
-9.999000000000000000e+03
-9.999000000000000000e+03
-9.999000000000000000e+03
-9.999000000000000000e+03
-9.999000000000000000e+03
-9.999000000000000000e+03
-9.999000000000000000e+03
-9.999000000000000000e+03
-9.999000000000000000e+03
-9.999000000000000000e+03
-9.999000000000000000e+03
-9.999000000000000000e+03
-9.999000000000000000e+03
-9.999000000000000000e+03
-9.999000000000000000e+03
-9.999000000000000000e+03
-1.062575578689575195e-01
-1.097779721021652222e-01
-9.704388678073883057e-02
-8.547275513410568237e-02
-5.475074052810668945e-02
-3.218983486294746399e-02
-1.544370781630277634e-02
-1.182642858475446701e-02
-1.469660177826881409e-02
6.731168366968631744e-03
-6.393905263394117355e-03
-2.868163026869297028e-02
-9.999000000000000000e+03
-9.999000000000000000e+03
-9.999000000000000000e+03
-9.999000000000000000e+03
-9.999000000000000000e+03
-9.999000000000000000e+03
-9.999000000000000000e+03
-9.999000000000000000e+03
-9.999000000000000000e+03
-9.999000000000000000e+03
-9.999000000000000000e+03
-9.999000000000000000e+03
-9.999000000000000000e+03
-9.999000000000000000e+03
-9.999000000000000000e+03
-9.999000000000000000e+03
-9.999000000000000000e+03
-9.999000000000000000e+03
-9.999000000000000000e+03
-6.681341677904129028e-02
-5.969000607728958130e-02
-5.423459038138389587e-02
-4.406928643584251404e-02
1.407939102500677109e-02
2.632472477853298187e-02
2.072097174823284149e-02
9.994291700422763824e-03
2.991253044456243515e-03
5.393376108258962631e-03
-9.999000000000000000e+03
-9.999000000000000000e+03
-9.999000000000000000e+03
-9.999000000000000000e+03
-9.999000000000000000e+03
-9.999000000000000000e+03
-9.999000000000000000e+03
-9.999000000000000000e+03
-9.999000000000000000e+03
-9.999000000000000000e+03
-9.999000000000000000e+03
-9.999000000000000000e+03
-9.999000000000000000e+03
-9.999000000000000000e+03
-9.999000000000000000e+03
-9.999000000000000000e+03
-9.999000000000000000e+03
-9.999000000000000000e+03
-9.999000000000000000e+03
-9.999000000000000000e+03
-9.999000000000000000e+03
-3.862655162811279297e-02
-1.844009384512901306e-02
9.170965291559696198e-03
3.258460760116577148e-02
5.607320368289947510e-02
4.382300749421119690e-02
-9.999000000000000000e+03
-9.999000000000000000e+03
-9.999000000000000000e+03
-9.999000000000000000e+03
-9.999000000000000000e+03
-9.999000000000000000e+03
-9.999000000000000000e+03
-9.999000000000000000e+03
-9.999000000000000000e+03
-9.999000000000000000e+03
-9.999000000000000000e+03
-9.999000000000000000e+03
-9.999000000000000000e+03
-9.999000000000000000e+03
-9.999000000000000000e+03
-9.999000000000000000e+03
-9.999000000000000000e+03
-9.999000000000000000e+03
-9.999000000000000000e+03
-9.999000000000000000e+03
-9.999000000000000000e+03
-9.999000000000000000e+03
-9.999000000000000000e+03
-9.999000000000000000e+03
-9.999000000000000000e+03
-3.668403252959251404e-02
-1.409578137099742889e-02
2.521411702036857605e-02
-9.999000000000000000e+03
-9.999000000000000000e+03
-9.999000000000000000e+03
-9.999000000000000000e+03
-9.999000000000000000e+03
-9.999000000000000000e+03
-9.999000000000000000e+03
-9.999000000000000000e+03
-9.999000000000000000e+03
-9.999000000000000000e+03
-9.999000000000000000e+03
-9.999000000000000000e+03
-9.999000000000000000e+03
-9.999000000000000000e+03
-9.999000000000000000e+03
-9.999000000000000000e+03
-9.999000000000000000e+03
-9.999000000000000000e+03
-9.999000000000000000e+03
-9.999000000000000000e+03
-9.999000000000000000e+03
-9.999000000000000000e+03
-9.999000000000000000e+03
-9.999000000000000000e+03
-9.999000000000000000e+03
-9.999000000000000000e+03
-9.999000000000000000e+03
-9.999000000000000000e+03
