1.219662055373191833e-01
1.330336034297943115e-01
1.214443072676658630e-01
9.681744128465652466e-02
9.799093008041381836e-02
7.245289534330368042e-02
6.401452422142028809e-02
6.069329380989074707e-02
4.635098949074745178e-02
4.874252155423164368e-02
-1.098051294684410095e-02
-9.999000000000000000e+03
-9.999000000000000000e+03
-9.999000000000000000e+03
-9.999000000000000000e+03
-9.999000000000000000e+03
-9.999000000000000000e+03
-9.999000000000000000e+03
-9.999000000000000000e+03
-9.999000000000000000e+03
-9.999000000000000000e+03
-9.999000000000000000e+03
-9.999000000000000000e+03
2.775329351425170898e-02
7.241726666688919067e-02
8.538393676280975342e-02
1.086431890726089478e-01
1.455211490392684937e-01
1.626474410295486450e-01
1.716880947351455688e-01
1.574192643165588379e-01
5.727361142635345459e-02
6.428109854459762573e-02
5.339990556240081787e-02
3.187254443764686584e-02
2.736033126711845398e-02
-5.043335258960723877e-03
-9.449192322790622711e-03
5.696270149201154709e-03
8.206914179027080536e-03
3.067464008927345276e-02
3.890653699636459351e-02
2.964273840188980103e-02
-9.999000000000000000e+03
-9.999000000000000000e+03
-9.999000000000000000e+03
-9.999000000000000000e+03
-9.999000000000000000e+03
-9.999000000000000000e+03
-9.999000000000000000e+03
-9.999000000000000000e+03
-9.999000000000000000e+03
4.837718978524208069e-02
7.010775059461593628e-02
7.752599567174911499e-02
1.285106390714645386e-01
1.325165927410125732e-01
1.272691041231155396e-01
1.418337970972061157e-01
1.490803211927413940e-01
1.535818725824356079e-01
1.461621522903442383e-01
1.052586175501346588e-02
1.855123788118362427e-03
-1.847381517291069031e-02
-4.956904053688049316e-02
-5.213263630867004395e-02
-6.962110102176666260e-02
-6.483967602252960205e-02
-4.126387089490890503e-02
-3.155313432216644287e-02
4.426867235451936722e-03
3.295149654150009155e-02
3.730785474181175232e-02
-9.999000000000000000e+03
-9.999000000000000000e+03
-9.999000000000000000e+03
-9.999000000000000000e+03
-9.999000000000000000e+03
-9.999000000000000000e+03
-9.999000000000000000e+03
9.616054594516754150e-02
9.243753552436828613e-02
1.122972443699836731e-01
1.085813567042350769e-01
1.069523319602012634e-01
1.150367110967636108e-01
1.123112663626670837e-01
1.153046488761901855e-01
1.005648598074913025e-01
1.079580634832382202e-01
1.252883970737457275e-01
1.216481626033782959e-01
-3.038105741143226624e-02
-4.601345956325531006e-02
-6.556070595979690552e-02
-9.681114554405212402e-02
-1.145591884851455688e-01
-1.279602646827697754e-01
-1.162505075335502625e-01
-8.486492931842803955e-02
-6.167197972536087036e-02
-2.123336866497993469e-02
1.866218633949756622e-02
5.551785230636596680e-02
9.807632863521575928e-02
-9.999000000000000000e+03
-9.999000000000000000e+03
-9.999000000000000000e+03
8.442443609237670898e-02
1.150292307138442993e-01
1.388675421476364136e-01
1.198075413703918457e-01
9.716201573610305786e-02
8.333946019411087036e-02
4.757268354296684265e-02
4.986069723963737488e-02
3.446856513619422913e-02
9.280520491302013397e-03
3.790648654103279114e-02
3.264089301228523254e-02
5.084735527634620667e-02
7.664970308542251587e-02
8.749525994062423706e-02
-5.922807753086090088e-02
-8.197093009948730469e-02
-1.072332859039306641e-01
-1.300082355737686157e-01
-1.429608613252639771e-01
-1.480006426572799683e-01
-1.355940103530883789e-01
-1.066166833043098450e-01
-7.708972692489624023e-02
-4.226331785321235657e-02
5.007088184356689453e-03
4.584174975752830505e-02
1.037550866603851318e-01
1.286155730485916138e-01
1.116861328482627869e-01
1.171460524201393127e-01
1.095418930053710938e-01
9.098397940397262573e-02
8.641874790191650391e-02
4.544460400938987732e-02
1.706863567233085632e-02
-2.871267125010490417e-02
-9.047934412956237793e-02
-7.593457400798797607e-02
-8.260297030210494995e-02
-6.340207159519195557e-02
-2.938746288418769836e-02
-7.699996232986450195e-03
1.904839649796485901e-02
5.011108517646789551e-02
6.340016424655914307e-02
-8.074559271335601807e-02
-9.219641238451004028e-02
-1.158027350902557373e-01
-1.427379399538040161e-01
-1.512421816587448120e-01
-1.464110463857650757e-01
-1.266450583934783936e-01
-1.027307584881782532e-01
-8.216205239295959473e-02
-5.572348833084106445e-02
-1.657266356050968170e-02
2.236385270953178406e-02
6.550180166959762573e-02
8.669143915176391602e-02
8.155823498964309692e-02
8.126395940780639648e-02
4.330937936902046204e-02
-1.568547822535037994e-02
-4.984906688332557678e-02
-1.225533038377761841e-01
-1.436918526887893677e-01
-1.493847668170928955e-01
-1.664207428693771362e-01
-1.417686641216278076e-01
-1.094550117850303650e-01
-7.290187478065490723e-02
-4.405231401324272156e-02
-3.142413869500160217e-02
-1.614778302609920502e-02
1.203001011162996292e-02
2.786711975932121277e-02
-1.082877889275550842e-01
-1.077505946159362793e-01
-1.217419877648353577e-01
-1.391079872846603394e-01
-1.455112993717193604e-01
-1.383081376552581787e-01
-1.163931190967559814e-01
-1.010298505425453186e-01
-9.223524481058120728e-02
-6.596547365188598633e-02
-2.581331320106983185e-02
9.595859795808792114e-03
4.398232698440551758e-02
5.398513376712799072e-02
1.629998907446861267e-02
-1.564401015639305115e-02
-7.148069888353347778e-02
-1.223951727151870728e-01
-1.441040039062500000e-01
-2.001931220293045044e-01
-2.079592794179916382e-01
-1.996179372072219849e-01
-1.797799170017242432e-01
-1.568255722522735596e-01
-1.261587888002395630e-01
-1.111048310995101929e-01
-7.548809796571731567e-02
-6.843805313110351562e-02
-6.866938620805740356e-02
-3.964738175272941589e-02
-2.639338746666908264e-02
-1.256446391344070435e-01
-1.266544908285140991e-01
-1.208228394389152527e-01
-1.310169696807861328e-01
-1.250295788049697876e-01
-1.120210662484169006e-01
-1.065631955862045288e-01
-1.060048192739486694e-01
-1.073346585035324097e-01
-7.571292668581008911e-02
-3.522745147347450256e-02
-8.365821093320846558e-03
2.820610767230391502e-03
-8.217739872634410858e-03
-5.301998928189277649e-02
-8.918482810258865356e-02
-1.529827117919921875e-01
-1.835151016712188721e-01
-1.933400928974151611e-01
-1.933854818344116211e-01
-1.896673440933227539e-01
-1.869888156652450562e-01
-1.717549711465835571e-01
-1.620455980300903320e-01
-1.656962037086486816e-01
-1.780717074871063232e-01
-1.476449817419052124e-01
-1.377515196800231934e-01
-1.221897006034851074e-01
-9.037977457046508789e-02
-7.486853003501892090e-02
-1.223769262433052063e-01
-1.327958405017852783e-01
-1.328988075256347656e-01
-1.199611499905586243e-01
-1.064568608999252319e-01
-9.706994146108627319e-02
-1.023625954985618591e-01
-9.446343034505844116e-02
-8.160035312175750732e-02
-7.015155255794525146e-02
-5.636259913444519043e-02
-4.312855005264282227e-02
-5.667351558804512024e-02
-9.167644381523132324e-02
-1.338917762041091919e-01
-1.545856893062591553e-01
-1.791460812091827393e-01
-1.784120500087738037e-01
-1.747343093156814575e-01
-1.560604572296142578e-01
-1.435193866491317749e-01
-1.436410546302795410e-01
-1.145164445042610168e-01
-1.212237253785133362e-01
-9.565073996782302856e-02
-1.561232805252075195e-01
-1.681884229183197021e-01
-1.777158975601196289e-01
-1.599362343549728394e-01
-1.326158344745635986e-01
-1.219735071063041687e-01
-1.183642596006393433e-01
-1.108251512050628662e-01
-1.021845564246177673e-01
-8.047868311405181885e-02
-7.309576123952865601e-02
-7.798779010772705078e-02
-8.199399709701538086e-02
-7.404265552759170532e-02
-5.974335968494415283e-02
-6.191185861825942993e-02
-6.847420334815979004e-02
-9.043151885271072388e-02
-1.086845397949218750e-01
-1.267950534820556641e-01
-1.496077328920364380e-01
-1.653203666210174561e-01
-1.678454279899597168e-01
-1.148294657468795776e-01
-1.326711326837539673e-01
-1.067684292793273926e-01
-9.516129642724990845e-02
-9.999000000000000000e+03
-9.999000000000000000e+03
-9.999000000000000000e+03
-9.999000000000000000e+03
-9.999000000000000000e+03
-9.999000000000000000e+03
-1.864085197448730469e-01
-1.708474159240722656e-01
-1.635251641273498535e-01
-1.649247109889984131e-01
-1.027574613690376282e-01
-8.511574566364288330e-02
-7.136809825897216797e-02
-5.130787193775177002e-02
-5.007701367139816284e-02
-4.557696729898452759e-02
-5.433185398578643799e-02
-5.464236438274383545e-02
-4.822959378361701965e-02
-5.922136828303337097e-02
-7.654732465744018555e-02
-1.127514615654945374e-01
-1.200283765792846680e-01
-1.292184591293334961e-01
-1.268411576747894287e-01
-1.176552027463912964e-01
-1.006775125861167908e-01
-9.999000000000000000e+03
-9.999000000000000000e+03
-9.999000000000000000e+03
-9.999000000000000000e+03
-9.999000000000000000e+03
-9.999000000000000000e+03
-9.999000000000000000e+03
-9.999000000000000000e+03
-9.999000000000000000e+03
-9.999000000000000000e+03
-9.676168113946914673e-02
-1.447755098342895508e-01
-1.810538768768310547e-01
-1.959623396396636963e-01
-1.242249831557273865e-01
-1.013189107179641724e-01
-6.710642576217651367e-02
-5.481757968664169312e-02
-4.044491052627563477e-02
-3.660274669528007507e-02
-3.812426328659057617e-02
-4.634824395179748535e-02
-4.377633705735206604e-02
-7.442940771579742432e-02
-9.943491220474243164e-02
-1.088880971074104309e-01
-9.971912205219268799e-02
-9.861403703689575195e-02
-5.896382033824920654e-02
-6.761132180690765381e-02
-9.999000000000000000e+03
-9.999000000000000000e+03
-9.999000000000000000e+03
-9.999000000000000000e+03
-9.999000000000000000e+03
-9.999000000000000000e+03
-9.999000000000000000e+03
-9.999000000000000000e+03
-9.999000000000000000e+03
-9.999000000000000000e+03
-9.999000000000000000e+03
-9.999000000000000000e+03
-7.914651185274124146e-02
-1.696499288082122803e-01
-2.178854048252105713e-01
-1.860478967428207397e-01
-1.504798531532287598e-01
-1.066754683852195740e-01
-8.898268640041351318e-02
-5.719945207238197327e-02
-3.959232568740844727e-02
-2.539390698075294495e-02
-3.813910856842994690e-02
-6.387611478567123413e-02
-9.243408590555191040e-02
-1.037384048104286194e-01
-9.377440810203552246e-02
-6.237928569316864014e-02
-6.375721842050552368e-02
-9.999000000000000000e+03
-9.999000000000000000e+03
-9.999000000000000000e+03
-9.999000000000000000e+03
-9.999000000000000000e+03
-9.999000000000000000e+03
-9.999000000000000000e+03
-9.999000000000000000e+03
-9.999000000000000000e+03
-9.999000000000000000e+03
-9.999000000000000000e+03
-9.999000000000000000e+03
-9.999000000000000000e+03
-9.999000000000000000e+03
-9.999000000000000000e+03
-1.266338974237442017e-01
-1.935736238956451416e-01
-9.999000000000000000e+03
-1.099867969751358032e-01
-1.232708096504211426e-01
-1.043284833431243896e-01
-8.143136650323867798e-02
-6.426978856325149536e-02
-5.853515863418579102e-02
-6.838001310825347900e-02
-1.092004254460334778e-01
-1.168834269046783447e-01
-1.008067205548286438e-01
-7.166120409965515137e-02
-5.386116355657577515e-02
-9.999000000000000000e+03
-9.999000000000000000e+03
-9.999000000000000000e+03
-9.999000000000000000e+03
-9.999000000000000000e+03
-9.999000000000000000e+03
-9.999000000000000000e+03
-9.999000000000000000e+03
-9.999000000000000000e+03
-9.999000000000000000e+03
-9.999000000000000000e+03
-9.999000000000000000e+03
-9.999000000000000000e+03
-9.999000000000000000e+03
-9.999000000000000000e+03
-9.999000000000000000e+03
-8.204056322574615479e-02
-1.432936042547225952e-01
-9.999000000000000000e+03
-9.999000000000000000e+03
-1.087610349059104919e-01
-9.361105412244796753e-02
-8.453107625246047974e-02
-8.221590518951416016e-02
-8.606644719839096069e-02
-9.100069850683212280e-02
-9.984564781188964844e-02
-9.096051007509231567e-02
-8.550374209880828857e-02
-4.569948092103004456e-02
-9.999000000000000000e+03
-9.999000000000000000e+03
-9.999000000000000000e+03
-9.999000000000000000e+03
-9.999000000000000000e+03
-9.999000000000000000e+03
-9.999000000000000000e+03
-9.999000000000000000e+03
-9.999000000000000000e+03
-9.999000000000000000e+03
-9.999000000000000000e+03
-9.999000000000000000e+03
-9.999000000000000000e+03
-9.999000000000000000e+03
-9.999000000000000000e+03
-9.999000000000000000e+03
-9.999000000000000000e+03
-4.053305462002754211e-02
-7.313073426485061646e-02
-9.999000000000000000e+03
-9.999000000000000000e+03
-6.613390892744064331e-02
-7.122492045164108276e-02
-6.198885664343833923e-02
-6.486880034208297729e-02
-6.256809830665588379e-02
-5.599672719836235046e-02
-4.873858764767646790e-02
-3.860810399055480957e-02
-4.279609769582748413e-02
-3.771326318383216858e-02
-9.999000000000000000e+03
-9.999000000000000000e+03
-9.999000000000000000e+03
-9.999000000000000000e+03
-9.999000000000000000e+03
-9.999000000000000000e+03
-9.999000000000000000e+03
-9.999000000000000000e+03
-9.999000000000000000e+03
-9.999000000000000000e+03
-9.999000000000000000e+03
-9.999000000000000000e+03
-9.999000000000000000e+03
-9.999000000000000000e+03
-9.999000000000000000e+03
-9.999000000000000000e+03
-9.999000000000000000e+03
-9.999000000000000000e+03
-9.999000000000000000e+03
-9.999000000000000000e+03
-9.999000000000000000e+03
-3.984577953815460205e-02
-5.138893797993659973e-02
-2.893814817070960999e-02
-2.581600472331047058e-02
-2.506615035235881805e-02
-2.375112473964691162e-02
-6.039904896169900894e-03
-2.665596082806587219e-02
-3.988736867904663086e-02
-3.898367285728454590e-02
-9.999000000000000000e+03
-9.999000000000000000e+03
-9.999000000000000000e+03
-9.999000000000000000e+03
-9.999000000000000000e+03
-9.999000000000000000e+03
-9.999000000000000000e+03
-9.999000000000000000e+03
-9.999000000000000000e+03
-9.999000000000000000e+03
-9.999000000000000000e+03
-9.999000000000000000e+03
-9.999000000000000000e+03
-9.999000000000000000e+03
-9.999000000000000000e+03
-9.999000000000000000e+03
-9.999000000000000000e+03
-9.999000000000000000e+03
-9.999000000000000000e+03
-9.999000000000000000e+03
-9.999000000000000000e+03
-9.999000000000000000e+03
-3.144305571913719177e-02
-3.220080584287643433e-02
2.964188344776630402e-03
1.527654007077217102e-02
1.546347327530384064e-02
1.212531700730323792e-02
1.931827515363693237e-02
-1.649801433086395264e-02
-9.999000000000000000e+03
-9.999000000000000000e+03
-9.999000000000000000e+03
-9.999000000000000000e+03
-9.999000000000000000e+03
-9.999000000000000000e+03
-9.999000000000000000e+03
-9.999000000000000000e+03
-9.999000000000000000e+03
-9.999000000000000000e+03
-9.999000000000000000e+03
-9.999000000000000000e+03
-9.999000000000000000e+03
-9.999000000000000000e+03
-9.999000000000000000e+03
-9.999000000000000000e+03
-9.999000000000000000e+03
-9.999000000000000000e+03
-9.999000000000000000e+03
-9.999000000000000000e+03
-9.999000000000000000e+03
-9.999000000000000000e+03
-9.999000000000000000e+03
-1.792080886662006378e-02
-2.713817171752452850e-02
-1.982529833912849426e-02
-9.778216481208801270e-03
3.263802453875541687e-02
3.041962534189224243e-02
1.151667460799217224e-01
1.608116626739501953e-01
1.151559278368949890e-01
-9.999000000000000000e+03
-9.999000000000000000e+03
-9.999000000000000000e+03
-9.999000000000000000e+03
-9.999000000000000000e+03
-9.999000000000000000e+03
-9.999000000000000000e+03
-9.999000000000000000e+03
-9.999000000000000000e+03
-9.999000000000000000e+03
-9.999000000000000000e+03
-9.999000000000000000e+03
-9.999000000000000000e+03
-9.999000000000000000e+03
-9.999000000000000000e+03
-9.999000000000000000e+03
-9.999000000000000000e+03
-9.999000000000000000e+03
-9.999000000000000000e+03
-9.999000000000000000e+03
-9.999000000000000000e+03
-9.999000000000000000e+03
-9.999000000000000000e+03
-1.576282829046249390e-02
-1.764598675072193146e-02
-1.115508750081062317e-02
1.095002982765436172e-02
5.572183802723884583e-02
7.219312340021133423e-02
1.769912242889404297e-01
1.825286895036697388e-01
-9.999000000000000000e+03
-9.999000000000000000e+03
-9.999000000000000000e+03
-9.999000000000000000e+03
-9.999000000000000000e+03
-9.999000000000000000e+03
-9.999000000000000000e+03
-9.999000000000000000e+03
-9.999000000000000000e+03
-9.999000000000000000e+03
-9.999000000000000000e+03
-9.999000000000000000e+03
-9.999000000000000000e+03
-9.999000000000000000e+03
-9.999000000000000000e+03
-9.999000000000000000e+03
-9.999000000000000000e+03
-9.999000000000000000e+03
-9.999000000000000000e+03
-9.999000000000000000e+03
-9.999000000000000000e+03
-9.999000000000000000e+03
-9.999000000000000000e+03
-1.766757294535636902e-02
-1.974224485456943512e-02
-1.568339951336383820e-02
-6.708858907222747803e-02
-1.106142774224281311e-01
-1.390033662319183350e-01
-6.327464431524276733e-02
3.082173503935337067e-02
3.162414208054542542e-02
-9.999000000000000000e+03
-9.999000000000000000e+03
-9.999000000000000000e+03
-9.999000000000000000e+03
-9.999000000000000000e+03
-9.999000000000000000e+03
-9.999000000000000000e+03
-9.999000000000000000e+03
-9.999000000000000000e+03
-9.999000000000000000e+03
-9.999000000000000000e+03
-9.999000000000000000e+03
-9.999000000000000000e+03
-9.999000000000000000e+03
-9.999000000000000000e+03
-9.999000000000000000e+03
-9.999000000000000000e+03
-9.999000000000000000e+03
-9.999000000000000000e+03
-9.999000000000000000e+03
-9.999000000000000000e+03
-9.999000000000000000e+03
-1.572487317025661469e-02
-3.615764901041984558e-02
-5.323627591133117676e-02
-6.490614265203475952e-02
-8.563588559627532959e-02
-1.018077656626701355e-01
-1.354963481426239014e-01
-1.378186047077178955e-01
-7.289963960647583008e-02
-1.101433951407670975e-02
3.395084757357835770e-03
-4.275839310139417648e-04
-2.167731523513793945e-03
-9.999000000000000000e+03
-9.999000000000000000e+03
-9.999000000000000000e+03
-9.999000000000000000e+03
-9.999000000000000000e+03
-9.999000000000000000e+03
-9.999000000000000000e+03
-9.999000000000000000e+03
-9.999000000000000000e+03
-9.999000000000000000e+03
-9.999000000000000000e+03
-9.999000000000000000e+03
-9.999000000000000000e+03
-9.999000000000000000e+03
-9.999000000000000000e+03
-9.999000000000000000e+03
-9.999000000000000000e+03
-3.896379098296165466e-02
-3.164107352495193481e-02
-2.568945102393627167e-02
-3.630274906754493713e-02
-2.774910070002079010e-02
-3.939804434776306152e-02
-5.545308068394660950e-02
-8.166950941085815430e-02
-9.264805167913436890e-02
-4.378587752580642700e-02
-1.902183890342712402e-02
-7.847145199775695801e-03
-7.887387648224830627e-03
-1.065666973590850830e-02
-9.999000000000000000e+03
-9.999000000000000000e+03
-9.999000000000000000e+03
-9.999000000000000000e+03
-9.999000000000000000e+03
-9.999000000000000000e+03
-9.999000000000000000e+03
-9.999000000000000000e+03
-9.999000000000000000e+03
-9.999000000000000000e+03
-9.999000000000000000e+03
-9.999000000000000000e+03
-9.999000000000000000e+03
-9.999000000000000000e+03
-9.999000000000000000e+03
-5.718780308961868286e-02
-4.836664348840713501e-02
-7.058266550302505493e-02
-5.930019170045852661e-02
-3.573021292686462402e-02
-1.418978068977594376e-02
6.652581505477428436e-03
4.766670055687427521e-03
-2.117224037647247314e-02
-5.567278340458869934e-02
-6.156730279326438904e-02
-5.219431966543197632e-02
-3.530704975128173828e-02
-4.551626369357109070e-02
-9.999000000000000000e+03
-9.999000000000000000e+03
-9.999000000000000000e+03
-9.999000000000000000e+03
-9.999000000000000000e+03
-9.999000000000000000e+03
-9.999000000000000000e+03
-9.999000000000000000e+03
-9.999000000000000000e+03
-9.999000000000000000e+03
-9.999000000000000000e+03
-9.999000000000000000e+03
-9.999000000000000000e+03
-9.999000000000000000e+03
-9.999000000000000000e+03
-9.999000000000000000e+03
-6.131097301840782166e-02
-8.485615998506546021e-02
-7.143136113882064819e-02
-6.932225078344345093e-02
-6.771086901426315308e-02
-3.883194923400878906e-02
-1.312606269493699074e-03
1.055846456438302994e-02
4.026171285659074783e-03
-1.812524348497390747e-02
-5.613816156983375549e-02
-9.195819497108459473e-02
-9.084557741880416870e-02
-6.067115813493728638e-02
-9.999000000000000000e+03
-9.999000000000000000e+03
-9.999000000000000000e+03
-9.999000000000000000e+03
-9.999000000000000000e+03
-9.999000000000000000e+03
-9.999000000000000000e+03
-9.999000000000000000e+03
-9.999000000000000000e+03
-9.999000000000000000e+03
-9.999000000000000000e+03
-9.999000000000000000e+03
-9.999000000000000000e+03
-9.999000000000000000e+03
-9.999000000000000000e+03
-9.999000000000000000e+03
-9.999000000000000000e+03
-6.803345680236816406e-02
-1.035151034593582153e-01
-9.690511971712112427e-02
-7.052166014909744263e-02
-5.444334819912910461e-02
-3.885566815733909607e-02
-1.784777082502841949e-02
-8.044108748435974121e-03
-7.778006140142679214e-03
2.159968018531799316e-03
-7.035489543341100216e-04
-2.600565925240516663e-02
-2.380735985934734344e-02
-4.845165088772773743e-02
-9.999000000000000000e+03
-9.999000000000000000e+03
-9.999000000000000000e+03
-9.999000000000000000e+03
-9.999000000000000000e+03
-9.999000000000000000e+03
-9.999000000000000000e+03
-9.999000000000000000e+03
-9.999000000000000000e+03
-9.999000000000000000e+03
-9.999000000000000000e+03
-9.999000000000000000e+03
-9.999000000000000000e+03
-9.999000000000000000e+03
-9.999000000000000000e+03
-9.999000000000000000e+03
-9.999000000000000000e+03
-1.061858609318733215e-01
-1.091009974479675293e-01
-1.017427667975425720e-01
-8.285086601972579956e-02
-6.634365022182464600e-02
-4.054982960224151611e-02
-1.987778395414352417e-02
-1.061638630926609039e-02
-7.679409813135862350e-03
1.820581499487161636e-03
8.066765964031219482e-03
2.431585453450679779e-02
7.597207557410001755e-03
-9.999000000000000000e+03
-9.999000000000000000e+03
-9.999000000000000000e+03
-9.999000000000000000e+03
-9.999000000000000000e+03
-9.999000000000000000e+03
-9.999000000000000000e+03
-9.999000000000000000e+03
-9.999000000000000000e+03
-9.999000000000000000e+03
-9.999000000000000000e+03
-9.999000000000000000e+03
-9.999000000000000000e+03
-9.999000000000000000e+03
-9.999000000000000000e+03
-9.999000000000000000e+03
-9.999000000000000000e+03
-9.999000000000000000e+03
-7.190167158842086792e-02
-6.552118062973022461e-02
-6.823667883872985840e-02
-7.246280461549758911e-02
-5.021484196186065674e-02
-1.911019161343574524e-02
6.132150068879127502e-03
2.375245839357376099e-02
9.844521060585975647e-03
2.871681377291679382e-02
1.756777241826057434e-02
2.878232160583138466e-03
-9.999000000000000000e+03
-9.999000000000000000e+03
-9.999000000000000000e+03
-9.999000000000000000e+03
-9.999000000000000000e+03
-9.999000000000000000e+03
-9.999000000000000000e+03
-9.999000000000000000e+03
-9.999000000000000000e+03
-9.999000000000000000e+03
-9.999000000000000000e+03
-9.999000000000000000e+03
-9.999000000000000000e+03
-9.999000000000000000e+03
-9.999000000000000000e+03
-9.999000000000000000e+03
-9.999000000000000000e+03
-9.999000000000000000e+03
-9.999000000000000000e+03
-2.844384312629699707e-02
-2.104407176375389099e-02
-2.687228657305240631e-02
-4.506845772266387939e-02
-7.575742783956229687e-04
2.784322574734687805e-02
4.261321201920509338e-02
3.268911689519882202e-02
2.188561670482158661e-02
1.331061031669378281e-02
-9.999000000000000000e+03
-9.999000000000000000e+03
-9.999000000000000000e+03
-9.999000000000000000e+03
-9.999000000000000000e+03
-9.999000000000000000e+03
-9.999000000000000000e+03
-9.999000000000000000e+03
-9.999000000000000000e+03
-9.999000000000000000e+03
-9.999000000000000000e+03
-9.999000000000000000e+03
-9.999000000000000000e+03
-9.999000000000000000e+03
-9.999000000000000000e+03
-9.999000000000000000e+03
-9.999000000000000000e+03
-9.999000000000000000e+03
-9.999000000000000000e+03
-9.999000000000000000e+03
-9.999000000000000000e+03
-5.916967522352933884e-03
1.958399266004562378e-02
2.436644583940505981e-02
3.107698261737823486e-02
4.148480668663978577e-02
3.031735122203826904e-02
-9.999000000000000000e+03
-9.999000000000000000e+03
-9.999000000000000000e+03
-9.999000000000000000e+03
-9.999000000000000000e+03
-9.999000000000000000e+03
-9.999000000000000000e+03
-9.999000000000000000e+03
-9.999000000000000000e+03
-9.999000000000000000e+03
-9.999000000000000000e+03
-9.999000000000000000e+03
-9.999000000000000000e+03
-9.999000000000000000e+03
-9.999000000000000000e+03
-9.999000000000000000e+03
-9.999000000000000000e+03
-9.999000000000000000e+03
-9.999000000000000000e+03
-9.999000000000000000e+03
-9.999000000000000000e+03
-9.999000000000000000e+03
-9.999000000000000000e+03
-9.999000000000000000e+03
-9.999000000000000000e+03
-2.007330581545829773e-02
3.133142599835991859e-03
3.223263844847679138e-02
-9.999000000000000000e+03
-9.999000000000000000e+03
-9.999000000000000000e+03
-9.999000000000000000e+03
-9.999000000000000000e+03
-9.999000000000000000e+03
-9.999000000000000000e+03
-9.999000000000000000e+03
-9.999000000000000000e+03
-9.999000000000000000e+03
-9.999000000000000000e+03
-9.999000000000000000e+03
-9.999000000000000000e+03
-9.999000000000000000e+03
-9.999000000000000000e+03
-9.999000000000000000e+03
-9.999000000000000000e+03
-9.999000000000000000e+03
-9.999000000000000000e+03
-9.999000000000000000e+03
-9.999000000000000000e+03
-9.999000000000000000e+03
-9.999000000000000000e+03
-9.999000000000000000e+03
-9.999000000000000000e+03
-9.999000000000000000e+03
-9.999000000000000000e+03
-9.999000000000000000e+03
