9.965328127145767212e-02
1.046878844499588013e-01
8.186742663383483887e-02
6.588222831487655640e-02
7.256453484296798706e-02
5.973732843995094299e-02
4.935704916715621948e-02
3.866918385028839111e-02
8.921236731112003326e-03
-1.283297315239906311e-02
-5.382940918207168579e-02
-9.999000000000000000e+03
-9.999000000000000000e+03
-9.999000000000000000e+03
-9.999000000000000000e+03
-9.999000000000000000e+03
-9.999000000000000000e+03
-9.999000000000000000e+03
-9.999000000000000000e+03
-9.999000000000000000e+03
-9.999000000000000000e+03
-9.999000000000000000e+03
-9.999000000000000000e+03
-3.959917277097702026e-02
-5.678626522421836853e-02
-1.937296614050865173e-02
8.601101115345954895e-03
5.070300027728080750e-02
8.613888174295425415e-02
1.097852289676666260e-01
1.163249388337135315e-01
3.553823381662368774e-02
4.395554959774017334e-02
3.652544692158699036e-02
2.734397351741790771e-02
2.833814360201358795e-02
1.484342198818922043e-02
-4.094307776540517807e-03
-1.198156923055648804e-02
-3.118724562227725983e-02
-3.486498817801475525e-02
-3.766372427344322205e-02
-2.036612108349800110e-02
-9.999000000000000000e+03
-9.999000000000000000e+03
-9.999000000000000000e+03
-9.999000000000000000e+03
-9.999000000000000000e+03
-9.999000000000000000e+03
-9.999000000000000000e+03
-9.999000000000000000e+03
-9.999000000000000000e+03
1.207448262721300125e-02
2.314695902168750763e-02
1.097989920526742935e-02
2.259554341435432434e-02
2.772309258580207825e-02
5.108907446265220642e-02
7.936045527458190918e-02
9.635413438081741333e-02
1.059428229928016663e-01
1.203588768839836121e-01
-2.755897119641304016e-02
-1.750270836055278778e-02
-1.999706402420997620e-02
-3.423884510993957520e-02
-2.400903217494487762e-02
-4.168783873319625854e-02
-5.450828000903129578e-02
-5.239139497280120850e-02
-6.585621088743209839e-02
-5.538764968514442444e-02
-4.194831848144531250e-02
-2.360618300735950470e-02
-9.999000000000000000e+03
-9.999000000000000000e+03
-9.999000000000000000e+03
-9.999000000000000000e+03
-9.999000000000000000e+03
-9.999000000000000000e+03
-9.999000000000000000e+03
3.762565553188323975e-02
3.299765661358833313e-02
4.042316600680351257e-02
5.494924262166023254e-02
5.060983449220657349e-02
4.432998597621917725e-02
5.286467447876930237e-02
6.970075517892837524e-02
8.210629969835281372e-02
1.007039025425910950e-01
1.225425451993942261e-01
1.428850442171096802e-01
-1.027745455503463745e-01
-9.284535050392150879e-02
-9.336705505847930908e-02
-1.051722690463066101e-01
-1.036318466067314148e-01
-1.271573007106781006e-01
-1.307194381952285767e-01
-1.109841987490653992e-01
-1.036297604441642761e-01
-7.450588047504425049e-02
-5.092447251081466675e-02
-2.947809919714927673e-02
-6.071014795452356339e-03
-9.999000000000000000e+03
-9.999000000000000000e+03
-9.999000000000000000e+03
2.445584721863269806e-02
3.164103999733924866e-02
4.556722566485404968e-02
2.984719537198543549e-02
1.142842415720224380e-02
1.009884011000394821e-02
-8.587610907852649689e-03
1.096985116600990295e-02
1.319090090692043304e-02
6.729224696755409241e-03
5.197928845882415771e-02
6.891600787639617920e-02
9.151463955640792847e-02
1.107098311185836792e-01
1.205869689583778381e-01
-1.727096438407897949e-01
-1.718120276927947998e-01
-1.764713972806930542e-01
-1.872486472129821777e-01
-1.802310794591903687e-01
-1.867487579584121704e-01
-1.795452684164047241e-01
-1.543028950691223145e-01
-1.356198340654373169e-01
-9.764943271875381470e-02
-5.585149675607681274e-02
-2.425985038280487061e-02
1.140066073276102543e-03
1.539741363376379013e-02
3.907097876071929932e-02
3.594071418046951294e-02
2.184916101396083832e-02
-7.534130476415157318e-03
-2.031709253787994385e-02
-5.982683598995208740e-02
-7.349675148725509644e-02
-1.073574721813201904e-01
-1.219583526253700256e-01
-9.024791419506072998e-02
-8.207554370164871216e-02
-5.942339077591896057e-02
-1.517059560865163803e-02
2.306426316499710083e-02
6.639155000448226929e-02
9.912065416574478149e-02
1.136318817734718323e-01
-2.072066068649291992e-01
-2.153636962175369263e-01
-2.290096580982208252e-01
-2.414871156215667725e-01
-2.375768721103668213e-01
-2.299711853265762329e-01
-2.076686471700668335e-01
-1.750156581401824951e-01
-1.504948735237121582e-01
-1.082924380898475647e-01
-5.853764340281486511e-02
-7.062366697937250137e-03
1.887688413262367249e-02
3.009300306439399719e-02
2.416208758950233459e-02
1.329349074512720108e-02
-2.618864364922046661e-02
-9.678252041339874268e-02
-1.357796192169189453e-01
-1.854649633169174194e-01
-1.947038620710372925e-01
-1.903532296419143677e-01
-1.977426558732986450e-01
-1.638146489858627319e-01
-1.429476886987686157e-01
-1.284804940223693848e-01
-6.222024187445640564e-02
-2.656661905348300934e-02
1.891502179205417633e-02
7.089820504188537598e-02
9.344441443681716919e-02
-2.251309454441070557e-01
-2.348556965589523315e-01
-2.512052059173583984e-01
-2.567740082740783691e-01
-2.539558410644531250e-01
-2.465246319770812988e-01
-2.173455059528350830e-01
-1.781335026025772095e-01
-1.337460726499557495e-01
-9.754817187786102295e-02
-5.921751260757446289e-02
-3.043352439999580383e-02
4.822802264243364334e-03
1.856494881212711334e-02
-2.538098767399787903e-02
-7.026540488004684448e-02
-1.363212317228317261e-01
-1.925940811634063721e-01
-2.147931158542633057e-01
-2.462266683578491211e-01
-2.507568299770355225e-01
-2.581038475036621094e-01
-2.740081250667572021e-01
-2.570817768573760986e-01
-2.446312159299850464e-01
-2.245066165924072266e-01
-1.548854708671569824e-01
-1.162503808736801147e-01
-6.600632518529891968e-02
-8.210248197428882122e-04
2.835101261734962463e-02
-2.218104004859924316e-01
-2.269763797521591187e-01
-2.396661788225173950e-01
-2.360823899507522583e-01
-2.278312444686889648e-01
-2.090567052364349365e-01
-1.846500933170318604e-01
-1.687105447053909302e-01
-1.333106607198715210e-01
-9.829261898994445801e-02
-7.453829050064086914e-02
-6.125267222523689270e-02
-4.856057837605476379e-02
-5.238604918122291565e-02
-9.646345674991607666e-02
-1.387099772691726685e-01
-2.130449414253234863e-01
-2.411335557699203491e-01
-2.511550188064575195e-01
-2.509961426258087158e-01
-2.454365938901901245e-01
-2.595731616020202637e-01
-2.570737898349761963e-01
-2.625405192375183105e-01
-2.891353666782379150e-01
-2.885998189449310303e-01
-2.312578111886978149e-01
-1.889028400182723999e-01
-1.424381434917449951e-01
-7.946676015853881836e-02
-5.615604296326637268e-02
-2.055730223655700684e-01
-2.041755318641662598e-01
-2.056728750467300415e-01
-1.962792426347732544e-01
-1.939573138952255249e-01
-1.645743846893310547e-01
-1.485005468130111694e-01
-1.355008482933044434e-01
-1.153057739138603210e-01
-1.000010669231414795e-01
-9.044490754604339600e-02
-8.643271028995513916e-02
-1.032069250941276550e-01
-1.366153955459594727e-01
-1.865305602550506592e-01
-2.043654322624206543e-01
-2.307318598031997681e-01
-2.302051782608032227e-01
-2.304241955280303955e-01
-2.046391218900680542e-01
-1.646790206432342529e-01
-1.564987897872924805e-01
-1.220369637012481689e-01
-1.515162438154220581e-01
-1.288759410381317139e-01
-2.302847504615783691e-01
-2.281690239906311035e-01
-2.209346294403076172e-01
-1.836815923452377319e-01
-1.391888409852981567e-01
-1.162828356027603149e-01
-1.813942492008209229e-01
-1.729618459939956665e-01
-1.724757403135299683e-01
-1.601772755384445190e-01
-1.578591614961624146e-01
-1.452489197254180908e-01
-1.288922578096389771e-01
-1.199497282505035400e-01
-1.030520275235176086e-01
-1.072085276246070862e-01
-1.196270212531089783e-01
-1.473189592361450195e-01
-1.693135350942611694e-01
-1.908712983131408691e-01
-2.178112715482711792e-01
-2.215876132249832153e-01
-2.223794013261795044e-01
-1.563408523797988892e-01
-1.732112616300582886e-01
-1.238432824611663818e-01
-9.335411339998245239e-02
-9.999000000000000000e+03
-9.999000000000000000e+03
-9.999000000000000000e+03
-9.999000000000000000e+03
-9.999000000000000000e+03
-9.999000000000000000e+03
-2.369275689125061035e-01
-2.116540521383285522e-01
-1.764491647481918335e-01
-1.578977257013320923e-01
-1.382280141115188599e-01
-1.264913976192474365e-01
-1.298575699329376221e-01
-1.244781985878944397e-01
-1.293506622314453125e-01
-1.269956976175308228e-01
-1.139626577496528625e-01
-1.050675734877586365e-01
-1.099670454859733582e-01
-1.344000399112701416e-01
-1.536143720149993896e-01
-1.963963359594345093e-01
-2.072507441043853760e-01
-2.152999490499496460e-01
-2.065869271755218506e-01
-1.771482676267623901e-01
-1.459856629371643066e-01
-9.999000000000000000e+03
-9.999000000000000000e+03
-9.999000000000000000e+03
-9.999000000000000000e+03
-9.999000000000000000e+03
-9.999000000000000000e+03
-9.999000000000000000e+03
-9.999000000000000000e+03
-9.999000000000000000e+03
-9.999000000000000000e+03
-1.316680014133453369e-01
-1.888611316680908203e-01
-2.168375253677368164e-01
-2.098441123962402344e-01
-1.368384063243865967e-01
-1.162673383951187134e-01
-1.051980406045913696e-01
-9.770902991294860840e-02
-9.781166166067123413e-02
-1.047861501574516296e-01
-1.055586636066436768e-01
-1.026348397135734558e-01
-1.327032595872879028e-01
-1.675006598234176636e-01
-1.826207637786865234e-01
-1.918641477823257446e-01
-1.902637630701065063e-01
-1.969165951013565063e-01
-1.115233451128005981e-01
-1.170293316245079041e-01
-9.999000000000000000e+03
-9.999000000000000000e+03
-9.999000000000000000e+03
-9.999000000000000000e+03
-9.999000000000000000e+03
-9.999000000000000000e+03
-9.999000000000000000e+03
-9.999000000000000000e+03
-9.999000000000000000e+03
-9.999000000000000000e+03
-9.999000000000000000e+03
-9.999000000000000000e+03
-1.189017891883850098e-01
-2.178764641284942627e-01
-2.423167377710342407e-01
-1.683552861213684082e-01
-1.407967358827590942e-01
-1.130773052573204041e-01
-8.844839036464691162e-02
-8.144030719995498657e-02
-8.336093276739120483e-02
-8.079837262630462646e-02
-1.017736345529556274e-01
-1.342440992593765259e-01
-1.546492576599121094e-01
-1.666193008422851562e-01
-1.636801660060882568e-01
-1.144806817173957825e-01
-1.288191527128219604e-01
-9.999000000000000000e+03
-9.999000000000000000e+03
-9.999000000000000000e+03
-9.999000000000000000e+03
-9.999000000000000000e+03
-9.999000000000000000e+03
-9.999000000000000000e+03
-9.999000000000000000e+03
-9.999000000000000000e+03
-9.999000000000000000e+03
-9.999000000000000000e+03
-9.999000000000000000e+03
-9.999000000000000000e+03
-9.999000000000000000e+03
-9.999000000000000000e+03
-1.869243830442428589e-01
-2.485850453376770020e-01
-9.999000000000000000e+03
-9.772549569606781006e-02
-1.160937175154685974e-01
-9.704943001270294189e-02
-7.695513218641281128e-02
-7.193609327077865601e-02
-7.219063490629196167e-02
-1.035638973116874695e-01
-1.242233514785766602e-01
-1.226060092449188232e-01
-1.275591850280761719e-01
-1.111233010888099670e-01
-8.556422591209411621e-02
-9.999000000000000000e+03
-9.999000000000000000e+03
-9.999000000000000000e+03
-9.999000000000000000e+03
-9.999000000000000000e+03
-9.999000000000000000e+03
-9.999000000000000000e+03
-9.999000000000000000e+03
-9.999000000000000000e+03
-9.999000000000000000e+03
-9.999000000000000000e+03
-9.999000000000000000e+03
-9.999000000000000000e+03
-9.999000000000000000e+03
-9.999000000000000000e+03
-9.999000000000000000e+03
-1.420670300722122192e-01
-2.061938047409057617e-01
-9.999000000000000000e+03
-9.999000000000000000e+03
-1.072643473744392395e-01
-9.835433214902877808e-02
-7.798110693693161011e-02
-6.875500828027725220e-02
-8.164978772401809692e-02
-9.696429967880249023e-02
-9.567689150571823120e-02
-8.952295780181884766e-02
-8.913332968950271606e-02
-4.307255521416664124e-02
-9.999000000000000000e+03
-9.999000000000000000e+03
-9.999000000000000000e+03
-9.999000000000000000e+03
-9.999000000000000000e+03
-9.999000000000000000e+03
-9.999000000000000000e+03
-9.999000000000000000e+03
-9.999000000000000000e+03
-9.999000000000000000e+03
-9.999000000000000000e+03
-9.999000000000000000e+03
-9.999000000000000000e+03
-9.999000000000000000e+03
-9.999000000000000000e+03
-9.999000000000000000e+03
-9.999000000000000000e+03
-7.482069730758666992e-02
-1.200354322791099548e-01
-9.999000000000000000e+03
-9.999000000000000000e+03
-6.581933051347732544e-02
-7.773405313491821289e-02
-7.269973307847976685e-02
-6.049501895904541016e-02
-6.444332748651504517e-02
-6.070932000875473022e-02
-6.178251653909683228e-02
-4.859982058405876160e-02
-4.711700603365898132e-02
-3.161476552486419678e-02
-9.999000000000000000e+03
-9.999000000000000000e+03
-9.999000000000000000e+03
-9.999000000000000000e+03
-9.999000000000000000e+03
-9.999000000000000000e+03
-9.999000000000000000e+03
-9.999000000000000000e+03
-9.999000000000000000e+03
-9.999000000000000000e+03
-9.999000000000000000e+03
-9.999000000000000000e+03
-9.999000000000000000e+03
-9.999000000000000000e+03
-9.999000000000000000e+03
-9.999000000000000000e+03
-9.999000000000000000e+03
-9.999000000000000000e+03
-9.999000000000000000e+03
-9.999000000000000000e+03
-9.999000000000000000e+03
-3.721880912780761719e-02
-5.066816136240959167e-02
-4.680050164461135864e-02
-4.664623737335205078e-02
-2.683513984084129333e-02
-1.959553360939025879e-02
-1.239847112447023392e-02
3.068726509809494019e-03
-1.287804543972015381e-02
-1.461445167660713196e-02
-9.999000000000000000e+03
-9.999000000000000000e+03
-9.999000000000000000e+03
-9.999000000000000000e+03
-9.999000000000000000e+03
-9.999000000000000000e+03
-9.999000000000000000e+03
-9.999000000000000000e+03
-9.999000000000000000e+03
-9.999000000000000000e+03
-9.999000000000000000e+03
-9.999000000000000000e+03
-9.999000000000000000e+03
-9.999000000000000000e+03
-9.999000000000000000e+03
-9.999000000000000000e+03
-9.999000000000000000e+03
-9.999000000000000000e+03
-9.999000000000000000e+03
-9.999000000000000000e+03
-9.999000000000000000e+03
-9.999000000000000000e+03
-3.319117799401283264e-02
-4.134151339530944824e-02
-2.902355976402759552e-02
3.425819799304008484e-02
2.439669705927371979e-02
2.677617967128753662e-02
5.515481159090995789e-02
3.632770478725433350e-02
-9.999000000000000000e+03
-9.999000000000000000e+03
-9.999000000000000000e+03
-9.999000000000000000e+03
-9.999000000000000000e+03
-9.999000000000000000e+03
-9.999000000000000000e+03
-9.999000000000000000e+03
-9.999000000000000000e+03
-9.999000000000000000e+03
-9.999000000000000000e+03
-9.999000000000000000e+03
-9.999000000000000000e+03
-9.999000000000000000e+03
-9.999000000000000000e+03
-9.999000000000000000e+03
-9.999000000000000000e+03
-9.999000000000000000e+03
-9.999000000000000000e+03
-9.999000000000000000e+03
-9.999000000000000000e+03
-9.999000000000000000e+03
-9.999000000000000000e+03
-1.863421872258186340e-02
-4.602552950382232666e-02
-3.069681301712989807e-02
8.987587643787264824e-04
1.676548831164836884e-02
2.273354306817054749e-02
9.983331710100173950e-02
1.752814799547195435e-01
1.321307718753814697e-01
-9.999000000000000000e+03
-9.999000000000000000e+03
-9.999000000000000000e+03
-9.999000000000000000e+03
-9.999000000000000000e+03
-9.999000000000000000e+03
-9.999000000000000000e+03
-9.999000000000000000e+03
-9.999000000000000000e+03
-9.999000000000000000e+03
-9.999000000000000000e+03
-9.999000000000000000e+03
-9.999000000000000000e+03
-9.999000000000000000e+03
-9.999000000000000000e+03
-9.999000000000000000e+03
-9.999000000000000000e+03
-9.999000000000000000e+03
-9.999000000000000000e+03
-9.999000000000000000e+03
-9.999000000000000000e+03
-9.999000000000000000e+03
-9.999000000000000000e+03
-4.694398120045661926e-02
-3.267506882548332214e-02
-4.207314550876617432e-02
-5.064983665943145752e-02
-7.662275340408086777e-03
2.359566278755664825e-02
1.603342741727828979e-01
1.875528991222381592e-01
-9.999000000000000000e+03
-9.999000000000000000e+03
-9.999000000000000000e+03
-9.999000000000000000e+03
-9.999000000000000000e+03
-9.999000000000000000e+03
-9.999000000000000000e+03
-9.999000000000000000e+03
-9.999000000000000000e+03
-9.999000000000000000e+03
-9.999000000000000000e+03
-9.999000000000000000e+03
-9.999000000000000000e+03
-9.999000000000000000e+03
-9.999000000000000000e+03
-9.999000000000000000e+03
-9.999000000000000000e+03
-9.999000000000000000e+03
-9.999000000000000000e+03
-9.999000000000000000e+03
-9.999000000000000000e+03
-9.999000000000000000e+03
-9.999000000000000000e+03
-6.923496723175048828e-02
-8.583331108093261719e-02
-1.110426411032676697e-01
-1.291991174221038818e-01
-1.261441260576248169e-01
-1.196171715855598450e-01
-6.238011270761489868e-02
1.816975325345993042e-02
8.976031094789505005e-03
-9.999000000000000000e+03
-9.999000000000000000e+03
-9.999000000000000000e+03
-9.999000000000000000e+03
-9.999000000000000000e+03
-9.999000000000000000e+03
-9.999000000000000000e+03
-9.999000000000000000e+03
-9.999000000000000000e+03
-9.999000000000000000e+03
-9.999000000000000000e+03
-9.999000000000000000e+03
-9.999000000000000000e+03
-9.999000000000000000e+03
-9.999000000000000000e+03
-9.999000000000000000e+03
-9.999000000000000000e+03
-9.999000000000000000e+03
-9.999000000000000000e+03
-9.999000000000000000e+03
-9.999000000000000000e+03
-9.999000000000000000e+03
-6.330262869596481323e-02
-1.070374920964241028e-01
-1.189469397068023682e-01
-1.139632463455200195e-01
-1.091050803661346436e-01
-9.808793663978576660e-02
-1.093314588069915771e-01
-9.669966250658035278e-02
-5.987314879894256592e-02
-3.912334516644477844e-02
-4.758034273982048035e-02
-5.151300877332687378e-02
-3.627054765820503235e-02
-9.999000000000000000e+03
-9.999000000000000000e+03
-9.999000000000000000e+03
-9.999000000000000000e+03
-9.999000000000000000e+03
-9.999000000000000000e+03
-9.999000000000000000e+03
-9.999000000000000000e+03
-9.999000000000000000e+03
-9.999000000000000000e+03
-9.999000000000000000e+03
-9.999000000000000000e+03
-9.999000000000000000e+03
-9.999000000000000000e+03
-9.999000000000000000e+03
-9.999000000000000000e+03
-9.999000000000000000e+03
-5.811543017625808716e-02
-5.591377243399620056e-02
-5.624290183186531067e-02
-3.851662948727607727e-02
-5.880599096417427063e-02
-7.619633525609970093e-02
-7.571676373481750488e-02
-7.643612474203109741e-02
-6.985134631395339966e-02
-1.486605498939752579e-02
7.667301688343286514e-03
-3.570309281349182129e-02
-2.770702540874481201e-02
-3.509166836738586426e-02
-9.999000000000000000e+03
-9.999000000000000000e+03
-9.999000000000000000e+03
-9.999000000000000000e+03
-9.999000000000000000e+03
-9.999000000000000000e+03
-9.999000000000000000e+03
-9.999000000000000000e+03
-9.999000000000000000e+03
-9.999000000000000000e+03
-9.999000000000000000e+03
-9.999000000000000000e+03
-9.999000000000000000e+03
-9.999000000000000000e+03
-9.999000000000000000e+03
-4.648852348327636719e-02
-5.462878197431564331e-02
-9.289126098155975342e-02
-8.068324625492095947e-02
-5.444437637925148010e-02
-3.330855816602706909e-02
-2.708634175360202789e-02
-4.648267105221748352e-02
-7.078626751899719238e-02
-7.863087207078933716e-02
-5.840589478611946106e-02
-4.614006355404853821e-02
-1.670469529926776886e-02
-2.595014497637748718e-02
-9.999000000000000000e+03
-9.999000000000000000e+03
-9.999000000000000000e+03
-9.999000000000000000e+03
-9.999000000000000000e+03
-9.999000000000000000e+03
-9.999000000000000000e+03
-9.999000000000000000e+03
-9.999000000000000000e+03
-9.999000000000000000e+03
-9.999000000000000000e+03
-9.999000000000000000e+03
-9.999000000000000000e+03
-9.999000000000000000e+03
-9.999000000000000000e+03
-9.999000000000000000e+03
-4.706485569477081299e-02
-5.499151721596717834e-02
-6.005600839853286743e-02
-8.124397695064544678e-02
-9.200663119554519653e-02
-6.974492222070693970e-02
-3.872676193714141846e-02
-2.267346158623695374e-02
-2.381262369453907013e-02
-3.277532011270523071e-02
-6.735579669475555420e-02
-1.038806214928627014e-01
-1.154542267322540283e-01
-9.265480190515518188e-02
-9.999000000000000000e+03
-9.999000000000000000e+03
-9.999000000000000000e+03
-9.999000000000000000e+03
-9.999000000000000000e+03
-9.999000000000000000e+03
-9.999000000000000000e+03
-9.999000000000000000e+03
-9.999000000000000000e+03
-9.999000000000000000e+03
-9.999000000000000000e+03
-9.999000000000000000e+03
-9.999000000000000000e+03
-9.999000000000000000e+03
-9.999000000000000000e+03
-9.999000000000000000e+03
-9.999000000000000000e+03
-7.194028049707412720e-02
-9.398490190505981445e-02
-9.418439120054244995e-02
-9.639042615890502930e-02
-9.203998744487762451e-02
-7.734460383653640747e-02
-5.276254937052726746e-02
-2.859580144286155701e-02
-1.056820806115865707e-02
1.276345457881689072e-02
-1.097092870622873306e-03
-5.143827199935913086e-02
-7.018169760704040527e-02
-9.416804462671279907e-02
-9.999000000000000000e+03
-9.999000000000000000e+03
-9.999000000000000000e+03
-9.999000000000000000e+03
-9.999000000000000000e+03
-9.999000000000000000e+03
-9.999000000000000000e+03
-9.999000000000000000e+03
-9.999000000000000000e+03
-9.999000000000000000e+03
-9.999000000000000000e+03
-9.999000000000000000e+03
-9.999000000000000000e+03
-9.999000000000000000e+03
-9.999000000000000000e+03
-9.999000000000000000e+03
-9.999000000000000000e+03
-9.149069339036941528e-02
-9.906910359859466553e-02
-1.000159010291099548e-01
-9.306130558252334595e-02
-7.983607053756713867e-02
-6.458020210266113281e-02
-4.019739478826522827e-02
-1.550419721752405167e-02
3.259084885939955711e-03
1.016516704112291336e-02
-1.334015629254281521e-03
-1.153306942433118820e-02
-2.908446267247200012e-02
-9.999000000000000000e+03
-9.999000000000000000e+03
-9.999000000000000000e+03
-9.999000000000000000e+03
-9.999000000000000000e+03
-9.999000000000000000e+03
-9.999000000000000000e+03
-9.999000000000000000e+03
-9.999000000000000000e+03
-9.999000000000000000e+03
-9.999000000000000000e+03
-9.999000000000000000e+03
-9.999000000000000000e+03
-9.999000000000000000e+03
-9.999000000000000000e+03
-9.999000000000000000e+03
-9.999000000000000000e+03
-9.999000000000000000e+03
-6.239628419280052185e-02
-5.367095023393630981e-02
-4.999350756406784058e-02
-5.162897706031799316e-02
-3.177667409181594849e-02
-2.279090136289596558e-02
-1.563017256557941437e-02
6.245675962418317795e-03
2.331706695258617401e-02
4.697746783494949341e-02
1.464743353426456451e-02
-1.936191320419311523e-02
-9.999000000000000000e+03
-9.999000000000000000e+03
-9.999000000000000000e+03
-9.999000000000000000e+03
-9.999000000000000000e+03
-9.999000000000000000e+03
-9.999000000000000000e+03
-9.999000000000000000e+03
-9.999000000000000000e+03
-9.999000000000000000e+03
-9.999000000000000000e+03
-9.999000000000000000e+03
-9.999000000000000000e+03
-9.999000000000000000e+03
-9.999000000000000000e+03
-9.999000000000000000e+03
-9.999000000000000000e+03
-9.999000000000000000e+03
-9.999000000000000000e+03
-3.142219781875610352e-02
-2.031479030847549438e-02
-8.304486051201820374e-03
-5.921561736613512039e-03
5.213621631264686584e-02
6.255563348531723022e-02
5.627460032701492310e-02
3.769628331065177917e-02
2.841253578662872314e-02
2.193581499159336090e-02
-9.999000000000000000e+03
-9.999000000000000000e+03
-9.999000000000000000e+03
-9.999000000000000000e+03
-9.999000000000000000e+03
-9.999000000000000000e+03
-9.999000000000000000e+03
-9.999000000000000000e+03
-9.999000000000000000e+03
-9.999000000000000000e+03
-9.999000000000000000e+03
-9.999000000000000000e+03
-9.999000000000000000e+03
-9.999000000000000000e+03
-9.999000000000000000e+03
-9.999000000000000000e+03
-9.999000000000000000e+03
-9.999000000000000000e+03
-9.999000000000000000e+03
-9.999000000000000000e+03
-9.999000000000000000e+03
-5.780325736850500107e-03
3.039073199033737183e-02
6.245640292763710022e-02
8.962339907884597778e-02
1.101116761565208435e-01
8.919931948184967041e-02
-9.999000000000000000e+03
-9.999000000000000000e+03
-9.999000000000000000e+03
-9.999000000000000000e+03
-9.999000000000000000e+03
-9.999000000000000000e+03
-9.999000000000000000e+03
-9.999000000000000000e+03
-9.999000000000000000e+03
-9.999000000000000000e+03
-9.999000000000000000e+03
-9.999000000000000000e+03
-9.999000000000000000e+03
-9.999000000000000000e+03
-9.999000000000000000e+03
-9.999000000000000000e+03
-9.999000000000000000e+03
-9.999000000000000000e+03
-9.999000000000000000e+03
-9.999000000000000000e+03
-9.999000000000000000e+03
-9.999000000000000000e+03
-9.999000000000000000e+03
-9.999000000000000000e+03
-9.999000000000000000e+03
1.148530049249529839e-03
1.935739070177078247e-02
7.542318850755691528e-02
-9.999000000000000000e+03
-9.999000000000000000e+03
-9.999000000000000000e+03
-9.999000000000000000e+03
-9.999000000000000000e+03
-9.999000000000000000e+03
-9.999000000000000000e+03
-9.999000000000000000e+03
-9.999000000000000000e+03
-9.999000000000000000e+03
-9.999000000000000000e+03
-9.999000000000000000e+03
-9.999000000000000000e+03
-9.999000000000000000e+03
-9.999000000000000000e+03
-9.999000000000000000e+03
-9.999000000000000000e+03
-9.999000000000000000e+03
-9.999000000000000000e+03
-9.999000000000000000e+03
-9.999000000000000000e+03
-9.999000000000000000e+03
-9.999000000000000000e+03
-9.999000000000000000e+03
-9.999000000000000000e+03
-9.999000000000000000e+03
-9.999000000000000000e+03
-9.999000000000000000e+03
