-1.529984325170516968e-01
-1.170255392789840698e-01
-6.522729247808456421e-02
-1.118175685405731201e-02
3.497260436415672302e-02
7.338666915893554688e-02
1.161070913076400757e-01
1.582751125097274780e-01
2.052976489067077637e-01
2.382400929927825928e-01
2.379823029041290283e-01
-9.999000000000000000e+03
-9.999000000000000000e+03
-9.999000000000000000e+03
-9.999000000000000000e+03
-9.999000000000000000e+03
-9.999000000000000000e+03
-9.999000000000000000e+03
-9.999000000000000000e+03
-9.999000000000000000e+03
-9.999000000000000000e+03
-9.999000000000000000e+03
-9.999000000000000000e+03
-2.449978375807404518e-03
6.976868025958538055e-03
3.049065358936786652e-02
5.296007171273231506e-02
4.845947772264480591e-02
4.944216832518577576e-02
4.085862264037132263e-02
5.231622233986854553e-02
-1.408924907445907593e-01
-1.049307733774185181e-01
-5.250740423798561096e-02
-9.458892163820564747e-04
5.149268358945846558e-02
9.399573504924774170e-02
1.467557400465011597e-01
1.896155774593353271e-01
2.283979803323745728e-01
2.557410895824432373e-01
2.593404054641723633e-01
1.560795158147811890e-01
-9.999000000000000000e+03
-9.999000000000000000e+03
-9.999000000000000000e+03
-9.999000000000000000e+03
-9.999000000000000000e+03
-9.999000000000000000e+03
-9.999000000000000000e+03
-9.999000000000000000e+03
-9.999000000000000000e+03
-3.304732264950871468e-03
-9.384108707308769226e-03
-1.206010766327381134e-02
-1.972094178199768066e-02
5.471848882734775543e-03
1.533427648246288300e-02
1.922046765685081482e-02
2.157817594707012177e-02
3.435004130005836487e-02
4.820450022816658020e-02
-1.375311613082885742e-01
-8.765759319067001343e-02
-2.660772018134593964e-02
2.733509615063667297e-02
7.199841737747192383e-02
1.120417788624763489e-01
1.557725071907043457e-01
2.070183753967285156e-01
2.445521354675292969e-01
2.659160196781158447e-01
2.568829059600830078e-01
1.732689887285232544e-01
-9.999000000000000000e+03
-9.999000000000000000e+03
-9.999000000000000000e+03
-9.999000000000000000e+03
-9.999000000000000000e+03
-9.999000000000000000e+03
-9.999000000000000000e+03
-2.433136850595474243e-02
-1.626504585146903992e-02
-7.471452932804822922e-03
-1.673386618494987488e-02
-1.980671472847461700e-02
-7.879322394728660583e-03
-1.446956768631935120e-02
-1.131278090178966522e-02
-5.611148662865161896e-03
2.777278656139969826e-03
1.556934602558612823e-02
3.256849572062492371e-02
-1.187218055129051208e-01
-7.973335683345794678e-02
-3.165319934487342834e-02
2.247507683932781219e-02
8.305981755256652832e-02
1.286376565694808960e-01
1.674676835536956787e-01
2.079037725925445557e-01
2.349827438592910767e-01
2.572766840457916260e-01
2.616658210754394531e-01
1.900255829095840454e-01
9.607367217540740967e-02
-9.999000000000000000e+03
-9.999000000000000000e+03
-9.999000000000000000e+03
-5.615385621786117554e-02
-6.452802568674087524e-02
-5.487996339797973633e-02
-2.572434209287166595e-02
-1.395533978939056396e-02
-9.197745472192764282e-03
-1.026680786162614822e-02
-1.616953499615192413e-02
-3.089468460530042648e-03
-3.459163382649421692e-02
-2.477758564054965973e-02
-2.448919974267482758e-02
-1.823436841368675232e-02
-2.337502315640449524e-03
1.393393520265817642e-02
-1.082369387149810791e-01
-6.304767727851867676e-02
-1.531201787292957306e-02
2.626872621476650238e-02
7.505243271589279175e-02
1.147533431649208069e-01
1.509407460689544678e-01
1.908852010965347290e-01
2.112910449504852295e-01
2.173604816198348999e-01
2.081450670957565308e-01
1.514308750629425049e-01
7.851882278919219971e-02
1.951622217893600464e-02
-5.070777609944343567e-02
-8.121967315673828125e-02
-8.311974257230758667e-02
-6.376209855079650879e-02
-4.074502363801002502e-02
-7.907788269221782684e-03
6.221316289156675339e-03
5.696144420653581619e-03
-3.935745553462766111e-06
-1.948513649404048920e-02
-3.410018235445022583e-02
-5.413903295993804932e-02
-5.684402585029602051e-02
-4.944904893636703491e-02
-3.854935243725776672e-02
-1.376829016953706741e-02
1.346958056092262268e-02
-8.279635012149810791e-02
-5.715921521186828613e-02
-2.241799607872962952e-02
2.224165387451648712e-02
6.991634517908096313e-02
1.029999330639839172e-01
1.248749196529388428e-01
1.530752480030059814e-01
1.647176742553710938e-01
1.714622229337692261e-01
1.599223017692565918e-01
9.308465570211410522e-02
4.366801679134368896e-02
-1.486739888787269592e-02
-5.295004323124885559e-02
-7.005216181278228760e-02
-5.657318606972694397e-02
-1.376926153898239136e-02
1.428254228085279465e-02
4.020573198795318604e-02
3.474118933081626892e-02
2.035887725651264191e-02
-1.409306307323276997e-03
-2.975004166364669800e-02
-5.291831493377685547e-02
-8.624842017889022827e-02
-8.558050543069839478e-02
-8.812357485294342041e-02
-7.688386738300323486e-02
-4.141787439584732056e-02
-1.223338861018419266e-02
-5.064648762345314026e-02
-3.302360698580741882e-02
-3.679475048556923866e-03
2.561321668326854706e-02
5.413514375686645508e-02
7.835178822278976440e-02
9.512847661972045898e-02
1.129682213068008423e-01
1.118893474340438843e-01
9.966599941253662109e-02
9.131008386611938477e-02
5.592699721455574036e-02
3.032073937356472015e-02
-1.833040080964565277e-02
-2.225399389863014221e-02
-1.504084747284650803e-02
1.605916768312454224e-02
4.522654041647911072e-02
5.407791584730148315e-02
6.471922993659973145e-02
4.300401359796524048e-02
1.645394787192344666e-02
-1.751493290066719055e-02
-5.376164615154266357e-02
-9.382750093936920166e-02
-1.276669055223464966e-01
-1.378618180751800537e-01
-1.571008414030075073e-01
-1.456021666526794434e-01
-8.596339076757431030e-02
-5.719123408198356628e-02
-4.609421640634536743e-02
-2.601481415331363678e-02
7.527793291956186295e-03
2.495643310248851776e-02
4.442013427615165710e-02
5.887886136770248413e-02
7.003975659608840942e-02
7.659891992807388306e-02
6.815037131309509277e-02
4.848523810505867004e-02
5.567183345556259155e-02
3.126327693462371826e-02
2.356506325304508209e-02
1.776163280010223389e-02
3.261064738035202026e-02
4.267795756459236145e-02
7.400803267955780029e-02
7.941950857639312744e-02
7.206524908542633057e-02
6.357222050428390503e-02
4.746652394533157349e-02
2.901452779769897461e-02
-2.676925156265497208e-03
-6.887058913707733154e-02
-1.419892907142639160e-01
-1.650642603635787964e-01
-1.992416679859161377e-01
-2.191694080829620361e-01
-2.023932933807373047e-01
-1.407867521047592163e-01
-1.002464219927787781e-01
-4.077861458063125610e-02
-1.448872871696949005e-02
5.864319857209920883e-03
2.015376091003417969e-02
3.757220506668090820e-02
5.577672272920608521e-02
5.832440406084060669e-02
4.315429553389549255e-02
2.392102405428886414e-02
2.509156055748462677e-02
4.010414704680442810e-02
4.133939743041992188e-02
5.154054239392280579e-02
6.837217509746551514e-02
9.128276258707046509e-02
8.898573368787765503e-02
9.058611094951629639e-02
8.115489035844802856e-02
7.178027182817459106e-02
6.367415934801101685e-02
4.071040451526641846e-02
2.097074687480926514e-02
-8.995499461889266968e-03
-4.954805970191955566e-02
-7.247721403837203979e-02
-1.530285030603408813e-01
-2.160034775733947754e-01
-2.594279348850250244e-01
-2.297957390546798706e-01
-1.661729216575622559e-01
-1.019161641597747803e-01
-2.535365894436836243e-02
-4.766868427395820618e-03
-6.694067269563674927e-04
1.677977666258811951e-02
3.054522350430488586e-02
4.269322380423545837e-02
4.152431339025497437e-02
2.785001881420612335e-02
6.329005584120750427e-03
2.658975124359130859e-02
5.613425746560096741e-02
8.086820691823959351e-02
9.574963897466659546e-02
1.050716266036033630e-01
1.093475073575973511e-01
9.931556135416030884e-02
8.560273796319961548e-02
5.224382132291793823e-02
4.460293054580688477e-02
2.357430011034011841e-02
2.535967715084552765e-02
-9.999000000000000000e+03
-9.999000000000000000e+03
-9.999000000000000000e+03
-9.999000000000000000e+03
-9.999000000000000000e+03
-9.999000000000000000e+03
-2.029170244932174683e-01
-2.456194907426834106e-01
-1.834157854318618774e-01
-1.119047552347183228e-01
-1.412267517298460007e-02
2.045981091214343905e-04
1.235592644661664963e-02
3.794757276773452759e-02
3.913980349898338318e-02
3.842084482312202454e-02
3.047533705830574036e-02
1.267429534345865250e-02
1.499083079397678375e-02
4.993869364261627197e-02
8.194101601839065552e-02
1.194014251232147217e-01
1.214760169386863708e-01
1.172371134161949158e-01
1.000586748123168945e-01
8.503857254981994629e-02
8.959589898586273193e-02
-9.999000000000000000e+03
-9.999000000000000000e+03
-9.999000000000000000e+03
-9.999000000000000000e+03
-9.999000000000000000e+03
-9.999000000000000000e+03
-9.999000000000000000e+03
-9.999000000000000000e+03
-9.999000000000000000e+03
-9.999000000000000000e+03
-1.572800725698471069e-01
-2.101039439439773560e-01
-2.007210552692413330e-01
-1.373689770698547363e-01
-4.037101939320564270e-02
-1.422500330954790115e-02
2.790083922445774078e-02
4.863659292459487915e-02
4.926200956106185913e-02
3.837053850293159485e-02
2.737717702984809875e-02
1.033202931284904480e-02
4.023720696568489075e-02
1.018954887986183167e-01
1.142017766833305359e-01
1.272759288549423218e-01
1.278188675642013550e-01
1.141632348299026489e-01
5.491306260228157043e-02
5.280685052275657654e-02
-9.999000000000000000e+03
-9.999000000000000000e+03
-9.999000000000000000e+03
-9.999000000000000000e+03
-9.999000000000000000e+03
-9.999000000000000000e+03
-9.999000000000000000e+03
-9.999000000000000000e+03
-9.999000000000000000e+03
-9.999000000000000000e+03
-9.999000000000000000e+03
-9.999000000000000000e+03
-1.256525516510009766e-01
-1.586844623088836670e-01
-1.021341755986213684e-01
-5.801396816968917847e-02
-5.201144143939018250e-02
-1.556387078016996384e-02
1.897350326180458069e-02
3.144525364041328430e-02
3.497721254825592041e-02
1.520201563835144043e-02
3.442820906639099121e-02
8.221571147441864014e-02
1.215851083397865295e-01
1.185573190450668335e-01
1.264337152242660522e-01
9.155935794115066528e-02
9.992746263742446899e-02
-9.999000000000000000e+03
-9.999000000000000000e+03
-9.999000000000000000e+03
-9.999000000000000000e+03
-9.999000000000000000e+03
-9.999000000000000000e+03
-9.999000000000000000e+03
-9.999000000000000000e+03
-9.999000000000000000e+03
-9.999000000000000000e+03
-9.999000000000000000e+03
-9.999000000000000000e+03
-9.999000000000000000e+03
-9.999000000000000000e+03
-9.999000000000000000e+03
-1.105245575308799744e-01
-7.915877550840377808e-02
-9.999000000000000000e+03
-6.382047384977340698e-02
-5.357562005519866943e-02
-2.415493875741958618e-02
9.915456175804138184e-03
2.599266730248928070e-02
1.272339839488267899e-02
8.147034794092178345e-02
1.270814239978790283e-01
1.191662102937698364e-01
1.160743832588195801e-01
1.101355478167533875e-01
6.764533370733261108e-02
-9.999000000000000000e+03
-9.999000000000000000e+03
-9.999000000000000000e+03
-9.999000000000000000e+03
-9.999000000000000000e+03
-9.999000000000000000e+03
-9.999000000000000000e+03
-9.999000000000000000e+03
-9.999000000000000000e+03
-9.999000000000000000e+03
-9.999000000000000000e+03
-9.999000000000000000e+03
-9.999000000000000000e+03
-9.999000000000000000e+03
-9.999000000000000000e+03
-9.999000000000000000e+03
-4.222128912806510925e-02
-3.175463527441024780e-02
-9.999000000000000000e+03
-9.999000000000000000e+03
-7.312983274459838867e-02
-5.146857723593711853e-02
-1.634643971920013428e-02
7.860675454139709473e-03
5.026086047291755676e-02
1.014369353652000427e-01
1.246375590562820435e-01
1.155874207615852356e-01
1.031159013509750366e-01
3.352196142077445984e-02
-9.999000000000000000e+03
-9.999000000000000000e+03
-9.999000000000000000e+03
-9.999000000000000000e+03
-9.999000000000000000e+03
-9.999000000000000000e+03
-9.999000000000000000e+03
-9.999000000000000000e+03
-9.999000000000000000e+03
-9.999000000000000000e+03
-9.999000000000000000e+03
-9.999000000000000000e+03
-9.999000000000000000e+03
-9.999000000000000000e+03
-9.999000000000000000e+03
-9.999000000000000000e+03
-9.999000000000000000e+03
-1.178771723061800003e-02
1.826222287490963936e-03
-9.999000000000000000e+03
-9.999000000000000000e+03
-6.035346910357475281e-02
-6.283499300479888916e-02
-3.381072729825973511e-02
5.472622346132993698e-03
6.638623028993606567e-02
9.826299548149108887e-02
1.128281876444816589e-01
1.074935197830200195e-01
8.635503053665161133e-02
4.999056085944175720e-02
-9.999000000000000000e+03
-9.999000000000000000e+03
-9.999000000000000000e+03
-9.999000000000000000e+03
-9.999000000000000000e+03
-9.999000000000000000e+03
-9.999000000000000000e+03
-9.999000000000000000e+03
-9.999000000000000000e+03
-9.999000000000000000e+03
-9.999000000000000000e+03
-9.999000000000000000e+03
-9.999000000000000000e+03
-9.999000000000000000e+03
-9.999000000000000000e+03
-9.999000000000000000e+03
-9.999000000000000000e+03
-9.999000000000000000e+03
-9.999000000000000000e+03
-9.999000000000000000e+03
-9.999000000000000000e+03
-4.975564032793045044e-02
-6.724243611097335815e-02
-3.588655218482017517e-02
1.249414216727018356e-02
4.085601866245269775e-02
7.562946528196334839e-02
1.050345152616500854e-01
1.162998750805854797e-01
7.862809300422668457e-02
5.831833928823471069e-02
-9.999000000000000000e+03
-9.999000000000000000e+03
-9.999000000000000000e+03
-9.999000000000000000e+03
-9.999000000000000000e+03
-9.999000000000000000e+03
-9.999000000000000000e+03
-9.999000000000000000e+03
-9.999000000000000000e+03
-9.999000000000000000e+03
-9.999000000000000000e+03
-9.999000000000000000e+03
-9.999000000000000000e+03
-9.999000000000000000e+03
-9.999000000000000000e+03
-9.999000000000000000e+03
-9.999000000000000000e+03
-9.999000000000000000e+03
-9.999000000000000000e+03
-9.999000000000000000e+03
-9.999000000000000000e+03
-9.999000000000000000e+03
-5.129994824528694153e-02
-4.043258354067802429e-02
5.960449576377868652e-03
-2.085277624428272247e-02
4.045411944389343262e-02
9.865217655897140503e-02
1.398438215255737305e-01
1.100042238831520081e-01
-9.999000000000000000e+03
-9.999000000000000000e+03
-9.999000000000000000e+03
-9.999000000000000000e+03
-9.999000000000000000e+03
-9.999000000000000000e+03
-9.999000000000000000e+03
-9.999000000000000000e+03
-9.999000000000000000e+03
-9.999000000000000000e+03
-9.999000000000000000e+03
-9.999000000000000000e+03
-9.999000000000000000e+03
-9.999000000000000000e+03
-9.999000000000000000e+03
-9.999000000000000000e+03
-9.999000000000000000e+03
-9.999000000000000000e+03
-9.999000000000000000e+03
-9.999000000000000000e+03
-9.999000000000000000e+03
-9.999000000000000000e+03
-9.999000000000000000e+03
-2.973715029656887054e-02
-8.379069156944751740e-03
-1.797002926468849182e-02
-5.377979576587677002e-02
2.091670222580432892e-02
9.519989043474197388e-02
1.570124179124832153e-01
1.193714439868927002e-01
7.796075195074081421e-02
-9.999000000000000000e+03
-9.999000000000000000e+03
-9.999000000000000000e+03
-9.999000000000000000e+03
-9.999000000000000000e+03
-9.999000000000000000e+03
-9.999000000000000000e+03
-9.999000000000000000e+03
-9.999000000000000000e+03
-9.999000000000000000e+03
-9.999000000000000000e+03
-9.999000000000000000e+03
-9.999000000000000000e+03
-9.999000000000000000e+03
-9.999000000000000000e+03
-9.999000000000000000e+03
-9.999000000000000000e+03
-9.999000000000000000e+03
-9.999000000000000000e+03
-9.999000000000000000e+03
-9.999000000000000000e+03
-9.999000000000000000e+03
-9.999000000000000000e+03
-2.135826507583260536e-03
-3.053742088377475739e-02
-2.887265384197235107e-02
4.579323902726173401e-02
5.699972063302993774e-02
1.776491664350032806e-02
4.913102835416793823e-02
8.331426978111267090e-02
-9.999000000000000000e+03
-9.999000000000000000e+03
-9.999000000000000000e+03
-9.999000000000000000e+03
-9.999000000000000000e+03
-9.999000000000000000e+03
-9.999000000000000000e+03
-9.999000000000000000e+03
-9.999000000000000000e+03
-9.999000000000000000e+03
-9.999000000000000000e+03
-9.999000000000000000e+03
-9.999000000000000000e+03
-9.999000000000000000e+03
-9.999000000000000000e+03
-9.999000000000000000e+03
-9.999000000000000000e+03
-9.999000000000000000e+03
-9.999000000000000000e+03
-9.999000000000000000e+03
-9.999000000000000000e+03
-9.999000000000000000e+03
-9.999000000000000000e+03
-1.996813155710697174e-02
-4.076216742396354675e-02
-3.881254419684410095e-02
-1.824356801807880402e-02
-7.501286268234252930e-02
-1.376586854457855225e-01
-7.789506763219833374e-02
1.274637784808874130e-02
5.690056458115577698e-02
-9.999000000000000000e+03
-9.999000000000000000e+03
-9.999000000000000000e+03
-9.999000000000000000e+03
-9.999000000000000000e+03
-9.999000000000000000e+03
-9.999000000000000000e+03
-9.999000000000000000e+03
-9.999000000000000000e+03
-9.999000000000000000e+03
-9.999000000000000000e+03
-9.999000000000000000e+03
-9.999000000000000000e+03
-9.999000000000000000e+03
-9.999000000000000000e+03
-9.999000000000000000e+03
-9.999000000000000000e+03
-9.999000000000000000e+03
-9.999000000000000000e+03
-9.999000000000000000e+03
-9.999000000000000000e+03
-9.999000000000000000e+03
1.891883276402950287e-02
-4.501935560256242752e-03
-3.385978564620018005e-02
-7.117979973554611206e-02
-1.069903671741485596e-01
-1.404118686914443970e-01
-8.686731755733489990e-02
2.105449698865413666e-02
1.033902019262313843e-01
1.092733070254325867e-02
-3.355481475591659546e-02
1.824349723756313324e-02
6.103722378611564636e-03
-9.999000000000000000e+03
-9.999000000000000000e+03
-9.999000000000000000e+03
-9.999000000000000000e+03
-9.999000000000000000e+03
-9.999000000000000000e+03
-9.999000000000000000e+03
-9.999000000000000000e+03
-9.999000000000000000e+03
-9.999000000000000000e+03
-9.999000000000000000e+03
-9.999000000000000000e+03
-9.999000000000000000e+03
-9.999000000000000000e+03
-9.999000000000000000e+03
-9.999000000000000000e+03
-9.999000000000000000e+03
1.380788814276456833e-02
2.409717999398708344e-02
2.883242443203926086e-02
-1.635163836181163788e-02
-6.356070190668106079e-02
-9.445939213037490845e-02
-9.629829972982406616e-02
-7.101896405220031738e-02
-1.409438531845808029e-02
5.678838491439819336e-02
1.635029539465904236e-02
5.234504118561744690e-02
3.343709930777549744e-02
1.574431546032428741e-02
-9.999000000000000000e+03
-9.999000000000000000e+03
-9.999000000000000000e+03
-9.999000000000000000e+03
-9.999000000000000000e+03
-9.999000000000000000e+03
-9.999000000000000000e+03
-9.999000000000000000e+03
-9.999000000000000000e+03
-9.999000000000000000e+03
-9.999000000000000000e+03
-9.999000000000000000e+03
-9.999000000000000000e+03
-9.999000000000000000e+03
-9.999000000000000000e+03
2.371403574943542480e-02
1.762698963284492493e-02
-4.370743117760866880e-04
1.444335747510194778e-02
6.858599372208118439e-03
-2.134586125612258911e-02
-4.307821393013000488e-02
-6.302651762962341309e-02
-7.992905378341674805e-02
-7.362341135740280151e-02
-4.432326182723045349e-02
-4.330296535044908524e-03
5.723737925291061401e-02
8.669873327016830444e-02
-9.999000000000000000e+03
-9.999000000000000000e+03
-9.999000000000000000e+03
-9.999000000000000000e+03
-9.999000000000000000e+03
-9.999000000000000000e+03
-9.999000000000000000e+03
-9.999000000000000000e+03
-9.999000000000000000e+03
-9.999000000000000000e+03
-9.999000000000000000e+03
-9.999000000000000000e+03
-9.999000000000000000e+03
-9.999000000000000000e+03
-9.999000000000000000e+03
-9.999000000000000000e+03
1.658579148352146149e-02
1.930344104766845703e-02
3.155517950654029846e-02
1.935668848454952240e-02
8.801164105534553528e-03
-1.372310239821672440e-02
-4.006284475326538086e-02
-3.436109796166419983e-02
-3.372860327363014221e-02
-4.395795986056327820e-02
-6.684464961290359497e-02
-7.688284665346145630e-02
-4.392886906862258911e-02
7.222879678010940552e-02
-9.999000000000000000e+03
-9.999000000000000000e+03
-9.999000000000000000e+03
-9.999000000000000000e+03
-9.999000000000000000e+03
-9.999000000000000000e+03
-9.999000000000000000e+03
-9.999000000000000000e+03
-9.999000000000000000e+03
-9.999000000000000000e+03
-9.999000000000000000e+03
-9.999000000000000000e+03
-9.999000000000000000e+03
-9.999000000000000000e+03
-9.999000000000000000e+03
-9.999000000000000000e+03
-9.999000000000000000e+03
1.724259369075298309e-02
5.896987859159708023e-03
4.892779514193534851e-02
2.954314462840557098e-02
5.867618601769208908e-03
-2.511821128427982330e-02
-4.423056542873382568e-02
-3.679045662283897400e-02
-1.515553146600723267e-02
-2.348478510975837708e-02
-4.362804815173149109e-02
-5.214274674654006958e-02
-1.046615745872259140e-02
4.931763932108879089e-02
-9.999000000000000000e+03
-9.999000000000000000e+03
-9.999000000000000000e+03
-9.999000000000000000e+03
-9.999000000000000000e+03
-9.999000000000000000e+03
-9.999000000000000000e+03
-9.999000000000000000e+03
-9.999000000000000000e+03
-9.999000000000000000e+03
-9.999000000000000000e+03
-9.999000000000000000e+03
-9.999000000000000000e+03
-9.999000000000000000e+03
-9.999000000000000000e+03
-9.999000000000000000e+03
-9.999000000000000000e+03
3.272258490324020386e-02
6.708174943923950195e-02
7.085648179054260254e-02
4.411697015166282654e-02
9.984996169805526733e-03
-4.087926074862480164e-02
-6.259121000766754150e-02
-4.058251529932022095e-02
-1.608522795140743256e-02
-1.809495314955711365e-02
-3.251251205801963806e-02
-2.503015287220478058e-02
1.514478400349617004e-02
-9.999000000000000000e+03
-9.999000000000000000e+03
-9.999000000000000000e+03
-9.999000000000000000e+03
-9.999000000000000000e+03
-9.999000000000000000e+03
-9.999000000000000000e+03
-9.999000000000000000e+03
-9.999000000000000000e+03
-9.999000000000000000e+03
-9.999000000000000000e+03
-9.999000000000000000e+03
-9.999000000000000000e+03
-9.999000000000000000e+03
-9.999000000000000000e+03
-9.999000000000000000e+03
-9.999000000000000000e+03
-9.999000000000000000e+03
8.033054322004318237e-02
1.179880723357200623e-01
8.124782145023345947e-02
3.386340662837028503e-02
-2.718877419829368591e-02
-7.000277936458587646e-02
-8.556455373764038086e-02
-5.989615991711616516e-02
-1.748137734830379486e-02
8.299607783555984497e-03
-3.733970224857330322e-03
-1.041599363088607788e-02
-9.999000000000000000e+03
-9.999000000000000000e+03
-9.999000000000000000e+03
-9.999000000000000000e+03
-9.999000000000000000e+03
-9.999000000000000000e+03
-9.999000000000000000e+03
-9.999000000000000000e+03
-9.999000000000000000e+03
-9.999000000000000000e+03
-9.999000000000000000e+03
-9.999000000000000000e+03
-9.999000000000000000e+03
-9.999000000000000000e+03
-9.999000000000000000e+03
-9.999000000000000000e+03
-9.999000000000000000e+03
-9.999000000000000000e+03
-9.999000000000000000e+03
1.103497594594955444e-01
1.165228411555290222e-01
8.344653248786926270e-02
2.820959128439426422e-02
-7.710775732994079590e-02
-8.298315852880477905e-02
-5.845980718731880188e-02
-2.729777805507183075e-02
-1.041658036410808563e-02
1.527033862657845020e-03
-9.999000000000000000e+03
-9.999000000000000000e+03
-9.999000000000000000e+03
-9.999000000000000000e+03
-9.999000000000000000e+03
-9.999000000000000000e+03
-9.999000000000000000e+03
-9.999000000000000000e+03
-9.999000000000000000e+03
-9.999000000000000000e+03
-9.999000000000000000e+03
-9.999000000000000000e+03
-9.999000000000000000e+03
-9.999000000000000000e+03
-9.999000000000000000e+03
-9.999000000000000000e+03
-9.999000000000000000e+03
-9.999000000000000000e+03
-9.999000000000000000e+03
-9.999000000000000000e+03
-9.999000000000000000e+03
1.063560470938682556e-01
9.688431769609451294e-02
5.493120104074478149e-02
-8.744970895349979401e-03
-5.142204463481903076e-02
-5.791002884507179260e-02
-9.999000000000000000e+03
-9.999000000000000000e+03
-9.999000000000000000e+03
-9.999000000000000000e+03
-9.999000000000000000e+03
-9.999000000000000000e+03
-9.999000000000000000e+03
-9.999000000000000000e+03
-9.999000000000000000e+03
-9.999000000000000000e+03
-9.999000000000000000e+03
-9.999000000000000000e+03
-9.999000000000000000e+03
-9.999000000000000000e+03
-9.999000000000000000e+03
-9.999000000000000000e+03
-9.999000000000000000e+03
-9.999000000000000000e+03
-9.999000000000000000e+03
-9.999000000000000000e+03
-9.999000000000000000e+03
-9.999000000000000000e+03
-9.999000000000000000e+03
-9.999000000000000000e+03
-9.999000000000000000e+03
5.792226642370223999e-02
5.231887847185134888e-02
3.989944979548454285e-02
-9.999000000000000000e+03
-9.999000000000000000e+03
-9.999000000000000000e+03
-9.999000000000000000e+03
-9.999000000000000000e+03
-9.999000000000000000e+03
-9.999000000000000000e+03
-9.999000000000000000e+03
-9.999000000000000000e+03
-9.999000000000000000e+03
-9.999000000000000000e+03
-9.999000000000000000e+03
-9.999000000000000000e+03
-9.999000000000000000e+03
-9.999000000000000000e+03
-9.999000000000000000e+03
-9.999000000000000000e+03
-9.999000000000000000e+03
-9.999000000000000000e+03
-9.999000000000000000e+03
-9.999000000000000000e+03
-9.999000000000000000e+03
-9.999000000000000000e+03
-9.999000000000000000e+03
-9.999000000000000000e+03
-9.999000000000000000e+03
-9.999000000000000000e+03
-9.999000000000000000e+03
