0.000000000000000000e+00
0.000000000000000000e+00
0.000000000000000000e+00
0.000000000000000000e+00
0.000000000000000000e+00
0.000000000000000000e+00
0.000000000000000000e+00
0.000000000000000000e+00
-0.000000000000000000e+00
-0.000000000000000000e+00
-0.000000000000000000e+00
-0.000000000000000000e+00
-0.000000000000000000e+00
-0.000000000000000000e+00
-0.000000000000000000e+00
-0.000000000000000000e+00
-0.000000000000000000e+00
-0.000000000000000000e+00
-0.000000000000000000e+00
-0.000000000000000000e+00
-0.000000000000000000e+00
-0.000000000000000000e+00
-0.000000000000000000e+00
0.000000000000000000e+00
0.000000000000000000e+00
0.000000000000000000e+00
0.000000000000000000e+00
0.000000000000000000e+00
0.000000000000000000e+00
0.000000000000000000e+00
0.000000000000000000e+00
3.742410434719667944e-01
3.660629787682201930e-01
3.418862053272423984e-01
3.027673641614346267e-01
2.504161363427689913e-01
1.871205217359834250e-01
1.156468424254512295e-01
3.911884116580786191e-02
-3.911884116580773701e-02
-1.156468424254511879e-01
-1.871205217359833139e-01
-2.504161363427688247e-01
-3.027673641614345712e-01
-3.418862053272423429e-01
-3.660629787682201375e-01
-3.742410434719667944e-01
-3.660629787682201930e-01
-3.418862053272424539e-01
-3.027673641614346267e-01
-2.504161363427690468e-01
-1.871205217359835360e-01
-1.156468424254512573e-01
-3.911884116580807008e-02
3.911884116580760518e-02
1.156468424254511462e-01
1.871205217359831474e-01
2.504161363427687692e-01
3.027673641614345712e-01
3.418862053272422319e-01
3.660629787682201375e-01
3.742410434719667944e-01
7.321259575364402750e-01
7.161272487992091929e-01
6.688303429296547087e-01
5.923023416700113897e-01
4.898878858974180517e-01
3.660629787682202485e-01
2.262393629017911967e-01
7.652800125964356881e-02
-7.652800125964333289e-02
-2.262393629017911134e-01
-3.660629787682200265e-01
-4.898878858974177741e-01
-5.923023416700112787e-01
-6.688303429296545977e-01
-7.161272487992090818e-01
-7.321259575364402750e-01
-7.161272487992091929e-01
-6.688303429296549307e-01
-5.923023416700113897e-01
-4.898878858974181072e-01
-3.660629787682204705e-01
-2.262393629017912522e-01
-7.652800125964398514e-02
7.652800125964306921e-02
2.262393629017910301e-01
3.660629787682196379e-01
4.898878858974176631e-01
5.923023416700112787e-01
6.688303429296544866e-01
7.161272487992090818e-01
7.321259575364402750e-01
1.058013454126451647e+00
1.034893321697875068e+00
9.665433851419782396e-01
8.559508646656383002e-01
7.079491840954627024e-01
5.290067270632259344e-01
3.269441376024124768e-01
1.105925204763401892e-01
-1.105925204763398284e-01
-3.269441376024123658e-01
-5.290067270632256013e-01
-7.079491840954623694e-01
-8.559508646656381892e-01
-9.665433851419781286e-01
-1.034893321697875068e+00
-1.058013454126451647e+00
-1.034893321697875068e+00
-9.665433851419784617e-01
-8.559508646656383002e-01
-7.079491840954628135e-01
-5.290067270632262675e-01
-3.269441376024125323e-01
-1.105925204763407860e-01
1.105925204763394537e-01
3.269441376024121992e-01
5.290067270632251573e-01
7.079491840954621473e-01
8.559508646656381892e-01
9.665433851419777955e-01
1.034893321697875068e+00
1.058013454126451647e+00
1.337660685859309639e+00
1.308429590469220694e+00
1.222013843433858327e+00
1.082190227567429552e+00
8.950697058314461829e-01
6.688303429296550418e-01
4.133598846377746772e-01
1.398236158664292739e-01
-1.398236158664288298e-01
-4.133598846377745106e-01
-6.688303429296545977e-01
-8.950697058314456278e-01
-1.082190227567429330e+00
-1.222013843433858327e+00
-1.308429590469220694e+00
-1.337660685859309639e+00
-1.308429590469220694e+00
-1.222013843433858771e+00
-1.082190227567429552e+00
-8.950697058314462939e-01
-6.688303429296553748e-01
-4.133598846377747882e-01
-1.398236158664300233e-01
1.398236158664283579e-01
4.133598846377743441e-01
6.688303429296539315e-01
8.950697058314455168e-01
1.082190227567429330e+00
1.222013843433857883e+00
1.308429590469220694e+00
1.337660685859309639e+00
1.558845726811989518e+00
1.524781207595293120e+00
1.424076432894671784e+00
1.261132684599666209e+00
1.043071386401621670e+00
7.794228634059949812e-01
4.817098211936715058e-01
1.629437482950059357e-01
-1.629437482950054084e-01
-4.817098211936712837e-01
-7.794228634059944261e-01
-1.043071386401621226e+00
-1.261132684599665987e+00
-1.424076432894671562e+00
-1.524781207595292898e+00
-1.558845726811989518e+00
-1.524781207595293120e+00
-1.424076432894672228e+00
-1.261132684599666209e+00
-1.043071386401621892e+00
-7.794228634059954253e-01
-4.817098211936715613e-01
-1.629437482950068239e-01
1.629437482950048532e-01
4.817098211936711172e-01
7.794228634059936489e-01
1.043071386401621004e+00
1.261132684599665987e+00
1.424076432894671118e+00
1.524781207595292898e+00
1.558845726811989518e+00
1.711901729331276378e+00
1.674492569237440831e+00
1.563900048761100781e+00
1.384957591728864124e+00
1.145485842174215119e+00
8.559508646656384112e-01
5.290067270632259344e-01
1.789424570322371288e-01
-1.789424570322365460e-01
-5.290067270632257124e-01
-8.559508646656378561e-01
-1.145485842174214453e+00
-1.384957591728863902e+00
-1.563900048761100559e+00
-1.674492569237440609e+00
-1.711901729331276378e+00
-1.674492569237440831e+00
-1.563900048761101225e+00
-1.384957591728864124e+00
-1.145485842174215341e+00
-8.559508646656389663e-01
-5.290067270632260454e-01
-1.789424570322380725e-01
1.789424570322359354e-01
5.290067270632254903e-01
8.559508646656370789e-01
1.145485842174214230e+00
1.384957591728863902e+00
1.563900048761100114e+00
1.674492569237440609e+00
1.711901729331276378e+00
1.790139411662891922e+00
1.751020570497084261e+00
1.635373728071632948e+00
1.448253206335649690e+00
1.197837069992880643e+00
8.950697058314461829e-01
5.531835005042037290e-01
1.871205217359837580e-01
-1.871205217359831752e-01
-5.531835005042035069e-01
-8.950697058314456278e-01
-1.197837069992879977e+00
-1.448253206335649468e+00
-1.635373728071632726e+00
-1.751020570497084039e+00
-1.790139411662891922e+00
-1.751020570497084261e+00
-1.635373728071633392e+00
-1.448253206335649690e+00
-1.197837069992880865e+00
-8.950697058314467380e-01
-5.531835005042038400e-01
-1.871205217359847572e-01
1.871205217359825368e-01
5.531835005042032849e-01
8.950697058314447396e-01
1.197837069992879755e+00
1.448253206335649468e+00
1.635373728071632282e+00
1.751020570497084039e+00
1.790139411662891922e+00
1.790139411662892144e+00
1.751020570497084483e+00
1.635373728071633170e+00
1.448253206335649912e+00
1.197837069992880865e+00
8.950697058314462939e-01
5.531835005042037290e-01
1.871205217359837858e-01
-1.871205217359831752e-01
-5.531835005042035069e-01
-8.950697058314457388e-01
-1.197837069992880199e+00
-1.448253206335649690e+00
-1.635373728071632948e+00
-1.751020570497084261e+00
-1.790139411662892144e+00
-1.751020570497084483e+00
-1.635373728071633614e+00
-1.448253206335649912e+00
-1.197837069992881087e+00
-8.950697058314468491e-01
-5.531835005042038400e-01
-1.871205217359847850e-01
1.871205217359825368e-01
5.531835005042032849e-01
8.950697058314448507e-01
1.197837069992879977e+00
1.448253206335649690e+00
1.635373728071632504e+00
1.751020570497084261e+00
1.790139411662892144e+00
1.711901729331276600e+00
1.674492569237441053e+00
1.563900048761101003e+00
1.384957591728864346e+00
1.145485842174215119e+00
8.559508646656385222e-01
5.290067270632259344e-01
1.789424570322371566e-01
-1.789424570322365737e-01
-5.290067270632257124e-01
-8.559508646656379671e-01
-1.145485842174214675e+00
-1.384957591728864124e+00
-1.563900048761100781e+00
-1.674492569237440831e+00
-1.711901729331276600e+00
-1.674492569237441053e+00
-1.563900048761101447e+00
-1.384957591728864346e+00
-1.145485842174215341e+00
-8.559508646656390773e-01
-5.290067270632260454e-01
-1.789424570322381003e-01
1.789424570322359631e-01
5.290067270632254903e-01
8.559508646656371900e-01
1.145485842174214453e+00
1.384957591728864124e+00
1.563900048761100336e+00
1.674492569237440831e+00
1.711901729331276600e+00
1.558845726811989740e+00
1.524781207595293342e+00
1.424076432894672006e+00
1.261132684599666431e+00
1.043071386401621892e+00
7.794228634059950922e-01
4.817098211936715613e-01
1.629437482950059635e-01
-1.629437482950054361e-01
-4.817098211936713392e-01
-7.794228634059945371e-01
-1.043071386401621226e+00
-1.261132684599666209e+00
-1.424076432894671784e+00
-1.524781207595293120e+00
-1.558845726811989740e+00
-1.524781207595293342e+00
-1.424076432894672228e+00
-1.261132684599666431e+00
-1.043071386401622114e+00
-7.794228634059955363e-01
-4.817098211936716168e-01
-1.629437482950068239e-01
1.629437482950048810e-01
4.817098211936711727e-01
7.794228634059937599e-01
1.043071386401621004e+00
1.261132684599666209e+00
1.424076432894671340e+00
1.524781207595293120e+00
1.558845726811989740e+00
1.337660685859310084e+00
1.308429590469221138e+00
1.222013843433858771e+00
1.082190227567429774e+00
8.950697058314464050e-01
6.688303429296551528e-01
4.133598846377747882e-01
1.398236158664293294e-01
-1.398236158664288575e-01
-4.133598846377746217e-01
-6.688303429296548197e-01
-8.950697058314459609e-01
-1.082190227567429774e+00
-1.222013843433858549e+00
-1.308429590469220916e+00
-1.337660685859310084e+00
-1.308429590469221138e+00
-1.222013843433859215e+00
-1.082190227567429774e+00
-8.950697058314466270e-01
-6.688303429296555969e-01
-4.133598846377748992e-01
-1.398236158664300510e-01
1.398236158664283857e-01
4.133598846377744551e-01
6.688303429296541536e-01
8.950697058314457388e-01
1.082190227567429774e+00
1.222013843433858327e+00
1.308429590469220916e+00
1.337660685859310084e+00
1.058013454126451869e+00
1.034893321697875290e+00
9.665433851419783506e-01
8.559508646656385222e-01
7.079491840954628135e-01
5.290067270632260454e-01
3.269441376024125323e-01
1.105925204763402170e-01
-1.105925204763398562e-01
-3.269441376024124213e-01
-5.290067270632257124e-01
-7.079491840954624804e-01
-8.559508646656383002e-01
-9.665433851419782396e-01
-1.034893321697875290e+00
-1.058013454126451869e+00
-1.034893321697875290e+00
-9.665433851419786837e-01
-8.559508646656385222e-01
-7.079491840954629245e-01
-5.290067270632263785e-01
-3.269441376024125878e-01
-1.105925204763407999e-01
1.105925204763394815e-01
3.269441376024122548e-01
5.290067270632252683e-01
7.079491840954623694e-01
8.559508646656383002e-01
9.665433851419780176e-01
1.034893321697875290e+00
1.058013454126451869e+00
7.321259575364408301e-01
7.161272487992096369e-01
6.688303429296551528e-01
5.923023416700117227e-01
4.898878858974183848e-01
3.660629787682204705e-01
2.262393629017913632e-01
7.652800125964362432e-02
-7.652800125964337452e-02
-2.262393629017912799e-01
-3.660629787682202485e-01
-4.898878858974181072e-01
-5.923023416700117227e-01
-6.688303429296550418e-01
-7.161272487992096369e-01
-7.321259575364408301e-01
-7.161272487992096369e-01
-6.688303429296553748e-01
-5.923023416700117227e-01
-4.898878858974184403e-01
-3.660629787682206926e-01
-2.262393629017914187e-01
-7.652800125964404065e-02
7.652800125964312472e-02
2.262393629017911689e-01
3.660629787682199154e-01
4.898878858974179962e-01
5.923023416700117227e-01
6.688303429296549307e-01
7.161272487992096369e-01
7.321259575364408301e-01
3.742410434719675161e-01
3.660629787682209146e-01
3.418862053272430646e-01
3.027673641614352373e-01
2.504161363427694909e-01
1.871205217359838135e-01
1.156468424254514654e-01
3.911884116580793824e-02
-3.911884116580781334e-02
-1.156468424254514238e-01
-1.871205217359837025e-01
-2.504161363427693243e-01
-3.027673641614351818e-01
-3.418862053272430090e-01
-3.660629787682208591e-01
-3.742410434719675161e-01
-3.660629787682209146e-01
-3.418862053272431756e-01
-3.027673641614352373e-01
-2.504161363427695464e-01
-1.871205217359839246e-01
-1.156468424254514932e-01
-3.911884116580814641e-02
3.911884116580768150e-02
1.156468424254513683e-01
1.871205217359835082e-01
2.504161363427692688e-01
3.027673641614351818e-01
3.418862053272428980e-01
3.660629787682208591e-01
3.742410434719675161e-01
2.204364238465235822e-16
2.156193590998173197e-16
2.013786937039707245e-16
1.783368130710765122e-16
1.475007579520026232e-16
1.102182119232618158e-16
6.811860114781472113e-17
2.304188063289427694e-17
-2.304188063289420299e-17
-6.811860114781468415e-17
-1.102182119232617541e-16
-1.475007579520025246e-16
-1.783368130710764876e-16
-2.013786937039706998e-16
-2.156193590998172951e-16
-2.204364238465235822e-16
-2.156193590998173197e-16
-2.013786937039707738e-16
-1.783368130710765122e-16
-1.475007579520026479e-16
-1.102182119232618897e-16
-6.811860114781473346e-17
-2.304188063289440020e-17
2.304188063289412595e-17
6.811860114781465950e-17
1.102182119232616432e-16
1.475007579520025000e-16
1.783368130710764876e-16
2.013786937039706505e-16
2.156193590998172951e-16
2.204364238465235822e-16
-3.742410434719663503e-01
-3.660629787682197489e-01
-3.418862053272419543e-01
-3.027673641614342381e-01
-2.504161363427686582e-01
-1.871205217359832029e-01
-1.156468424254510907e-01
-3.911884116580781334e-02
3.911884116580768844e-02
1.156468424254510491e-01
1.871205217359830919e-01
2.504161363427685472e-01
3.027673641614342381e-01
3.418862053272418988e-01
3.660629787682196934e-01
3.742410434719663503e-01
3.660629787682197489e-01
3.418862053272420654e-01
3.027673641614342381e-01
2.504161363427687137e-01
1.871205217359833139e-01
1.156468424254511185e-01
3.911884116580802151e-02
-3.911884116580755660e-02
-1.156468424254510075e-01
-1.871205217359828976e-01
-2.504161363427684917e-01
-3.027673641614342381e-01
-3.418862053272418433e-01
-3.660629787682196934e-01
-3.742410434719663503e-01
-7.321259575364397199e-01
-7.161272487992086377e-01
-6.688303429296541536e-01
-5.923023416700108346e-01
-4.898878858974176076e-01
-3.660629787682199154e-01
-2.262393629017910301e-01
-7.652800125964351330e-02
7.652800125964326350e-02
2.262393629017909191e-01
3.660629787682196934e-01
4.898878858974173856e-01
5.923023416700108346e-01
6.688303429296540425e-01
7.161272487992085267e-01
7.321259575364397199e-01
7.161272487992086377e-01
6.688303429296543756e-01
5.923023416700108346e-01
4.898878858974177186e-01
3.660629787682201375e-01
2.262393629017910579e-01
7.652800125964391575e-02
-7.652800125964299982e-02
-2.262393629017908359e-01
-3.660629787682193603e-01
-4.898878858974172745e-01
-5.923023416700108346e-01
-6.688303429296539315e-01
-7.161272487992085267e-01
-7.321259575364397199e-01
-1.058013454126451425e+00
-1.034893321697874846e+00
-9.665433851419780176e-01
-8.559508646656381892e-01
-7.079491840954625914e-01
-5.290067270632258234e-01
-3.269441376024124213e-01
-1.105925204763401754e-01
1.105925204763398145e-01
3.269441376024122548e-01
5.290067270632254903e-01
7.079491840954621473e-01
8.559508646656379671e-01
9.665433851419779065e-01
1.034893321697874846e+00
1.058013454126451425e+00
1.034893321697874846e+00
9.665433851419782396e-01
8.559508646656381892e-01
7.079491840954627024e-01
5.290067270632261565e-01
3.269441376024124768e-01
1.105925204763407582e-01
-1.105925204763394398e-01
-3.269441376024121437e-01
-5.290067270632250462e-01
-7.079491840954620363e-01
-8.559508646656379671e-01
-9.665433851419776845e-01
-1.034893321697874846e+00
-1.058013454126451425e+00
-1.337660685859309195e+00
-1.308429590469220249e+00
-1.222013843433858105e+00
-1.082190227567429108e+00
-8.950697058314458499e-01
-6.688303429296548197e-01
-4.133598846377745661e-01
-1.398236158664292461e-01
1.398236158664287743e-01
4.133598846377743996e-01
6.688303429296543756e-01
8.950697058314454058e-01
1.082190227567429108e+00
1.222013843433857883e+00
1.308429590469220249e+00
1.337660685859309195e+00
1.308429590469220249e+00
1.222013843433858327e+00
1.082190227567429108e+00
8.950697058314460719e-01
6.688303429296552638e-01
4.133598846377746217e-01
1.398236158664299678e-01
-1.398236158664283024e-01
-4.133598846377742331e-01
-6.688303429296537095e-01
-8.950697058314451837e-01
-1.082190227567429108e+00
-1.222013843433857661e+00
-1.308429590469220249e+00
-1.337660685859309195e+00
-1.558845726811989074e+00
-1.524781207595292676e+00
-1.424076432894671340e+00
-1.261132684599665987e+00
-1.043071386401621448e+00
-7.794228634059947591e-01
-4.817098211936713392e-01
-1.629437482950059080e-01
1.629437482950053806e-01
4.817098211936711727e-01
7.794228634059943150e-01
1.043071386401620781e+00
1.261132684599665765e+00
1.424076432894671118e+00
1.524781207595292454e+00
1.558845726811989074e+00
1.524781207595292676e+00
1.424076432894671784e+00
1.261132684599665987e+00
1.043071386401621670e+00
7.794228634059952032e-01
4.817098211936714502e-01
1.629437482950067684e-01
-1.629437482950048255e-01
-4.817098211936709506e-01
-7.794228634059935379e-01
-1.043071386401620781e+00
-1.261132684599665765e+00
-1.424076432894670896e+00
-1.524781207595292454e+00
-1.558845726811989074e+00
-1.711901729331276378e+00
-1.674492569237440831e+00
-1.563900048761100781e+00
-1.384957591728864124e+00
-1.145485842174215119e+00
-8.559508646656384112e-01
-5.290067270632259344e-01
-1.789424570322371288e-01
1.789424570322365460e-01
5.290067270632257124e-01
8.559508646656378561e-01
1.145485842174214453e+00
1.384957591728863902e+00
1.563900048761100559e+00
1.674492569237440609e+00
1.711901729331276378e+00
1.674492569237440831e+00
1.563900048761101225e+00
1.384957591728864124e+00
1.145485842174215341e+00
8.559508646656389663e-01
5.290067270632260454e-01
1.789424570322380725e-01
-1.789424570322359354e-01
-5.290067270632254903e-01
-8.559508646656370789e-01
-1.145485842174214230e+00
-1.384957591728863902e+00
-1.563900048761100114e+00
-1.674492569237440609e+00
-1.711901729331276378e+00
-1.790139411662891922e+00
-1.751020570497084261e+00
-1.635373728071632948e+00
-1.448253206335649690e+00
-1.197837069992880643e+00
-8.950697058314461829e-01
-5.531835005042037290e-01
-1.871205217359837580e-01
1.871205217359831752e-01
5.531835005042035069e-01
8.950697058314456278e-01
1.197837069992879977e+00
1.448253206335649468e+00
1.635373728071632726e+00
1.751020570497084039e+00
1.790139411662891922e+00
1.751020570497084261e+00
1.635373728071633392e+00
1.448253206335649690e+00
1.197837069992880865e+00
8.950697058314467380e-01
5.531835005042038400e-01
1.871205217359847572e-01
-1.871205217359825368e-01
-5.531835005042032849e-01
-8.950697058314447396e-01
-1.197837069992879755e+00
-1.448253206335649468e+00
-1.635373728071632282e+00
-1.751020570497084039e+00
-1.790139411662891922e+00
-1.790139411662892144e+00
-1.751020570497084483e+00
-1.635373728071633170e+00
-1.448253206335649912e+00
-1.197837069992880865e+00
-8.950697058314462939e-01
-5.531835005042037290e-01
-1.871205217359837858e-01
1.871205217359831752e-01
5.531835005042035069e-01
8.950697058314457388e-01
1.197837069992880199e+00
1.448253206335649690e+00
1.635373728071632948e+00
1.751020570497084261e+00
1.790139411662892144e+00
1.751020570497084483e+00
1.635373728071633614e+00
1.448253206335649912e+00
1.197837069992881087e+00
8.950697058314468491e-01
5.531835005042038400e-01
1.871205217359847850e-01
-1.871205217359825368e-01
-5.531835005042032849e-01
-8.950697058314448507e-01
-1.197837069992879977e+00
-1.448253206335649690e+00
-1.635373728071632504e+00
-1.751020570497084261e+00
-1.790139411662892144e+00
-1.711901729331276600e+00
-1.674492569237441053e+00
-1.563900048761101003e+00
-1.384957591728864346e+00
-1.145485842174215119e+00
-8.559508646656385222e-01
-5.290067270632259344e-01
-1.789424570322371566e-01
1.789424570322365737e-01
5.290067270632257124e-01
8.559508646656379671e-01
1.145485842174214675e+00
1.384957591728864124e+00
1.563900048761100781e+00
1.674492569237440831e+00
1.711901729331276600e+00
1.674492569237441053e+00
1.563900048761101447e+00
1.384957591728864346e+00
1.145485842174215341e+00
8.559508646656390773e-01
5.290067270632260454e-01
1.789424570322381003e-01
-1.789424570322359631e-01
-5.290067270632254903e-01
-8.559508646656371900e-01
-1.145485842174214453e+00
-1.384957591728864124e+00
-1.563900048761100336e+00
-1.674492569237440831e+00
-1.711901729331276600e+00
-1.558845726811990406e+00
-1.524781207595293786e+00
-1.424076432894672450e+00
-1.261132684599666876e+00
-1.043071386401622336e+00
-7.794228634059953142e-01
-4.817098211936717278e-01
-1.629437482950060190e-01
1.629437482950054916e-01
4.817098211936715613e-01
7.794228634059948702e-01
1.043071386401621670e+00
1.261132684599666653e+00
1.424076432894672228e+00
1.524781207595293786e+00
1.558845726811990406e+00
1.524781207595293786e+00
1.424076432894672894e+00
1.261132684599666876e+00
1.043071386401622336e+00
7.794228634059958694e-01
4.817098211936718388e-01
1.629437482950069072e-01
-1.629437482950049365e-01
-4.817098211936713392e-01
-7.794228634059940930e-01
-1.043071386401621448e+00
-1.261132684599666653e+00
-1.424076432894672006e+00
-1.524781207595293786e+00
-1.558845726811990406e+00
-1.337660685859310306e+00
-1.308429590469221360e+00
-1.222013843433858993e+00
-1.082190227567429996e+00
-8.950697058314465160e-01
-6.688303429296552638e-01
-4.133598846377748437e-01
-1.398236158664293294e-01
1.398236158664288853e-01
4.133598846377747327e-01
6.688303429296549307e-01
8.950697058314460719e-01
1.082190227567429774e+00
1.222013843433858771e+00
1.308429590469221138e+00
1.337660685859310306e+00
1.308429590469221360e+00
1.222013843433859215e+00
1.082190227567429996e+00
8.950697058314467380e-01
6.688303429296557079e-01
4.133598846377749547e-01
1.398236158664300788e-01
-1.398236158664284134e-01
-4.133598846377745661e-01
-6.688303429296542646e-01
-8.950697058314458499e-01
-1.082190227567429774e+00
-1.222013843433858549e+00
-1.308429590469221138e+00
-1.337660685859310306e+00
-1.058013454126452091e+00
-1.034893321697875512e+00
-9.665433851419785727e-01
-8.559508646656386333e-01
-7.079491840954630355e-01
-5.290067270632261565e-01
-3.269441376024125878e-01
-1.105925204763402309e-01
1.105925204763398700e-01
3.269441376024124768e-01
5.290067270632258234e-01
7.079491840954625914e-01
8.559508646656385222e-01
9.665433851419784617e-01
1.034893321697875290e+00
1.058013454126452091e+00
1.034893321697875512e+00
9.665433851419787947e-01
8.559508646656386333e-01
7.079491840954631465e-01
5.290067270632264895e-01
3.269441376024126433e-01
1.105925204763408276e-01
-1.105925204763394953e-01
-3.269441376024123103e-01
-5.290067270632252683e-01
-7.079491840954624804e-01
-8.559508646656385222e-01
-9.665433851419781286e-01
-1.034893321697875290e+00
-1.058013454126452091e+00
-7.321259575364418293e-01
-7.161272487992106361e-01
-6.688303429296560410e-01
-5.923023416700126109e-01
-4.898878858974190509e-01
-3.660629787682209701e-01
-2.262393629017916685e-01
-7.652800125964373534e-02
7.652800125964348554e-02
2.262393629017915853e-01
3.660629787682207481e-01
4.898878858974187733e-01
5.923023416700124999e-01
6.688303429296560410e-01
7.161272487992105251e-01
7.321259575364418293e-01
7.161272487992106361e-01
6.688303429296562630e-01
5.923023416700126109e-01
4.898878858974191064e-01
3.660629787682211922e-01
2.262393629017917240e-01
7.652800125964413780e-02
-7.652800125964322187e-02
-2.262393629017915020e-01
-3.660629787682204150e-01
-4.898878858974186623e-01
-5.923023416700124999e-01
-6.688303429296558189e-01
-7.161272487992105251e-01
-7.321259575364418293e-01
-3.742410434719677936e-01
-3.660629787682211367e-01
-3.418862053272432866e-01
-3.027673641614354039e-01
-2.504161363427696574e-01
-1.871205217359839246e-01
-1.156468424254515348e-01
-3.911884116580796600e-02
3.911884116580784110e-02
1.156468424254514932e-01
1.871205217359838135e-01
2.504161363427694909e-01
3.027673641614354039e-01
3.418862053272432311e-01
3.660629787682211367e-01
3.742410434719677936e-01
3.660629787682211367e-01
3.418862053272433976e-01
3.027673641614354039e-01
2.504161363427697129e-01
1.871205217359840356e-01
1.156468424254515626e-01
3.911884116580817417e-02
-3.911884116580770926e-02
-1.156468424254514515e-01
-1.871205217359836470e-01
-2.504161363427694353e-01
-3.027673641614354039e-01
-3.418862053272431756e-01
-3.660629787682211367e-01
-3.742410434719677936e-01
-4.408728476930471644e-16
-4.312387181996346394e-16
-4.027573874079414489e-16
-3.566736261421530245e-16
-2.950015159040052465e-16
-2.204364238465236315e-16
-1.362372022956294423e-16
-4.608376126578855389e-17
4.608376126578840598e-17
1.362372022956293683e-16
2.204364238465235083e-16
2.950015159040050492e-16
3.566736261421529752e-16
4.027573874079413996e-16
4.312387181996345901e-16
4.408728476930471644e-16
4.312387181996346394e-16
4.027573874079415476e-16
3.566736261421530245e-16
2.950015159040052958e-16
2.204364238465237794e-16
1.362372022956294669e-16
4.608376126578880041e-17
-4.608376126578825190e-17
-1.362372022956293190e-16
-2.204364238465232864e-16
-2.950015159040049999e-16
-3.566736261421529752e-16
-4.027573874079413010e-16
-4.312387181996345901e-16
-4.408728476930471644e-16
