1.003496944904327393e-01
1.019731014966964722e-01
9.015401452779769897e-02
8.262361586093902588e-02
1.003351956605911255e-01
8.026808500289916992e-02
6.653487682342529297e-02
6.172455474734306335e-02
4.741947725415229797e-02
4.531468451023101807e-02
-1.255914848297834396e-02
-9.999000000000000000e+03
-9.999000000000000000e+03
-9.999000000000000000e+03
-9.999000000000000000e+03
-9.999000000000000000e+03
-9.999000000000000000e+03
-9.999000000000000000e+03
-9.999000000000000000e+03
-9.999000000000000000e+03
-9.999000000000000000e+03
-9.999000000000000000e+03
-9.999000000000000000e+03
2.288698218762874603e-02
6.728731840848922729e-02
8.597176522016525269e-02
1.246162503957748413e-01
1.700687110424041748e-01
1.861102581024169922e-01
1.965798288583755493e-01
1.927192211151123047e-01
4.651260003447532654e-02
4.368220642209053040e-02
3.053630329668521881e-02
2.212510630488395691e-02
3.650568053126335144e-02
1.301861554384231567e-02
4.715734685305505991e-04
8.788632228970527649e-03
5.493467673659324646e-03
2.269487455487251282e-02
3.552058711647987366e-02
3.502079844474792480e-02
-9.999000000000000000e+03
-9.999000000000000000e+03
-9.999000000000000000e+03
-9.999000000000000000e+03
-9.999000000000000000e+03
-9.999000000000000000e+03
-9.999000000000000000e+03
-9.999000000000000000e+03
-9.999000000000000000e+03
6.872569769620895386e-02
9.155968576669692993e-02
8.431652933359146118e-02
1.220275685191154480e-01
1.229829564690589905e-01
1.402588784694671631e-01
1.562840640544891357e-01
1.632587909698486328e-01
1.788181513547897339e-01
1.914009153842926025e-01
6.497968453913927078e-03
-7.891540415585041046e-03
-3.073881007730960846e-02
-4.403339326381683350e-02
-3.243741020560264587e-02
-4.335859417915344238e-02
-4.415615275502204895e-02
-3.126693516969680786e-02
-3.070841170847415924e-02
-5.052756052464246750e-03
2.835790440440177917e-02
3.827243670821189880e-02
-9.999000000000000000e+03
-9.999000000000000000e+03
-9.999000000000000000e+03
-9.999000000000000000e+03
-9.999000000000000000e+03
-9.999000000000000000e+03
-9.999000000000000000e+03
1.038114950060844421e-01
1.049717292189598083e-01
1.290408372879028320e-01
1.257630735635757446e-01
1.227445155382156372e-01
1.134668588638305664e-01
1.001710519194602966e-01
1.106566935777664185e-01
1.059422567486763000e-01
1.199012324213981628e-01
1.552777886390686035e-01
1.802941560745239258e-01
-3.409559279680252075e-02
-4.561357572674751282e-02
-6.560815125703811646e-02
-8.503877371549606323e-02
-8.442538976669311523e-02
-8.511617034673690796e-02
-8.163131773471832275e-02
-6.912990659475326538e-02
-6.013516336679458618e-02
-3.202688694000244141e-02
-2.976917894557118416e-03
4.387804865837097168e-02
6.314965337514877319e-02
-9.999000000000000000e+03
-9.999000000000000000e+03
-9.999000000000000000e+03
6.886202841997146606e-02
1.069595068693161011e-01
1.442656815052032471e-01
1.414675116539001465e-01
1.241541802883148193e-01
1.092676073312759399e-01
7.350550591945648193e-02
7.175646722316741943e-02
4.165625199675559998e-02
-1.780123915523290634e-03
2.433217316865921021e-02
2.782407961785793304e-02
6.077946722507476807e-02
1.052949056029319763e-01
1.353066563606262207e-01
-6.740692257881164551e-02
-7.717218250036239624e-02
-9.830693900585174561e-02
-1.110976487398147583e-01
-1.101940348744392395e-01
-1.037021949887275696e-01
-9.589004516601562500e-02
-8.765850216150283813e-02
-7.314266264438629150e-02
-5.132050439715385437e-02
-1.467564515769481659e-02
2.531974017620086670e-02
6.308106333017349243e-02
6.032228097319602966e-02
6.731505692005157471e-02
8.208470046520233154e-02
9.205050021409988403e-02
9.031387418508529663e-02
9.485219419002532959e-02
6.293515115976333618e-02
4.832020774483680725e-02
5.965230986475944519e-03
-6.488637626171112061e-02
-5.485022440552711487e-02
-8.206166326999664307e-02
-8.181058615446090698e-02
-4.970974102616310120e-02
-2.178244851529598236e-02
2.875906974077224731e-02
7.985582947731018066e-02
1.110644042491912842e-01
-8.519364893436431885e-02
-9.047992527484893799e-02
-1.021513938903808594e-01
-1.145878285169601440e-01
-1.172059476375579834e-01
-1.067008674144744873e-01
-9.590720385313034058e-02
-8.335293829441070557e-02
-7.158420234918594360e-02
-5.378826707601547241e-02
-1.534216571599245071e-02
3.809703141450881958e-02
5.710526928305625916e-02
6.319959461688995361e-02
5.608642846345901489e-02
5.588640272617340088e-02
4.133256524801254272e-02
3.443000372499227524e-03
-2.745300345122814178e-02
-9.159457683563232422e-02
-1.130234897136688232e-01
-1.248643472790718079e-01
-1.530526876449584961e-01
-1.332692503929138184e-01
-1.172373145818710327e-01
-9.045666456222534180e-02
-6.252178549766540527e-02
-2.934697642922401428e-02
9.948126040399074554e-03
4.930412396788597107e-02
7.522825151681900024e-02
-9.546216577291488647e-02
-9.900181740522384644e-02
-1.116442084312438965e-01
-1.197130233049392700e-01
-1.171355023980140686e-01
-1.087781637907028198e-01
-9.814407676458358765e-02
-8.338075876235961914e-02
-7.118251919746398926e-02
-3.559031337499618530e-02
9.501882828772068024e-03
4.692235216498374939e-02
5.978167057037353516e-02
5.089816451072692871e-02
9.050265885889530182e-03
-1.147649250924587250e-02
-4.327382892370223999e-02
-8.126030117273330688e-02
-1.064490899443626404e-01
-1.626932471990585327e-01
-1.836840361356735229e-01
-1.905373632907867432e-01
-1.738243550062179565e-01
-1.528189629316329956e-01
-1.299733370542526245e-01
-1.123209521174430847e-01
-7.553032040596008301e-02
-4.371906444430351257e-02
-1.357333175837993622e-02
2.725885249674320221e-02
4.497135058045387268e-02
-8.181640505790710449e-02
-9.247083216905593872e-02
-1.174123734235763550e-01
-1.299508064985275269e-01
-1.115362867712974548e-01
-9.655504673719406128e-02
-9.115512669086456299e-02
-8.714398741722106934e-02
-6.810752302408218384e-02
-1.985241658985614777e-02
2.526249364018440247e-02
3.704410418868064880e-02
2.381332777440547943e-02
-3.175856079906225204e-03
-4.480184614658355713e-02
-6.681570410728454590e-02
-1.055720522999763489e-01
-1.415413171052932739e-01
-1.658570021390914917e-01
-1.834130436182022095e-01
-1.842912137508392334e-01
-1.802385151386260986e-01
-1.677689105272293091e-01
-1.593995094299316406e-01
-1.635423302650451660e-01
-1.652649641036987305e-01
-1.176007986068725586e-01
-8.715461939573287964e-02
-5.637659132480621338e-02
-1.294838264584541321e-02
-2.510135527700185776e-03
-6.998144835233688354e-02
-8.448174595832824707e-02
-1.078975871205329895e-01
-1.129416227340698242e-01
-1.045853644609451294e-01
-7.721006125211715698e-02
-7.395131886005401611e-02
-6.436016410589218140e-02
-3.732954338192939758e-02
-5.635166540741920471e-03
1.307991333305835724e-02
9.130758233368396759e-03
-3.620725125074386597e-02
-8.249726891517639160e-02
-1.120731681585311890e-01
-1.218584254384040833e-01
-1.427475810050964355e-01
-1.530735343694686890e-01
-1.669262349605560303e-01
-1.692582964897155762e-01
-1.559407413005828857e-01
-1.513592153787612915e-01
-1.220532134175300598e-01
-1.296822875738143921e-01
-1.064850166440010071e-01
-1.373197138309478760e-01
-1.233186870813369751e-01
-1.167700514197349548e-01
-9.836530685424804688e-02
-7.250686734914779663e-02
-7.533162832260131836e-02
-8.054860681295394897e-02
-7.713869214057922363e-02
-8.318437635898590088e-02
-7.564120739698410034e-02
-7.876468449831008911e-02
-6.438235938549041748e-02
-4.510973393917083740e-02
-4.490495473146438599e-02
-2.685057558119297028e-02
-2.661869162693619728e-03
-1.024638582020998001e-02
-5.559738725423812866e-02
-9.532476216554641724e-02
-1.187509596347808838e-01
-1.319548785686492920e-01
-1.353070139884948730e-01
-1.412618458271026611e-01
-1.018895581364631653e-01
-1.329613029956817627e-01
-1.173374727368354797e-01
-1.085200533270835876e-01
-9.999000000000000000e+03
-9.999000000000000000e+03
-9.999000000000000000e+03
-9.999000000000000000e+03
-9.999000000000000000e+03
-9.999000000000000000e+03
-1.222607046365737915e-01
-1.181417629122734070e-01
-1.177179142832756042e-01
-1.368276476860046387e-01
-1.024360880255699158e-01
-8.047242462635040283e-02
-6.492128223180770874e-02
-5.331031233072280884e-02
-5.653954297304153442e-02
-3.922250121831893921e-02
-2.722002938389778137e-02
-2.590542472898960114e-02
-1.783167198300361633e-02
-1.382857654243707657e-02
-2.785881236195564270e-02
-9.151160717010498047e-02
-1.164958029985427856e-01
-1.226187273859977722e-01
-1.145052239298820496e-01
-1.008514836430549622e-01
-8.641615509986877441e-02
-9.999000000000000000e+03
-9.999000000000000000e+03
-9.999000000000000000e+03
-9.999000000000000000e+03
-9.999000000000000000e+03
-9.999000000000000000e+03
-9.999000000000000000e+03
-9.999000000000000000e+03
-9.999000000000000000e+03
-9.999000000000000000e+03
-8.745515346527099609e-02
-1.281822919845581055e-01
-1.529605239629745483e-01
-1.721892356872558594e-01
-1.299817711114883423e-01
-9.842871129512786865e-02
-7.245060056447982788e-02
-6.019833683967590332e-02
-4.869370535016059875e-02
-4.011294990777969360e-02
-3.460993990302085876e-02
-2.111108042299747467e-02
-8.272442966699600220e-03
-4.222738742828369141e-02
-7.239162176847457886e-02
-9.770151972770690918e-02
-1.027596369385719299e-01
-1.037149205803871155e-01
-5.868560820817947388e-02
-6.099521368741989136e-02
-9.999000000000000000e+03
-9.999000000000000000e+03
-9.999000000000000000e+03
-9.999000000000000000e+03
-9.999000000000000000e+03
-9.999000000000000000e+03
-9.999000000000000000e+03
-9.999000000000000000e+03
-9.999000000000000000e+03
-9.999000000000000000e+03
-9.999000000000000000e+03
-9.999000000000000000e+03
-9.181961417198181152e-02
-1.597564816474914551e-01
-1.959713697433471680e-01
-1.449636369943618774e-01
-1.187871843576431274e-01
-9.293703734874725342e-02
-8.161077648401260376e-02
-6.455439329147338867e-02
-4.705743491649627686e-02
-3.572528064250946045e-02
-3.126484155654907227e-02
-3.925591334700584412e-02
-6.878834962844848633e-02
-8.817418664693832397e-02
-7.899855077266693115e-02
-5.987853929400444031e-02
-6.896965950727462769e-02
-9.999000000000000000e+03
-9.999000000000000000e+03
-9.999000000000000000e+03
-9.999000000000000000e+03
-9.999000000000000000e+03
-9.999000000000000000e+03
-9.999000000000000000e+03
-9.999000000000000000e+03
-9.999000000000000000e+03
-9.999000000000000000e+03
-9.999000000000000000e+03
-9.999000000000000000e+03
-9.999000000000000000e+03
-9.999000000000000000e+03
-9.999000000000000000e+03
-1.345378756523132324e-01
-1.750196069478988647e-01
-9.999000000000000000e+03
-8.211474120616912842e-02
-1.095024123787879944e-01
-1.085396781563758850e-01
-9.352295845746994019e-02
-7.948771119117736816e-02
-7.876508682966232300e-02
-7.941838353872299194e-02
-9.707029163837432861e-02
-9.063656628131866455e-02
-8.027905225753784180e-02
-6.012588739395141602e-02
-4.397443681955337524e-02
-9.999000000000000000e+03
-9.999000000000000000e+03
-9.999000000000000000e+03
-9.999000000000000000e+03
-9.999000000000000000e+03
-9.999000000000000000e+03
-9.999000000000000000e+03
-9.999000000000000000e+03
-9.999000000000000000e+03
-9.999000000000000000e+03
-9.999000000000000000e+03
-9.999000000000000000e+03
-9.999000000000000000e+03
-9.999000000000000000e+03
-9.999000000000000000e+03
-9.999000000000000000e+03
-9.702538698911666870e-02
-1.321281194686889648e-01
-9.999000000000000000e+03
-9.999000000000000000e+03
-9.804037958383560181e-02
-1.231173351407051086e-01
-1.176342219114303589e-01
-1.078739464282989502e-01
-1.123782023787498474e-01
-1.121156141161918640e-01
-1.021669432520866394e-01
-6.050906330347061157e-02
-4.832643643021583557e-02
-2.281068637967109680e-02
-9.999000000000000000e+03
-9.999000000000000000e+03
-9.999000000000000000e+03
-9.999000000000000000e+03
-9.999000000000000000e+03
-9.999000000000000000e+03
-9.999000000000000000e+03
-9.999000000000000000e+03
-9.999000000000000000e+03
-9.999000000000000000e+03
-9.999000000000000000e+03
-9.999000000000000000e+03
-9.999000000000000000e+03
-9.999000000000000000e+03
-9.999000000000000000e+03
-9.999000000000000000e+03
-9.999000000000000000e+03
-5.046337842941284180e-02
-8.355735242366790771e-02
-9.999000000000000000e+03
-9.999000000000000000e+03
-6.094105169177055359e-02
-8.741962909698486328e-02
-1.035397648811340332e-01
-1.038429364562034607e-01
-9.042294323444366455e-02
-7.411047816276550293e-02
-5.150131508708000183e-02
-3.050958551466464996e-02
-1.907119154930114746e-02
-2.121650800108909607e-02
-9.999000000000000000e+03
-9.999000000000000000e+03
-9.999000000000000000e+03
-9.999000000000000000e+03
-9.999000000000000000e+03
-9.999000000000000000e+03
-9.999000000000000000e+03
-9.999000000000000000e+03
-9.999000000000000000e+03
-9.999000000000000000e+03
-9.999000000000000000e+03
-9.999000000000000000e+03
-9.999000000000000000e+03
-9.999000000000000000e+03
-9.999000000000000000e+03
-9.999000000000000000e+03
-9.999000000000000000e+03
-9.999000000000000000e+03
-9.999000000000000000e+03
-9.999000000000000000e+03
-9.999000000000000000e+03
-1.839104481041431427e-02
-3.589583560824394226e-02
-5.431111901998519897e-02
-5.784778296947479248e-02
-4.176933690905570984e-02
-3.710125759243965149e-02
-2.159584313631057739e-02
-6.329356878995895386e-02
-5.646701157093048096e-02
-5.010097846388816833e-02
-9.999000000000000000e+03
-9.999000000000000000e+03
-9.999000000000000000e+03
-9.999000000000000000e+03
-9.999000000000000000e+03
-9.999000000000000000e+03
-9.999000000000000000e+03
-9.999000000000000000e+03
-9.999000000000000000e+03
-9.999000000000000000e+03
-9.999000000000000000e+03
-9.999000000000000000e+03
-9.999000000000000000e+03
-9.999000000000000000e+03
-9.999000000000000000e+03
-9.999000000000000000e+03
-9.999000000000000000e+03
-9.999000000000000000e+03
-9.999000000000000000e+03
-9.999000000000000000e+03
-9.999000000000000000e+03
-9.999000000000000000e+03
-1.357337459921836853e-02
-3.644726797938346863e-02
-2.834429219365119934e-02
5.871611181646585464e-03
2.351734321564435959e-03
-1.612018048763275146e-02
-2.399218082427978516e-02
-6.222567334771156311e-02
-9.999000000000000000e+03
-9.999000000000000000e+03
-9.999000000000000000e+03
-9.999000000000000000e+03
-9.999000000000000000e+03
-9.999000000000000000e+03
-9.999000000000000000e+03
-9.999000000000000000e+03
-9.999000000000000000e+03
-9.999000000000000000e+03
-9.999000000000000000e+03
-9.999000000000000000e+03
-9.999000000000000000e+03
-9.999000000000000000e+03
-9.999000000000000000e+03
-9.999000000000000000e+03
-9.999000000000000000e+03
-9.999000000000000000e+03
-9.999000000000000000e+03
-9.999000000000000000e+03
-9.999000000000000000e+03
-9.999000000000000000e+03
-9.999000000000000000e+03
-2.275606989860534668e-02
-4.698412120342254639e-02
-3.620936349034309387e-02
4.604643254424445331e-05
4.058147594332695007e-02
8.022506721317768097e-03
1.200124323368072510e-01
1.491239368915557861e-01
9.812437742948532104e-02
-9.999000000000000000e+03
-9.999000000000000000e+03
-9.999000000000000000e+03
-9.999000000000000000e+03
-9.999000000000000000e+03
-9.999000000000000000e+03
-9.999000000000000000e+03
-9.999000000000000000e+03
-9.999000000000000000e+03
-9.999000000000000000e+03
-9.999000000000000000e+03
-9.999000000000000000e+03
-9.999000000000000000e+03
-9.999000000000000000e+03
-9.999000000000000000e+03
-9.999000000000000000e+03
-9.999000000000000000e+03
-9.999000000000000000e+03
-9.999000000000000000e+03
-9.999000000000000000e+03
-9.999000000000000000e+03
-9.999000000000000000e+03
-9.999000000000000000e+03
-4.220455512404441833e-02
-4.697169736027717590e-02
-2.279327064752578735e-02
2.026269398629665375e-02
6.965167820453643799e-02
7.552203536033630371e-02
1.810810267925262451e-01
1.826243996620178223e-01
-9.999000000000000000e+03
-9.999000000000000000e+03
-9.999000000000000000e+03
-9.999000000000000000e+03
-9.999000000000000000e+03
-9.999000000000000000e+03
-9.999000000000000000e+03
-9.999000000000000000e+03
-9.999000000000000000e+03
-9.999000000000000000e+03
-9.999000000000000000e+03
-9.999000000000000000e+03
-9.999000000000000000e+03
-9.999000000000000000e+03
-9.999000000000000000e+03
-9.999000000000000000e+03
-9.999000000000000000e+03
-9.999000000000000000e+03
-9.999000000000000000e+03
-9.999000000000000000e+03
-9.999000000000000000e+03
-9.999000000000000000e+03
-9.999000000000000000e+03
-5.106158927083015442e-02
-6.252816319465637207e-02
-6.585567444562911987e-02
-1.125382110476493835e-01
-1.173329949378967285e-01
-1.328007429838180542e-01
-5.844060331583023071e-02
4.773764312267303467e-02
7.471853494644165039e-02
-9.999000000000000000e+03
-9.999000000000000000e+03
-9.999000000000000000e+03
-9.999000000000000000e+03
-9.999000000000000000e+03
-9.999000000000000000e+03
-9.999000000000000000e+03
-9.999000000000000000e+03
-9.999000000000000000e+03
-9.999000000000000000e+03
-9.999000000000000000e+03
-9.999000000000000000e+03
-9.999000000000000000e+03
-9.999000000000000000e+03
-9.999000000000000000e+03
-9.999000000000000000e+03
-9.999000000000000000e+03
-9.999000000000000000e+03
-9.999000000000000000e+03
-9.999000000000000000e+03
-9.999000000000000000e+03
-9.999000000000000000e+03
-4.948371648788452148e-02
-1.071586012840270996e-01
-1.394016444683074951e-01
-1.500030606985092163e-01
-1.572966575622558594e-01
-1.433288305997848511e-01
-1.276645213365554810e-01
-1.071633249521255493e-01
-3.872575983405113220e-02
2.845056727528572083e-02
3.090846724808216095e-02
2.373879216611385345e-02
1.574440300464630127e-02
-9.999000000000000000e+03
-9.999000000000000000e+03
-9.999000000000000000e+03
-9.999000000000000000e+03
-9.999000000000000000e+03
-9.999000000000000000e+03
-9.999000000000000000e+03
-9.999000000000000000e+03
-9.999000000000000000e+03
-9.999000000000000000e+03
-9.999000000000000000e+03
-9.999000000000000000e+03
-9.999000000000000000e+03
-9.999000000000000000e+03
-9.999000000000000000e+03
-9.999000000000000000e+03
-9.999000000000000000e+03
-5.395171046257019043e-02
-6.366570293903350830e-02
-8.875322341918945312e-02
-1.152195110917091370e-01
-1.199702546000480652e-01
-1.177321821451187134e-01
-1.010023653507232666e-01
-8.590700477361679077e-02
-7.168532162904739380e-02
-2.519233152270317078e-02
6.139328703284263611e-03
3.720741951838135719e-03
6.924441084265708923e-03
1.246624253690242767e-02
-9.999000000000000000e+03
-9.999000000000000000e+03
-9.999000000000000000e+03
-9.999000000000000000e+03
-9.999000000000000000e+03
-9.999000000000000000e+03
-9.999000000000000000e+03
-9.999000000000000000e+03
-9.999000000000000000e+03
-9.999000000000000000e+03
-9.999000000000000000e+03
-9.999000000000000000e+03
-9.999000000000000000e+03
-9.999000000000000000e+03
-9.999000000000000000e+03
-3.408754989504814148e-02
-4.755349457263946533e-02
-8.502790331840515137e-02
-1.065384000539779663e-01
-1.013286262750625610e-01
-9.597013145685195923e-02
-8.329004794359207153e-02
-7.866959273815155029e-02
-6.791496276855468750e-02
-6.054461747407913208e-02
-4.299196600914001465e-02
-2.754151821136474609e-02
-1.207960583269596100e-02
-3.023583814501762390e-02
-9.999000000000000000e+03
-9.999000000000000000e+03
-9.999000000000000000e+03
-9.999000000000000000e+03
-9.999000000000000000e+03
-9.999000000000000000e+03
-9.999000000000000000e+03
-9.999000000000000000e+03
-9.999000000000000000e+03
-9.999000000000000000e+03
-9.999000000000000000e+03
-9.999000000000000000e+03
-9.999000000000000000e+03
-9.999000000000000000e+03
-9.999000000000000000e+03
-9.999000000000000000e+03
-1.966288499534130096e-02
-4.192775860428810120e-02
-7.542815804481506348e-02
-1.105651855468750000e-01
-1.270633339881896973e-01
-1.133905276656150818e-01
-9.282785654067993164e-02
-6.799051910638809204e-02
-5.544644221663475037e-02
-5.142739787697792053e-02
-6.272706389427185059e-02
-7.693379372358322144e-02
-9.769878536462783813e-02
-5.805779993534088135e-02
-9.999000000000000000e+03
-9.999000000000000000e+03
-9.999000000000000000e+03
-9.999000000000000000e+03
-9.999000000000000000e+03
-9.999000000000000000e+03
-9.999000000000000000e+03
-9.999000000000000000e+03
-9.999000000000000000e+03
-9.999000000000000000e+03
-9.999000000000000000e+03
-9.999000000000000000e+03
-9.999000000000000000e+03
-9.999000000000000000e+03
-9.999000000000000000e+03
-9.999000000000000000e+03
-9.999000000000000000e+03
-2.926717512309551239e-02
-6.337254494428634644e-02
-1.070146635174751282e-01
-1.229619905352592468e-01
-1.141784340143203735e-01
-1.106084734201431274e-01
-9.649446606636047363e-02
-7.194297015666961670e-02
-4.143038764595985413e-02
-4.899348132312297821e-03
-6.459594238549470901e-03
-2.580183558166027069e-02
-2.990866266191005707e-02
-6.180052459239959717e-02
-9.999000000000000000e+03
-9.999000000000000000e+03
-9.999000000000000000e+03
-9.999000000000000000e+03
-9.999000000000000000e+03
-9.999000000000000000e+03
-9.999000000000000000e+03
-9.999000000000000000e+03
-9.999000000000000000e+03
-9.999000000000000000e+03
-9.999000000000000000e+03
-9.999000000000000000e+03
-9.999000000000000000e+03
-9.999000000000000000e+03
-9.999000000000000000e+03
-9.999000000000000000e+03
-9.999000000000000000e+03
-6.070964410901069641e-02
-8.883847296237945557e-02
-1.009498760104179382e-01
-9.969870001077651978e-02
-8.996756374835968018e-02
-9.411515295505523682e-02
-7.944143563508987427e-02
-4.809166118502616882e-02
-2.421863749623298645e-02
5.516194272786378860e-03
1.719867624342441559e-02
3.179734945297241211e-02
1.726056821644306183e-02
-9.999000000000000000e+03
-9.999000000000000000e+03
-9.999000000000000000e+03
-9.999000000000000000e+03
-9.999000000000000000e+03
-9.999000000000000000e+03
-9.999000000000000000e+03
-9.999000000000000000e+03
-9.999000000000000000e+03
-9.999000000000000000e+03
-9.999000000000000000e+03
-9.999000000000000000e+03
-9.999000000000000000e+03
-9.999000000000000000e+03
-9.999000000000000000e+03
-9.999000000000000000e+03
-9.999000000000000000e+03
-9.999000000000000000e+03
-5.380302295088768005e-02
-6.468003243207931519e-02
-4.797841235995292664e-02
-4.726503416895866394e-02
-3.659382462501525879e-02
-4.415265098214149475e-02
-3.642484918236732483e-02
-7.712906226515769958e-03
-1.213840325362980366e-03
1.143577415496110916e-02
1.349216047674417496e-02
9.400388225913047791e-03
-9.999000000000000000e+03
-9.999000000000000000e+03
-9.999000000000000000e+03
-9.999000000000000000e+03
-9.999000000000000000e+03
-9.999000000000000000e+03
-9.999000000000000000e+03
-9.999000000000000000e+03
-9.999000000000000000e+03
-9.999000000000000000e+03
-9.999000000000000000e+03
-9.999000000000000000e+03
-9.999000000000000000e+03
-9.999000000000000000e+03
-9.999000000000000000e+03
-9.999000000000000000e+03
-9.999000000000000000e+03
-9.999000000000000000e+03
-9.999000000000000000e+03
-3.958699852228164673e-02
-2.399995550513267517e-02
-6.312462035566568375e-03
6.994583643972873688e-03
3.547101095318794250e-02
2.130091004073619843e-02
2.142464742064476013e-02
1.722856797277927399e-02
1.613111793994903564e-02
1.233131997287273407e-02
-9.999000000000000000e+03
-9.999000000000000000e+03
-9.999000000000000000e+03
-9.999000000000000000e+03
-9.999000000000000000e+03
-9.999000000000000000e+03
-9.999000000000000000e+03
-9.999000000000000000e+03
-9.999000000000000000e+03
-9.999000000000000000e+03
-9.999000000000000000e+03
-9.999000000000000000e+03
-9.999000000000000000e+03
-9.999000000000000000e+03
-9.999000000000000000e+03
-9.999000000000000000e+03
-9.999000000000000000e+03
-9.999000000000000000e+03
-9.999000000000000000e+03
-9.999000000000000000e+03
-9.999000000000000000e+03
-3.272346407175064087e-02
1.198312453925609589e-02
4.879489913582801819e-02
6.457865238189697266e-02
6.642895191907882690e-02
3.465018793940544128e-02
-9.999000000000000000e+03
-9.999000000000000000e+03
-9.999000000000000000e+03
-9.999000000000000000e+03
-9.999000000000000000e+03
-9.999000000000000000e+03
-9.999000000000000000e+03
-9.999000000000000000e+03
-9.999000000000000000e+03
-9.999000000000000000e+03
-9.999000000000000000e+03
-9.999000000000000000e+03
-9.999000000000000000e+03
-9.999000000000000000e+03
-9.999000000000000000e+03
-9.999000000000000000e+03
-9.999000000000000000e+03
-9.999000000000000000e+03
-9.999000000000000000e+03
-9.999000000000000000e+03
-9.999000000000000000e+03
-9.999000000000000000e+03
-9.999000000000000000e+03
-9.999000000000000000e+03
-9.999000000000000000e+03
-3.459192067384719849e-02
-5.579489283263683319e-03
5.438420549035072327e-02
-9.999000000000000000e+03
-9.999000000000000000e+03
-9.999000000000000000e+03
-9.999000000000000000e+03
-9.999000000000000000e+03
-9.999000000000000000e+03
-9.999000000000000000e+03
-9.999000000000000000e+03
-9.999000000000000000e+03
-9.999000000000000000e+03
-9.999000000000000000e+03
-9.999000000000000000e+03
-9.999000000000000000e+03
-9.999000000000000000e+03
-9.999000000000000000e+03
-9.999000000000000000e+03
-9.999000000000000000e+03
-9.999000000000000000e+03
-9.999000000000000000e+03
-9.999000000000000000e+03
-9.999000000000000000e+03
-9.999000000000000000e+03
-9.999000000000000000e+03
-9.999000000000000000e+03
-9.999000000000000000e+03
-9.999000000000000000e+03
-9.999000000000000000e+03
-9.999000000000000000e+03
