-1.478894650936126709e-01
-9.306933730840682983e-02
-3.065399639308452606e-02
7.177040446549654007e-03
5.338376760482788086e-02
1.032945066690444946e-01
1.657711863517761230e-01
2.171087116003036499e-01
2.574454247951507568e-01
2.793828845024108887e-01
2.557604014873504639e-01
-9.999000000000000000e+03
-9.999000000000000000e+03
-9.999000000000000000e+03
-9.999000000000000000e+03
-9.999000000000000000e+03
-9.999000000000000000e+03
-9.999000000000000000e+03
-9.999000000000000000e+03
-9.999000000000000000e+03
-9.999000000000000000e+03
-9.999000000000000000e+03
-9.999000000000000000e+03
2.278910204768180847e-02
-6.392732728272676468e-03
4.946970380842685699e-03
1.915480382740497589e-02
9.073744527995586395e-03
1.544394064694643021e-02
2.035038731992244720e-02
2.810700982809066772e-02
-1.344267427921295166e-01
-8.749597519636154175e-02
-3.751563280820846558e-02
-1.132700592279434204e-03
5.001469328999519348e-02
1.037482246756553650e-01
1.758909076452255249e-01
2.289705127477645874e-01
2.628519833087921143e-01
2.861621677875518799e-01
2.780866026878356934e-01
1.546561866998672485e-01
-9.999000000000000000e+03
-9.999000000000000000e+03
-9.999000000000000000e+03
-9.999000000000000000e+03
-9.999000000000000000e+03
-9.999000000000000000e+03
-9.999000000000000000e+03
-9.999000000000000000e+03
-9.999000000000000000e+03
-1.157519500702619553e-02
-1.554731745272874832e-03
9.933078661561012268e-03
-1.638869009912014008e-02
-1.098151691257953644e-02
-2.139450050890445709e-02
-1.925849728286266327e-02
-1.131598930805921555e-02
3.383223200216889381e-03
1.999280229210853577e-02
-1.282846629619598389e-01
-7.090836763381958008e-02
-2.462660148739814758e-02
1.370498444885015488e-02
5.724593251943588257e-02
1.108927428722381592e-01
1.715891510248184204e-01
2.288927286863327026e-01
2.653336822986602783e-01
2.828313708305358887e-01
2.611023187637329102e-01
1.776058226823806763e-01
-9.999000000000000000e+03
-9.999000000000000000e+03
-9.999000000000000000e+03
-9.999000000000000000e+03
-9.999000000000000000e+03
-9.999000000000000000e+03
-9.999000000000000000e+03
-4.230174794793128967e-02
-3.021154925227165222e-02
-1.567966677248477936e-02
-1.593931764364242554e-02
-1.199520751833915710e-02
-4.496060311794281006e-03
-6.998318713158369064e-03
-2.092133648693561554e-02
-2.516216784715652466e-02
-1.938575319945812225e-02
-1.622693496756255627e-03
9.977588430047035217e-03
-9.506865590810775757e-02
-5.647887289524078369e-02
-1.852678135037422180e-02
2.545494213700294495e-02
7.807432860136032104e-02
1.372497528791427612e-01
1.793418973684310913e-01
2.215104401111602783e-01
2.463032007217407227e-01
2.688952982425689697e-01
2.736172080039978027e-01
2.066043466329574585e-01
1.130154356360435486e-01
-9.999000000000000000e+03
-9.999000000000000000e+03
-9.999000000000000000e+03
-4.359034821391105652e-02
-6.470836699008941650e-02
-6.882265210151672363e-02
-3.899502381682395935e-02
-1.937725767493247986e-02
-8.947247639298439026e-03
1.767139066942036152e-03
5.602781311608850956e-04
1.065394002944231033e-02
-3.974654711782932281e-03
-1.868866384029388428e-02
-3.213860467076301575e-02
-3.607928380370140076e-02
-2.330693975090980530e-02
-1.283214893192052841e-02
-7.171533256769180298e-02
-3.698631003499031067e-02
7.062624208629131317e-03
4.818013682961463928e-02
9.180166572332382202e-02
1.320762485265731812e-01
1.634834408760070801e-01
1.964074373245239258e-01
2.111437469720840454e-01
2.155158966779708862e-01
2.080320119857788086e-01
1.572275310754776001e-01
9.568578749895095825e-02
4.496671631932258606e-02
-2.339216321706771851e-02
-5.929401144385337830e-02
-7.219156622886657715e-02
-6.537614762783050537e-02
-5.085641518235206604e-02
-2.071661315858364105e-02
5.844690836966037750e-03
2.011537365615367889e-02
4.118303582072257996e-02
1.607644185423851013e-02
-2.945385174825787544e-03
-2.943764440715312958e-02
-4.300208389759063721e-02
-5.618300288915634155e-02
-6.450606137514114380e-02
-4.782257229089736938e-02
-3.492368012666702271e-02
-5.668867751955986023e-02
-3.052421472966670990e-02
2.029009629040956497e-03
5.375859886407852173e-02
1.018399745225906372e-01
1.323029249906539917e-01
1.439859122037887573e-01
1.618080735206604004e-01
1.670959591865539551e-01
1.711825281381607056e-01
1.471606343984603882e-01
8.762375265359878540e-02
4.539958015084266663e-02
-5.835068877786397934e-03
-4.436299949884414673e-02
-6.148156896233558655e-02
-5.723117291927337646e-02
-2.720754407346248627e-02
-6.064811721444129944e-03
3.505729883909225464e-02
5.126586183905601501e-02
5.217515304684638977e-02
3.911235556006431580e-02
5.156666506081819534e-03
-3.410318493843078613e-02
-7.308928668498992920e-02
-8.229825645685195923e-02
-1.016806364059448242e-01
-1.112071126699447632e-01
-9.366168081760406494e-02
-7.958032935857772827e-02
-3.736748918890953064e-02
-5.411047022789716721e-03
2.631319873034954071e-02
6.049427390098571777e-02
9.203864634037017822e-02
1.174279004335403442e-01
1.223917454481124878e-01
1.317856758832931519e-01
1.313116252422332764e-01
1.080456301569938660e-01
8.337616920471191406e-02
4.118821024894714355e-02
1.360690873116254807e-02
-3.144930675625801086e-02
-3.119449689984321594e-02
-2.573488280177116394e-02
-2.459038980305194855e-03
2.405573241412639618e-02
3.444543853402137756e-02
6.506113708019256592e-02
6.297602504491806030e-02
4.251232743263244629e-02
4.669215995818376541e-03
-2.685999311506748199e-02
-6.828586012125015259e-02
-1.039956659078598022e-01
-1.309057474136352539e-01
-1.684836149215698242e-01
-1.774335950613021851e-01
-1.456637680530548096e-01
-1.278649419546127319e-01
-3.235910460352897644e-02
2.617347985506057739e-03
4.008179530501365662e-02
5.811690166592597961e-02
8.114513754844665527e-02
9.977118670940399170e-02
1.080246865749359131e-01
1.074114590883255005e-01
9.219251573085784912e-02
5.562875792384147644e-02
3.058373369276523590e-02
5.498475860804319382e-03
4.141814075410366058e-03
3.980837645940482616e-04
1.200495380908250809e-02
1.984052173793315887e-02
4.764628410339355469e-02
6.421749293804168701e-02
6.746348738670349121e-02
6.691008061170578003e-02
5.768105387687683105e-02
4.141297936439514160e-02
1.467681769281625748e-02
-3.731274604797363281e-02
-1.049576401710510254e-01
-1.408279091119766235e-01
-1.851667463779449463e-01
-2.162905931472778320e-01
-2.230421900749206543e-01
-1.931316703557968140e-01
-1.592409759759902954e-01
-6.332219578325748444e-03
8.654363453388214111e-03
2.734640799462795258e-02
4.142155870795249939e-02
6.655640155076980591e-02
9.499403089284896851e-02
1.025100201368331909e-01
8.174084126949310303e-02
5.135779082775115967e-02
1.825253665447235107e-02
7.042190060019493103e-03
7.180564105510711670e-03
3.072458691895008087e-02
4.349770769476890564e-02
6.595935672521591187e-02
6.644059717655181885e-02
7.370987534523010254e-02
7.343629747629165649e-02
6.842112541198730469e-02
6.713218241930007935e-02
5.162719264626502991e-02
3.625097125768661499e-02
1.478606183081865311e-02
-2.068551257252693176e-02
-6.006778776645660400e-02
-1.400994807481765747e-01
-2.127185612916946411e-01
-2.674949467182159424e-01
-2.631151974201202393e-01
-2.211227267980575562e-01
-1.743625253438949585e-01
-6.621317472308874130e-03
8.175006136298179626e-03
2.040839940309524536e-02
4.103488102555274963e-02
7.495676726102828979e-02
9.244623035192489624e-02
9.193527698516845703e-02
7.853903621435165405e-02
4.145632311701774597e-02
8.666832000017166138e-03
1.670476607978343964e-02
5.208817124366760254e-02
7.380057871341705322e-02
8.223862200975418091e-02
9.709332138299942017e-02
9.386911243200302124e-02
8.390582352876663208e-02
5.459608137607574463e-02
4.584728926420211792e-02
2.932596206665039062e-02
3.841917589306831360e-02
-9.999000000000000000e+03
-9.999000000000000000e+03
-9.999000000000000000e+03
-9.999000000000000000e+03
-9.999000000000000000e+03
-9.999000000000000000e+03
-2.159529328346252441e-01
-2.824792861938476562e-01
-2.507290542125701904e-01
-1.934535354375839233e-01
-1.237004343420267105e-02
5.064122844487428665e-03
2.435220219194889069e-02
4.670761153101921082e-02
8.273674547672271729e-02
8.795271813869476318e-02
8.008739352226257324e-02
6.233338639140129089e-02
3.514405339956283569e-02
3.172732889652252197e-02
4.725297912955284119e-02
9.890598058700561523e-02
1.047297716140747070e-01
1.132825538516044617e-01
1.139644756913185120e-01
1.013462841510772705e-01
1.083884835243225098e-01
-9.999000000000000000e+03
-9.999000000000000000e+03
-9.999000000000000000e+03
-9.999000000000000000e+03
-9.999000000000000000e+03
-9.999000000000000000e+03
-9.999000000000000000e+03
-9.999000000000000000e+03
-9.999000000000000000e+03
-9.999000000000000000e+03
-1.768692135810852051e-01
-2.431884557008743286e-01
-2.538894116878509521e-01
-2.031922489404678345e-01
-3.580037876963615417e-02
-2.818484976887702942e-02
1.035465300083160400e-02
3.965694084763526917e-02
6.382859498262405396e-02
7.038710266351699829e-02
7.087986916303634644e-02
5.001568421721458435e-02
3.219826146960258484e-02
8.293172717094421387e-02
1.005646735429763794e-01
1.117211654782295227e-01
1.172771453857421875e-01
1.218232437968254089e-01
7.169013470411300659e-02
7.230238616466522217e-02
-9.999000000000000000e+03
-9.999000000000000000e+03
-9.999000000000000000e+03
-9.999000000000000000e+03
-9.999000000000000000e+03
-9.999000000000000000e+03
-9.999000000000000000e+03
-9.999000000000000000e+03
-9.999000000000000000e+03
-9.999000000000000000e+03
-9.999000000000000000e+03
-9.999000000000000000e+03
-1.484220176935195923e-01
-2.008801251649856567e-01
-1.443649977445602417e-01
-8.921469748020172119e-02
-8.903044462203979492e-02
-5.232346802949905396e-02
-1.604580879211425781e-02
2.680151164531707764e-02
5.770710855722427368e-02
4.811569303274154663e-02
5.328356847167015076e-02
7.132524251937866211e-02
1.107687577605247498e-01
1.177574694156646729e-01
1.012616232037544250e-01
9.391360729932785034e-02
1.115551888942718506e-01
-9.999000000000000000e+03
-9.999000000000000000e+03
-9.999000000000000000e+03
-9.999000000000000000e+03
-9.999000000000000000e+03
-9.999000000000000000e+03
-9.999000000000000000e+03
-9.999000000000000000e+03
-9.999000000000000000e+03
-9.999000000000000000e+03
-9.999000000000000000e+03
-9.999000000000000000e+03
-9.999000000000000000e+03
-9.999000000000000000e+03
-9.999000000000000000e+03
-1.464617997407913208e-01
-1.168697252869606018e-01
-9.999000000000000000e+03
-9.444375336170196533e-02
-9.276695549488067627e-02
-5.044486746191978455e-02
-1.774932374246418476e-03
3.302925080060958862e-02
3.897122666239738464e-02
8.253145217895507812e-02
1.222442612051963806e-01
1.169287264347076416e-01
1.000745892524719238e-01
8.031888306140899658e-02
6.518864631652832031e-02
-9.999000000000000000e+03
-9.999000000000000000e+03
-9.999000000000000000e+03
-9.999000000000000000e+03
-9.999000000000000000e+03
-9.999000000000000000e+03
-9.999000000000000000e+03
-9.999000000000000000e+03
-9.999000000000000000e+03
-9.999000000000000000e+03
-9.999000000000000000e+03
-9.999000000000000000e+03
-9.999000000000000000e+03
-9.999000000000000000e+03
-9.999000000000000000e+03
-9.999000000000000000e+03
-7.693035900592803955e-02
-5.753108486533164978e-02
-9.999000000000000000e+03
-9.999000000000000000e+03
-1.022102385759353638e-01
-5.494765564799308777e-02
-7.886800915002822876e-03
2.948839031159877777e-02
7.089708000421524048e-02
1.032003536820411682e-01
1.221257075667381287e-01
1.019524410367012024e-01
6.351891160011291504e-02
1.198345329612493515e-02
-9.999000000000000000e+03
-9.999000000000000000e+03
-9.999000000000000000e+03
-9.999000000000000000e+03
-9.999000000000000000e+03
-9.999000000000000000e+03
-9.999000000000000000e+03
-9.999000000000000000e+03
-9.999000000000000000e+03
-9.999000000000000000e+03
-9.999000000000000000e+03
-9.999000000000000000e+03
-9.999000000000000000e+03
-9.999000000000000000e+03
-9.999000000000000000e+03
-9.999000000000000000e+03
-9.999000000000000000e+03
-3.830038011074066162e-02
-2.883141487836837769e-02
-9.999000000000000000e+03
-9.999000000000000000e+03
-5.700942501425743103e-02
-4.065893217921257019e-02
-5.418601911514997482e-03
3.851074352860450745e-02
9.906591475009918213e-02
1.023912578821182251e-01
9.687165915966033936e-02
7.801291346549987793e-02
4.651080816984176636e-02
1.303730159997940063e-02
-9.999000000000000000e+03
-9.999000000000000000e+03
-9.999000000000000000e+03
-9.999000000000000000e+03
-9.999000000000000000e+03
-9.999000000000000000e+03
-9.999000000000000000e+03
-9.999000000000000000e+03
-9.999000000000000000e+03
-9.999000000000000000e+03
-9.999000000000000000e+03
-9.999000000000000000e+03
-9.999000000000000000e+03
-9.999000000000000000e+03
-9.999000000000000000e+03
-9.999000000000000000e+03
-9.999000000000000000e+03
-9.999000000000000000e+03
-9.999000000000000000e+03
-9.999000000000000000e+03
-9.999000000000000000e+03
-2.583869360387325287e-02
-1.756347715854644775e-02
3.798962803557515144e-03
5.565363168716430664e-02
8.675378561019897461e-02
9.098792076110839844e-02
8.578757196664810181e-02
7.996437698602676392e-02
4.658167436718940735e-02
2.336159162223339081e-02
-9.999000000000000000e+03
-9.999000000000000000e+03
-9.999000000000000000e+03
-9.999000000000000000e+03
-9.999000000000000000e+03
-9.999000000000000000e+03
-9.999000000000000000e+03
-9.999000000000000000e+03
-9.999000000000000000e+03
-9.999000000000000000e+03
-9.999000000000000000e+03
-9.999000000000000000e+03
-9.999000000000000000e+03
-9.999000000000000000e+03
-9.999000000000000000e+03
-9.999000000000000000e+03
-9.999000000000000000e+03
-9.999000000000000000e+03
-9.999000000000000000e+03
-9.999000000000000000e+03
-9.999000000000000000e+03
-9.999000000000000000e+03
-1.524081919342279434e-02
-6.239282898604869843e-03
5.120017752051353455e-02
4.626822099089622498e-02
6.043494492769241333e-02
1.000267118215560913e-01
1.190299540758132935e-01
6.287045776844024658e-02
-9.999000000000000000e+03
-9.999000000000000000e+03
-9.999000000000000000e+03
-9.999000000000000000e+03
-9.999000000000000000e+03
-9.999000000000000000e+03
-9.999000000000000000e+03
-9.999000000000000000e+03
-9.999000000000000000e+03
-9.999000000000000000e+03
-9.999000000000000000e+03
-9.999000000000000000e+03
-9.999000000000000000e+03
-9.999000000000000000e+03
-9.999000000000000000e+03
-9.999000000000000000e+03
-9.999000000000000000e+03
-9.999000000000000000e+03
-9.999000000000000000e+03
-9.999000000000000000e+03
-9.999000000000000000e+03
-9.999000000000000000e+03
-9.999000000000000000e+03
-1.582322642207145691e-02
-6.240328773856163025e-03
1.188622135668992996e-02
7.695434149354696274e-03
4.151245951652526855e-02
1.145686805248260498e-01
1.224758550524711609e-01
5.404293909668922424e-02
1.171009149402379990e-02
-9.999000000000000000e+03
-9.999000000000000000e+03
-9.999000000000000000e+03
-9.999000000000000000e+03
-9.999000000000000000e+03
-9.999000000000000000e+03
-9.999000000000000000e+03
-9.999000000000000000e+03
-9.999000000000000000e+03
-9.999000000000000000e+03
-9.999000000000000000e+03
-9.999000000000000000e+03
-9.999000000000000000e+03
-9.999000000000000000e+03
-9.999000000000000000e+03
-9.999000000000000000e+03
-9.999000000000000000e+03
-9.999000000000000000e+03
-9.999000000000000000e+03
-9.999000000000000000e+03
-9.999000000000000000e+03
-9.999000000000000000e+03
-9.999000000000000000e+03
-1.345619279891252518e-02
-6.027674302458763123e-03
-2.949541667476296425e-03
3.886229917407035828e-02
6.775934249162673950e-02
1.227766647934913635e-02
1.570119895040988922e-02
6.821554899215698242e-02
-9.999000000000000000e+03
-9.999000000000000000e+03
-9.999000000000000000e+03
-9.999000000000000000e+03
-9.999000000000000000e+03
-9.999000000000000000e+03
-9.999000000000000000e+03
-9.999000000000000000e+03
-9.999000000000000000e+03
-9.999000000000000000e+03
-9.999000000000000000e+03
-9.999000000000000000e+03
-9.999000000000000000e+03
-9.999000000000000000e+03
-9.999000000000000000e+03
-9.999000000000000000e+03
-9.999000000000000000e+03
-9.999000000000000000e+03
-9.999000000000000000e+03
-9.999000000000000000e+03
-9.999000000000000000e+03
-9.999000000000000000e+03
-9.999000000000000000e+03
-1.315636001527309418e-02
-2.304749190807342529e-02
-1.151382178068161011e-02
-1.368791889399290085e-02
-5.498119071125984192e-02
-1.263856291770935059e-01
-9.250449389219284058e-02
-4.288550408091396093e-04
4.817919060587882996e-02
-9.999000000000000000e+03
-9.999000000000000000e+03
-9.999000000000000000e+03
-9.999000000000000000e+03
-9.999000000000000000e+03
-9.999000000000000000e+03
-9.999000000000000000e+03
-9.999000000000000000e+03
-9.999000000000000000e+03
-9.999000000000000000e+03
-9.999000000000000000e+03
-9.999000000000000000e+03
-9.999000000000000000e+03
-9.999000000000000000e+03
-9.999000000000000000e+03
-9.999000000000000000e+03
-9.999000000000000000e+03
-9.999000000000000000e+03
-9.999000000000000000e+03
-9.999000000000000000e+03
-9.999000000000000000e+03
-9.999000000000000000e+03
3.155506402254104614e-02
7.096479181200265884e-03
-1.523632206954061985e-03
-3.051885031163692474e-02
-6.860173493623733521e-02
-1.407366693019866943e-01
-1.255199760198593140e-01
-2.304719761013984680e-02
8.396057039499282837e-02
5.532768368721008301e-02
1.766658574342727661e-02
3.323658183217048645e-02
5.220047384500503540e-02
-9.999000000000000000e+03
-9.999000000000000000e+03
-9.999000000000000000e+03
-9.999000000000000000e+03
-9.999000000000000000e+03
-9.999000000000000000e+03
-9.999000000000000000e+03
-9.999000000000000000e+03
-9.999000000000000000e+03
-9.999000000000000000e+03
-9.999000000000000000e+03
-9.999000000000000000e+03
-9.999000000000000000e+03
-9.999000000000000000e+03
-9.999000000000000000e+03
-9.999000000000000000e+03
-9.999000000000000000e+03
2.341306395828723907e-02
2.997419983148574829e-02
2.886641025543212891e-02
2.924222266301512718e-03
-3.712971135973930359e-02
-7.834833860397338867e-02
-9.409341216087341309e-02
-8.442598581314086914e-02
-3.689366579055786133e-02
3.124479390680789948e-02
5.450215190649032593e-02
6.947894394397735596e-02
5.599265173077583313e-02
5.992127954959869385e-02
-9.999000000000000000e+03
-9.999000000000000000e+03
-9.999000000000000000e+03
-9.999000000000000000e+03
-9.999000000000000000e+03
-9.999000000000000000e+03
-9.999000000000000000e+03
-9.999000000000000000e+03
-9.999000000000000000e+03
-9.999000000000000000e+03
-9.999000000000000000e+03
-9.999000000000000000e+03
-9.999000000000000000e+03
-9.999000000000000000e+03
-9.999000000000000000e+03
2.509384416043758392e-02
1.602208055555820465e-02
-1.635585213080048561e-03
4.800258670002222061e-03
5.075063090771436691e-04
-1.523712184280157089e-02
-3.012762777507305145e-02
-4.329856485128402710e-02
-5.593040212988853455e-02
-5.175024643540382385e-02
-4.375594481825828552e-02
1.471689715981483459e-02
7.990495860576629639e-02
1.041872128844261169e-01
-9.999000000000000000e+03
-9.999000000000000000e+03
-9.999000000000000000e+03
-9.999000000000000000e+03
-9.999000000000000000e+03
-9.999000000000000000e+03
-9.999000000000000000e+03
-9.999000000000000000e+03
-9.999000000000000000e+03
-9.999000000000000000e+03
-9.999000000000000000e+03
-9.999000000000000000e+03
-9.999000000000000000e+03
-9.999000000000000000e+03
-9.999000000000000000e+03
-9.999000000000000000e+03
9.186874143779277802e-03
3.355330973863601685e-02
4.900337010622024536e-02
2.574105560779571533e-02
2.914266660809516907e-03
-2.403368428349494934e-02
-3.578630462288856506e-02
-2.740024775266647339e-02
-2.049213461577892303e-02
-2.112294174730777740e-02
-3.342953324317932129e-02
-4.842659831047058105e-02
9.708918631076812744e-03
1.022224426269531250e-01
-9.999000000000000000e+03
-9.999000000000000000e+03
-9.999000000000000000e+03
-9.999000000000000000e+03
-9.999000000000000000e+03
-9.999000000000000000e+03
-9.999000000000000000e+03
-9.999000000000000000e+03
-9.999000000000000000e+03
-9.999000000000000000e+03
-9.999000000000000000e+03
-9.999000000000000000e+03
-9.999000000000000000e+03
-9.999000000000000000e+03
-9.999000000000000000e+03
-9.999000000000000000e+03
-9.999000000000000000e+03
3.066117502748966217e-02
4.352344572544097900e-02
7.601420581340789795e-02
3.929229080677032471e-02
1.080527552403509617e-03
-2.624999731779098511e-02
-3.483593463897705078e-02
-2.930503152310848236e-02
-9.365779347717761993e-03
-5.407215096056461334e-03
-1.384192332625389099e-02
-3.385788947343826294e-02
-6.910981144756078720e-03
6.354471296072006226e-02
-9.999000000000000000e+03
-9.999000000000000000e+03
-9.999000000000000000e+03
-9.999000000000000000e+03
-9.999000000000000000e+03
-9.999000000000000000e+03
-9.999000000000000000e+03
-9.999000000000000000e+03
-9.999000000000000000e+03
-9.999000000000000000e+03
-9.999000000000000000e+03
-9.999000000000000000e+03
-9.999000000000000000e+03
-9.999000000000000000e+03
-9.999000000000000000e+03
-9.999000000000000000e+03
-9.999000000000000000e+03
6.581355631351470947e-02
9.374468028545379639e-02
8.876356482505798340e-02
5.309863016009330750e-02
1.794511824846267700e-02
-1.652426645159721375e-02
-3.599132969975471497e-02
-2.325621992349624634e-02
-7.349226158112287521e-03
-2.005096292123198509e-03
-1.698306575417518616e-02
-5.289720371365547180e-02
-3.232088685035705566e-02
-9.999000000000000000e+03
-9.999000000000000000e+03
-9.999000000000000000e+03
-9.999000000000000000e+03
-9.999000000000000000e+03
-9.999000000000000000e+03
-9.999000000000000000e+03
-9.999000000000000000e+03
-9.999000000000000000e+03
-9.999000000000000000e+03
-9.999000000000000000e+03
-9.999000000000000000e+03
-9.999000000000000000e+03
-9.999000000000000000e+03
-9.999000000000000000e+03
-9.999000000000000000e+03
-9.999000000000000000e+03
-9.999000000000000000e+03
1.097605898976325989e-01
1.391267925500869751e-01
1.000513359904289246e-01
5.890376493334770203e-02
1.262417063117027283e-02
-2.543605864048004150e-02
-4.129339382052421570e-02
-2.975515834987163544e-02
-6.606848444789648056e-03
8.827637881040573120e-03
-5.820130463689565659e-03
-3.587675839662551880e-02
-9.999000000000000000e+03
-9.999000000000000000e+03
-9.999000000000000000e+03
-9.999000000000000000e+03
-9.999000000000000000e+03
-9.999000000000000000e+03
-9.999000000000000000e+03
-9.999000000000000000e+03
-9.999000000000000000e+03
-9.999000000000000000e+03
-9.999000000000000000e+03
-9.999000000000000000e+03
-9.999000000000000000e+03
-9.999000000000000000e+03
-9.999000000000000000e+03
-9.999000000000000000e+03
-9.999000000000000000e+03
-9.999000000000000000e+03
-9.999000000000000000e+03
1.236339658498764038e-01
1.316712051630020142e-01
1.066060587763786316e-01
6.436678767204284668e-02
-3.223599493503570557e-02
-6.377825886011123657e-02
-4.851846396923065186e-02
-2.445826120674610138e-02
-9.030591696500778198e-03
9.704310214146971703e-04
-9.999000000000000000e+03
-9.999000000000000000e+03
-9.999000000000000000e+03
-9.999000000000000000e+03
-9.999000000000000000e+03
-9.999000000000000000e+03
-9.999000000000000000e+03
-9.999000000000000000e+03
-9.999000000000000000e+03
-9.999000000000000000e+03
-9.999000000000000000e+03
-9.999000000000000000e+03
-9.999000000000000000e+03
-9.999000000000000000e+03
-9.999000000000000000e+03
-9.999000000000000000e+03
-9.999000000000000000e+03
-9.999000000000000000e+03
-9.999000000000000000e+03
-9.999000000000000000e+03
-9.999000000000000000e+03
9.935464709997177124e-02
9.842902421951293945e-02
7.163728028535842896e-02
1.373631972819566727e-02
-4.101557657122612000e-02
-6.273924559354782104e-02
-9.999000000000000000e+03
-9.999000000000000000e+03
-9.999000000000000000e+03
-9.999000000000000000e+03
-9.999000000000000000e+03
-9.999000000000000000e+03
-9.999000000000000000e+03
-9.999000000000000000e+03
-9.999000000000000000e+03
-9.999000000000000000e+03
-9.999000000000000000e+03
-9.999000000000000000e+03
-9.999000000000000000e+03
-9.999000000000000000e+03
-9.999000000000000000e+03
-9.999000000000000000e+03
-9.999000000000000000e+03
-9.999000000000000000e+03
-9.999000000000000000e+03
-9.999000000000000000e+03
-9.999000000000000000e+03
-9.999000000000000000e+03
-9.999000000000000000e+03
-9.999000000000000000e+03
-9.999000000000000000e+03
4.106102511286735535e-02
4.506120458245277405e-02
4.790361598134040833e-02
-9.999000000000000000e+03
-9.999000000000000000e+03
-9.999000000000000000e+03
-9.999000000000000000e+03
-9.999000000000000000e+03
-9.999000000000000000e+03
-9.999000000000000000e+03
-9.999000000000000000e+03
-9.999000000000000000e+03
-9.999000000000000000e+03
-9.999000000000000000e+03
-9.999000000000000000e+03
-9.999000000000000000e+03
-9.999000000000000000e+03
-9.999000000000000000e+03
-9.999000000000000000e+03
-9.999000000000000000e+03
-9.999000000000000000e+03
-9.999000000000000000e+03
-9.999000000000000000e+03
-9.999000000000000000e+03
-9.999000000000000000e+03
-9.999000000000000000e+03
-9.999000000000000000e+03
-9.999000000000000000e+03
-9.999000000000000000e+03
-9.999000000000000000e+03
-9.999000000000000000e+03
