1.470002532005310059e-01
1.542957425117492676e-01
1.361519098281860352e-01
1.192300170660018921e-01
1.316181421279907227e-01
1.191486865282058716e-01
1.077925413846969604e-01
9.330240637063980103e-02
7.072281092405319214e-02
4.720637574791908264e-02
-1.290204189717769623e-02
-9.999000000000000000e+03
-9.999000000000000000e+03
-9.999000000000000000e+03
-9.999000000000000000e+03
-9.999000000000000000e+03
-9.999000000000000000e+03
-9.999000000000000000e+03
-9.999000000000000000e+03
-9.999000000000000000e+03
-9.999000000000000000e+03
-9.999000000000000000e+03
-9.999000000000000000e+03
1.662345789372920990e-02
3.979160264134407043e-02
6.324701756238937378e-02
8.437573909759521484e-02
1.198052465915679932e-01
1.412337869405746460e-01
1.452727317810058594e-01
1.480326652526855469e-01
7.805266976356506348e-02
8.435027301311492920e-02
7.263895869255065918e-02
5.776765570044517517e-02
6.599440425634384155e-02
6.009434536099433899e-02
4.768011346459388733e-02
4.573508352041244507e-02
3.262007981538772583e-02
3.208173438906669617e-02
2.198150940239429474e-02
1.421286724507808685e-02
-9.999000000000000000e+03
-9.999000000000000000e+03
-9.999000000000000000e+03
-9.999000000000000000e+03
-9.999000000000000000e+03
-9.999000000000000000e+03
-9.999000000000000000e+03
-9.999000000000000000e+03
-9.999000000000000000e+03
5.018809065222740173e-02
7.896439731121063232e-02
7.902003079652786255e-02
1.107379421591758728e-01
1.130327582359313965e-01
1.210510209202766418e-01
1.416349112987518311e-01
1.550604403018951416e-01
1.562295705080032349e-01
1.586718410253524780e-01
1.633751578629016876e-02
1.525586657226085663e-02
-3.850422566756606102e-03
-3.075426258146762848e-02
-1.554393302649259567e-02
-2.131151966750621796e-02
-1.264913380146026611e-02
2.536909189075231552e-03
-1.991072203963994980e-03
1.327056623995304108e-02
2.389641292393207550e-02
2.807947620749473572e-02
-9.999000000000000000e+03
-9.999000000000000000e+03
-9.999000000000000000e+03
-9.999000000000000000e+03
-9.999000000000000000e+03
-9.999000000000000000e+03
-9.999000000000000000e+03
8.296222239732742310e-02
8.151604980230331421e-02
1.109432056546211243e-01
1.171521171927452087e-01
1.228320673108100891e-01
1.202441826462745667e-01
1.302810162305831909e-01
1.429960280656814575e-01
1.492084115743637085e-01
1.603080183267593384e-01
1.740506589412689209e-01
1.740547865629196167e-01
-5.059567093849182129e-02
-5.660551413893699646e-02
-7.597282528877258301e-02
-1.030441299080848694e-01
-1.000028625130653381e-01
-1.029130890965461731e-01
-8.788935840129852295e-02
-5.349943786859512329e-02
-3.462740033864974976e-02
-3.399570006877183914e-03
1.732023432850837708e-02
5.355274304747581482e-02
8.028412610292434692e-02
-9.999000000000000000e+03
-9.999000000000000000e+03
-9.999000000000000000e+03
8.231417834758758545e-02
1.089179962873458862e-01
1.191766336560249329e-01
9.852479398250579834e-02
7.676173001527786255e-02
6.769344955682754517e-02
4.751029238104820251e-02
7.688315957784652710e-02
8.517073094844818115e-02
7.863724976778030396e-02
1.232954114675521851e-01
1.345289349555969238e-01
1.480492055416107178e-01
1.589204668998718262e-01
1.557347029447555542e-01
-1.125498712062835693e-01
-1.291879266500473022e-01
-1.474135667085647583e-01
-1.632966250181198120e-01
-1.588899195194244385e-01
-1.508712768554687500e-01
-1.289387494325637817e-01
-9.250017255544662476e-02
-5.827903747558593750e-02
-1.857491210103034973e-02
2.574673853814601898e-02
6.722810864448547363e-02
9.996446222066879272e-02
1.094403043389320374e-01
1.146894171833992004e-01
1.163987517356872559e-01
1.134346425533294678e-01
9.264586865901947021e-02
7.710701972246170044e-02
2.741593867540359497e-02
1.384344184771180153e-03
-4.169160127639770508e-02
-7.014772295951843262e-02
-3.441159427165985107e-02
-1.977021060883998871e-02
7.881165482103824615e-03
5.386795476078987122e-02
9.126135706901550293e-02
1.231293156743049622e-01
1.426151692867279053e-01
1.474232822656631470e-01
-1.458757966756820679e-01
-1.625779271125793457e-01
-1.818937808275222778e-01
-1.918888688087463379e-01
-1.902617961168289185e-01
-1.747662723064422607e-01
-1.470502763986587524e-01
-1.098755747079849243e-01
-7.981370389461517334e-02
-3.102833591401576996e-02
2.474134042859077454e-02
7.983643561601638794e-02
1.030618026852607727e-01
1.100001037120819092e-01
9.826190024614334106e-02
9.415403008460998535e-02
6.308823823928833008e-02
-3.643854288384318352e-03
-4.484970867633819580e-02
-1.046789139509201050e-01
-1.219010278582572937e-01
-1.253716200590133667e-01
-1.379049420356750488e-01
-1.063955649733543396e-01
-7.422192394733428955e-02
-5.107191205024719238e-02
1.090906374156475067e-02
4.557678848505020142e-02
8.274295181035995483e-02
1.178820952773094177e-01
1.253826916217803955e-01
-1.554393917322158813e-01
-1.657246798276901245e-01
-1.834127753973007202e-01
-1.886857748031616211e-01
-1.912259608507156372e-01
-1.828533709049224854e-01
-1.523195207118988037e-01
-1.141100004315376282e-01
-8.050612360239028931e-02
-3.488578647375106812e-02
1.396162528544664383e-02
4.312502220273017883e-02
7.742176949977874756e-02
8.314432203769683838e-02
3.163027018308639526e-02
-2.967761363834142685e-03
-5.827919021248817444e-02
-1.075382307171821594e-01
-1.285464614629745483e-01
-1.685076057910919189e-01
-1.776564270257949829e-01
-1.900866031646728516e-01
-2.057214230298995972e-01
-1.888684183359146118e-01
-1.680727899074554443e-01
-1.452276110649108887e-01
-7.419703155755996704e-02
-3.635697066783905029e-02
5.771826836280524731e-04
5.416220054030418396e-02
6.699364632368087769e-02
-1.528366208076477051e-01
-1.503938436508178711e-01
-1.660501807928085327e-01
-1.674209982156753540e-01
-1.631348878145217896e-01
-1.485027521848678589e-01
-1.283527612686157227e-01
-1.066708415746688843e-01
-7.765411585569381714e-02
-3.779681026935577393e-02
-1.297981943935155869e-03
1.371042989194393158e-02
1.701468229293823242e-02
3.324441378936171532e-03
-4.814237728714942932e-02
-8.297081291675567627e-02
-1.415660679340362549e-01
-1.606289148330688477e-01
-1.695127785205841064e-01
-1.739877462387084961e-01
-1.779028028249740601e-01
-1.968798786401748657e-01
-2.036225646734237671e-01
-2.091965526342391968e-01
-2.256234735250473022e-01
-2.312969118356704712e-01
-1.670788824558258057e-01
-1.256993412971496582e-01
-8.298744261264801025e-02
-2.729019150137901306e-02
-1.806202530860900879e-02
-1.283796727657318115e-01
-1.228851675987243652e-01
-1.314612179994583130e-01
-1.341495662927627563e-01
-1.405794024467468262e-01
-1.210389360785484314e-01
-1.080829873681068420e-01
-8.274659514427185059e-02
-5.362642556428909302e-02
-3.231927752494812012e-02
-1.650054380297660828e-02
-1.555067487061023712e-02
-4.855148866772651672e-02
-9.280604869127273560e-02
-1.432738006114959717e-01
-1.513743549585342407e-01
-1.628270894289016724e-01
-1.547044515609741211e-01
-1.531154662370681763e-01
-1.411336660385131836e-01
-1.197118312120437622e-01
-1.266538947820663452e-01
-1.014995351433753967e-01
-1.259446889162063599e-01
-1.044510006904602051e-01
-1.901667416095733643e-01
-1.850623190402984619e-01
-1.734170615673065186e-01
-1.364355683326721191e-01
-9.625701606273651123e-02
-8.576367795467376709e-02
-1.024638563394546509e-01
-1.015885099768638611e-01
-1.043723076581954956e-01
-1.001772135496139526e-01
-1.119050756096839905e-01
-1.138745173811912537e-01
-9.575738012790679932e-02
-7.558616995811462402e-02
-5.069826543331146240e-02
-5.459748953580856323e-02
-6.727731972932815552e-02
-1.015922203660011292e-01
-1.255016028881072998e-01
-1.477921009063720703e-01
-1.698326319456100464e-01
-1.651445925235748291e-01
-1.522414684295654297e-01
-1.035331115126609802e-01
-1.118767336010932922e-01
-7.910711318254470825e-02
-6.313468515872955322e-02
-9.999000000000000000e+03
-9.999000000000000000e+03
-9.999000000000000000e+03
-9.999000000000000000e+03
-9.999000000000000000e+03
-9.999000000000000000e+03
-2.020554095506668091e-01
-1.723079830408096313e-01
-1.424106061458587646e-01
-1.405518949031829834e-01
-9.140266478061676025e-02
-8.041637390851974487e-02
-7.804524153470993042e-02
-7.201384007930755615e-02
-8.103327453136444092e-02
-8.421507477760314941e-02
-7.071875035762786865e-02
-5.959158763289451599e-02
-6.830438971519470215e-02
-1.003931537270545959e-01
-1.211470663547515869e-01
-1.598727554082870483e-01
-1.633233278989791870e-01
-1.660434305667877197e-01
-1.527303755283355713e-01
-1.284153163433074951e-01
-1.034601256251335144e-01
-9.999000000000000000e+03
-9.999000000000000000e+03
-9.999000000000000000e+03
-9.999000000000000000e+03
-9.999000000000000000e+03
-9.999000000000000000e+03
-9.999000000000000000e+03
-9.999000000000000000e+03
-9.999000000000000000e+03
-9.999000000000000000e+03
-1.065959408879280090e-01
-1.540977954864501953e-01
-1.812008172273635864e-01
-1.831211447715759277e-01
-1.019355803728103638e-01
-8.770471811294555664e-02
-7.442531734704971313e-02
-7.054101675748825073e-02
-6.569235026836395264e-02
-6.836201995611190796e-02
-6.477224081754684448e-02
-5.927257239818572998e-02
-9.525040537118911743e-02
-1.396818608045578003e-01
-1.505926996469497681e-01
-1.517379730939865112e-01
-1.443026214838027954e-01
-1.442107409238815308e-01
-7.839783281087875366e-02
-8.138010650873184204e-02
-9.999000000000000000e+03
-9.999000000000000000e+03
-9.999000000000000000e+03
-9.999000000000000000e+03
-9.999000000000000000e+03
-9.999000000000000000e+03
-9.999000000000000000e+03
-9.999000000000000000e+03
-9.999000000000000000e+03
-9.999000000000000000e+03
-9.999000000000000000e+03
-9.999000000000000000e+03
-8.875813335180282593e-02
-1.771990507841110229e-01
-2.080993503332138062e-01
-1.398294121026992798e-01
-1.151438802480697632e-01
-8.624834567308425903e-02
-6.883908063173294067e-02
-5.626277625560760498e-02
-5.282984301447868347e-02
-4.073061794042587280e-02
-5.801855772733688354e-02
-9.471654891967773438e-02
-1.242433786392211914e-01
-1.337871104478836060e-01
-1.256373524665832520e-01
-8.561738580465316772e-02
-9.222356975078582764e-02
-9.999000000000000000e+03
-9.999000000000000000e+03
-9.999000000000000000e+03
-9.999000000000000000e+03
-9.999000000000000000e+03
-9.999000000000000000e+03
-9.999000000000000000e+03
-9.999000000000000000e+03
-9.999000000000000000e+03
-9.999000000000000000e+03
-9.999000000000000000e+03
-9.999000000000000000e+03
-9.999000000000000000e+03
-9.999000000000000000e+03
-9.999000000000000000e+03
-1.374820768833160400e-01
-1.974540352821350098e-01
-9.999000000000000000e+03
-7.357055693864822388e-02
-8.586347103118896484e-02
-6.341274082660675049e-02
-4.254923015832901001e-02
-3.922209516167640686e-02
-3.720925375819206238e-02
-6.869389116764068604e-02
-9.419517219066619873e-02
-9.373705834150314331e-02
-9.593973308801651001e-02
-7.895176112651824951e-02
-6.402558088302612305e-02
-9.999000000000000000e+03
-9.999000000000000000e+03
-9.999000000000000000e+03
-9.999000000000000000e+03
-9.999000000000000000e+03
-9.999000000000000000e+03
-9.999000000000000000e+03
-9.999000000000000000e+03
-9.999000000000000000e+03
-9.999000000000000000e+03
-9.999000000000000000e+03
-9.999000000000000000e+03
-9.999000000000000000e+03
-9.999000000000000000e+03
-9.999000000000000000e+03
-9.999000000000000000e+03
-8.751782029867172241e-02
-1.462689787149429321e-01
-9.999000000000000000e+03
-9.999000000000000000e+03
-7.086765766143798828e-02
-5.317479372024536133e-02
-3.228173032402992249e-02
-2.831111289560794830e-02
-4.630984365940093994e-02
-7.052260637283325195e-02
-7.604538649320602417e-02
-6.715004891157150269e-02
-6.377465277910232544e-02
-2.508261054754257202e-02
-9.999000000000000000e+03
-9.999000000000000000e+03
-9.999000000000000000e+03
-9.999000000000000000e+03
-9.999000000000000000e+03
-9.999000000000000000e+03
-9.999000000000000000e+03
-9.999000000000000000e+03
-9.999000000000000000e+03
-9.999000000000000000e+03
-9.999000000000000000e+03
-9.999000000000000000e+03
-9.999000000000000000e+03
-9.999000000000000000e+03
-9.999000000000000000e+03
-9.999000000000000000e+03
-9.999000000000000000e+03
-3.240584582090377808e-02
-5.387807264924049377e-02
-9.999000000000000000e+03
-9.999000000000000000e+03
-3.546224161982536316e-02
-3.791622072458267212e-02
-2.844874560832977295e-02
-1.886334083974361420e-02
-2.306523174047470093e-02
-3.337599337100982666e-02
-3.933360800147056580e-02
-2.993901446461677551e-02
-3.381159156560897827e-02
-1.967441849410533905e-02
-9.999000000000000000e+03
-9.999000000000000000e+03
-9.999000000000000000e+03
-9.999000000000000000e+03
-9.999000000000000000e+03
-9.999000000000000000e+03
-9.999000000000000000e+03
-9.999000000000000000e+03
-9.999000000000000000e+03
-9.999000000000000000e+03
-9.999000000000000000e+03
-9.999000000000000000e+03
-9.999000000000000000e+03
-9.999000000000000000e+03
-9.999000000000000000e+03
-9.999000000000000000e+03
-9.999000000000000000e+03
-9.999000000000000000e+03
-9.999000000000000000e+03
-9.999000000000000000e+03
-9.999000000000000000e+03
-1.726661808788776398e-02
-2.339005470275878906e-02
-1.933894120156764984e-02
-9.543000720441341400e-03
6.195073481649160385e-03
8.973699994385242462e-03
2.037589624524116516e-02
1.711997762322425842e-02
-4.128679633140563965e-03
-6.486094556748867035e-03
-9.999000000000000000e+03
-9.999000000000000000e+03
-9.999000000000000000e+03
-9.999000000000000000e+03
-9.999000000000000000e+03
-9.999000000000000000e+03
-9.999000000000000000e+03
-9.999000000000000000e+03
-9.999000000000000000e+03
-9.999000000000000000e+03
-9.999000000000000000e+03
-9.999000000000000000e+03
-9.999000000000000000e+03
-9.999000000000000000e+03
-9.999000000000000000e+03
-9.999000000000000000e+03
-9.999000000000000000e+03
-9.999000000000000000e+03
-9.999000000000000000e+03
-9.999000000000000000e+03
-9.999000000000000000e+03
-9.999000000000000000e+03
-3.218098357319831848e-02
-3.689262643456459045e-02
-1.144295092672109604e-02
5.192325264215469360e-02
5.242166295647621155e-02
4.586002230644226074e-02
6.435010582208633423e-02
4.583176225423812866e-02
-9.999000000000000000e+03
-9.999000000000000000e+03
-9.999000000000000000e+03
-9.999000000000000000e+03
-9.999000000000000000e+03
-9.999000000000000000e+03
-9.999000000000000000e+03
-9.999000000000000000e+03
-9.999000000000000000e+03
-9.999000000000000000e+03
-9.999000000000000000e+03
-9.999000000000000000e+03
-9.999000000000000000e+03
-9.999000000000000000e+03
-9.999000000000000000e+03
-9.999000000000000000e+03
-9.999000000000000000e+03
-9.999000000000000000e+03
-9.999000000000000000e+03
-9.999000000000000000e+03
-9.999000000000000000e+03
-9.999000000000000000e+03
-9.999000000000000000e+03
-3.606981784105300903e-02
-6.233322247862815857e-02
-3.436343371868133545e-02
6.271190475672483444e-03
3.508668020367622375e-02
5.153300240635871887e-02
1.219417378306388855e-01
1.816895306110382080e-01
1.374846100807189941e-01
-9.999000000000000000e+03
-9.999000000000000000e+03
-9.999000000000000000e+03
-9.999000000000000000e+03
-9.999000000000000000e+03
-9.999000000000000000e+03
-9.999000000000000000e+03
-9.999000000000000000e+03
-9.999000000000000000e+03
-9.999000000000000000e+03
-9.999000000000000000e+03
-9.999000000000000000e+03
-9.999000000000000000e+03
-9.999000000000000000e+03
-9.999000000000000000e+03
-9.999000000000000000e+03
-9.999000000000000000e+03
-9.999000000000000000e+03
-9.999000000000000000e+03
-9.999000000000000000e+03
-9.999000000000000000e+03
-9.999000000000000000e+03
-9.999000000000000000e+03
-6.061013042926788330e-02
-4.195090010762214661e-02
-4.765953868627548218e-02
-6.749629974365234375e-02
-5.298714712262153625e-02
-3.434417769312858582e-02
1.337973922491073608e-01
1.508815139532089233e-01
-9.999000000000000000e+03
-9.999000000000000000e+03
-9.999000000000000000e+03
-9.999000000000000000e+03
-9.999000000000000000e+03
-9.999000000000000000e+03
-9.999000000000000000e+03
-9.999000000000000000e+03
-9.999000000000000000e+03
-9.999000000000000000e+03
-9.999000000000000000e+03
-9.999000000000000000e+03
-9.999000000000000000e+03
-9.999000000000000000e+03
-9.999000000000000000e+03
-9.999000000000000000e+03
-9.999000000000000000e+03
-9.999000000000000000e+03
-9.999000000000000000e+03
-9.999000000000000000e+03
-9.999000000000000000e+03
-9.999000000000000000e+03
-9.999000000000000000e+03
-4.860520362854003906e-02
-8.424776047468185425e-02
-1.368800550699234009e-01
-1.420693546533584595e-01
-1.513952463865280151e-01
-1.347966343164443970e-01
-8.193542063236236572e-02
-1.093685813248157501e-02
-2.283660322427749634e-02
-9.999000000000000000e+03
-9.999000000000000000e+03
-9.999000000000000000e+03
-9.999000000000000000e+03
-9.999000000000000000e+03
-9.999000000000000000e+03
-9.999000000000000000e+03
-9.999000000000000000e+03
-9.999000000000000000e+03
-9.999000000000000000e+03
-9.999000000000000000e+03
-9.999000000000000000e+03
-9.999000000000000000e+03
-9.999000000000000000e+03
-9.999000000000000000e+03
-9.999000000000000000e+03
-9.999000000000000000e+03
-9.999000000000000000e+03
-9.999000000000000000e+03
-9.999000000000000000e+03
-9.999000000000000000e+03
-9.999000000000000000e+03
-4.300273722037672997e-04
-6.093469634652137756e-02
-8.763656765222549438e-02
-9.996930509805679321e-02
-1.053083613514900208e-01
-1.042012795805931091e-01
-1.063815429806709290e-01
-8.722366392612457275e-02
-4.584084078669548035e-02
-2.765671536326408386e-02
-1.590451225638389587e-02
1.089546829462051392e-02
2.232970297336578369e-02
-9.999000000000000000e+03
-9.999000000000000000e+03
-9.999000000000000000e+03
-9.999000000000000000e+03
-9.999000000000000000e+03
-9.999000000000000000e+03
-9.999000000000000000e+03
-9.999000000000000000e+03
-9.999000000000000000e+03
-9.999000000000000000e+03
-9.999000000000000000e+03
-9.999000000000000000e+03
-9.999000000000000000e+03
-9.999000000000000000e+03
-9.999000000000000000e+03
-9.999000000000000000e+03
-9.999000000000000000e+03
-5.057061091065406799e-03
-5.457027000375092030e-04
9.323741542175412178e-04
-1.048410590738058090e-02
-4.068820923566818237e-02
-6.074815988540649414e-02
-5.826918780803680420e-02
-5.833485722541809082e-02
-5.178392678499221802e-02
3.427382791414856911e-03
4.536246508359909058e-02
2.402747422456741333e-02
2.565882727503776550e-02
2.966210804879665375e-02
-9.999000000000000000e+03
-9.999000000000000000e+03
-9.999000000000000000e+03
-9.999000000000000000e+03
-9.999000000000000000e+03
-9.999000000000000000e+03
-9.999000000000000000e+03
-9.999000000000000000e+03
-9.999000000000000000e+03
-9.999000000000000000e+03
-9.999000000000000000e+03
-9.999000000000000000e+03
-9.999000000000000000e+03
-9.999000000000000000e+03
-9.999000000000000000e+03
-3.287605242803692818e-03
-8.627812378108501434e-03
-2.599365077912807465e-02
-2.607400715351104736e-02
-6.962351500988006592e-03
-1.597937429323792458e-03
-7.181591819971799850e-03
-3.021699748933315277e-02
-5.054539069533348083e-02
-5.452526360750198364e-02
-4.077815264463424683e-02
-2.295506559312343597e-02
1.064189523458480835e-02
-4.061528947204351425e-03
-9.999000000000000000e+03
-9.999000000000000000e+03
-9.999000000000000000e+03
-9.999000000000000000e+03
-9.999000000000000000e+03
-9.999000000000000000e+03
-9.999000000000000000e+03
-9.999000000000000000e+03
-9.999000000000000000e+03
-9.999000000000000000e+03
-9.999000000000000000e+03
-9.999000000000000000e+03
-9.999000000000000000e+03
-9.999000000000000000e+03
-9.999000000000000000e+03
-9.999000000000000000e+03
-9.283854626119136810e-03
3.745966532733291388e-04
-4.010407254099845886e-03
-1.687331125140190125e-02
-3.242220357060432434e-02
-1.676642708480358124e-02
2.194311469793319702e-03
9.137196466326713562e-03
-2.441725693643093109e-03
-1.309590134769678116e-02
-4.422406107187271118e-02
-7.335707545280456543e-02
-7.555968314409255981e-02
-5.539312958717346191e-02
-9.999000000000000000e+03
-9.999000000000000000e+03
-9.999000000000000000e+03
-9.999000000000000000e+03
-9.999000000000000000e+03
-9.999000000000000000e+03
-9.999000000000000000e+03
-9.999000000000000000e+03
-9.999000000000000000e+03
-9.999000000000000000e+03
-9.999000000000000000e+03
-9.999000000000000000e+03
-9.999000000000000000e+03
-9.999000000000000000e+03
-9.999000000000000000e+03
-9.999000000000000000e+03
-9.999000000000000000e+03
-2.152534388005733490e-02
-1.481334026902914047e-02
-2.777851000428199768e-02
-4.308465868234634399e-02
-4.693370312452316284e-02
-3.115904890000820160e-02
-8.180246688425540924e-03
1.555699482560157776e-02
2.262110263109207153e-02
4.044717550277709961e-02
3.198837488889694214e-02
-1.155454758554697037e-02
-3.045468591153621674e-02
-5.545115843415260315e-02
-9.999000000000000000e+03
-9.999000000000000000e+03
-9.999000000000000000e+03
-9.999000000000000000e+03
-9.999000000000000000e+03
-9.999000000000000000e+03
-9.999000000000000000e+03
-9.999000000000000000e+03
-9.999000000000000000e+03
-9.999000000000000000e+03
-9.999000000000000000e+03
-9.999000000000000000e+03
-9.999000000000000000e+03
-9.999000000000000000e+03
-9.999000000000000000e+03
-9.999000000000000000e+03
-9.999000000000000000e+03
-3.805485740303993225e-02
-4.366321116685867310e-02
-4.288540780544281006e-02
-4.190447553992271423e-02
-4.098389297723770142e-02
-2.071163989603519440e-02
8.016545325517654419e-03
2.303451858460903168e-02
3.388585150241851807e-02
3.665274381637573242e-02
3.561315685510635376e-02
3.796275705099105835e-02
2.992295892909169197e-03
-9.999000000000000000e+03
-9.999000000000000000e+03
-9.999000000000000000e+03
-9.999000000000000000e+03
-9.999000000000000000e+03
-9.999000000000000000e+03
-9.999000000000000000e+03
-9.999000000000000000e+03
-9.999000000000000000e+03
-9.999000000000000000e+03
-9.999000000000000000e+03
-9.999000000000000000e+03
-9.999000000000000000e+03
-9.999000000000000000e+03
-9.999000000000000000e+03
-9.999000000000000000e+03
-9.999000000000000000e+03
-9.999000000000000000e+03
-3.655106574296951294e-02
-4.095271229743957520e-02
-2.762794494628906250e-02
-1.692700199782848358e-02
7.989847101271152496e-03
1.618478260934352875e-02
2.036806568503379822e-02
2.995239943265914917e-02
4.541559144854545593e-02
7.204421609640121460e-02
4.273247346282005310e-02
1.296919304877519608e-02
-9.999000000000000000e+03
-9.999000000000000000e+03
-9.999000000000000000e+03
-9.999000000000000000e+03
-9.999000000000000000e+03
-9.999000000000000000e+03
-9.999000000000000000e+03
-9.999000000000000000e+03
-9.999000000000000000e+03
-9.999000000000000000e+03
-9.999000000000000000e+03
-9.999000000000000000e+03
-9.999000000000000000e+03
-9.999000000000000000e+03
-9.999000000000000000e+03
-9.999000000000000000e+03
-9.999000000000000000e+03
-9.999000000000000000e+03
-9.999000000000000000e+03
-2.259781397879123688e-02
-1.837837509810924530e-02
-2.305257134139537811e-03
1.362519338726997375e-02
8.717114478349685669e-02
8.420357853174209595e-02
6.575707346200942993e-02
4.538748785853385925e-02
4.021271318197250366e-02
2.976419217884540558e-02
-9.999000000000000000e+03
-9.999000000000000000e+03
-9.999000000000000000e+03
-9.999000000000000000e+03
-9.999000000000000000e+03
-9.999000000000000000e+03
-9.999000000000000000e+03
-9.999000000000000000e+03
-9.999000000000000000e+03
-9.999000000000000000e+03
-9.999000000000000000e+03
-9.999000000000000000e+03
-9.999000000000000000e+03
-9.999000000000000000e+03
-9.999000000000000000e+03
-9.999000000000000000e+03
-9.999000000000000000e+03
-9.999000000000000000e+03
-9.999000000000000000e+03
-9.999000000000000000e+03
-9.999000000000000000e+03
1.853982801549136639e-03
2.409439347684383392e-02
5.719978362321853638e-02
9.486241638660430908e-02
1.222744658589363098e-01
1.017564907670021057e-01
-9.999000000000000000e+03
-9.999000000000000000e+03
-9.999000000000000000e+03
-9.999000000000000000e+03
-9.999000000000000000e+03
-9.999000000000000000e+03
-9.999000000000000000e+03
-9.999000000000000000e+03
-9.999000000000000000e+03
-9.999000000000000000e+03
-9.999000000000000000e+03
-9.999000000000000000e+03
-9.999000000000000000e+03
-9.999000000000000000e+03
-9.999000000000000000e+03
-9.999000000000000000e+03
-9.999000000000000000e+03
-9.999000000000000000e+03
-9.999000000000000000e+03
-9.999000000000000000e+03
-9.999000000000000000e+03
-9.999000000000000000e+03
-9.999000000000000000e+03
-9.999000000000000000e+03
-9.999000000000000000e+03
8.052222430706024170e-03
2.300735563039779663e-02
6.748449057340621948e-02
-9.999000000000000000e+03
-9.999000000000000000e+03
-9.999000000000000000e+03
-9.999000000000000000e+03
-9.999000000000000000e+03
-9.999000000000000000e+03
-9.999000000000000000e+03
-9.999000000000000000e+03
-9.999000000000000000e+03
-9.999000000000000000e+03
-9.999000000000000000e+03
-9.999000000000000000e+03
-9.999000000000000000e+03
-9.999000000000000000e+03
-9.999000000000000000e+03
-9.999000000000000000e+03
-9.999000000000000000e+03
-9.999000000000000000e+03
-9.999000000000000000e+03
-9.999000000000000000e+03
-9.999000000000000000e+03
-9.999000000000000000e+03
-9.999000000000000000e+03
-9.999000000000000000e+03
-9.999000000000000000e+03
-9.999000000000000000e+03
-9.999000000000000000e+03
-9.999000000000000000e+03
