9.240647405385971069e-02
1.077181845903396606e-01
9.297377616167068481e-02
6.229586154222488403e-02
6.642168760299682617e-02
4.364485666155815125e-02
3.809151425957679749e-02
3.609099611639976501e-02
1.774227805435657501e-02
6.581253372132778168e-03
-3.948739171028137207e-02
-9.999000000000000000e+03
-9.999000000000000000e+03
-9.999000000000000000e+03
-9.999000000000000000e+03
-9.999000000000000000e+03
-9.999000000000000000e+03
-9.999000000000000000e+03
-9.999000000000000000e+03
-9.999000000000000000e+03
-9.999000000000000000e+03
-9.999000000000000000e+03
-9.999000000000000000e+03
-3.019867651164531708e-02
-4.961645230650901794e-02
-2.389874868094921112e-02
1.698426716029644012e-02
5.302134156227111816e-02
7.115786522626876831e-02
8.430108428001403809e-02
7.984822988510131836e-02
-5.040741991251707077e-03
1.293420512229204178e-02
4.469067789614200592e-03
-1.453187689185142517e-02
-1.249017287045717239e-02
-3.180862963199615479e-02
-2.943003363907337189e-02
-1.689440198242664337e-02
-1.599134691059589386e-02
-7.054505404084920883e-03
-7.940875366330146790e-03
-2.734324662014842033e-03
-9.999000000000000000e+03
-9.999000000000000000e+03
-9.999000000000000000e+03
-9.999000000000000000e+03
-9.999000000000000000e+03
-9.999000000000000000e+03
-9.999000000000000000e+03
-9.999000000000000000e+03
-9.999000000000000000e+03
-1.030520536005496979e-02
-4.942375700920820236e-03
-1.880824193358421326e-02
-2.259055897593498230e-02
-1.381684560328722000e-02
2.089452743530273438e-02
4.570573940873146057e-02
5.317721515893936157e-02
5.705244839191436768e-02
5.670437216758728027e-02
-8.918216824531555176e-02
-7.269046455621719360e-02
-8.276700973510742188e-02
-9.318708628416061401e-02
-7.832368463277816772e-02
-7.865180820226669312e-02
-6.846273690462112427e-02
-5.072342604398727417e-02
-4.103402420878410339e-02
-2.130531147122383118e-02
-6.463755387812852859e-03
4.506188910454511642e-03
-9.999000000000000000e+03
-9.999000000000000000e+03
-9.999000000000000000e+03
-9.999000000000000000e+03
-9.999000000000000000e+03
-9.999000000000000000e+03
-9.999000000000000000e+03
5.762875545769929886e-03
7.245910819619894028e-03
1.159000676125288010e-02
3.735911101102828979e-02
2.390798367559909821e-02
7.468522060662508011e-03
1.170914154499769211e-02
2.451863698661327362e-02
3.707264363765716553e-02
4.718184098601341248e-02
4.960835725069046021e-02
6.957920640707015991e-02
-1.564081162214279175e-01
-1.348937898874282837e-01
-1.302103996276855469e-01
-1.369635760784149170e-01
-1.274348050355911255e-01
-1.224462985992431641e-01
-1.106858700513839722e-01
-8.408577740192413330e-02
-6.775429099798202515e-02
-3.858418017625808716e-02
-1.572942361235618591e-02
2.094179764389991760e-02
5.777618288993835449e-02
-9.999000000000000000e+03
-9.999000000000000000e+03
-9.999000000000000000e+03
-2.619380829855799675e-03
-7.938676513731479645e-03
-3.671959042549133301e-03
-1.545058935880661011e-02
-1.308213453739881516e-02
1.374736428260803223e-03
3.309229156002402306e-03
2.221147157251834869e-02
1.957464776933193207e-02
1.974256709218025208e-02
4.751247540116310120e-02
7.414304465055465698e-02
8.764476329088211060e-02
9.392471611499786377e-02
1.109405457973480225e-01
-2.134672403335571289e-01
-1.887120157480239868e-01
-1.772430688142776489e-01
-1.787732243537902832e-01
-1.674683541059494019e-01
-1.586893647909164429e-01
-1.407176703214645386e-01
-1.103121787309646606e-01
-8.465951681137084961e-02
-5.681113153696060181e-02
-1.969697885215282440e-02
1.475467812269926071e-02
5.641796812415122986e-02
5.618363618850708008e-02
2.630012482404708862e-02
1.336478861048817635e-03
-3.244825825095176697e-02
-6.323054432868957520e-02
-6.876468658447265625e-02
-9.585822373628616333e-02
-8.281388878822326660e-02
-7.287928462028503418e-02
-8.111055940389633179e-02
-5.509978160262107849e-02
-4.164883494377136230e-02
-1.368329767137765884e-02
3.187595307826995850e-02
6.806429475545883179e-02
1.000834703445434570e-01
1.281194686889648438e-01
1.374283432960510254e-01
-2.321128100156784058e-01
-2.228125780820846558e-01
-2.145683467388153076e-01
-2.108577489852905273e-01
-1.982354372739791870e-01
-1.826769113540649414e-01
-1.564003378152847290e-01
-1.214949712157249451e-01
-9.709294140338897705e-02
-6.585840135812759399e-02
-2.618993073701858521e-02
8.099747356027364731e-04
2.021549455821514130e-02
2.100372128188610077e-02
-2.465017372742295265e-03
-2.716995216906070709e-02
-8.718697726726531982e-02
-1.479071676731109619e-01
-1.788542568683624268e-01
-2.237710505723953247e-01
-2.340398281812667847e-01
-2.117010951042175293e-01
-2.201970070600509644e-01
-1.566572338342666626e-01
-1.232455372810363770e-01
-9.761922061443328857e-02
-1.290947943925857544e-02
1.990857906639575958e-02
5.611938983201980591e-02
9.429512917995452881e-02
1.001862660050392151e-01
-2.287602722644805908e-01
-2.239232957363128662e-01
-2.229746580123901367e-01
-2.172210514545440674e-01
-2.091576606035232544e-01
-1.924941390752792358e-01
-1.627265065908432007e-01
-1.270214468240737915e-01
-9.694672375917434692e-02
-6.803009659051895142e-02
-3.442389518022537231e-02
-1.758295297622680664e-02
1.897782669402658939e-03
8.824733668006956577e-04
-6.962765008211135864e-02
-1.155705228447914124e-01
-1.731372773647308350e-01
-2.211576253175735474e-01
-2.489528805017471313e-01
-3.052203059196472168e-01
-3.328130543231964111e-01
-3.503436446189880371e-01
-3.469887673854827881e-01
-3.108448982238769531e-01
-2.777328491210937500e-01
-2.377350926399230957e-01
-1.354785114526748657e-01
-8.627937734127044678e-02
-3.214955702424049377e-02
3.225492313504219055e-02
4.955733567476272583e-02
-1.939350515604019165e-01
-2.039265483617782593e-01
-2.009494453668594360e-01
-1.949642300605773926e-01
-1.866962164640426636e-01
-1.615042388439178467e-01
-1.376291960477828979e-01
-1.238330602645874023e-01
-1.013010591268539429e-01
-8.485320210456848145e-02
-6.025074422359466553e-02
-6.580392271280288696e-02
-6.610471755266189575e-02
-8.589003235101699829e-02
-1.354101598262786865e-01
-1.734126955270767212e-01
-2.272437959909439087e-01
-2.559393942356109619e-01
-2.885255515575408936e-01
-2.920251190662384033e-01
-2.808465659618377686e-01
-3.102729320526123047e-01
-2.945523262023925781e-01
-3.343415558338165283e-01
-3.704074025154113770e-01
-3.546615242958068848e-01
-2.560281157493591309e-01
-1.889122873544692993e-01
-1.254513412714004517e-01
-4.992702230811119080e-02
-2.321327291429042816e-02
-1.567496359348297119e-01
-1.657538264989852905e-01
-1.687261760234832764e-01
-1.551597863435745239e-01
-1.543733179569244385e-01
-1.278422325849533081e-01
-1.140700727701187134e-01
-1.161219552159309387e-01
-1.123004853725433350e-01
-1.096515953540802002e-01
-1.019787564873695374e-01
-1.084964945912361145e-01
-1.270258128643035889e-01
-1.618199944496154785e-01
-1.981405466794967651e-01
-2.099957913160324097e-01
-2.227507084608078003e-01
-2.137355208396911621e-01
-2.211751192808151245e-01
-1.571385264396667480e-01
-9.876626729965209961e-02
-1.264476031064987183e-01
-1.220774799585342407e-01
-1.986981779336929321e-01
-1.885543167591094971e-01
-2.959156334400177002e-01
-2.795054018497467041e-01
-2.521280944347381592e-01
-1.844101995229721069e-01
-1.227852329611778259e-01
-1.013367027044296265e-01
-1.317924261093139648e-01
-1.284436583518981934e-01
-1.337615698575973511e-01
-1.284045428037643433e-01
-1.213405653834342957e-01
-1.117624267935752869e-01
-1.046004220843315125e-01
-1.127927899360656738e-01
-1.199278533458709717e-01
-1.371798366308212280e-01
-1.483368277549743652e-01
-1.738213300704956055e-01
-1.889113187789916992e-01
-2.037200182676315308e-01
-2.158306092023849487e-01
-2.057495266199111938e-01
-1.838012486696243286e-01
-1.184230670332908630e-01
-1.072441935539245605e-01
-3.282209113240242004e-02
-5.727377254515886307e-03
-9.999000000000000000e+03
-9.999000000000000000e+03
-9.999000000000000000e+03
-9.999000000000000000e+03
-9.999000000000000000e+03
-9.999000000000000000e+03
-2.878198027610778809e-01
-2.329997271299362183e-01
-1.632573008537292480e-01
-1.399699151515960693e-01
-1.018822267651557922e-01
-9.226804971694946289e-02
-1.028777584433555603e-01
-1.067845746874809265e-01
-1.125410199165344238e-01
-9.840983897447586060e-02
-9.574551135301589966e-02
-1.103456318378448486e-01
-1.373787671327590942e-01
-1.699174642562866211e-01
-1.845407336950302124e-01
-2.183993309736251831e-01
-2.186189740896224976e-01
-2.131404727697372437e-01
-1.850609630346298218e-01
-1.501772552728652954e-01
-1.178145110607147217e-01
-9.999000000000000000e+03
-9.999000000000000000e+03
-9.999000000000000000e+03
-9.999000000000000000e+03
-9.999000000000000000e+03
-9.999000000000000000e+03
-9.999000000000000000e+03
-9.999000000000000000e+03
-9.999000000000000000e+03
-9.999000000000000000e+03
-1.498232334852218628e-01
-2.011697292327880859e-01
-2.091720104217529297e-01
-1.867243796586990356e-01
-1.120948344469070435e-01
-8.879289776086807251e-02
-8.406404405832290649e-02
-8.890581876039505005e-02
-1.051528453826904297e-01
-1.167828515172004700e-01
-1.202816218137741089e-01
-1.301633417606353760e-01
-1.749753803014755249e-01
-1.980899572372436523e-01
-2.067516446113586426e-01
-2.104937583208084106e-01
-1.976267397403717041e-01
-1.870244145393371582e-01
-9.392840415239334106e-02
-8.722838759422302246e-02
-9.999000000000000000e+03
-9.999000000000000000e+03
-9.999000000000000000e+03
-9.999000000000000000e+03
-9.999000000000000000e+03
-9.999000000000000000e+03
-9.999000000000000000e+03
-9.999000000000000000e+03
-9.999000000000000000e+03
-9.999000000000000000e+03
-9.999000000000000000e+03
-9.999000000000000000e+03
-1.235455423593521118e-01
-2.051528990268707275e-01
-2.202700227499008179e-01
-1.301038414239883423e-01
-1.120421364903450012e-01
-8.428716659545898438e-02
-7.403551787137985229e-02
-9.001240879297256470e-02
-1.156191229820251465e-01
-1.373127996921539307e-01
-1.589579582214355469e-01
-1.813533753156661987e-01
-1.810753047466278076e-01
-1.884243786334991455e-01
-1.866536736488342285e-01
-1.189975365996360779e-01
-1.236441656947135925e-01
-9.999000000000000000e+03
-9.999000000000000000e+03
-9.999000000000000000e+03
-9.999000000000000000e+03
-9.999000000000000000e+03
-9.999000000000000000e+03
-9.999000000000000000e+03
-9.999000000000000000e+03
-9.999000000000000000e+03
-9.999000000000000000e+03
-9.999000000000000000e+03
-9.999000000000000000e+03
-9.999000000000000000e+03
-9.999000000000000000e+03
-9.999000000000000000e+03
-1.809045225381851196e-01
-2.307500690221786499e-01
-9.999000000000000000e+03
-8.592878282070159912e-02
-9.136582165956497192e-02
-7.749655842781066895e-02
-7.390851527452468872e-02
-9.007495641708374023e-02
-1.178533360362052917e-01
-1.550761610269546509e-01
-1.502711176872253418e-01
-1.488347947597503662e-01
-1.491334289312362671e-01
-1.257649511098861694e-01
-9.060879051685333252e-02
-9.999000000000000000e+03
-9.999000000000000000e+03
-9.999000000000000000e+03
-9.999000000000000000e+03
-9.999000000000000000e+03
-9.999000000000000000e+03
-9.999000000000000000e+03
-9.999000000000000000e+03
-9.999000000000000000e+03
-9.999000000000000000e+03
-9.999000000000000000e+03
-9.999000000000000000e+03
-9.999000000000000000e+03
-9.999000000000000000e+03
-9.999000000000000000e+03
-9.999000000000000000e+03
-1.458822190761566162e-01
-2.181025445461273193e-01
-9.999000000000000000e+03
-9.999000000000000000e+03
-9.071448445320129395e-02
-7.391898334026336670e-02
-6.654012203216552734e-02
-7.361090928316116333e-02
-9.232952445745468140e-02
-1.129000186920166016e-01
-1.084274575114250183e-01
-1.101422533392906189e-01
-1.049682274460792542e-01
-4.234646633267402649e-02
-9.999000000000000000e+03
-9.999000000000000000e+03
-9.999000000000000000e+03
-9.999000000000000000e+03
-9.999000000000000000e+03
-9.999000000000000000e+03
-9.999000000000000000e+03
-9.999000000000000000e+03
-9.999000000000000000e+03
-9.999000000000000000e+03
-9.999000000000000000e+03
-9.999000000000000000e+03
-9.999000000000000000e+03
-9.999000000000000000e+03
-9.999000000000000000e+03
-9.999000000000000000e+03
-9.999000000000000000e+03
-8.576299250125885010e-02
-1.615338176488876343e-01
-9.999000000000000000e+03
-9.999000000000000000e+03
-6.387445330619812012e-02
-7.199863344430923462e-02
-6.143434718251228333e-02
-5.307378619909286499e-02
-5.889361724257469177e-02
-4.487810283899307251e-02
-5.967388302087783813e-02
-5.800715833902359009e-02
-5.525964871048927307e-02
-2.765146456658840179e-02
-9.999000000000000000e+03
-9.999000000000000000e+03
-9.999000000000000000e+03
-9.999000000000000000e+03
-9.999000000000000000e+03
-9.999000000000000000e+03
-9.999000000000000000e+03
-9.999000000000000000e+03
-9.999000000000000000e+03
-9.999000000000000000e+03
-9.999000000000000000e+03
-9.999000000000000000e+03
-9.999000000000000000e+03
-9.999000000000000000e+03
-9.999000000000000000e+03
-9.999000000000000000e+03
-9.999000000000000000e+03
-9.999000000000000000e+03
-9.999000000000000000e+03
-9.999000000000000000e+03
-9.999000000000000000e+03
-4.003357514739036560e-02
-4.931510612368583679e-02
-2.419073507189750671e-02
-2.428682707250118256e-02
5.799422506242990494e-04
1.122697256505489349e-02
4.969545640051364899e-03
-8.547514444217085838e-04
-1.944843307137489319e-02
-1.992887444794178009e-02
-9.999000000000000000e+03
-9.999000000000000000e+03
-9.999000000000000000e+03
-9.999000000000000000e+03
-9.999000000000000000e+03
-9.999000000000000000e+03
-9.999000000000000000e+03
-9.999000000000000000e+03
-9.999000000000000000e+03
-9.999000000000000000e+03
-9.999000000000000000e+03
-9.999000000000000000e+03
-9.999000000000000000e+03
-9.999000000000000000e+03
-9.999000000000000000e+03
-9.999000000000000000e+03
-9.999000000000000000e+03
-9.999000000000000000e+03
-9.999000000000000000e+03
-9.999000000000000000e+03
-9.999000000000000000e+03
-9.999000000000000000e+03
-1.846859604120254517e-02
-5.117919761687517166e-03
2.250901795923709869e-02
9.977302700281143188e-02
6.203583255410194397e-02
3.756033256649971008e-02
4.208419471979141235e-02
2.100590057671070099e-02
-9.999000000000000000e+03
-9.999000000000000000e+03
-9.999000000000000000e+03
-9.999000000000000000e+03
-9.999000000000000000e+03
-9.999000000000000000e+03
-9.999000000000000000e+03
-9.999000000000000000e+03
-9.999000000000000000e+03
-9.999000000000000000e+03
-9.999000000000000000e+03
-9.999000000000000000e+03
-9.999000000000000000e+03
-9.999000000000000000e+03
-9.999000000000000000e+03
-9.999000000000000000e+03
-9.999000000000000000e+03
-9.999000000000000000e+03
-9.999000000000000000e+03
-9.999000000000000000e+03
-9.999000000000000000e+03
-9.999000000000000000e+03
-9.999000000000000000e+03
-1.383645273745059967e-02
-1.432813052088022232e-02
1.935890689492225647e-02
2.677565440535545349e-02
2.215303480625152588e-02
-8.698785677552223206e-03
9.045989811420440674e-02
1.751522123813629150e-01
1.350196301937103271e-01
-9.999000000000000000e+03
-9.999000000000000000e+03
-9.999000000000000000e+03
-9.999000000000000000e+03
-9.999000000000000000e+03
-9.999000000000000000e+03
-9.999000000000000000e+03
-9.999000000000000000e+03
-9.999000000000000000e+03
-9.999000000000000000e+03
-9.999000000000000000e+03
-9.999000000000000000e+03
-9.999000000000000000e+03
-9.999000000000000000e+03
-9.999000000000000000e+03
-9.999000000000000000e+03
-9.999000000000000000e+03
-9.999000000000000000e+03
-9.999000000000000000e+03
-9.999000000000000000e+03
-9.999000000000000000e+03
-9.999000000000000000e+03
-9.999000000000000000e+03
-4.845585301518440247e-02
-3.571080043911933899e-02
-5.542490258812904358e-02
-6.310017406940460205e-02
-2.307941578328609467e-02
5.310388281941413879e-03
1.545409113168716431e-01
1.862746179103851318e-01
-9.999000000000000000e+03
-9.999000000000000000e+03
-9.999000000000000000e+03
-9.999000000000000000e+03
-9.999000000000000000e+03
-9.999000000000000000e+03
-9.999000000000000000e+03
-9.999000000000000000e+03
-9.999000000000000000e+03
-9.999000000000000000e+03
-9.999000000000000000e+03
-9.999000000000000000e+03
-9.999000000000000000e+03
-9.999000000000000000e+03
-9.999000000000000000e+03
-9.999000000000000000e+03
-9.999000000000000000e+03
-9.999000000000000000e+03
-9.999000000000000000e+03
-9.999000000000000000e+03
-9.999000000000000000e+03
-9.999000000000000000e+03
-9.999000000000000000e+03
-7.874789088964462280e-02
-1.154839918017387390e-01
-1.523813605308532715e-01
-1.322979629039764404e-01
-1.103683263063430786e-01
-1.050882637500762939e-01
-4.815550148487091064e-02
4.975653067231178284e-02
5.363601818680763245e-02
-9.999000000000000000e+03
-9.999000000000000000e+03
-9.999000000000000000e+03
-9.999000000000000000e+03
-9.999000000000000000e+03
-9.999000000000000000e+03
-9.999000000000000000e+03
-9.999000000000000000e+03
-9.999000000000000000e+03
-9.999000000000000000e+03
-9.999000000000000000e+03
-9.999000000000000000e+03
-9.999000000000000000e+03
-9.999000000000000000e+03
-9.999000000000000000e+03
-9.999000000000000000e+03
-9.999000000000000000e+03
-9.999000000000000000e+03
-9.999000000000000000e+03
-9.999000000000000000e+03
-9.999000000000000000e+03
-9.999000000000000000e+03
-3.757454082369804382e-02
-9.796549379825592041e-02
-1.197119429707527161e-01
-1.219645962119102478e-01
-1.033144742250442505e-01
-9.152904897928237915e-02
-1.041613593697547913e-01
-1.034595146775245667e-01
-8.630742132663726807e-02
-3.823582082986831665e-02
-3.270599246025085449e-02
-4.819449409842491150e-02
-3.397214412689208984e-02
-9.999000000000000000e+03
-9.999000000000000000e+03
-9.999000000000000000e+03
-9.999000000000000000e+03
-9.999000000000000000e+03
-9.999000000000000000e+03
-9.999000000000000000e+03
-9.999000000000000000e+03
-9.999000000000000000e+03
-9.999000000000000000e+03
-9.999000000000000000e+03
-9.999000000000000000e+03
-9.999000000000000000e+03
-9.999000000000000000e+03
-9.999000000000000000e+03
-9.999000000000000000e+03
-9.999000000000000000e+03
-1.496987044811248779e-02
-1.455202791839838028e-02
-2.054101601243019104e-02
-4.915051162242889404e-02
-9.213531017303466797e-02
-1.047910526394844055e-01
-9.240727126598358154e-02
-8.965137600898742676e-02
-1.054149121046066284e-01
-8.640434592962265015e-02
-6.617189198732376099e-02
-3.684676066040992737e-02
-4.038739204406738281e-02
-4.283647984266281128e-02
-9.999000000000000000e+03
-9.999000000000000000e+03
-9.999000000000000000e+03
-9.999000000000000000e+03
-9.999000000000000000e+03
-9.999000000000000000e+03
-9.999000000000000000e+03
-9.999000000000000000e+03
-9.999000000000000000e+03
-9.999000000000000000e+03
-9.999000000000000000e+03
-9.999000000000000000e+03
-9.999000000000000000e+03
-9.999000000000000000e+03
-9.999000000000000000e+03
2.477581612765789032e-02
1.946963020600378513e-03
-1.598935201764106750e-02
-2.510282956063747406e-02
-2.992519550025463104e-02
-4.027684032917022705e-02
-4.946931079030036926e-02
-6.832577288150787354e-02
-6.778898835182189941e-02
-6.481311470270156860e-02
-5.219199880957603455e-02
-2.962817065417766571e-02
-2.202582918107509613e-02
-1.895399019122123718e-02
-9.999000000000000000e+03
-9.999000000000000000e+03
-9.999000000000000000e+03
-9.999000000000000000e+03
-9.999000000000000000e+03
-9.999000000000000000e+03
-9.999000000000000000e+03
-9.999000000000000000e+03
-9.999000000000000000e+03
-9.999000000000000000e+03
-9.999000000000000000e+03
-9.999000000000000000e+03
-9.999000000000000000e+03
-9.999000000000000000e+03
-9.999000000000000000e+03
-9.999000000000000000e+03
2.875564433634281158e-02
4.385221377015113831e-02
1.655042171478271484e-02
-1.388929691165685654e-02
-5.006334930658340454e-02
-5.973826721310615540e-02
-5.652063339948654175e-02
-3.472444042563438416e-02
-2.827100455760955811e-02
-3.431856259703636169e-02
-6.285784393548965454e-02
-8.210075646638870239e-02
-9.627941995859146118e-02
-6.527246534824371338e-02
-9.999000000000000000e+03
-9.999000000000000000e+03
-9.999000000000000000e+03
-9.999000000000000000e+03
-9.999000000000000000e+03
-9.999000000000000000e+03
-9.999000000000000000e+03
-9.999000000000000000e+03
-9.999000000000000000e+03
-9.999000000000000000e+03
-9.999000000000000000e+03
-9.999000000000000000e+03
-9.999000000000000000e+03
-9.999000000000000000e+03
-9.999000000000000000e+03
-9.999000000000000000e+03
-9.999000000000000000e+03
-3.312006592750549316e-03
-2.411606907844543457e-02
-5.591817200183868408e-02
-7.395468652248382568e-02
-8.746081590652465820e-02
-7.473329454660415649e-02
-5.443916469812393188e-02
-3.146026283502578735e-02
-1.070338673889636993e-02
6.155687849968671799e-03
-2.913379296660423279e-02
-8.362457156181335449e-02
-8.732157945632934570e-02
-8.954069018363952637e-02
-9.999000000000000000e+03
-9.999000000000000000e+03
-9.999000000000000000e+03
-9.999000000000000000e+03
-9.999000000000000000e+03
-9.999000000000000000e+03
-9.999000000000000000e+03
-9.999000000000000000e+03
-9.999000000000000000e+03
-9.999000000000000000e+03
-9.999000000000000000e+03
-9.999000000000000000e+03
-9.999000000000000000e+03
-9.999000000000000000e+03
-9.999000000000000000e+03
-9.999000000000000000e+03
-9.999000000000000000e+03
-5.721671506762504578e-02
-9.185492247343063354e-02
-1.093619763851165771e-01
-1.047438606619834900e-01
-8.699196577072143555e-02
-4.930191859602928162e-02
-2.198551222681999207e-02
-2.817384665831923485e-03
4.171851556748151779e-03
2.707066945731639862e-03
-1.733397319912910461e-02
-5.542471632361412048e-02
-3.087195754051208496e-02
-9.999000000000000000e+03
-9.999000000000000000e+03
-9.999000000000000000e+03
-9.999000000000000000e+03
-9.999000000000000000e+03
-9.999000000000000000e+03
-9.999000000000000000e+03
-9.999000000000000000e+03
-9.999000000000000000e+03
-9.999000000000000000e+03
-9.999000000000000000e+03
-9.999000000000000000e+03
-9.999000000000000000e+03
-9.999000000000000000e+03
-9.999000000000000000e+03
-9.999000000000000000e+03
-9.999000000000000000e+03
-9.999000000000000000e+03
-6.629300117492675781e-02
-8.870429545640945435e-02
-7.938390225172042847e-02
-5.861140042543411255e-02
-1.372565422207117081e-02
8.176848292350769043e-03
2.280567586421966553e-02
4.407586902379989624e-02
3.591891750693321228e-02
4.829720035195350647e-02
1.312521565705537796e-02
-2.170341089367866516e-02
-9.999000000000000000e+03
-9.999000000000000000e+03
-9.999000000000000000e+03
-9.999000000000000000e+03
-9.999000000000000000e+03
-9.999000000000000000e+03
-9.999000000000000000e+03
-9.999000000000000000e+03
-9.999000000000000000e+03
-9.999000000000000000e+03
-9.999000000000000000e+03
-9.999000000000000000e+03
-9.999000000000000000e+03
-9.999000000000000000e+03
-9.999000000000000000e+03
-9.999000000000000000e+03
-9.999000000000000000e+03
-9.999000000000000000e+03
-9.999000000000000000e+03
-6.678310781717300415e-02
-5.958368256688117981e-02
-3.423677012324333191e-02
3.686839248985052109e-03
8.935699611902236938e-02
8.731657266616821289e-02
7.455641031265258789e-02
5.270428583025932312e-02
4.716491326689720154e-02
3.109498322010040283e-02
-9.999000000000000000e+03
-9.999000000000000000e+03
-9.999000000000000000e+03
-9.999000000000000000e+03
-9.999000000000000000e+03
-9.999000000000000000e+03
-9.999000000000000000e+03
-9.999000000000000000e+03
-9.999000000000000000e+03
-9.999000000000000000e+03
-9.999000000000000000e+03
-9.999000000000000000e+03
-9.999000000000000000e+03
-9.999000000000000000e+03
-9.999000000000000000e+03
-9.999000000000000000e+03
-9.999000000000000000e+03
-9.999000000000000000e+03
-9.999000000000000000e+03
-9.999000000000000000e+03
-9.999000000000000000e+03
-3.749195113778114319e-02
1.127139758318662643e-02
6.279490143060684204e-02
9.827481210231781006e-02
1.215846240520477295e-01
1.007583513855934143e-01
-9.999000000000000000e+03
-9.999000000000000000e+03
-9.999000000000000000e+03
-9.999000000000000000e+03
-9.999000000000000000e+03
-9.999000000000000000e+03
-9.999000000000000000e+03
-9.999000000000000000e+03
-9.999000000000000000e+03
-9.999000000000000000e+03
-9.999000000000000000e+03
-9.999000000000000000e+03
-9.999000000000000000e+03
-9.999000000000000000e+03
-9.999000000000000000e+03
-9.999000000000000000e+03
-9.999000000000000000e+03
-9.999000000000000000e+03
-9.999000000000000000e+03
-9.999000000000000000e+03
-9.999000000000000000e+03
-9.999000000000000000e+03
-9.999000000000000000e+03
-9.999000000000000000e+03
-9.999000000000000000e+03
-1.132259960286319256e-03
1.729074865579605103e-02
8.396697789430618286e-02
-9.999000000000000000e+03
-9.999000000000000000e+03
-9.999000000000000000e+03
-9.999000000000000000e+03
-9.999000000000000000e+03
-9.999000000000000000e+03
-9.999000000000000000e+03
-9.999000000000000000e+03
-9.999000000000000000e+03
-9.999000000000000000e+03
-9.999000000000000000e+03
-9.999000000000000000e+03
-9.999000000000000000e+03
-9.999000000000000000e+03
-9.999000000000000000e+03
-9.999000000000000000e+03
-9.999000000000000000e+03
-9.999000000000000000e+03
-9.999000000000000000e+03
-9.999000000000000000e+03
-9.999000000000000000e+03
-9.999000000000000000e+03
-9.999000000000000000e+03
-9.999000000000000000e+03
-9.999000000000000000e+03
-9.999000000000000000e+03
-9.999000000000000000e+03
-9.999000000000000000e+03
