4.291173443198204041e-02
4.306064173579216003e-02
3.009894490242004395e-02
1.493683364242315292e-02
2.777963876724243164e-02
1.019806507974863052e-02
2.814707811921834946e-03
2.030189847573637962e-03
-3.286432009190320969e-03
7.235828787088394165e-03
-2.439192868769168854e-02
-9.999000000000000000e+03
-9.999000000000000000e+03
-9.999000000000000000e+03
-9.999000000000000000e+03
-9.999000000000000000e+03
-9.999000000000000000e+03
-9.999000000000000000e+03
-9.999000000000000000e+03
-9.999000000000000000e+03
-9.999000000000000000e+03
-9.999000000000000000e+03
-9.999000000000000000e+03
2.745646424591541290e-02
7.384227216243743896e-02
7.803567498922348022e-02
1.015284806489944458e-01
1.352157294750213623e-01
1.594644635915756226e-01
1.731844842433929443e-01
1.729676574468612671e-01
-1.918415911495685577e-02
-1.899521425366401672e-02
-3.263258188962936401e-02
-4.682656750082969666e-02
-4.157922416925430298e-02
-6.431630998849868774e-02
-6.931926310062408447e-02
-5.451444536447525024e-02
-4.441010206937789917e-02
-2.032228931784629822e-02
-1.404069457203149796e-02
-8.187769912183284760e-03
-9.999000000000000000e+03
-9.999000000000000000e+03
-9.999000000000000000e+03
-9.999000000000000000e+03
-9.999000000000000000e+03
-9.999000000000000000e+03
-9.999000000000000000e+03
-9.999000000000000000e+03
-9.999000000000000000e+03
5.942328274250030518e-02
7.635048031806945801e-02
6.856340914964675903e-02
9.788170456886291504e-02
9.509033709764480591e-02
1.042507067322731018e-01
1.170455589890480042e-01
1.259635984897613525e-01
1.441022157669067383e-01
1.535381972789764404e-01
-6.256458163261413574e-02
-7.203531265258789062e-02
-9.070695191621780396e-02
-1.105050966143608093e-01
-1.059258729219436646e-01
-1.166996657848358154e-01
-1.127993687987327576e-01
-9.022621065378189087e-02
-6.944236904382705688e-02
-4.977795481681823730e-02
-4.629184305667877197e-02
-3.226657211780548096e-02
-9.999000000000000000e+03
-9.999000000000000000e+03
-9.999000000000000000e+03
-9.999000000000000000e+03
-9.999000000000000000e+03
-9.999000000000000000e+03
-9.999000000000000000e+03
1.222448423504829407e-01
1.138497889041900635e-01
1.214994788169860840e-01
1.012545898556709290e-01
7.806397229433059692e-02
6.692188233137130737e-02
5.840408056974411011e-02
7.265136390924453735e-02
6.872840970754623413e-02
8.077187836170196533e-02
1.114034280180931091e-01
1.178918182849884033e-01
-9.658896923065185547e-02
-1.115274876356124878e-01
-1.296978294849395752e-01
-1.472717374563217163e-01
-1.518193483352661133e-01
-1.582616567611694336e-01
-1.414483934640884399e-01
-1.120281368494033813e-01
-9.141201525926589966e-02
-7.120599597692489624e-02
-6.882976740598678589e-02
-3.963208943605422974e-02
6.259278394281864166e-03
-9.999000000000000000e+03
-9.999000000000000000e+03
-9.999000000000000000e+03
9.949502348899841309e-02
1.391355395317077637e-01
1.753128468990325928e-01
1.538319587707519531e-01
1.291242092847824097e-01
1.078588217496871948e-01
5.649797990918159485e-02
2.565907128155231476e-02
-1.129984017461538315e-02
-4.065479710698127747e-02
-9.025483392179012299e-03
-8.787229657173156738e-03
1.794191077351570129e-02
5.758135765790939331e-02
8.312626183032989502e-02
-1.207007393240928650e-01
-1.371798366308212280e-01
-1.566478312015533447e-01
-1.638480126857757568e-01
-1.664263159036636353e-01
-1.648034751415252686e-01
-1.453546285629272461e-01
-1.189280152320861816e-01
-1.093939617276191711e-01
-9.627121686935424805e-02
-5.943250656127929688e-02
-1.562160160392522812e-02
2.357849106192588806e-02
5.114464089274406433e-02
6.904025375843048096e-02
1.054059416055679321e-01
1.100875362753868103e-01
1.006944403052330017e-01
1.020913273096084595e-01
6.274531036615371704e-02
4.173343628644943237e-02
6.997537566348910332e-04
-7.569921016693115234e-02
-8.799219876527786255e-02
-1.175843104720115662e-01
-1.133215874433517456e-01
-7.796439528465270996e-02
-4.997353628277778625e-02
-9.250503033399581909e-03
3.254831209778785706e-02
6.331805139780044556e-02
-1.366026699542999268e-01
-1.456492245197296143e-01
-1.522150486707687378e-01
-1.613644212484359741e-01
-1.599196791648864746e-01
-1.476643830537796021e-01
-1.344856321811676025e-01
-1.223724558949470520e-01
-1.166228055953979492e-01
-1.007247418165206909e-01
-5.041201412677764893e-02
9.016153402626514435e-03
3.151152282953262329e-02
4.340216517448425293e-02
4.272831976413726807e-02
5.450714752078056335e-02
3.241099044680595398e-02
-1.585916616022586823e-02
-4.364221915602684021e-02
-1.014645919203758240e-01
-1.229411810636520386e-01
-1.357779651880264282e-01
-1.635890603065490723e-01
-1.617348343133926392e-01
-1.578082889318466187e-01
-1.193094402551651001e-01
-8.650629222393035889e-02
-5.761042609810829163e-02
-2.758351899683475494e-02
3.671647282317280769e-03
2.599921450018882751e-02
-1.415209174156188965e-01
-1.536570340394973755e-01
-1.556161940097808838e-01
-1.540860533714294434e-01
-1.495976746082305908e-01
-1.377707123756408691e-01
-1.267682760953903198e-01
-1.275701075792312622e-01
-1.133841350674629211e-01
-7.797855883836746216e-02
-3.264418616890907288e-02
1.628565834835171700e-03
2.181506901979446411e-02
1.959996484220027924e-02
-1.502031087875366211e-02
-3.266642242670059204e-02
-7.402490824460983276e-02
-1.149541661143302917e-01
-1.299791187047958374e-01
-1.716840416193008423e-01
-1.860257089138031006e-01
-1.892883479595184326e-01
-1.794802397489547729e-01
-1.714862287044525146e-01
-1.537922471761703491e-01
-1.280116885900497437e-01
-8.768583834171295166e-02
-6.274358928203582764e-02
-4.595943912863731384e-02
-1.918365061283111572e-02
-8.927692659199237823e-03
-1.117239072918891907e-01
-1.453379243612289429e-01
-1.668842434883117676e-01
-1.526806652545928955e-01
-1.322110295295715332e-01
-1.151592358946800232e-01
-1.092670783400535583e-01
-1.130076795816421509e-01
-1.004494950175285339e-01
-6.642042845487594604e-02
-3.366640582680702209e-02
-2.594538591802120209e-02
-2.858602441847324371e-02
-4.344414919614791870e-02
-7.921516150236129761e-02
-9.786695986986160278e-02
-1.479011178016662598e-01
-1.781905889511108398e-01
-1.841981261968612671e-01
-1.850373446941375732e-01
-1.773624420166015625e-01
-1.751296520233154297e-01
-1.597264409065246582e-01
-1.576595753431320190e-01
-1.528893262147903442e-01
-1.513558924198150635e-01
-1.184705644845962524e-01
-9.997648000717163086e-02
-8.282103389501571655e-02
-5.174207687377929688e-02
-5.581934005022048950e-02
-9.646438062191009521e-02
-1.269925087690353394e-01
-1.461681276559829712e-01
-1.279771476984024048e-01
-1.125761047005653381e-01
-1.040810495615005493e-01
-9.738055616617202759e-02
-8.299272507429122925e-02
-6.635925918817520142e-02
-5.239087343215942383e-02
-4.834868386387825012e-02
-5.743388086557388306e-02
-9.375678747892379761e-02
-1.292169839143753052e-01
-1.508477628231048584e-01
-1.573851555585861206e-01
-1.808709800243377686e-01
-1.869117319583892822e-01
-1.835150569677352905e-01
-1.582743227481842041e-01
-1.345199495553970337e-01
-1.316182762384414673e-01
-1.086126565933227539e-01
-1.180547997355461121e-01
-9.412539750337600708e-02
-1.353609412908554077e-01
-1.408513188362121582e-01
-1.443718224763870239e-01
-1.278018206357955933e-01
-1.031795069575309753e-01
-1.031450554728507996e-01
-1.297096014022827148e-01
-1.145298779010772705e-01
-9.323975443840026855e-02
-7.112605869770050049e-02
-6.595475971698760986e-02
-5.972609296441078186e-02
-5.946661159396171570e-02
-6.113303080201148987e-02
-4.286753758788108826e-02
-3.979301452636718750e-02
-7.003937661647796631e-02
-1.133116558194160461e-01
-1.424750089645385742e-01
-1.582656651735305786e-01
-1.663775742053985596e-01
-1.727968901395797729e-01
-1.849246919155120850e-01
-1.270238012075424194e-01
-1.411277502775192261e-01
-1.057458743453025818e-01
-8.759494870901107788e-02
-9.999000000000000000e+03
-9.999000000000000000e+03
-9.999000000000000000e+03
-9.999000000000000000e+03
-9.999000000000000000e+03
-9.999000000000000000e+03
-1.657787859439849854e-01
-1.396987587213516235e-01
-1.415307819843292236e-01
-1.519928723573684692e-01
-1.264327168464660645e-01
-9.600315243005752563e-02
-7.771761715412139893e-02
-6.462196260690689087e-02
-5.741551145911216736e-02
-3.748540952801704407e-02
-3.251640126109123230e-02
-3.519531339406967163e-02
-2.910640090703964233e-02
-4.518679156899452209e-02
-8.426947891712188721e-02
-1.449537575244903564e-01
-1.557098031044006348e-01
-1.576372981071472168e-01
-1.543118059635162354e-01
-1.374413818120956421e-01
-1.182182654738426208e-01
-9.999000000000000000e+03
-9.999000000000000000e+03
-9.999000000000000000e+03
-9.999000000000000000e+03
-9.999000000000000000e+03
-9.999000000000000000e+03
-9.999000000000000000e+03
-9.999000000000000000e+03
-9.999000000000000000e+03
-9.999000000000000000e+03
-8.190661668777465820e-02
-1.157676801085472107e-01
-1.471420079469680786e-01
-1.676518172025680542e-01
-1.018814742565155029e-01
-9.331797063350677490e-02
-7.601213455200195312e-02
-6.637205928564071655e-02
-5.536129698157310486e-02
-4.366529732942581177e-02
-3.539245203137397766e-02
-2.695415541529655457e-02
-3.691743314266204834e-02
-8.588637411594390869e-02
-1.180992871522903442e-01
-1.407376825809478760e-01
-1.408489793539047241e-01
-1.447216868400573730e-01
-8.753798902034759521e-02
-9.120927006006240845e-02
-9.999000000000000000e+03
-9.999000000000000000e+03
-9.999000000000000000e+03
-9.999000000000000000e+03
-9.999000000000000000e+03
-9.999000000000000000e+03
-9.999000000000000000e+03
-9.999000000000000000e+03
-9.999000000000000000e+03
-9.999000000000000000e+03
-9.999000000000000000e+03
-9.999000000000000000e+03
-5.920024588704109192e-02
-1.297994107007980347e-01
-1.736816018819808960e-01
-1.386379003524780273e-01
-1.260944157838821411e-01
-1.029705703258514404e-01
-8.284945040941238403e-02
-6.137734279036521912e-02
-5.581547692418098450e-02
-5.303373560309410095e-02
-5.493318289518356323e-02
-8.118472993373870850e-02
-1.145586892962455750e-01
-1.294676512479782104e-01
-1.243640035390853882e-01
-9.051496535539627075e-02
-9.842977672815322876e-02
-9.999000000000000000e+03
-9.999000000000000000e+03
-9.999000000000000000e+03
-9.999000000000000000e+03
-9.999000000000000000e+03
-9.999000000000000000e+03
-9.999000000000000000e+03
-9.999000000000000000e+03
-9.999000000000000000e+03
-9.999000000000000000e+03
-9.999000000000000000e+03
-9.999000000000000000e+03
-9.999000000000000000e+03
-9.999000000000000000e+03
-9.999000000000000000e+03
-8.294055610895156860e-02
-1.333962678909301758e-01
-9.999000000000000000e+03
-9.464935213327407837e-02
-1.037876531481742859e-01
-8.579615503549575806e-02
-7.540046423673629761e-02
-7.730928063392639160e-02
-9.652260690927505493e-02
-1.038570031523704529e-01
-1.189782917499542236e-01
-1.129419729113578796e-01
-1.060113459825515747e-01
-8.044850826263427734e-02
-6.980466097593307495e-02
-9.999000000000000000e+03
-9.999000000000000000e+03
-9.999000000000000000e+03
-9.999000000000000000e+03
-9.999000000000000000e+03
-9.999000000000000000e+03
-9.999000000000000000e+03
-9.999000000000000000e+03
-9.999000000000000000e+03
-9.999000000000000000e+03
-9.999000000000000000e+03
-9.999000000000000000e+03
-9.999000000000000000e+03
-9.999000000000000000e+03
-9.999000000000000000e+03
-9.999000000000000000e+03
-4.087581858038902283e-02
-7.985247671604156494e-02
-9.999000000000000000e+03
-9.999000000000000000e+03
-9.142377972602844238e-02
-7.585784047842025757e-02
-7.293483614921569824e-02
-8.324100077152252197e-02
-9.818165749311447144e-02
-1.115279942750930786e-01
-9.939029812812805176e-02
-6.563311070203781128e-02
-5.791716277599334717e-02
-3.047142177820205688e-02
-9.999000000000000000e+03
-9.999000000000000000e+03
-9.999000000000000000e+03
-9.999000000000000000e+03
-9.999000000000000000e+03
-9.999000000000000000e+03
-9.999000000000000000e+03
-9.999000000000000000e+03
-9.999000000000000000e+03
-9.999000000000000000e+03
-9.999000000000000000e+03
-9.999000000000000000e+03
-9.999000000000000000e+03
-9.999000000000000000e+03
-9.999000000000000000e+03
-9.999000000000000000e+03
-9.999000000000000000e+03
-1.170594152063131332e-02
-2.354053407907485962e-02
-9.999000000000000000e+03
-9.999000000000000000e+03
-5.563600733876228333e-02
-6.001762300729751587e-02
-5.051486939191818237e-02
-5.206271260976791382e-02
-5.804610997438430786e-02
-7.291587442159652710e-02
-7.841183245182037354e-02
-7.653257250785827637e-02
-4.875817894935607910e-02
-3.079956583678722382e-02
-9.999000000000000000e+03
-9.999000000000000000e+03
-9.999000000000000000e+03
-9.999000000000000000e+03
-9.999000000000000000e+03
-9.999000000000000000e+03
-9.999000000000000000e+03
-9.999000000000000000e+03
-9.999000000000000000e+03
-9.999000000000000000e+03
-9.999000000000000000e+03
-9.999000000000000000e+03
-9.999000000000000000e+03
-9.999000000000000000e+03
-9.999000000000000000e+03
-9.999000000000000000e+03
-9.999000000000000000e+03
-9.999000000000000000e+03
-9.999000000000000000e+03
-9.999000000000000000e+03
-9.999000000000000000e+03
-1.957695186138153076e-02
-1.225228607654571533e-02
-9.405536577105522156e-03
-9.860451333224773407e-03
-6.252160761505365372e-03
-3.098292276263237000e-02
-6.654682010412216187e-02
-9.651502966880798340e-02
-8.917572349309921265e-02
-7.305373996496200562e-02
-9.999000000000000000e+03
-9.999000000000000000e+03
-9.999000000000000000e+03
-9.999000000000000000e+03
-9.999000000000000000e+03
-9.999000000000000000e+03
-9.999000000000000000e+03
-9.999000000000000000e+03
-9.999000000000000000e+03
-9.999000000000000000e+03
-9.999000000000000000e+03
-9.999000000000000000e+03
-9.999000000000000000e+03
-9.999000000000000000e+03
-9.999000000000000000e+03
-9.999000000000000000e+03
-9.999000000000000000e+03
-9.999000000000000000e+03
-9.999000000000000000e+03
-9.999000000000000000e+03
-9.999000000000000000e+03
-9.999000000000000000e+03
-2.049554698169231415e-02
-1.900279149413108826e-02
9.452399797737598419e-03
4.374929517507553101e-02
3.978407382965087891e-02
1.501860842108726501e-02
1.537791639566421509e-02
-5.419544130563735962e-02
-9.999000000000000000e+03
-9.999000000000000000e+03
-9.999000000000000000e+03
-9.999000000000000000e+03
-9.999000000000000000e+03
-9.999000000000000000e+03
-9.999000000000000000e+03
-9.999000000000000000e+03
-9.999000000000000000e+03
-9.999000000000000000e+03
-9.999000000000000000e+03
-9.999000000000000000e+03
-9.999000000000000000e+03
-9.999000000000000000e+03
-9.999000000000000000e+03
-9.999000000000000000e+03
-9.999000000000000000e+03
-9.999000000000000000e+03
-9.999000000000000000e+03
-9.999000000000000000e+03
-9.999000000000000000e+03
-9.999000000000000000e+03
-9.999000000000000000e+03
-1.877911947667598724e-02
-3.692316636443138123e-02
-1.570393145084381104e-02
1.807216741144657135e-02
7.211381942033767700e-02
6.828708946704864502e-02
1.501431912183761597e-01
1.685257852077484131e-01
1.065847352147102356e-01
-9.999000000000000000e+03
-9.999000000000000000e+03
-9.999000000000000000e+03
-9.999000000000000000e+03
-9.999000000000000000e+03
-9.999000000000000000e+03
-9.999000000000000000e+03
-9.999000000000000000e+03
-9.999000000000000000e+03
-9.999000000000000000e+03
-9.999000000000000000e+03
-9.999000000000000000e+03
-9.999000000000000000e+03
-9.999000000000000000e+03
-9.999000000000000000e+03
-9.999000000000000000e+03
-9.999000000000000000e+03
-9.999000000000000000e+03
-9.999000000000000000e+03
-9.999000000000000000e+03
-9.999000000000000000e+03
-9.999000000000000000e+03
-9.999000000000000000e+03
-4.768036678433418274e-02
-3.352686017751693726e-02
-3.391265636309981346e-03
6.025741621851921082e-02
1.164014786481857300e-01
1.251928508281707764e-01
1.877880394458770752e-01
1.637598425149917603e-01
-9.999000000000000000e+03
-9.999000000000000000e+03
-9.999000000000000000e+03
-9.999000000000000000e+03
-9.999000000000000000e+03
-9.999000000000000000e+03
-9.999000000000000000e+03
-9.999000000000000000e+03
-9.999000000000000000e+03
-9.999000000000000000e+03
-9.999000000000000000e+03
-9.999000000000000000e+03
-9.999000000000000000e+03
-9.999000000000000000e+03
-9.999000000000000000e+03
-9.999000000000000000e+03
-9.999000000000000000e+03
-9.999000000000000000e+03
-9.999000000000000000e+03
-9.999000000000000000e+03
-9.999000000000000000e+03
-9.999000000000000000e+03
-9.999000000000000000e+03
-4.225692152976989746e-02
-5.254626274108886719e-02
-3.916314616799354553e-02
-4.627400636672973633e-02
-2.096684277057647705e-02
-6.753917783498764038e-02
-1.667412556707859039e-02
6.870947033166885376e-02
9.421194344758987427e-02
-9.999000000000000000e+03
-9.999000000000000000e+03
-9.999000000000000000e+03
-9.999000000000000000e+03
-9.999000000000000000e+03
-9.999000000000000000e+03
-9.999000000000000000e+03
-9.999000000000000000e+03
-9.999000000000000000e+03
-9.999000000000000000e+03
-9.999000000000000000e+03
-9.999000000000000000e+03
-9.999000000000000000e+03
-9.999000000000000000e+03
-9.999000000000000000e+03
-9.999000000000000000e+03
-9.999000000000000000e+03
-9.999000000000000000e+03
-9.999000000000000000e+03
-9.999000000000000000e+03
-9.999000000000000000e+03
-9.999000000000000000e+03
-2.758268825709819794e-02
-6.991643458604812622e-02
-7.466693222522735596e-02
-7.504324615001678467e-02
-9.804199635982513428e-02
-1.085487455129623413e-01
-9.329726547002792358e-02
-9.602975100278854370e-02
-3.072616644203662872e-02
5.588076263666152954e-02
6.918734312057495117e-02
2.881774678826332092e-02
9.428334422409534454e-03
-9.999000000000000000e+03
-9.999000000000000000e+03
-9.999000000000000000e+03
-9.999000000000000000e+03
-9.999000000000000000e+03
-9.999000000000000000e+03
-9.999000000000000000e+03
-9.999000000000000000e+03
-9.999000000000000000e+03
-9.999000000000000000e+03
-9.999000000000000000e+03
-9.999000000000000000e+03
-9.999000000000000000e+03
-9.999000000000000000e+03
-9.999000000000000000e+03
-9.999000000000000000e+03
-9.999000000000000000e+03
-3.350666537880897522e-02
-3.317381441593170166e-02
-4.512609913945198059e-02
-2.267194353044033051e-02
-2.115943282842636108e-02
-4.131836816668510437e-02
-4.137236624956130981e-02
-4.238243401050567627e-02
-4.537471011281013489e-02
-1.831214129924774170e-02
1.328473445028066635e-02
2.451398037374019623e-02
-2.451677282806485891e-04
-9.667671285569667816e-03
-9.999000000000000000e+03
-9.999000000000000000e+03
-9.999000000000000000e+03
-9.999000000000000000e+03
-9.999000000000000000e+03
-9.999000000000000000e+03
-9.999000000000000000e+03
-9.999000000000000000e+03
-9.999000000000000000e+03
-9.999000000000000000e+03
-9.999000000000000000e+03
-9.999000000000000000e+03
-9.999000000000000000e+03
-9.999000000000000000e+03
-9.999000000000000000e+03
-3.366237506270408630e-02
-3.277026489377021790e-02
-6.323325634002685547e-02
-4.585663229227066040e-02
-1.783357001841068268e-02
8.733017370104789734e-03
1.905685104429721832e-02
1.428283378481864929e-02
4.599537234753370285e-03
-1.094869803637266159e-02
-9.770443663001060486e-03
6.496790330857038498e-03
1.402689516544342041e-02
-4.067786969244480133e-03
-9.999000000000000000e+03
-9.999000000000000000e+03
-9.999000000000000000e+03
-9.999000000000000000e+03
-9.999000000000000000e+03
-9.999000000000000000e+03
-9.999000000000000000e+03
-9.999000000000000000e+03
-9.999000000000000000e+03
-9.999000000000000000e+03
-9.999000000000000000e+03
-9.999000000000000000e+03
-9.999000000000000000e+03
-9.999000000000000000e+03
-9.999000000000000000e+03
-9.999000000000000000e+03
-4.155217856168746948e-02
-5.844800919294357300e-02
-6.391457468271255493e-02
-7.711961120367050171e-02
-6.612284481525421143e-02
-2.229825966060161591e-02
7.615859154611825943e-03
1.413993630558252335e-02
1.348085980862379074e-02
-8.988234330900013447e-04
-2.915610931813716888e-02
-4.180968925356864929e-02
-2.847659960389137268e-02
-4.485491197556257248e-03
-9.999000000000000000e+03
-9.999000000000000000e+03
-9.999000000000000000e+03
-9.999000000000000000e+03
-9.999000000000000000e+03
-9.999000000000000000e+03
-9.999000000000000000e+03
-9.999000000000000000e+03
-9.999000000000000000e+03
-9.999000000000000000e+03
-9.999000000000000000e+03
-9.999000000000000000e+03
-9.999000000000000000e+03
-9.999000000000000000e+03
-9.999000000000000000e+03
-9.999000000000000000e+03
-9.999000000000000000e+03
-4.705317690968513489e-02
-7.523526996374130249e-02
-9.100228548049926758e-02
-8.077109605073928833e-02
-5.467444285750389099e-02
-3.079948201775550842e-02
-1.277392171323299408e-02
-7.786450907588005066e-03
-2.037503058090806007e-03
1.466936804354190826e-02
-6.761739961802959442e-03
-2.866862900555133820e-02
-1.501596346497535706e-02
-1.417880225926637650e-02
-9.999000000000000000e+03
-9.999000000000000000e+03
-9.999000000000000000e+03
-9.999000000000000000e+03
-9.999000000000000000e+03
-9.999000000000000000e+03
-9.999000000000000000e+03
-9.999000000000000000e+03
-9.999000000000000000e+03
-9.999000000000000000e+03
-9.999000000000000000e+03
-9.999000000000000000e+03
-9.999000000000000000e+03
-9.999000000000000000e+03
-9.999000000000000000e+03
-9.999000000000000000e+03
-9.999000000000000000e+03
-8.078666776418685913e-02
-8.931149542331695557e-02
-8.553951978683471680e-02
-6.927382200956344604e-02
-4.316490888595581055e-02
-1.907624676823616028e-02
-5.567606072872877121e-03
-3.037047106772661209e-03
-3.730467520654201508e-03
5.986856762319803238e-03
-4.084106330992653966e-05
7.451822049915790558e-03
1.311212312430143356e-02
-9.999000000000000000e+03
-9.999000000000000000e+03
-9.999000000000000000e+03
-9.999000000000000000e+03
-9.999000000000000000e+03
-9.999000000000000000e+03
-9.999000000000000000e+03
-9.999000000000000000e+03
-9.999000000000000000e+03
-9.999000000000000000e+03
-9.999000000000000000e+03
-9.999000000000000000e+03
-9.999000000000000000e+03
-9.999000000000000000e+03
-9.999000000000000000e+03
-9.999000000000000000e+03
-9.999000000000000000e+03
-9.999000000000000000e+03
-6.123011931777000427e-02
-5.728602036833763123e-02
-5.106488242745399475e-02
-4.056821763515472412e-02
-1.626605726778507233e-02
7.080554962158203125e-03
2.658938057720661163e-02
3.921545296907424927e-02
1.339538954198360443e-02
4.380881000543013215e-05
-6.510269362479448318e-03
-8.529502898454666138e-03
-9.999000000000000000e+03
-9.999000000000000000e+03
-9.999000000000000000e+03
-9.999000000000000000e+03
-9.999000000000000000e+03
-9.999000000000000000e+03
-9.999000000000000000e+03
-9.999000000000000000e+03
-9.999000000000000000e+03
-9.999000000000000000e+03
-9.999000000000000000e+03
-9.999000000000000000e+03
-9.999000000000000000e+03
-9.999000000000000000e+03
-9.999000000000000000e+03
-9.999000000000000000e+03
-9.999000000000000000e+03
-9.999000000000000000e+03
-9.999000000000000000e+03
-2.396308258175849915e-02
-1.237768959254026413e-02
-1.318503729999065399e-02
-1.740876212716102600e-02
3.147308900952339172e-02
5.505090206861495972e-02
6.682927906513214111e-02
5.069039389491081238e-02
3.148761019110679626e-02
1.256895903497934341e-02
-9.999000000000000000e+03
-9.999000000000000000e+03
-9.999000000000000000e+03
-9.999000000000000000e+03
-9.999000000000000000e+03
-9.999000000000000000e+03
-9.999000000000000000e+03
-9.999000000000000000e+03
-9.999000000000000000e+03
-9.999000000000000000e+03
-9.999000000000000000e+03
-9.999000000000000000e+03
-9.999000000000000000e+03
-9.999000000000000000e+03
-9.999000000000000000e+03
-9.999000000000000000e+03
-9.999000000000000000e+03
-9.999000000000000000e+03
-9.999000000000000000e+03
-9.999000000000000000e+03
-9.999000000000000000e+03
-1.305268611758947372e-02
2.130699530243873596e-02
3.441986814141273499e-02
4.265551269054412842e-02
5.573863536119461060e-02
5.647005513310432434e-02
-9.999000000000000000e+03
-9.999000000000000000e+03
-9.999000000000000000e+03
-9.999000000000000000e+03
-9.999000000000000000e+03
-9.999000000000000000e+03
-9.999000000000000000e+03
-9.999000000000000000e+03
-9.999000000000000000e+03
-9.999000000000000000e+03
-9.999000000000000000e+03
-9.999000000000000000e+03
-9.999000000000000000e+03
-9.999000000000000000e+03
-9.999000000000000000e+03
-9.999000000000000000e+03
-9.999000000000000000e+03
-9.999000000000000000e+03
-9.999000000000000000e+03
-9.999000000000000000e+03
-9.999000000000000000e+03
-9.999000000000000000e+03
-9.999000000000000000e+03
-9.999000000000000000e+03
-9.999000000000000000e+03
-2.364010922610759735e-02
-1.747535075992345810e-03
3.852227330207824707e-02
-9.999000000000000000e+03
-9.999000000000000000e+03
-9.999000000000000000e+03
-9.999000000000000000e+03
-9.999000000000000000e+03
-9.999000000000000000e+03
-9.999000000000000000e+03
-9.999000000000000000e+03
-9.999000000000000000e+03
-9.999000000000000000e+03
-9.999000000000000000e+03
-9.999000000000000000e+03
-9.999000000000000000e+03
-9.999000000000000000e+03
-9.999000000000000000e+03
-9.999000000000000000e+03
-9.999000000000000000e+03
-9.999000000000000000e+03
-9.999000000000000000e+03
-9.999000000000000000e+03
-9.999000000000000000e+03
-9.999000000000000000e+03
-9.999000000000000000e+03
-9.999000000000000000e+03
-9.999000000000000000e+03
-9.999000000000000000e+03
-9.999000000000000000e+03
-9.999000000000000000e+03
