1.084533929824829102e-01
1.119328141212463379e-01
9.153826534748077393e-02
7.626903802156448364e-02
8.227307349443435669e-02
6.785324215888977051e-02
5.527923628687858582e-02
4.145615175366401672e-02
1.195944473147392273e-02
-1.114122662693262100e-02
-5.362837016582489014e-02
-9.999000000000000000e+03
-9.999000000000000000e+03
-9.999000000000000000e+03
-9.999000000000000000e+03
-9.999000000000000000e+03
-9.999000000000000000e+03
-9.999000000000000000e+03
-9.999000000000000000e+03
-9.999000000000000000e+03
-9.999000000000000000e+03
-9.999000000000000000e+03
-9.999000000000000000e+03
-3.041151724755764008e-02
-4.076457768678665161e-02
-1.023634895682334900e-02
1.198730804026126862e-02
5.322973057627677917e-02
8.844435214996337891e-02
1.101429834961891174e-01
1.176807656884193420e-01
4.218317568302154541e-02
5.022143945097923279e-02
4.483811184763908386e-02
3.586570918560028076e-02
3.591050207614898682e-02
2.116628922522068024e-02
1.840083627030253410e-03
-6.803824566304683685e-03
-2.621114626526832581e-02
-3.092474862933158875e-02
-3.544095903635025024e-02
-1.973012462258338928e-02
-9.999000000000000000e+03
-9.999000000000000000e+03
-9.999000000000000000e+03
-9.999000000000000000e+03
-9.999000000000000000e+03
-9.999000000000000000e+03
-9.999000000000000000e+03
-9.999000000000000000e+03
-9.999000000000000000e+03
1.818481832742691040e-02
3.185888007283210754e-02
2.140804566442966461e-02
3.667002171277999878e-02
3.970345482230186462e-02
5.761445686221122742e-02
8.387234807014465332e-02
1.016527861356735229e-01
1.110647320747375488e-01
1.242692694067955017e-01
-1.702738180756568909e-02
-1.024470757693052292e-02
-1.196376793086528778e-02
-2.976571582257747650e-02
-2.130065672099590302e-02
-3.996200114488601685e-02
-5.030240863561630249e-02
-4.640566185116767883e-02
-5.904792249202728271e-02
-4.841280356049537659e-02
-3.460148721933364868e-02
-1.662313193082809448e-02
-9.999000000000000000e+03
-9.999000000000000000e+03
-9.999000000000000000e+03
-9.999000000000000000e+03
-9.999000000000000000e+03
-9.999000000000000000e+03
-9.999000000000000000e+03
4.565386101603507996e-02
4.125421866774559021e-02
4.953767731785774231e-02
6.316036731004714966e-02
6.068447232246398926e-02
5.560528114438056946e-02
6.371571123600006104e-02
7.931206375360488892e-02
9.022375196218490601e-02
1.060148552060127258e-01
1.280539780855178833e-01
1.462902873754501343e-01
-9.060617536306381226e-02
-8.401457965373992920e-02
-8.743691444396972656e-02
-1.027370318770408630e-01
-1.031323149800300598e-01
-1.250347793102264404e-01
-1.251890957355499268e-01
-1.037523671984672546e-01
-9.415624290704727173e-02
-6.393362581729888916e-02
-4.049338400363922119e-02
-1.372391078621149063e-02
1.450208760797977448e-02
-9.999000000000000000e+03
-9.999000000000000000e+03
-9.999000000000000000e+03
3.331968933343887329e-02
4.256289079785346985e-02
5.549465492367744446e-02
4.235785081982612610e-02
2.461003512144088745e-02
2.107484638690948486e-02
7.867964450269937515e-04
1.822858862578868866e-02
2.033977583050727844e-02
1.552222948521375656e-02
6.019729375839233398e-02
7.583807408809661865e-02
9.621868282556533813e-02
1.144998073577880859e-01
1.249006763100624084e-01
-1.623862087726593018e-01
-1.623331308364868164e-01
-1.692946553230285645e-01
-1.816129088401794434e-01
-1.760742217302322388e-01
-1.802900880575180054e-01
-1.704539507627487183e-01
-1.434183120727539062e-01
-1.205075383186340332e-01
-7.999921590089797974e-02
-3.760757297277450562e-02
-3.401473164558410645e-03
2.576718851923942566e-02
4.034294933080673218e-02
5.708517506718635559e-02
5.094991996884346008e-02
3.713936358690261841e-02
7.705293130129575729e-03
-5.716423038393259048e-03
-4.511714726686477661e-02
-5.955547466874122620e-02
-9.601616114377975464e-02
-1.125940978527069092e-01
-8.305917680263519287e-02
-7.414942234754562378e-02
-4.915990307927131653e-02
-5.073767621070146561e-03
3.309333696961402893e-02
7.405798137187957764e-02
1.038977876305580139e-01
1.176807358860969543e-01
-1.955150514841079712e-01
-2.039299011230468750e-01
-2.165314555168151855e-01
-2.277777791023254395e-01
-2.263883352279663086e-01
-2.183942347764968872e-01
-1.948108375072479248e-01
-1.604873239994049072e-01
-1.329548954963684082e-01
-8.891443163156509399e-02
-3.753416240215301514e-02
1.349622197449207306e-02
3.988223895430564880e-02
4.997412487864494324e-02
4.159847274422645569e-02
2.980439178645610809e-02
-1.005786843597888947e-02
-8.146443217992782593e-02
-1.219297125935554504e-01
-1.737225800752639771e-01
-1.843628436326980591e-01
-1.802636831998825073e-01
-1.861214935779571533e-01
-1.537924557924270630e-01
-1.319733709096908569e-01
-1.141889318823814392e-01
-4.734905436635017395e-02
-1.247584261000156403e-02
3.013579919934272766e-02
7.887021452188491821e-02
9.617971628904342651e-02
-2.091012299060821533e-01
-2.186103612184524536e-01
-2.345061302185058594e-01
-2.386731803417205811e-01
-2.371068745851516724e-01
-2.311486005783081055e-01
-2.025865465402603149e-01
-1.635840982198715210e-01
-1.200244128704071045e-01
-8.150231838226318359e-02
-4.105690494179725647e-02
-1.239410415291786194e-02
2.279479987919330597e-02
3.501408547163009644e-02
-1.174337603151798248e-02
-5.637327581644058228e-02
-1.228574141860008240e-01
-1.795365214347839355e-01
-2.021499872207641602e-01
-2.357118874788284302e-01
-2.400805503129959106e-01
-2.455781400203704834e-01
-2.604221999645233154e-01
-2.446352690458297729e-01
-2.319800853729248047e-01
-2.107375711202621460e-01
-1.385417729616165161e-01
-1.023196130990982056e-01
-5.820133909583091736e-02
4.295571241527795792e-03
2.882971614599227905e-02
-2.069839239120483398e-01
-2.078909873962402344e-01
-2.219596356153488159e-01
-2.176516354084014893e-01
-2.093022316694259644e-01
-1.929022967815399170e-01
-1.703455448150634766e-01
-1.554483175277709961e-01
-1.231820136308670044e-01
-8.612217754125595093e-02
-5.883224681019783020e-02
-4.349803179502487183e-02
-3.218194842338562012e-02
-3.847054019570350647e-02
-8.528735488653182983e-02
-1.281252354383468628e-01
-2.025381773710250854e-01
-2.295859158039093018e-01
-2.390801608562469482e-01
-2.393425703048706055e-01
-2.340456396341323853e-01
-2.473579496145248413e-01
-2.461491078138351440e-01
-2.525558173656463623e-01
-2.795889973640441895e-01
-2.770918011665344238e-01
-2.190272063016891479e-01
-1.786382794380187988e-01
-1.365563869476318359e-01
-7.955342531204223633e-02
-5.740198493003845215e-02
-1.899669915437698364e-01
-1.839025020599365234e-01
-1.865657418966293335e-01
-1.791820824146270752e-01
-1.759829819202423096e-01
-1.508063077926635742e-01
-1.383101344108581543e-01
-1.231702044606208801e-01
-1.026764959096908569e-01
-8.662280440330505371e-02
-7.555421441793441772e-02
-6.870252639055252075e-02
-8.856668323278427124e-02
-1.267587095499038696e-01
-1.795929968357086182e-01
-1.971218287944793701e-01
-2.222278863191604614e-01
-2.197438329458236694e-01
-2.182075232267379761e-01
-1.939110159873962402e-01
-1.558795124292373657e-01
-1.497701555490493774e-01
-1.169511675834655762e-01
-1.449988484382629395e-01
-1.232604384422302246e-01
-2.230618447065353394e-01
-2.213945388793945312e-01
-2.124623209238052368e-01
-1.768607348203659058e-01
-1.360428631305694580e-01
-1.141383200883865356e-01
-1.614420562982559204e-01
-1.517323106527328491e-01
-1.534815430641174316e-01
-1.453552693128585815e-01
-1.439002454280853271e-01
-1.340199857950210571e-01
-1.203941702842712402e-01
-1.085591092705726624e-01
-9.056142717599868774e-02
-9.441766887903213501e-02
-1.068827658891677856e-01
-1.358800977468490601e-01
-1.590994894504547119e-01
-1.826749593019485474e-01
-2.114916592836380005e-01
-2.151293605566024780e-01
-2.139222025871276855e-01
-1.490964144468307495e-01
-1.641860008239746094e-01
-1.172566786408424377e-01
-8.789398521184921265e-02
-9.999000000000000000e+03
-9.999000000000000000e+03
-9.999000000000000000e+03
-9.999000000000000000e+03
-9.999000000000000000e+03
-9.999000000000000000e+03
-2.319810092449188232e-01
-2.045666128396987915e-01
-1.715885102748870850e-01
-1.561809927225112915e-01
-1.222837269306182861e-01
-1.085596606135368347e-01
-1.116252094507217407e-01
-1.072941794991493225e-01
-1.147989705204963684e-01
-1.155151873826980591e-01
-1.022917926311492920e-01
-9.390578418970108032e-02
-9.873861074447631836e-02
-1.255066692829132080e-01
-1.474605500698089600e-01
-1.906949132680892944e-01
-2.014254182577133179e-01
-2.093801051378250122e-01
-2.001054733991622925e-01
-1.716062277555465698e-01
-1.412847638130187988e-01
-9.999000000000000000e+03
-9.999000000000000000e+03
-9.999000000000000000e+03
-9.999000000000000000e+03
-9.999000000000000000e+03
-9.999000000000000000e+03
-9.999000000000000000e+03
-9.999000000000000000e+03
-9.999000000000000000e+03
-9.999000000000000000e+03
-1.269424259662628174e-01
-1.817512959241867065e-01
-2.102176994085311890e-01
-2.056151330471038818e-01
-1.308595985174179077e-01
-1.079853400588035583e-01
-9.260036796331405640e-02
-8.479453623294830322e-02
-8.394371718168258667e-02
-9.206505864858627319e-02
-9.360333532094955444e-02
-9.161826968193054199e-02
-1.241145953536033630e-01
-1.621019989252090454e-01
-1.790208369493484497e-01
-1.882627606391906738e-01
-1.859147399663925171e-01
-1.912975907325744629e-01
-1.070205569267272949e-01
-1.126303225755691528e-01
-9.999000000000000000e+03
-9.999000000000000000e+03
-9.999000000000000000e+03
-9.999000000000000000e+03
-9.999000000000000000e+03
-9.999000000000000000e+03
-9.999000000000000000e+03
-9.999000000000000000e+03
-9.999000000000000000e+03
-9.999000000000000000e+03
-9.999000000000000000e+03
-9.999000000000000000e+03
-1.126731336116790771e-01
-2.096215635538101196e-01
-2.360690683126449585e-01
-1.588538438081741333e-01
-1.360779553651809692e-01
-1.085815280675888062e-01
-8.243245631456375122e-02
-7.334900647401809692e-02
-7.505202293395996094e-02
-7.237835973501205444e-02
-9.302885830402374268e-02
-1.267979592084884644e-01
-1.493370532989501953e-01
-1.636245548725128174e-01
-1.621305048465728760e-01
-1.131554022431373596e-01
-1.258478760719299316e-01
-9.999000000000000000e+03
-9.999000000000000000e+03
-9.999000000000000000e+03
-9.999000000000000000e+03
-9.999000000000000000e+03
-9.999000000000000000e+03
-9.999000000000000000e+03
-9.999000000000000000e+03
-9.999000000000000000e+03
-9.999000000000000000e+03
-9.999000000000000000e+03
-9.999000000000000000e+03
-9.999000000000000000e+03
-9.999000000000000000e+03
-9.999000000000000000e+03
-1.773111075162887573e-01
-2.399088442325592041e-01
-9.999000000000000000e+03
-9.594532102346420288e-02
-1.125067770481109619e-01
-9.139652550220489502e-02
-7.123654335737228394e-02
-6.718251109123229980e-02
-6.763865053653717041e-02
-9.883220493793487549e-02
-1.191839650273323059e-01
-1.181154027581214905e-01
-1.244337633252143860e-01
-1.088661029934883118e-01
-8.505277335643768311e-02
-9.999000000000000000e+03
-9.999000000000000000e+03
-9.999000000000000000e+03
-9.999000000000000000e+03
-9.999000000000000000e+03
-9.999000000000000000e+03
-9.999000000000000000e+03
-9.999000000000000000e+03
-9.999000000000000000e+03
-9.999000000000000000e+03
-9.999000000000000000e+03
-9.999000000000000000e+03
-9.999000000000000000e+03
-9.999000000000000000e+03
-9.999000000000000000e+03
-9.999000000000000000e+03
-1.328683197498321533e-01
-1.962713450193405151e-01
-9.999000000000000000e+03
-9.999000000000000000e+03
-1.037553474307060242e-01
-9.009672701358795166e-02
-7.165957242250442505e-02
-6.510901451110839844e-02
-7.926151156425476074e-02
-9.523452818393707275e-02
-9.348333626985549927e-02
-8.673226088285446167e-02
-8.728929609060287476e-02
-4.225822538137435913e-02
-9.999000000000000000e+03
-9.999000000000000000e+03
-9.999000000000000000e+03
-9.999000000000000000e+03
-9.999000000000000000e+03
-9.999000000000000000e+03
-9.999000000000000000e+03
-9.999000000000000000e+03
-9.999000000000000000e+03
-9.999000000000000000e+03
-9.999000000000000000e+03
-9.999000000000000000e+03
-9.999000000000000000e+03
-9.999000000000000000e+03
-9.999000000000000000e+03
-9.999000000000000000e+03
-9.999000000000000000e+03
-6.783735752105712891e-02
-1.088485419750213623e-01
-9.999000000000000000e+03
-9.999000000000000000e+03
-6.556226313114166260e-02
-7.297128438949584961e-02
-6.427101790904998779e-02
-5.558239296078681946e-02
-6.027600169181823730e-02
-5.911502614617347717e-02
-6.107829511165618896e-02
-4.903921112418174744e-02
-4.839852079749107361e-02
-3.314205259084701538e-02
-9.999000000000000000e+03
-9.999000000000000000e+03
-9.999000000000000000e+03
-9.999000000000000000e+03
-9.999000000000000000e+03
-9.999000000000000000e+03
-9.999000000000000000e+03
-9.999000000000000000e+03
-9.999000000000000000e+03
-9.999000000000000000e+03
-9.999000000000000000e+03
-9.999000000000000000e+03
-9.999000000000000000e+03
-9.999000000000000000e+03
-9.999000000000000000e+03
-9.999000000000000000e+03
-9.999000000000000000e+03
-9.999000000000000000e+03
-9.999000000000000000e+03
-9.999000000000000000e+03
-9.999000000000000000e+03
-4.088214412331581116e-02
-5.347811803221702576e-02
-3.922093287110328674e-02
-3.679905459284782410e-02
-2.082021534442901611e-02
-1.812770590186119080e-02
-1.221656799316406250e-02
8.131417562253773212e-04
-1.453359704464673996e-02
-1.562107261270284653e-02
-9.999000000000000000e+03
-9.999000000000000000e+03
-9.999000000000000000e+03
-9.999000000000000000e+03
-9.999000000000000000e+03
-9.999000000000000000e+03
-9.999000000000000000e+03
-9.999000000000000000e+03
-9.999000000000000000e+03
-9.999000000000000000e+03
-9.999000000000000000e+03
-9.999000000000000000e+03
-9.999000000000000000e+03
-9.999000000000000000e+03
-9.999000000000000000e+03
-9.999000000000000000e+03
-9.999000000000000000e+03
-9.999000000000000000e+03
-9.999000000000000000e+03
-9.999000000000000000e+03
-9.999000000000000000e+03
-9.999000000000000000e+03
-3.408264368772506714e-02
-3.843128308653831482e-02
-1.631511002779006958e-02
3.962750360369682312e-02
2.646466903388500214e-02
2.351625822484493256e-02
5.246841162443161011e-02
3.875622153282165527e-02
-9.999000000000000000e+03
-9.999000000000000000e+03
-9.999000000000000000e+03
-9.999000000000000000e+03
-9.999000000000000000e+03
-9.999000000000000000e+03
-9.999000000000000000e+03
-9.999000000000000000e+03
-9.999000000000000000e+03
-9.999000000000000000e+03
-9.999000000000000000e+03
-9.999000000000000000e+03
-9.999000000000000000e+03
-9.999000000000000000e+03
-9.999000000000000000e+03
-9.999000000000000000e+03
-9.999000000000000000e+03
-9.999000000000000000e+03
-9.999000000000000000e+03
-9.999000000000000000e+03
-9.999000000000000000e+03
-9.999000000000000000e+03
-9.999000000000000000e+03
-2.424080856144428253e-02
-4.873500391840934753e-02
-2.579367905855178833e-02
6.253408733755350113e-03
2.043980546295642853e-02
2.204584702849388123e-02
1.012820973992347717e-01
1.811634302139282227e-01
1.383395940065383911e-01
-9.999000000000000000e+03
-9.999000000000000000e+03
-9.999000000000000000e+03
-9.999000000000000000e+03
-9.999000000000000000e+03
-9.999000000000000000e+03
-9.999000000000000000e+03
-9.999000000000000000e+03
-9.999000000000000000e+03
-9.999000000000000000e+03
-9.999000000000000000e+03
-9.999000000000000000e+03
-9.999000000000000000e+03
-9.999000000000000000e+03
-9.999000000000000000e+03
-9.999000000000000000e+03
-9.999000000000000000e+03
-9.999000000000000000e+03
-9.999000000000000000e+03
-9.999000000000000000e+03
-9.999000000000000000e+03
-9.999000000000000000e+03
-9.999000000000000000e+03
-5.423259735107421875e-02
-3.530702367424964905e-02
-4.357583448290824890e-02
-5.575701966881752014e-02
-1.781555823981761932e-02
1.162380073219537735e-02
1.563851386308670044e-01
1.834567636251449585e-01
-9.999000000000000000e+03
-9.999000000000000000e+03
-9.999000000000000000e+03
-9.999000000000000000e+03
-9.999000000000000000e+03
-9.999000000000000000e+03
-9.999000000000000000e+03
-9.999000000000000000e+03
-9.999000000000000000e+03
-9.999000000000000000e+03
-9.999000000000000000e+03
-9.999000000000000000e+03
-9.999000000000000000e+03
-9.999000000000000000e+03
-9.999000000000000000e+03
-9.999000000000000000e+03
-9.999000000000000000e+03
-9.999000000000000000e+03
-9.999000000000000000e+03
-9.999000000000000000e+03
-9.999000000000000000e+03
-9.999000000000000000e+03
-9.999000000000000000e+03
-7.060936093330383301e-02
-9.121666848659515381e-02
-1.203565299510955811e-01
-1.357018798589706421e-01
-1.341833174228668213e-01
-1.253839135169982910e-01
-7.199363410472869873e-02
3.156275255605578423e-03
-8.402414619922637939e-03
-9.999000000000000000e+03
-9.999000000000000000e+03
-9.999000000000000000e+03
-9.999000000000000000e+03
-9.999000000000000000e+03
-9.999000000000000000e+03
-9.999000000000000000e+03
-9.999000000000000000e+03
-9.999000000000000000e+03
-9.999000000000000000e+03
-9.999000000000000000e+03
-9.999000000000000000e+03
-9.999000000000000000e+03
-9.999000000000000000e+03
-9.999000000000000000e+03
-9.999000000000000000e+03
-9.999000000000000000e+03
-9.999000000000000000e+03
-9.999000000000000000e+03
-9.999000000000000000e+03
-9.999000000000000000e+03
-9.999000000000000000e+03
-5.480564385652542114e-02
-1.018162891268730164e-01
-1.150862947106361389e-01
-1.130241975188255310e-01
-1.095713376998901367e-01
-1.008085310459136963e-01
-1.105831041932106018e-01
-9.467029571533203125e-02
-5.899088457226753235e-02
-4.308902099728584290e-02
-4.852210357785224915e-02
-4.360055178403854370e-02
-2.527902275323867798e-02
-9.999000000000000000e+03
-9.999000000000000000e+03
-9.999000000000000000e+03
-9.999000000000000000e+03
-9.999000000000000000e+03
-9.999000000000000000e+03
-9.999000000000000000e+03
-9.999000000000000000e+03
-9.999000000000000000e+03
-9.999000000000000000e+03
-9.999000000000000000e+03
-9.999000000000000000e+03
-9.999000000000000000e+03
-9.999000000000000000e+03
-9.999000000000000000e+03
-9.999000000000000000e+03
-9.999000000000000000e+03
-4.970340430736541748e-02
-4.709776863455772400e-02
-4.884438216686248779e-02
-3.521234169602394104e-02
-5.745887383818626404e-02
-7.563540339469909668e-02
-7.506217062473297119e-02
-7.500917464494705200e-02
-6.686078011989593506e-02
-1.251707039773464203e-02
1.472815684974193573e-02
-2.360778301954269409e-02
-1.739844121038913727e-02
-2.153553068637847900e-02
-9.999000000000000000e+03
-9.999000000000000000e+03
-9.999000000000000000e+03
-9.999000000000000000e+03
-9.999000000000000000e+03
-9.999000000000000000e+03
-9.999000000000000000e+03
-9.999000000000000000e+03
-9.999000000000000000e+03
-9.999000000000000000e+03
-9.999000000000000000e+03
-9.999000000000000000e+03
-9.999000000000000000e+03
-9.999000000000000000e+03
-9.999000000000000000e+03
-4.063714668154716492e-02
-5.110548436641693115e-02
-8.278691768646240234e-02
-7.083742320537567139e-02
-4.959779605269432068e-02
-3.238096833229064941e-02
-2.720054611563682556e-02
-4.555617645382881165e-02
-6.731943041086196899e-02
-7.549905031919479370e-02
-5.713402479887008667e-02
-4.273093119263648987e-02
-1.076433248817920685e-02
-1.932927779853343964e-02
-9.999000000000000000e+03
-9.999000000000000000e+03
-9.999000000000000000e+03
-9.999000000000000000e+03
-9.999000000000000000e+03
-9.999000000000000000e+03
-9.999000000000000000e+03
-9.999000000000000000e+03
-9.999000000000000000e+03
-9.999000000000000000e+03
-9.999000000000000000e+03
-9.999000000000000000e+03
-9.999000000000000000e+03
-9.999000000000000000e+03
-9.999000000000000000e+03
-9.999000000000000000e+03
-3.578871116042137146e-02
-4.352640733122825623e-02
-5.318683385848999023e-02
-7.114408910274505615e-02
-7.919283956289291382e-02
-6.237985566258430481e-02
-3.576332330703735352e-02
-2.032393030822277069e-02
-2.200341224670410156e-02
-2.910720929503440857e-02
-6.197610870003700256e-02
-9.935135394334793091e-02
-1.117393374443054199e-01
-8.738829940557479858e-02
-9.999000000000000000e+03
-9.999000000000000000e+03
-9.999000000000000000e+03
-9.999000000000000000e+03
-9.999000000000000000e+03
-9.999000000000000000e+03
-9.999000000000000000e+03
-9.999000000000000000e+03
-9.999000000000000000e+03
-9.999000000000000000e+03
-9.999000000000000000e+03
-9.999000000000000000e+03
-9.999000000000000000e+03
-9.999000000000000000e+03
-9.999000000000000000e+03
-9.999000000000000000e+03
-9.999000000000000000e+03
-6.000753492116928101e-02
-7.458621263504028320e-02
-8.155658841133117676e-02
-8.457509428262710571e-02
-7.918784022331237793e-02
-6.710269302129745483e-02
-4.458691179752349854e-02
-1.985224708914756775e-02
-4.281503148376941681e-03
1.930935122072696686e-02
7.158237509429454803e-03
-4.197185859084129333e-02
-6.236153841018676758e-02
-8.918657898902893066e-02
-9.999000000000000000e+03
-9.999000000000000000e+03
-9.999000000000000000e+03
-9.999000000000000000e+03
-9.999000000000000000e+03
-9.999000000000000000e+03
-9.999000000000000000e+03
-9.999000000000000000e+03
-9.999000000000000000e+03
-9.999000000000000000e+03
-9.999000000000000000e+03
-9.999000000000000000e+03
-9.999000000000000000e+03
-9.999000000000000000e+03
-9.999000000000000000e+03
-9.999000000000000000e+03
-9.999000000000000000e+03
-8.131058514118194580e-02
-8.480092138051986694e-02
-8.432217687368392944e-02
-7.841692119836807251e-02
-6.499865651130676270e-02
-5.168925598263740540e-02
-2.694114856421947479e-02
-4.236204084008932114e-03
1.280846260488033295e-02
1.896394602954387665e-02
8.914265781641006470e-03
1.814092160202562809e-03
-2.149023301899433136e-02
-9.999000000000000000e+03
-9.999000000000000000e+03
-9.999000000000000000e+03
-9.999000000000000000e+03
-9.999000000000000000e+03
-9.999000000000000000e+03
-9.999000000000000000e+03
-9.999000000000000000e+03
-9.999000000000000000e+03
-9.999000000000000000e+03
-9.999000000000000000e+03
-9.999000000000000000e+03
-9.999000000000000000e+03
-9.999000000000000000e+03
-9.999000000000000000e+03
-9.999000000000000000e+03
-9.999000000000000000e+03
-9.999000000000000000e+03
-5.848535150289535522e-02
-4.716585949063301086e-02
-3.865621238946914673e-02
-3.708566725254058838e-02
-1.743686012923717499e-02
-1.001308765262365341e-02
-3.807993372902274132e-03
1.766944676637649536e-02
3.392762690782546997e-02
5.797434970736503601e-02
2.372027188539505005e-02
-8.074684999883174896e-03
-9.999000000000000000e+03
-9.999000000000000000e+03
-9.999000000000000000e+03
-9.999000000000000000e+03
-9.999000000000000000e+03
-9.999000000000000000e+03
-9.999000000000000000e+03
-9.999000000000000000e+03
-9.999000000000000000e+03
-9.999000000000000000e+03
-9.999000000000000000e+03
-9.999000000000000000e+03
-9.999000000000000000e+03
-9.999000000000000000e+03
-9.999000000000000000e+03
-9.999000000000000000e+03
-9.999000000000000000e+03
-9.999000000000000000e+03
-9.999000000000000000e+03
-3.083610720932483673e-02
-1.804683730006217957e-02
-9.470071527175605297e-04
6.045839283615350723e-03
6.577064096927642822e-02
7.407782971858978271e-02
6.788868457078933716e-02
4.816067218780517578e-02
3.791142627596855164e-02
2.856081351637840271e-02
-9.999000000000000000e+03
-9.999000000000000000e+03
-9.999000000000000000e+03
-9.999000000000000000e+03
-9.999000000000000000e+03
-9.999000000000000000e+03
-9.999000000000000000e+03
-9.999000000000000000e+03
-9.999000000000000000e+03
-9.999000000000000000e+03
-9.999000000000000000e+03
-9.999000000000000000e+03
-9.999000000000000000e+03
-9.999000000000000000e+03
-9.999000000000000000e+03
-9.999000000000000000e+03
-9.999000000000000000e+03
-9.999000000000000000e+03
-9.999000000000000000e+03
-9.999000000000000000e+03
-9.999000000000000000e+03
-5.462804343551397324e-03
3.254634141921997070e-02
6.819952279329299927e-02
9.968901425600051880e-02
1.216501370072364807e-01
9.964891523122787476e-02
-9.999000000000000000e+03
-9.999000000000000000e+03
-9.999000000000000000e+03
-9.999000000000000000e+03
-9.999000000000000000e+03
-9.999000000000000000e+03
-9.999000000000000000e+03
-9.999000000000000000e+03
-9.999000000000000000e+03
-9.999000000000000000e+03
-9.999000000000000000e+03
-9.999000000000000000e+03
-9.999000000000000000e+03
-9.999000000000000000e+03
-9.999000000000000000e+03
-9.999000000000000000e+03
-9.999000000000000000e+03
-9.999000000000000000e+03
-9.999000000000000000e+03
-9.999000000000000000e+03
-9.999000000000000000e+03
-9.999000000000000000e+03
-9.999000000000000000e+03
-9.999000000000000000e+03
-9.999000000000000000e+03
3.022362943738698959e-03
2.106073498725891113e-02
7.951175421476364136e-02
-9.999000000000000000e+03
-9.999000000000000000e+03
-9.999000000000000000e+03
-9.999000000000000000e+03
-9.999000000000000000e+03
-9.999000000000000000e+03
-9.999000000000000000e+03
-9.999000000000000000e+03
-9.999000000000000000e+03
-9.999000000000000000e+03
-9.999000000000000000e+03
-9.999000000000000000e+03
-9.999000000000000000e+03
-9.999000000000000000e+03
-9.999000000000000000e+03
-9.999000000000000000e+03
-9.999000000000000000e+03
-9.999000000000000000e+03
-9.999000000000000000e+03
-9.999000000000000000e+03
-9.999000000000000000e+03
-9.999000000000000000e+03
-9.999000000000000000e+03
-9.999000000000000000e+03
-9.999000000000000000e+03
-9.999000000000000000e+03
-9.999000000000000000e+03
-9.999000000000000000e+03
