-1.315415501594543457e-01
-8.913585543632507324e-02
-4.009925201535224915e-02
2.998969145119190216e-02
9.360302239656448364e-02
1.476107239723205566e-01
1.882941573858261108e-01
2.101084440946578979e-01
2.299046218395233154e-01
2.431722730398178101e-01
2.263544797897338867e-01
-9.999000000000000000e+03
-9.999000000000000000e+03
-9.999000000000000000e+03
-9.999000000000000000e+03
-9.999000000000000000e+03
-9.999000000000000000e+03
-9.999000000000000000e+03
-9.999000000000000000e+03
-9.999000000000000000e+03
-9.999000000000000000e+03
-9.999000000000000000e+03
-9.999000000000000000e+03
1.883288729004561901e-03
-3.230620548129081726e-02
3.705482813529670238e-04
3.393284231424331665e-02
2.984400466084480286e-02
4.300661012530326843e-02
5.287542566657066345e-02
6.310890614986419678e-02
-1.168726012110710144e-01
-7.597789913415908813e-02
-2.588289976119995117e-02
3.409888222813606262e-02
1.036762967705726624e-01
1.652214676141738892e-01
2.042023241519927979e-01
2.268374860286712646e-01
2.402145117521286011e-01
2.442782074213027954e-01
2.286374270915985107e-01
1.245814487338066101e-01
-9.999000000000000000e+03
-9.999000000000000000e+03
-9.999000000000000000e+03
-9.999000000000000000e+03
-9.999000000000000000e+03
-9.999000000000000000e+03
-9.999000000000000000e+03
-9.999000000000000000e+03
-9.999000000000000000e+03
3.454372286796569824e-03
-9.330158121883869171e-03
-1.913843303918838501e-02
-4.121772572398185730e-02
-2.246310561895370483e-02
-7.488047704100608826e-03
-6.685844622552394867e-03
1.084177754819393158e-02
2.753423899412155151e-02
3.206831216812133789e-02
-1.268618404865264893e-01
-5.975327640771865845e-02
5.613594566966639832e-07
6.107094511389732361e-02
1.188495904207229614e-01
1.676177233457565308e-01
2.040995061397552490e-01
2.322450876235961914e-01
2.370691895484924316e-01
2.292736172676086426e-01
1.957181990146636963e-01
1.168486997485160828e-01
-9.999000000000000000e+03
-9.999000000000000000e+03
-9.999000000000000000e+03
-9.999000000000000000e+03
-9.999000000000000000e+03
-9.999000000000000000e+03
-9.999000000000000000e+03
-1.738557964563369751e-02
-7.719774730503559113e-03
3.095549065619707108e-03
-2.064290083944797516e-02
-2.810459956526756287e-02
-2.545338496565818787e-02
-1.374188903719186783e-02
-1.713954471051692963e-02
-2.215382456779479980e-02
-1.353393960744142532e-02
-1.688519376330077648e-03
1.208998262882232666e-03
-1.095779240131378174e-01
-5.071533471345901489e-02
-3.508690744638442993e-03
5.528931319713592529e-02
1.253165751695632935e-01
1.744238734245300293e-01
2.021637260913848877e-01
2.196917086839675903e-01
2.242795526981353760e-01
2.210517078638076782e-01
1.976818740367889404e-01
1.238644495606422424e-01
6.573268026113510132e-02
-9.999000000000000000e+03
-9.999000000000000000e+03
-9.999000000000000000e+03
-1.355681661516427994e-02
-3.228559717535972595e-02
-3.320380300283432007e-02
-1.937416568398475647e-02
-6.278912071138620377e-03
-1.486022723838686943e-03
5.532124079763889313e-03
8.485947619192302227e-04
-8.061090484261512756e-04
-1.632102765142917633e-03
-2.607132494449615479e-02
-4.640784859657287598e-02
-5.768538638949394226e-02
-4.602788388729095459e-02
-3.743733093142509460e-02
-1.049470156431198120e-01
-3.402546793222427368e-02
2.320028468966484070e-02
6.981270015239715576e-02
1.229195147752761841e-01
1.654972136020660400e-01
1.937648653984069824e-01
2.129717618227005005e-01
2.272084802389144897e-01
2.156480848789215088e-01
1.763056069612503052e-01
1.170843243598937988e-01
6.196992471814155579e-02
2.957065775990486145e-02
-8.050739765167236328e-03
-3.514764085412025452e-02
-5.492353811860084534e-02
-4.964600503444671631e-02
-3.701690956950187683e-02
-1.537253241986036301e-02
6.231815088540315628e-03
2.766161784529685974e-02
5.051922425627708435e-02
3.811770305037498474e-02
1.447194442152976990e-02
-2.365520969033241272e-02
-5.296130478382110596e-02
-7.775080204010009766e-02
-1.007186993956565857e-01
-9.195958822965621948e-02
-8.025140315294265747e-02
-8.450906723737716675e-02
-3.842873871326446533e-02
2.059301733970642090e-02
7.408587634563446045e-02
1.336108893156051636e-01
1.725853681564331055e-01
1.902471035718917847e-01
2.097065895795822144e-01
2.194699347019195557e-01
2.050565481185913086e-01
1.485731601715087891e-01
6.828065216541290283e-02
3.066342510282993317e-02
-3.227946581318974495e-03
-2.472539991140365601e-02
-4.410028085112571716e-02
-4.614159837365150452e-02
-2.604144252836704254e-02
-1.118379551917314529e-02
1.963128522038459778e-02
4.360640794038772583e-02
6.007020547986030579e-02
6.273771822452545166e-02
3.908972442150115967e-02
-1.108325179666280746e-02
-6.184004247188568115e-02
-9.361591190099716187e-02
-1.239212751388549805e-01
-1.411038041114807129e-01
-1.360243409872055054e-01
-1.262145340442657471e-01
-4.790868982672691345e-02
-2.077461592853069305e-02
3.078421950340270996e-02
8.208490908145904541e-02
1.286026239395141602e-01
1.651193052530288696e-01
1.858249455690383911e-01
2.098644375801086426e-01
1.916504353284835815e-01
1.437284052371978760e-01
9.133741259574890137e-02
3.560391440987586975e-02
7.524905260652303696e-03
-8.401407860219478607e-03
3.588121617212891579e-03
1.648318604566156864e-03
1.013516541570425034e-02
1.754009351134300232e-02
1.735403202474117279e-02
4.012250900268554688e-02
5.934347212314605713e-02
6.538639217615127563e-02
4.382502287626266479e-02
1.307464763522148132e-02
-3.553390502929687500e-02
-7.379837334156036377e-02
-1.093844473361968994e-01
-1.402899473905563354e-01
-1.632906198501586914e-01
-1.609717905521392822e-01
-1.464226990938186646e-01
-1.443080976605415344e-02
2.052261494100093842e-03
4.338929429650306702e-02
8.417814224958419800e-02
1.233678087592124939e-01
1.528534144163131714e-01
1.748238503932952881e-01
1.888322979211807251e-01
1.515448093414306641e-01
9.047511219978332520e-02
3.258952870965003967e-02
-3.851464251056313515e-03
5.146073643118143082e-03
1.964242570102214813e-02
3.775372728705406189e-02
4.425142332911491394e-02
5.138616636395454407e-02
5.419260635972023010e-02
4.881591722369194031e-02
4.944692552089691162e-02
5.165532231330871582e-02
5.153096467256546021e-02
3.610028326511383057e-02
1.180337159894406796e-03
-4.706367850303649902e-02
-8.424963057041168213e-02
-1.185205429792404175e-01
-1.484426707029342651e-01
-1.718377918004989624e-01
-1.742833554744720459e-01
-1.563336700201034546e-01
4.240630194544792175e-02
5.482635647058486938e-02
6.964109092950820923e-02
8.188399672508239746e-02
1.043936014175415039e-01
1.281047910451889038e-01
1.484463363885879517e-01
1.334024965763092041e-01
1.063799634575843811e-01
6.789017468690872192e-02
3.049947693943977356e-02
6.595443002879619598e-03
3.567925840616226196e-02
5.483271554112434387e-02
7.233881950378417969e-02
7.488581538200378418e-02
7.867561280727386475e-02
7.068977504968643188e-02
5.179909989237785339e-02
3.544838353991508484e-02
3.437674418091773987e-02
3.219147771596908569e-02
2.106482349336147308e-02
4.683171398937702179e-03
-2.108448743820190430e-02
-7.727760076522827148e-02
-1.220386698842048645e-01
-1.713387668132781982e-01
-1.850628256797790527e-01
-1.754615306854248047e-01
-1.468890309333801270e-01
1.955197378993034363e-02
4.135362431406974792e-02
7.321137189865112305e-02
7.116130739450454712e-02
9.022880345582962036e-02
1.146871522068977356e-01
1.216695681214332581e-01
1.094617471098899841e-01
1.031230688095092773e-01
6.667000055313110352e-02
4.750961810350418091e-02
7.054141908884048462e-02
8.206236362457275391e-02
8.447359502315521240e-02
9.158853441476821899e-02
9.565587341785430908e-02
9.866368770599365234e-02
4.550901055335998535e-02
2.646507881581783295e-02
1.023648213595151901e-02
2.012157626450061798e-02
-9.999000000000000000e+03
-9.999000000000000000e+03
-9.999000000000000000e+03
-9.999000000000000000e+03
-9.999000000000000000e+03
-9.999000000000000000e+03
-1.357262879610061646e-01
-1.779961735010147095e-01
-1.767526715993881226e-01
-1.424825042486190796e-01
-2.091365680098533630e-02
4.321687447372823954e-04
2.788629941642284393e-02
4.714885726571083069e-02
7.588920742273330688e-02
9.275907278060913086e-02
1.148399636149406433e-01
1.072173491120338440e-01
9.223455190658569336e-02
8.661697804927825928e-02
8.769927918910980225e-02
1.324968934059143066e-01
1.192227900028228760e-01
1.085327714681625366e-01
1.078888028860092163e-01
9.953205287456512451e-02
1.107530593872070312e-01
-9.999000000000000000e+03
-9.999000000000000000e+03
-9.999000000000000000e+03
-9.999000000000000000e+03
-9.999000000000000000e+03
-9.999000000000000000e+03
-9.999000000000000000e+03
-9.999000000000000000e+03
-9.999000000000000000e+03
-9.999000000000000000e+03
-1.034087389707565308e-01
-1.415110528469085693e-01
-1.541346609592437744e-01
-1.240313351154327393e-01
-1.896616630256175995e-02
-1.010787952691316605e-02
1.792708970606327057e-02
4.723369702696800232e-02
6.297834217548370361e-02
7.910571247339248657e-02
1.064361110329627991e-01
1.064412742853164673e-01
9.844502806663513184e-02
1.418090462684631348e-01
1.505677700042724609e-01
1.514603644609451294e-01
1.372425407171249390e-01
1.184141039848327637e-01
6.862333416938781738e-02
6.961309909820556641e-02
-9.999000000000000000e+03
-9.999000000000000000e+03
-9.999000000000000000e+03
-9.999000000000000000e+03
-9.999000000000000000e+03
-9.999000000000000000e+03
-9.999000000000000000e+03
-9.999000000000000000e+03
-9.999000000000000000e+03
-9.999000000000000000e+03
-9.999000000000000000e+03
-9.999000000000000000e+03
-7.722640782594680786e-02
-1.051173657178878784e-01
-6.785297393798828125e-02
-3.823549672961235046e-02
-3.785928338766098022e-02
-1.105145364999771118e-02
1.941194944083690643e-02
5.075622349977493286e-02
8.204720914363861084e-02
9.616712480783462524e-02
1.151928380131721497e-01
1.413221210241317749e-01
1.739519089460372925e-01
1.765874326229095459e-01
1.400735229253768921e-01
1.096744090318679810e-01
1.172769442200660706e-01
-9.999000000000000000e+03
-9.999000000000000000e+03
-9.999000000000000000e+03
-9.999000000000000000e+03
-9.999000000000000000e+03
-9.999000000000000000e+03
-9.999000000000000000e+03
-9.999000000000000000e+03
-9.999000000000000000e+03
-9.999000000000000000e+03
-9.999000000000000000e+03
-9.999000000000000000e+03
-9.999000000000000000e+03
-9.999000000000000000e+03
-9.999000000000000000e+03
-6.165408715605735779e-02
-4.125659167766571045e-02
-9.999000000000000000e+03
-5.554839223623275757e-02
-4.084753245115280151e-02
7.171183242462575436e-04
4.988447576761245728e-02
8.245849609375000000e-02
1.038920059800148010e-01
1.440481394529342651e-01
1.803764402866363525e-01
1.705074459314346313e-01
1.473573744297027588e-01
1.123943999409675598e-01
8.421627432107925415e-02
-9.999000000000000000e+03
-9.999000000000000000e+03
-9.999000000000000000e+03
-9.999000000000000000e+03
-9.999000000000000000e+03
-9.999000000000000000e+03
-9.999000000000000000e+03
-9.999000000000000000e+03
-9.999000000000000000e+03
-9.999000000000000000e+03
-9.999000000000000000e+03
-9.999000000000000000e+03
-9.999000000000000000e+03
-9.999000000000000000e+03
-9.999000000000000000e+03
-9.999000000000000000e+03
-1.494239643216133118e-02
-7.735021878033876419e-03
-9.999000000000000000e+03
-9.999000000000000000e+03
-6.517975032329559326e-02
-6.031864322721958160e-03
5.902285128831863403e-02
1.064664348959922791e-01
1.397214829921722412e-01
1.528897285461425781e-01
1.584601700305938721e-01
1.330973803997039795e-01
1.008565574884414673e-01
5.457441881299018860e-02
-9.999000000000000000e+03
-9.999000000000000000e+03
-9.999000000000000000e+03
-9.999000000000000000e+03
-9.999000000000000000e+03
-9.999000000000000000e+03
-9.999000000000000000e+03
-9.999000000000000000e+03
-9.999000000000000000e+03
-9.999000000000000000e+03
-9.999000000000000000e+03
-9.999000000000000000e+03
-9.999000000000000000e+03
-9.999000000000000000e+03
-9.999000000000000000e+03
-9.999000000000000000e+03
-9.999000000000000000e+03
-2.799270208925008774e-03
-1.003215834498405457e-02
-9.999000000000000000e+03
-9.999000000000000000e+03
-4.315548017621040344e-02
-1.134953927248716354e-02
5.278033390641212463e-02
1.201019883155822754e-01
1.727643609046936035e-01
1.514044851064682007e-01
1.234103590250015259e-01
1.047632619738578796e-01
8.862721920013427734e-02
8.634372800588607788e-02
-9.999000000000000000e+03
-9.999000000000000000e+03
-9.999000000000000000e+03
-9.999000000000000000e+03
-9.999000000000000000e+03
-9.999000000000000000e+03
-9.999000000000000000e+03
-9.999000000000000000e+03
-9.999000000000000000e+03
-9.999000000000000000e+03
-9.999000000000000000e+03
-9.999000000000000000e+03
-9.999000000000000000e+03
-9.999000000000000000e+03
-9.999000000000000000e+03
-9.999000000000000000e+03
-9.999000000000000000e+03
-9.999000000000000000e+03
-9.999000000000000000e+03
-9.999000000000000000e+03
-9.999000000000000000e+03
-2.403522655367851257e-02
2.831133781000971794e-03
6.220873817801475525e-02
1.260159015655517578e-01
1.613011211156845093e-01
1.570302695035934448e-01
1.315671056509017944e-01
9.985245764255523682e-02
5.082737281918525696e-02
3.911682218313217163e-02
-9.999000000000000000e+03
-9.999000000000000000e+03
-9.999000000000000000e+03
-9.999000000000000000e+03
-9.999000000000000000e+03
-9.999000000000000000e+03
-9.999000000000000000e+03
-9.999000000000000000e+03
-9.999000000000000000e+03
-9.999000000000000000e+03
-9.999000000000000000e+03
-9.999000000000000000e+03
-9.999000000000000000e+03
-9.999000000000000000e+03
-9.999000000000000000e+03
-9.999000000000000000e+03
-9.999000000000000000e+03
-9.999000000000000000e+03
-9.999000000000000000e+03
-9.999000000000000000e+03
-9.999000000000000000e+03
-9.999000000000000000e+03
-1.036554668098688126e-02
3.128987550735473633e-02
1.053261905908584595e-01
1.484277844429016113e-01
1.561095267534255981e-01
1.525440514087677002e-01
1.206861510872840881e-01
4.257806763052940369e-02
-9.999000000000000000e+03
-9.999000000000000000e+03
-9.999000000000000000e+03
-9.999000000000000000e+03
-9.999000000000000000e+03
-9.999000000000000000e+03
-9.999000000000000000e+03
-9.999000000000000000e+03
-9.999000000000000000e+03
-9.999000000000000000e+03
-9.999000000000000000e+03
-9.999000000000000000e+03
-9.999000000000000000e+03
-9.999000000000000000e+03
-9.999000000000000000e+03
-9.999000000000000000e+03
-9.999000000000000000e+03
-9.999000000000000000e+03
-9.999000000000000000e+03
-9.999000000000000000e+03
-9.999000000000000000e+03
-9.999000000000000000e+03
-9.999000000000000000e+03
-1.277791056782007217e-02
1.091325096786022186e-02
5.987048521637916565e-02
9.729690104722976685e-02
1.263388395309448242e-01
1.557105332612991333e-01
1.275869756937026978e-01
7.250792533159255981e-02
3.646213188767433167e-02
-9.999000000000000000e+03
-9.999000000000000000e+03
-9.999000000000000000e+03
-9.999000000000000000e+03
-9.999000000000000000e+03
-9.999000000000000000e+03
-9.999000000000000000e+03
-9.999000000000000000e+03
-9.999000000000000000e+03
-9.999000000000000000e+03
-9.999000000000000000e+03
-9.999000000000000000e+03
-9.999000000000000000e+03
-9.999000000000000000e+03
-9.999000000000000000e+03
-9.999000000000000000e+03
-9.999000000000000000e+03
-9.999000000000000000e+03
-9.999000000000000000e+03
-9.999000000000000000e+03
-9.999000000000000000e+03
-9.999000000000000000e+03
-9.999000000000000000e+03
-6.089848466217517853e-03
1.736236736178398132e-02
3.722335398197174072e-02
7.588085532188415527e-02
1.027826368808746338e-01
6.573995202779769897e-02
5.957941710948944092e-02
7.010301202535629272e-02
-9.999000000000000000e+03
-9.999000000000000000e+03
-9.999000000000000000e+03
-9.999000000000000000e+03
-9.999000000000000000e+03
-9.999000000000000000e+03
-9.999000000000000000e+03
-9.999000000000000000e+03
-9.999000000000000000e+03
-9.999000000000000000e+03
-9.999000000000000000e+03
-9.999000000000000000e+03
-9.999000000000000000e+03
-9.999000000000000000e+03
-9.999000000000000000e+03
-9.999000000000000000e+03
-9.999000000000000000e+03
-9.999000000000000000e+03
-9.999000000000000000e+03
-9.999000000000000000e+03
-9.999000000000000000e+03
-9.999000000000000000e+03
-9.999000000000000000e+03
-2.247797884047031403e-02
-2.766332961618900299e-02
-6.826249882578849792e-03
1.893666945397853851e-02
1.030510012060403824e-02
-2.096754126250743866e-02
-2.657449059188365936e-02
1.990350708365440369e-02
6.909430772066116333e-02
-9.999000000000000000e+03
-9.999000000000000000e+03
-9.999000000000000000e+03
-9.999000000000000000e+03
-9.999000000000000000e+03
-9.999000000000000000e+03
-9.999000000000000000e+03
-9.999000000000000000e+03
-9.999000000000000000e+03
-9.999000000000000000e+03
-9.999000000000000000e+03
-9.999000000000000000e+03
-9.999000000000000000e+03
-9.999000000000000000e+03
-9.999000000000000000e+03
-9.999000000000000000e+03
-9.999000000000000000e+03
-9.999000000000000000e+03
-9.999000000000000000e+03
-9.999000000000000000e+03
-9.999000000000000000e+03
-9.999000000000000000e+03
2.414285019040107727e-02
-1.086434582248330116e-03
-6.361779756844043732e-03
-1.686290488578379154e-03
-1.559069473296403885e-02
-7.090190052986145020e-02
-6.245135143399238586e-02
-1.327569689601659775e-02
3.787238523364067078e-02
3.599017113447189331e-02
2.053271047770977020e-03
-1.210234221071004868e-02
1.041250769048929214e-02
-9.999000000000000000e+03
-9.999000000000000000e+03
-9.999000000000000000e+03
-9.999000000000000000e+03
-9.999000000000000000e+03
-9.999000000000000000e+03
-9.999000000000000000e+03
-9.999000000000000000e+03
-9.999000000000000000e+03
-9.999000000000000000e+03
-9.999000000000000000e+03
-9.999000000000000000e+03
-9.999000000000000000e+03
-9.999000000000000000e+03
-9.999000000000000000e+03
-9.999000000000000000e+03
-9.999000000000000000e+03
4.777085781097412109e-02
5.604365840554237366e-02
3.810896351933479309e-02
-2.395796962082386017e-02
-1.133661344647407532e-02
-3.601395711302757263e-02
-3.873851895332336426e-02
-3.216175734996795654e-02
-1.534766983240842819e-02
-4.909110255539417267e-03
-1.329941861331462860e-02
-1.960614323616027832e-02
2.564144670031964779e-04
1.611769199371337891e-02
-9.999000000000000000e+03
-9.999000000000000000e+03
-9.999000000000000000e+03
-9.999000000000000000e+03
-9.999000000000000000e+03
-9.999000000000000000e+03
-9.999000000000000000e+03
-9.999000000000000000e+03
-9.999000000000000000e+03
-9.999000000000000000e+03
-9.999000000000000000e+03
-9.999000000000000000e+03
-9.999000000000000000e+03
-9.999000000000000000e+03
-9.999000000000000000e+03
7.486827089451253414e-04
1.188062690198421478e-02
5.197743326425552368e-02
6.218241527676582336e-02
3.181615844368934631e-02
-2.002991503104567528e-03
-1.384902372956275940e-02
-1.912044920027256012e-02
-1.683771610260009766e-02
-2.835774049162864685e-02
-2.529427222907543182e-02
-9.700999595224857330e-03
2.256610058248043060e-02
3.715363517403602600e-02
-9.999000000000000000e+03
-9.999000000000000000e+03
-9.999000000000000000e+03
-9.999000000000000000e+03
-9.999000000000000000e+03
-9.999000000000000000e+03
-9.999000000000000000e+03
-9.999000000000000000e+03
-9.999000000000000000e+03
-9.999000000000000000e+03
-9.999000000000000000e+03
-9.999000000000000000e+03
-9.999000000000000000e+03
-9.999000000000000000e+03
-9.999000000000000000e+03
-9.999000000000000000e+03
-2.979692304506897926e-03
1.355020049959421158e-02
5.892069637775421143e-02
8.405921608209609985e-02
6.517122685909271240e-02
2.101430483162403107e-02
-2.420715615153312683e-02
-2.949812076985836029e-02
-1.057948824018239975e-02
-8.008283562958240509e-03
-2.307174727320671082e-02
-3.062034212052822113e-02
-2.091047726571559906e-02
5.760791525244712830e-02
-9.999000000000000000e+03
-9.999000000000000000e+03
-9.999000000000000000e+03
-9.999000000000000000e+03
-9.999000000000000000e+03
-9.999000000000000000e+03
-9.999000000000000000e+03
-9.999000000000000000e+03
-9.999000000000000000e+03
-9.999000000000000000e+03
-9.999000000000000000e+03
-9.999000000000000000e+03
-9.999000000000000000e+03
-9.999000000000000000e+03
-9.999000000000000000e+03
-9.999000000000000000e+03
-9.999000000000000000e+03
3.147402033209800720e-02
5.817937850952148438e-02
1.094072535634040833e-01
9.176538139581680298e-02
4.131115227937698364e-02
-1.634225714951753616e-03
-3.730919957160949707e-02
-4.289389774203300476e-02
-1.052364893257617950e-02
8.488073013722896576e-03
6.154314614832401276e-03
-2.423587255179882050e-02
-1.902735792100429535e-02
2.995113097131252289e-02
-9.999000000000000000e+03
-9.999000000000000000e+03
-9.999000000000000000e+03
-9.999000000000000000e+03
-9.999000000000000000e+03
-9.999000000000000000e+03
-9.999000000000000000e+03
-9.999000000000000000e+03
-9.999000000000000000e+03
-9.999000000000000000e+03
-9.999000000000000000e+03
-9.999000000000000000e+03
-9.999000000000000000e+03
-9.999000000000000000e+03
-9.999000000000000000e+03
-9.999000000000000000e+03
-9.999000000000000000e+03
6.856636703014373779e-02
1.133105084300041199e-01
1.209114789962768555e-01
8.871911466121673584e-02
3.625645861029624939e-02
-6.322960834950208664e-03
-3.682067245244979858e-02
-4.860621690750122070e-02
-3.710970282554626465e-02
-1.449148356914520264e-02
-4.205938894301652908e-04
-3.653544187545776367e-02
-4.448150843381881714e-02
-9.999000000000000000e+03
-9.999000000000000000e+03
-9.999000000000000000e+03
-9.999000000000000000e+03
-9.999000000000000000e+03
-9.999000000000000000e+03
-9.999000000000000000e+03
-9.999000000000000000e+03
-9.999000000000000000e+03
-9.999000000000000000e+03
-9.999000000000000000e+03
-9.999000000000000000e+03
-9.999000000000000000e+03
-9.999000000000000000e+03
-9.999000000000000000e+03
-9.999000000000000000e+03
-9.999000000000000000e+03
-9.999000000000000000e+03
1.091337054967880249e-01
1.548210680484771729e-01
1.288900822401046753e-01
7.558581233024597168e-02
3.156002610921859741e-02
-2.801277907565236092e-03
-2.300126105546951294e-02
-4.753374308347702026e-02
-4.483649507164955139e-02
-6.388822570443153381e-03
-2.589550102129578590e-03
-2.701040916144847870e-02
-9.999000000000000000e+03
-9.999000000000000000e+03
-9.999000000000000000e+03
-9.999000000000000000e+03
-9.999000000000000000e+03
-9.999000000000000000e+03
-9.999000000000000000e+03
-9.999000000000000000e+03
-9.999000000000000000e+03
-9.999000000000000000e+03
-9.999000000000000000e+03
-9.999000000000000000e+03
-9.999000000000000000e+03
-9.999000000000000000e+03
-9.999000000000000000e+03
-9.999000000000000000e+03
-9.999000000000000000e+03
-9.999000000000000000e+03
-9.999000000000000000e+03
1.326878070831298828e-01
1.509451568126678467e-01
1.243060827255249023e-01
7.302717864513397217e-02
-4.359713289886713028e-03
-2.586795762181282043e-02
-2.898299321532249451e-02
-2.162843197584152222e-02
-1.921881176531314850e-02
1.996592618525028229e-03
-9.999000000000000000e+03
-9.999000000000000000e+03
-9.999000000000000000e+03
-9.999000000000000000e+03
-9.999000000000000000e+03
-9.999000000000000000e+03
-9.999000000000000000e+03
-9.999000000000000000e+03
-9.999000000000000000e+03
-9.999000000000000000e+03
-9.999000000000000000e+03
-9.999000000000000000e+03
-9.999000000000000000e+03
-9.999000000000000000e+03
-9.999000000000000000e+03
-9.999000000000000000e+03
-9.999000000000000000e+03
-9.999000000000000000e+03
-9.999000000000000000e+03
-9.999000000000000000e+03
-9.999000000000000000e+03
1.008596867322921753e-01
8.530374616384506226e-02
6.474025547504425049e-02
1.995387300848960876e-02
-2.038173377513885498e-02
-2.822645753622055054e-02
-9.999000000000000000e+03
-9.999000000000000000e+03
-9.999000000000000000e+03
-9.999000000000000000e+03
-9.999000000000000000e+03
-9.999000000000000000e+03
-9.999000000000000000e+03
-9.999000000000000000e+03
-9.999000000000000000e+03
-9.999000000000000000e+03
-9.999000000000000000e+03
-9.999000000000000000e+03
-9.999000000000000000e+03
-9.999000000000000000e+03
-9.999000000000000000e+03
-9.999000000000000000e+03
-9.999000000000000000e+03
-9.999000000000000000e+03
-9.999000000000000000e+03
-9.999000000000000000e+03
-9.999000000000000000e+03
-9.999000000000000000e+03
-9.999000000000000000e+03
-9.999000000000000000e+03
-9.999000000000000000e+03
2.067484892904758453e-02
2.726878970861434937e-02
3.612700477242469788e-02
-9.999000000000000000e+03
-9.999000000000000000e+03
-9.999000000000000000e+03
-9.999000000000000000e+03
-9.999000000000000000e+03
-9.999000000000000000e+03
-9.999000000000000000e+03
-9.999000000000000000e+03
-9.999000000000000000e+03
-9.999000000000000000e+03
-9.999000000000000000e+03
-9.999000000000000000e+03
-9.999000000000000000e+03
-9.999000000000000000e+03
-9.999000000000000000e+03
-9.999000000000000000e+03
-9.999000000000000000e+03
-9.999000000000000000e+03
-9.999000000000000000e+03
-9.999000000000000000e+03
-9.999000000000000000e+03
-9.999000000000000000e+03
-9.999000000000000000e+03
-9.999000000000000000e+03
-9.999000000000000000e+03
-9.999000000000000000e+03
-9.999000000000000000e+03
-9.999000000000000000e+03
