-1.560643017292022705e-01
-1.198833808302879333e-01
-6.653879582881927490e-02
-1.461672317236661911e-02
3.170223161578178406e-02
7.247152924537658691e-02
1.183244138956069946e-01
1.593569219112396240e-01
2.080717980861663818e-01
2.378333657979965210e-01
2.302438020706176758e-01
-9.999000000000000000e+03
-9.999000000000000000e+03
-9.999000000000000000e+03
-9.999000000000000000e+03
-9.999000000000000000e+03
-9.999000000000000000e+03
-9.999000000000000000e+03
-9.999000000000000000e+03
-9.999000000000000000e+03
-9.999000000000000000e+03
-9.999000000000000000e+03
-9.999000000000000000e+03
-7.210247684270143509e-03
1.079405006021261215e-02
2.782092243432998657e-02
4.465074464678764343e-02
3.238312155008316040e-02
2.955855429172515869e-02
1.917870901525020599e-02
2.124667167663574219e-02
-1.467362195253372192e-01
-1.086606010794639587e-01
-5.786605179309844971e-02
-1.213609892874956131e-02
3.944917768239974976e-02
8.295305073261260986e-02
1.432500481605529785e-01
1.910782903432846069e-01
2.311403155326843262e-01
2.563650906085968018e-01
2.551600337028503418e-01
1.495796442031860352e-01
-9.999000000000000000e+03
-9.999000000000000000e+03
-9.999000000000000000e+03
-9.999000000000000000e+03
-9.999000000000000000e+03
-9.999000000000000000e+03
-9.999000000000000000e+03
-9.999000000000000000e+03
-9.999000000000000000e+03
-8.819123730063438416e-03
-1.712547801434993744e-02
-2.127261273562908173e-02
-2.206592634320259094e-02
-8.324204245582222939e-04
-1.827713800594210625e-03
-4.089787602424621582e-03
-1.815747120417654514e-03
7.068186998367309570e-03
2.075325883924961090e-02
-1.442093849182128906e-01
-9.311697632074356079e-02
-3.892799839377403259e-02
8.769944310188293457e-03
5.083146691322326660e-02
9.423321485519409180e-02
1.479231119155883789e-01
2.066021710634231567e-01
2.476847916841506958e-01
2.661924660205841064e-01
2.478636354207992554e-01
1.626844108104705811e-01
-9.999000000000000000e+03
-9.999000000000000000e+03
-9.999000000000000000e+03
-9.999000000000000000e+03
-9.999000000000000000e+03
-9.999000000000000000e+03
-9.999000000000000000e+03
-2.148215845227241516e-02
-1.455319672822952271e-02
-1.068377215415239334e-02
-1.892564445734024048e-02
-2.456018328666687012e-02
-1.239762827754020691e-02
-1.907447539269924164e-02
-2.162165008485317230e-02
-1.767083816230297089e-02
-1.231040619313716888e-02
-4.186874721199274063e-03
1.704498380422592163e-02
-1.235041618347167969e-01
-8.534754067659378052e-02
-4.222223162651062012e-02
7.784549146890640259e-03
6.496553868055343628e-02
1.172523349523544312e-01
1.621397137641906738e-01
2.082514911890029907e-01
2.391492575407028198e-01
2.595222592353820801e-01
2.537676990032196045e-01
1.784128695726394653e-01
9.323861449956893921e-02
-9.999000000000000000e+03
-9.999000000000000000e+03
-9.999000000000000000e+03
-4.547749459743499756e-02
-5.459196865558624268e-02
-4.638757929205894470e-02
-2.383059076964855194e-02
-1.331308204680681229e-02
-9.612304158508777618e-03
-1.042223256081342697e-02
-1.644889637827873230e-02
-9.622605866752564907e-04
-2.867648378014564514e-02
-2.021950669586658478e-02
-2.378731966018676758e-02
-2.286291681230068207e-02
-1.043772324919700623e-02
3.840731224045157433e-03
-1.142862290143966675e-01
-7.024946063756942749e-02
-2.206127718091011047e-02
1.917643658816814423e-02
6.568821519613265991e-02
1.080118194222450256e-01
1.479228138923645020e-01
1.926701515913009644e-01
2.148764282464981079e-01
2.192514538764953613e-01
2.058054953813552856e-01
1.488040238618850708e-01
7.938521355390548706e-02
2.245612256228923798e-02
-4.284306988120079041e-02
-6.846830248832702637e-02
-7.064902782440185547e-02
-5.382876470685005188e-02
-3.308418765664100647e-02
-4.266280215233564377e-03
1.017845515161752701e-02
1.170499343425035477e-02
2.490163780748844147e-03
-1.987003721296787262e-02
-3.326035663485527039e-02
-5.183288827538490295e-02
-5.135520175099372864e-02
-4.819936677813529968e-02
-4.087014123797416687e-02
-2.165158651769161224e-02
6.371404742822051048e-04
-9.308414161205291748e-02
-6.470540910959243774e-02
-2.603591419756412506e-02
2.178931795060634613e-02
6.684830784797668457e-02
9.922233968973159790e-02
1.215203702449798584e-01
1.515774577856063843e-01
1.632966101169586182e-01
1.721236258745193481e-01
1.586567908525466919e-01
9.251873195171356201e-02
4.492636397480964661e-02
-1.102913264185190201e-02
-4.760566353797912598e-02
-6.249057501554489136e-02
-5.184661224484443665e-02
-1.056608837097883224e-02
1.682157069444656372e-02
4.656124114990234375e-02
4.086273163557052612e-02
2.370397932827472687e-02
-2.703788224607706070e-03
-3.594014793634414673e-02
-6.016081199049949646e-02
-8.645889908075332642e-02
-8.132138103246688843e-02
-8.412152528762817383e-02
-7.683652639389038086e-02
-4.808842018246650696e-02
-2.384440973401069641e-02
-5.735276266932487488e-02
-3.137918561697006226e-02
-9.753622725838795304e-05
2.866035699844360352e-02
5.407661572098731995e-02
7.560763508081436157e-02
9.172520041465759277e-02
1.074451059103012085e-01
1.056021600961685181e-01
9.238894283771514893e-02
8.537384867668151855e-02
5.372094735503196716e-02
2.923708036541938782e-02
-2.138807810842990875e-02
-2.519736252725124359e-02
-1.701419800519943237e-02
1.512502226978540421e-02
4.798995703458786011e-02
5.792158097028732300e-02
6.912361830472946167e-02
4.435748606920242310e-02
1.195240207016468048e-02
-2.367868088185787201e-02
-5.899424850940704346e-02
-9.598055481910705566e-02
-1.241627410054206848e-01
-1.288585513830184937e-01
-1.471637338399887085e-01
-1.400057673454284668e-01
-8.942083269357681274e-02
-6.861320137977600098e-02
-5.228397250175476074e-02
-2.007217146456241608e-02
1.672561094164848328e-02
2.797268703579902649e-02
4.463548585772514343e-02
6.018156558275222778e-02
6.948072463274002075e-02
7.218869775533676147e-02
5.622169375419616699e-02
4.086032882332801819e-02
5.120519176125526428e-02
2.686401642858982086e-02
1.830701716244220734e-02
1.036502700299024582e-02
2.441659942269325256e-02
3.642898425459861755e-02
7.559295743703842163e-02
8.470463752746582031e-02
7.596471160650253296e-02
6.539585441350936890e-02
4.628890752792358398e-02
2.416498400270938873e-02
-5.592199042439460754e-03
-7.166457176208496094e-02
-1.488628685474395752e-01
-1.642447113990783691e-01
-1.957045942544937134e-01
-2.132767140865325928e-01
-1.984088122844696045e-01
-1.437963992357254028e-01
-1.112257093191146851e-01
-3.997220844030380249e-02
-1.146780606359243393e-02
7.414910010993480682e-03
1.530788280069828033e-02
2.907462604343891144e-02
4.604361951351165771e-02
5.112636461853981018e-02
3.681775555014610291e-02
1.906603202223777771e-02
1.866946183145046234e-02
3.433006256818771362e-02
3.523816540837287903e-02
4.289233684539794922e-02
5.644129216670989990e-02
8.422437310218811035e-02
8.526479452848434448e-02
9.231444448232650757e-02
8.474116027355194092e-02
7.447881251573562622e-02
6.741397827863693237e-02
4.208669066429138184e-02
2.207592874765396118e-02
-9.604332968592643738e-03
-5.414953827857971191e-02
-8.417683094739913940e-02
-1.590966135263442993e-01
-2.245173752307891846e-01
-2.657509446144104004e-01
-2.355628460645675659e-01
-1.741877496242523193e-01
-1.158070191740989685e-01
-2.589576877653598785e-02
-3.717915620654821396e-03
4.151782020926475525e-03
2.231104671955108643e-02
2.560211904346942902e-02
3.260591626167297363e-02
3.411550074815750122e-02
2.176388166844844818e-02
-5.600352887995541096e-04
9.753927588462829590e-03
3.949644416570663452e-02
6.359208375215530396e-02
8.276747167110443115e-02
9.478590637445449829e-02
1.044554486870765686e-01
9.689886122941970825e-02
8.603420108556747437e-02
5.581103265285491943e-02
4.893746599555015564e-02
2.746995165944099426e-02
2.765459008514881134e-02
-9.999000000000000000e+03
-9.999000000000000000e+03
-9.999000000000000000e+03
-9.999000000000000000e+03
-9.999000000000000000e+03
-9.999000000000000000e+03
-2.096467167139053345e-01
-2.550654113292694092e-01
-1.940673589706420898e-01
-1.277607828378677368e-01
-3.082033433020114899e-02
-1.298369746655225754e-02
1.093535218387842178e-02
3.855134174227714539e-02
3.903670981526374817e-02
3.158826753497123718e-02
2.124036476016044617e-02
2.215158427134156227e-03
-3.130581462755799294e-03
2.456547692418098450e-02
5.613381415605545044e-02
9.801532328128814697e-02
1.088506877422332764e-01
1.102449521422386169e-01
9.574449807405471802e-02
8.270383626222610474e-02
8.840648829936981201e-02
-9.999000000000000000e+03
-9.999000000000000000e+03
-9.999000000000000000e+03
-9.999000000000000000e+03
-9.999000000000000000e+03
-9.999000000000000000e+03
-9.999000000000000000e+03
-9.999000000000000000e+03
-9.999000000000000000e+03
-9.999000000000000000e+03
-1.633556038141250610e-01
-2.153218239545822144e-01
-2.069042921066284180e-01
-1.456991732120513916e-01
-7.606731355190277100e-02
-4.828562960028648376e-02
-3.900308161973953247e-03
1.778393052518367767e-02
2.551852352917194366e-02
1.814021542668342590e-02
1.107633113861083984e-02
-7.386741694062948227e-03
1.428782660514116287e-02
7.475247234106063843e-02
8.965943008661270142e-02
1.066024377942085266e-01
1.121615767478942871e-01
1.041502058506011963e-01
5.244529992341995239e-02
5.201706290245056152e-02
-9.999000000000000000e+03
-9.999000000000000000e+03
-9.999000000000000000e+03
-9.999000000000000000e+03
-9.999000000000000000e+03
-9.999000000000000000e+03
-9.999000000000000000e+03
-9.999000000000000000e+03
-9.999000000000000000e+03
-9.999000000000000000e+03
-9.999000000000000000e+03
-9.999000000000000000e+03
-1.272158771753311157e-01
-1.605441719293594360e-01
-1.034822389483451843e-01
-8.255998045206069946e-02
-8.343583345413208008e-02
-5.617014691233634949e-02
-1.981865800917148590e-02
7.813261472620069981e-04
1.055742613971233368e-02
-4.266378004103899002e-03
1.352449785917997360e-02
5.795713141560554504e-02
9.802321344614028931e-02
9.400088340044021606e-02
1.012977436184883118e-01
7.754725217819213867e-02
8.771383017301559448e-02
-9.999000000000000000e+03
-9.999000000000000000e+03
-9.999000000000000000e+03
-9.999000000000000000e+03
-9.999000000000000000e+03
-9.999000000000000000e+03
-9.999000000000000000e+03
-9.999000000000000000e+03
-9.999000000000000000e+03
-9.999000000000000000e+03
-9.999000000000000000e+03
-9.999000000000000000e+03
-9.999000000000000000e+03
-9.999000000000000000e+03
-9.999000000000000000e+03
-1.091862097382545471e-01
-7.803906500339508057e-02
-9.999000000000000000e+03
-8.486504107713699341e-02
-8.395230770111083984e-02
-4.861413687467575073e-02
-1.229752413928508759e-02
3.362729214131832123e-03
-6.748943123966455460e-03
5.749899521470069885e-02
1.055408716201782227e-01
9.967669099569320679e-02
9.486475586891174316e-02
8.970122039318084717e-02
5.564727634191513062e-02
-9.999000000000000000e+03
-9.999000000000000000e+03
-9.999000000000000000e+03
-9.999000000000000000e+03
-9.999000000000000000e+03
-9.999000000000000000e+03
-9.999000000000000000e+03
-9.999000000000000000e+03
-9.999000000000000000e+03
-9.999000000000000000e+03
-9.999000000000000000e+03
-9.999000000000000000e+03
-9.999000000000000000e+03
-9.999000000000000000e+03
-9.999000000000000000e+03
-9.999000000000000000e+03
-3.879139572381973267e-02
-2.915564924478530884e-02
-9.999000000000000000e+03
-9.999000000000000000e+03
-9.206651151180267334e-02
-6.056259945034980774e-02
-2.204702422022819519e-02
-2.015318721532821655e-03
3.546412289142608643e-02
7.925068587064743042e-02
1.027262508869171143e-01
9.529506415128707886e-02
8.463526517152786255e-02
2.391193062067031860e-02
-9.999000000000000000e+03
-9.999000000000000000e+03
-9.999000000000000000e+03
-9.999000000000000000e+03
-9.999000000000000000e+03
-9.999000000000000000e+03
-9.999000000000000000e+03
-9.999000000000000000e+03
-9.999000000000000000e+03
-9.999000000000000000e+03
-9.999000000000000000e+03
-9.999000000000000000e+03
-9.999000000000000000e+03
-9.999000000000000000e+03
-9.999000000000000000e+03
-9.999000000000000000e+03
-9.999000000000000000e+03
-9.113939478993415833e-03
2.802848815917968750e-03
-9.999000000000000000e+03
-9.999000000000000000e+03
-6.612566858530044556e-02
-6.706529110670089722e-02
-3.568378463387489319e-02
4.908450413495302200e-03
5.388781055808067322e-02
7.867182046175003052e-02
8.900871127843856812e-02
8.223926275968551636e-02
6.283502280712127686e-02
2.825163304805755615e-02
-9.999000000000000000e+03
-9.999000000000000000e+03
-9.999000000000000000e+03
-9.999000000000000000e+03
-9.999000000000000000e+03
-9.999000000000000000e+03
-9.999000000000000000e+03
-9.999000000000000000e+03
-9.999000000000000000e+03
-9.999000000000000000e+03
-9.999000000000000000e+03
-9.999000000000000000e+03
-9.999000000000000000e+03
-9.999000000000000000e+03
-9.999000000000000000e+03
-9.999000000000000000e+03
-9.999000000000000000e+03
-9.999000000000000000e+03
-9.999000000000000000e+03
-9.999000000000000000e+03
-9.999000000000000000e+03
-5.365629494190216064e-02
-7.849401235580444336e-02
-4.620186239480972290e-02
6.993770133703947067e-03
3.327196091413497925e-02
6.013244017958641052e-02
8.089026063680648804e-02
9.132435917854309082e-02
5.689415335655212402e-02
3.849069401621818542e-02
-9.999000000000000000e+03
-9.999000000000000000e+03
-9.999000000000000000e+03
-9.999000000000000000e+03
-9.999000000000000000e+03
-9.999000000000000000e+03
-9.999000000000000000e+03
-9.999000000000000000e+03
-9.999000000000000000e+03
-9.999000000000000000e+03
-9.999000000000000000e+03
-9.999000000000000000e+03
-9.999000000000000000e+03
-9.999000000000000000e+03
-9.999000000000000000e+03
-9.999000000000000000e+03
-9.999000000000000000e+03
-9.999000000000000000e+03
-9.999000000000000000e+03
-9.999000000000000000e+03
-9.999000000000000000e+03
-9.999000000000000000e+03
-6.652462482452392578e-02
-6.432941555976867676e-02
-5.204241722822189331e-03
-3.322359174489974976e-02
2.199266664683818817e-02
7.891346514225006104e-02
1.198767349123954773e-01
8.694476634263992310e-02
-9.999000000000000000e+03
-9.999000000000000000e+03
-9.999000000000000000e+03
-9.999000000000000000e+03
-9.999000000000000000e+03
-9.999000000000000000e+03
-9.999000000000000000e+03
-9.999000000000000000e+03
-9.999000000000000000e+03
-9.999000000000000000e+03
-9.999000000000000000e+03
-9.999000000000000000e+03
-9.999000000000000000e+03
-9.999000000000000000e+03
-9.999000000000000000e+03
-9.999000000000000000e+03
-9.999000000000000000e+03
-9.999000000000000000e+03
-9.999000000000000000e+03
-9.999000000000000000e+03
-9.999000000000000000e+03
-9.999000000000000000e+03
-9.999000000000000000e+03
-5.339866131544113159e-02
-3.837929293513298035e-02
-3.957879543304443359e-02
-7.192639261484146118e-02
1.274497190024703741e-04
7.610788196325302124e-02
1.376209706068038940e-01
8.433853834867477417e-02
4.414498060941696167e-02
-9.999000000000000000e+03
-9.999000000000000000e+03
-9.999000000000000000e+03
-9.999000000000000000e+03
-9.999000000000000000e+03
-9.999000000000000000e+03
-9.999000000000000000e+03
-9.999000000000000000e+03
-9.999000000000000000e+03
-9.999000000000000000e+03
-9.999000000000000000e+03
-9.999000000000000000e+03
-9.999000000000000000e+03
-9.999000000000000000e+03
-9.999000000000000000e+03
-9.999000000000000000e+03
-9.999000000000000000e+03
-9.999000000000000000e+03
-9.999000000000000000e+03
-9.999000000000000000e+03
-9.999000000000000000e+03
-9.999000000000000000e+03
-9.999000000000000000e+03
-3.024850413203239441e-02
-5.951853469014167786e-02
-5.291245877742767334e-02
1.057991292327642441e-02
1.851329766213893890e-02
-1.868968643248081207e-02
1.390421297401189804e-02
5.989660322666168213e-02
-9.999000000000000000e+03
-9.999000000000000000e+03
-9.999000000000000000e+03
-9.999000000000000000e+03
-9.999000000000000000e+03
-9.999000000000000000e+03
-9.999000000000000000e+03
-9.999000000000000000e+03
-9.999000000000000000e+03
-9.999000000000000000e+03
-9.999000000000000000e+03
-9.999000000000000000e+03
-9.999000000000000000e+03
-9.999000000000000000e+03
-9.999000000000000000e+03
-9.999000000000000000e+03
-9.999000000000000000e+03
-9.999000000000000000e+03
-9.999000000000000000e+03
-9.999000000000000000e+03
-9.999000000000000000e+03
-9.999000000000000000e+03
-9.999000000000000000e+03
-4.236916825175285339e-02
-6.594980508089065552e-02
-5.339395999908447266e-02
-4.301685467362403870e-02
-1.038617789745330811e-01
-1.592974364757537842e-01
-9.872973710298538208e-02
-2.118272241204977036e-03
4.868602380156517029e-02
-9.999000000000000000e+03
-9.999000000000000000e+03
-9.999000000000000000e+03
-9.999000000000000000e+03
-9.999000000000000000e+03
-9.999000000000000000e+03
-9.999000000000000000e+03
-9.999000000000000000e+03
-9.999000000000000000e+03
-9.999000000000000000e+03
-9.999000000000000000e+03
-9.999000000000000000e+03
-9.999000000000000000e+03
-9.999000000000000000e+03
-9.999000000000000000e+03
-9.999000000000000000e+03
-9.999000000000000000e+03
-9.999000000000000000e+03
-9.999000000000000000e+03
-9.999000000000000000e+03
-9.999000000000000000e+03
-9.999000000000000000e+03
8.952667936682701111e-03
-1.579175144433975220e-02
-4.166860133409500122e-02
-8.269602805376052856e-02
-1.215584054589271545e-01
-1.552600115537643433e-01
-1.047813892364501953e-01
4.739681258797645569e-03
8.518224209547042847e-02
-3.137565450742840767e-03
-4.173533245921134949e-02
1.624538376927375793e-02
1.487562712281942368e-02
-9.999000000000000000e+03
-9.999000000000000000e+03
-9.999000000000000000e+03
-9.999000000000000000e+03
-9.999000000000000000e+03
-9.999000000000000000e+03
-9.999000000000000000e+03
-9.999000000000000000e+03
-9.999000000000000000e+03
-9.999000000000000000e+03
-9.999000000000000000e+03
-9.999000000000000000e+03
-9.999000000000000000e+03
-9.999000000000000000e+03
-9.999000000000000000e+03
-9.999000000000000000e+03
-9.999000000000000000e+03
1.064257044345140457e-02
2.153045684099197388e-02
2.559292502701282501e-02
-3.047035261988639832e-02
-7.944846898317337036e-02
-1.086854562163352966e-01
-1.115348562598228455e-01
-9.107439219951629639e-02
-3.494882956147193909e-02
3.950093314051628113e-02
1.184605294838547707e-03
4.420045763254165649e-02
2.916130237281322479e-02
1.743642427027225494e-02
-9.999000000000000000e+03
-9.999000000000000000e+03
-9.999000000000000000e+03
-9.999000000000000000e+03
-9.999000000000000000e+03
-9.999000000000000000e+03
-9.999000000000000000e+03
-9.999000000000000000e+03
-9.999000000000000000e+03
-9.999000000000000000e+03
-9.999000000000000000e+03
-9.999000000000000000e+03
-9.999000000000000000e+03
-9.999000000000000000e+03
-9.999000000000000000e+03
2.597261033952236176e-02
1.440196204930543900e-02
2.925099688582122326e-04
1.494783349335193634e-02
-7.382059120573103428e-04
-3.812969848513603210e-02
-6.365447491407394409e-02
-8.275852352380752563e-02
-9.939046204090118408e-02
-9.333597123622894287e-02
-5.863414332270622253e-02
-1.006913278251886368e-02
5.038840696215629578e-02
8.307594060897827148e-02
-9.999000000000000000e+03
-9.999000000000000000e+03
-9.999000000000000000e+03
-9.999000000000000000e+03
-9.999000000000000000e+03
-9.999000000000000000e+03
-9.999000000000000000e+03
-9.999000000000000000e+03
-9.999000000000000000e+03
-9.999000000000000000e+03
-9.999000000000000000e+03
-9.999000000000000000e+03
-9.999000000000000000e+03
-9.999000000000000000e+03
-9.999000000000000000e+03
-9.999000000000000000e+03
2.420961484313011169e-02
3.492777049541473389e-02
3.973398730158805847e-02
2.148858085274696350e-02
6.035903003066778183e-03
-2.586809173226356506e-02
-6.111239269375801086e-02
-5.110161006450653076e-02
-5.171464383602142334e-02
-6.034407764673233032e-02
-8.057966828346252441e-02
-8.502707630395889282e-02
-4.577467590570449829e-02
6.499520689249038696e-02
-9.999000000000000000e+03
-9.999000000000000000e+03
-9.999000000000000000e+03
-9.999000000000000000e+03
-9.999000000000000000e+03
-9.999000000000000000e+03
-9.999000000000000000e+03
-9.999000000000000000e+03
-9.999000000000000000e+03
-9.999000000000000000e+03
-9.999000000000000000e+03
-9.999000000000000000e+03
-9.999000000000000000e+03
-9.999000000000000000e+03
-9.999000000000000000e+03
-9.999000000000000000e+03
-9.999000000000000000e+03
3.358955681324005127e-02
3.320495411753654480e-02
6.212766095995903015e-02
2.752488479018211365e-02
-7.531593088060617447e-03
-4.070907458662986755e-02
-5.868579074740409851e-02
-4.455534741282463074e-02
-2.438948489725589752e-02
-2.819401770830154419e-02
-4.518477991223335266e-02
-5.598559603095054626e-02
-1.800750382244586945e-02
3.918925300240516663e-02
-9.999000000000000000e+03
-9.999000000000000000e+03
-9.999000000000000000e+03
-9.999000000000000000e+03
-9.999000000000000000e+03
-9.999000000000000000e+03
-9.999000000000000000e+03
-9.999000000000000000e+03
-9.999000000000000000e+03
-9.999000000000000000e+03
-9.999000000000000000e+03
-9.999000000000000000e+03
-9.999000000000000000e+03
-9.999000000000000000e+03
-9.999000000000000000e+03
-9.999000000000000000e+03
-9.999000000000000000e+03
4.439715296030044556e-02
7.533206045627593994e-02
7.271309942007064819e-02
3.772908076643943787e-02
-8.371521718800067902e-03
-5.443896353244781494e-02
-6.351738423109054565e-02
-3.826059773564338684e-02
-1.824479736387729645e-02
-2.091136574745178223e-02
-3.616360947489738464e-02
-2.547993510961532593e-02
1.069814991205930710e-02
-9.999000000000000000e+03
-9.999000000000000000e+03
-9.999000000000000000e+03
-9.999000000000000000e+03
-9.999000000000000000e+03
-9.999000000000000000e+03
-9.999000000000000000e+03
-9.999000000000000000e+03
-9.999000000000000000e+03
-9.999000000000000000e+03
-9.999000000000000000e+03
-9.999000000000000000e+03
-9.999000000000000000e+03
-9.999000000000000000e+03
-9.999000000000000000e+03
-9.999000000000000000e+03
-9.999000000000000000e+03
-9.999000000000000000e+03
7.767811417579650879e-02
1.048136800527572632e-01
6.455752253532409668e-02
1.635915040969848633e-02
-3.979363664984703064e-02
-7.636258006095886230e-02
-8.354563266038894653e-02
-5.853502079844474792e-02
-2.520910650491714478e-02
-4.593702033162117004e-03
-8.913435973227024078e-03
-1.445307582616806030e-02
-9.999000000000000000e+03
-9.999000000000000000e+03
-9.999000000000000000e+03
-9.999000000000000000e+03
-9.999000000000000000e+03
-9.999000000000000000e+03
-9.999000000000000000e+03
-9.999000000000000000e+03
-9.999000000000000000e+03
-9.999000000000000000e+03
-9.999000000000000000e+03
-9.999000000000000000e+03
-9.999000000000000000e+03
-9.999000000000000000e+03
-9.999000000000000000e+03
-9.999000000000000000e+03
-9.999000000000000000e+03
-9.999000000000000000e+03
-9.999000000000000000e+03
9.599559009075164795e-02
9.337514638900756836e-02
5.740710720419883728e-02
8.784638717770576477e-03
-8.866716921329498291e-02
-8.901847153902053833e-02
-6.482124328613281250e-02
-3.671967238187789917e-02
-2.521870471537113190e-02
-1.031132321804761887e-02
-9.999000000000000000e+03
-9.999000000000000000e+03
-9.999000000000000000e+03
-9.999000000000000000e+03
-9.999000000000000000e+03
-9.999000000000000000e+03
-9.999000000000000000e+03
-9.999000000000000000e+03
-9.999000000000000000e+03
-9.999000000000000000e+03
-9.999000000000000000e+03
-9.999000000000000000e+03
-9.999000000000000000e+03
-9.999000000000000000e+03
-9.999000000000000000e+03
-9.999000000000000000e+03
-9.999000000000000000e+03
-9.999000000000000000e+03
-9.999000000000000000e+03
-9.999000000000000000e+03
-9.999000000000000000e+03
8.084385097026824951e-02
6.287949532270431519e-02
3.054176829755306244e-02
-2.790527790784835815e-02
-6.401885300874710083e-02
-6.512752920389175415e-02
-9.999000000000000000e+03
-9.999000000000000000e+03
-9.999000000000000000e+03
-9.999000000000000000e+03
-9.999000000000000000e+03
-9.999000000000000000e+03
-9.999000000000000000e+03
-9.999000000000000000e+03
-9.999000000000000000e+03
-9.999000000000000000e+03
-9.999000000000000000e+03
-9.999000000000000000e+03
-9.999000000000000000e+03
-9.999000000000000000e+03
-9.999000000000000000e+03
-9.999000000000000000e+03
-9.999000000000000000e+03
-9.999000000000000000e+03
-9.999000000000000000e+03
-9.999000000000000000e+03
-9.999000000000000000e+03
-9.999000000000000000e+03
-9.999000000000000000e+03
-9.999000000000000000e+03
-9.999000000000000000e+03
3.174904361367225647e-02
3.451762720942497253e-02
2.099225297570228577e-02
-9.999000000000000000e+03
-9.999000000000000000e+03
-9.999000000000000000e+03
-9.999000000000000000e+03
-9.999000000000000000e+03
-9.999000000000000000e+03
-9.999000000000000000e+03
-9.999000000000000000e+03
-9.999000000000000000e+03
-9.999000000000000000e+03
-9.999000000000000000e+03
-9.999000000000000000e+03
-9.999000000000000000e+03
-9.999000000000000000e+03
-9.999000000000000000e+03
-9.999000000000000000e+03
-9.999000000000000000e+03
-9.999000000000000000e+03
-9.999000000000000000e+03
-9.999000000000000000e+03
-9.999000000000000000e+03
-9.999000000000000000e+03
-9.999000000000000000e+03
-9.999000000000000000e+03
-9.999000000000000000e+03
-9.999000000000000000e+03
-9.999000000000000000e+03
-9.999000000000000000e+03
