-1.581873595714569092e-01
-1.064338386058807373e-01
-3.927578777074813843e-02
2.151382714509963989e-02
6.213045492768287659e-02
9.610398113727569580e-02
1.311182379722595215e-01
1.609253436326980591e-01
1.860155612230300903e-01
2.178627401590347290e-01
2.248127162456512451e-01
-9.999000000000000000e+03
-9.999000000000000000e+03
-9.999000000000000000e+03
-9.999000000000000000e+03
-9.999000000000000000e+03
-9.999000000000000000e+03
-9.999000000000000000e+03
-9.999000000000000000e+03
-9.999000000000000000e+03
-9.999000000000000000e+03
-9.999000000000000000e+03
-9.999000000000000000e+03
-1.011550892144441605e-02
1.024499908089637756e-02
5.402489751577377319e-02
9.897767007350921631e-02
1.046464517712593079e-01
9.862756729125976562e-02
8.859677612781524658e-02
8.629755675792694092e-02
-1.608265340328216553e-01
-1.034511253237724304e-01
-3.464648500084877014e-02
1.734071411192417145e-02
6.305124610662460327e-02
9.573297202587127686e-02
1.343441307544708252e-01
1.668252050876617432e-01
1.935627460479736328e-01
2.238911390304565430e-01
2.379412949085235596e-01
1.382526755332946777e-01
-9.999000000000000000e+03
-9.999000000000000000e+03
-9.999000000000000000e+03
-9.999000000000000000e+03
-9.999000000000000000e+03
-9.999000000000000000e+03
-9.999000000000000000e+03
-9.999000000000000000e+03
-9.999000000000000000e+03
7.525064982473850250e-03
-1.371724531054496765e-02
-2.600038424134254456e-02
-2.465349994599819183e-02
2.584116533398628235e-02
6.968202441930770874e-02
8.116106688976287842e-02
7.934044301509857178e-02
8.304641395807266235e-02
9.267485141754150391e-02
-1.790704280138015747e-01
-9.992855042219161987e-02
-2.695503830909729004e-02
1.344447024166584015e-02
5.139167234301567078e-02
8.472816646099090576e-02
1.277282834053039551e-01
1.695061326026916504e-01
2.017109692096710205e-01
2.299357801675796509e-01
2.239993065595626831e-01
1.530142724514007568e-01
-9.999000000000000000e+03
-9.999000000000000000e+03
-9.999000000000000000e+03
-9.999000000000000000e+03
-9.999000000000000000e+03
-9.999000000000000000e+03
-9.999000000000000000e+03
-1.243043597787618637e-02
-5.855698604136705399e-03
7.950204424560070038e-03
-2.688736096024513245e-02
-2.828031033277511597e-02
3.247696076869033277e-05
1.187298819422721863e-02
3.473701700568199158e-02
4.467652365565299988e-02
6.407365947961807251e-02
7.510644197463989258e-02
8.597695827484130859e-02
-1.747416406869888306e-01
-1.138312518596649170e-01
-5.428968742489814758e-02
-6.515020038932561874e-03
4.125205427408218384e-02
8.843406289815902710e-02
1.298974007368087769e-01
1.697938889265060425e-01
2.000059932470321655e-01
2.247008830308914185e-01
2.297509014606475830e-01
1.697136908769607544e-01
9.204544126987457275e-02
-9.999000000000000000e+03
-9.999000000000000000e+03
-9.999000000000000000e+03
-1.715738698840141296e-02
-2.081234194338321686e-02
-2.587819658219814301e-02
-1.946007087826728821e-02
-1.669919118285179138e-02
-1.700119115412235260e-02
-2.065989188849925995e-02
-1.563234813511371613e-02
1.495897304266691208e-02
-5.949751008301973343e-03
1.860115304589271545e-02
3.372163325548171997e-02
4.820538312196731567e-02
6.537850201129913330e-02
7.818474620580673218e-02
-1.770264655351638794e-01
-1.140521541237831116e-01
-5.198702588677406311e-02
-7.837514393031597137e-03
3.780847042798995972e-02
7.685273885726928711e-02
1.164150759577751160e-01
1.601303964853286743e-01
1.945553869009017944e-01
2.073289453983306885e-01
1.894366443157196045e-01
1.376142501831054688e-01
7.766962051391601562e-02
3.748610988259315491e-02
-1.179000455886125565e-02
-2.432356961071491241e-02
-1.786760985851287842e-02
-1.119019370526075363e-02
-1.321550924330949783e-02
-5.998051259666681290e-03
-1.064307149499654770e-02
-6.179420743137598038e-03
-9.647102095186710358e-03
-1.540557388216257095e-02
-1.979088038206100464e-02
-2.747890166938304901e-02
-8.579119108617305756e-03
9.016253170557320118e-04
2.662534825503826141e-02
6.314527988433837891e-02
8.692128956317901611e-02
-1.568289846181869507e-01
-1.173526942729949951e-01
-6.768479943275451660e-02
-1.213137712329626083e-02
4.062895476818084717e-02
7.523488998413085938e-02
9.882624447345733643e-02
1.341426819562911987e-01
1.589982658624649048e-01
1.754191666841506958e-01
1.524124443531036377e-01
9.753076732158660889e-02
4.558806121349334717e-02
1.680204528383910656e-03
-1.391725149005651474e-02
-9.324617683887481689e-03
1.312602777034044266e-02
2.806003205478191376e-02
2.056116797029972076e-02
1.567139104008674622e-02
-2.510435879230499268e-03
-2.106960862874984741e-02
-4.514876008033752441e-02
-5.292056873440742493e-02
-6.493096053600311279e-02
-7.659937441349029541e-02
-4.300662875175476074e-02
-2.547525428235530853e-02
1.510439440608024597e-03
4.229917004704475403e-02
7.543513923883438110e-02
-1.312970519065856934e-01
-9.433453530073165894e-02
-5.190983787178993225e-02
-1.363686099648475647e-02
2.533246204257011414e-02
5.306087806820869446e-02
7.178234308958053589e-02
1.016471609473228455e-01
1.097699701786041260e-01
1.074850782752037048e-01
9.456716477870941162e-02
6.048941612243652344e-02
2.456523105502128601e-02
-8.544074371457099915e-03
1.506618782877922058e-02
3.903079777956008911e-02
6.420734524726867676e-02
7.520898431539535522e-02
6.072298437356948853e-02
4.664882645010948181e-02
5.012727342545986176e-03
-5.174389854073524475e-02
-9.338439255952835083e-02
-1.148101240396499634e-01
-1.324179619550704956e-01
-1.343153715133666992e-01
-1.048406362533569336e-01
-8.996986597776412964e-02
-5.621550977230072021e-02
1.975827477872371674e-02
5.317061394453048706e-02
-1.006328761577606201e-01
-8.399891108274459839e-02
-5.169771611690521240e-02
-2.813350223004817963e-02
5.076847970485687256e-03
1.968878507614135742e-02
3.366244211792945862e-02
6.000176072120666504e-02
6.096540763974189758e-02
6.461898237466812134e-02
5.675874277949333191e-02
2.445644140243530273e-02
1.118523348122835159e-02
1.928966864943504333e-02
5.540623143315315247e-02
7.991101592779159546e-02
1.074499934911727905e-01
1.121127530932426453e-01
9.259513020515441895e-02
6.302139163017272949e-02
9.979548864066600800e-03
-3.817750141024589539e-02
-7.635829597711563110e-02
-1.286205947399139404e-01
-1.789594143629074097e-01
-1.825477778911590576e-01
-1.864303946495056152e-01
-1.837618201971054077e-01
-1.384547203779220581e-01
-4.303219541907310486e-02
-1.346839242614805698e-03
-7.207542657852172852e-02
-6.473039835691452026e-02
-5.701034143567085266e-02
-4.387728124856948853e-02
-1.895061135292053223e-02
-1.138418354094028473e-02
7.910628803074359894e-03
3.646899014711380005e-02
4.423582926392555237e-02
4.501248151063919067e-02
3.910654038190841675e-02
2.331831865012645721e-02
3.767549246549606323e-02
7.529003918170928955e-02
1.082404926419258118e-01
1.151887550950050354e-01
1.232760995626449585e-01
1.167532056570053101e-01
1.036782711744308472e-01
5.639052391052246094e-02
-1.237526908516883850e-02
-3.860697895288467407e-02
-4.591474309563636780e-02
-8.162068575620651245e-02
-9.092185646295547485e-02
-1.713874042034149170e-01
-2.235393226146697998e-01
-2.454488426446914673e-01
-1.856789886951446533e-01
-9.723043441772460938e-02
-2.626498602330684662e-02
-4.551547020673751831e-02
-4.436711966991424561e-02
-5.563599988818168640e-02
-4.984889551997184753e-02
-4.264875501394271851e-02
-2.630507387220859528e-02
-2.746992744505405426e-03
3.116949833929538727e-02
3.423453867435455322e-02
3.953126817941665649e-02
3.893429040908813477e-02
6.186296418309211731e-02
8.610409498214721680e-02
1.080237999558448792e-01
1.238414421677589417e-01
1.229894161224365234e-01
1.148071959614753723e-01
6.801515072584152222e-02
6.252135336399078369e-02
1.331435982137918472e-02
-2.000900544226169586e-02
-9.999000000000000000e+03
-9.999000000000000000e+03
-9.999000000000000000e+03
-9.999000000000000000e+03
-9.999000000000000000e+03
-9.999000000000000000e+03
-2.130873054265975952e-01
-2.360239028930664062e-01
-1.300176829099655151e-01
-4.075753316283226013e-02
-2.931514754891395569e-02
-1.974674314260482788e-02
-2.649017423391342163e-02
-3.159318119287490845e-02
-5.094929039478302002e-02
-3.452984243631362915e-02
-8.071279153227806091e-03
1.756327599287033081e-02
3.559442982077598572e-02
5.876128003001213074e-02
6.652008742094039917e-02
1.140656471252441406e-01
1.240801066160202026e-01
1.276818960905075073e-01
1.137936636805534363e-01
9.704647958278656006e-02
9.265958517789840698e-02
-9.999000000000000000e+03
-9.999000000000000000e+03
-9.999000000000000000e+03
-9.999000000000000000e+03
-9.999000000000000000e+03
-9.999000000000000000e+03
-9.999000000000000000e+03
-9.999000000000000000e+03
-9.999000000000000000e+03
-9.999000000000000000e+03
-1.714528948068618774e-01
-2.248696088790893555e-01
-1.882337629795074463e-01
-9.869327396154403687e-02
-4.103491082787513733e-02
-2.031292393803596497e-02
-2.012436091899871826e-02
-4.307203367352485657e-02
-6.412591785192489624e-02
-6.130964308977127075e-02
-2.752424590289592743e-02
1.798866316676139832e-02
6.463829427957534790e-02
9.989400953054428101e-02
1.126592084765434265e-01
1.345610320568084717e-01
1.337655633687973022e-01
1.202492937445640564e-01
5.550996214151382446e-02
5.330251902341842651e-02
-9.999000000000000000e+03
-9.999000000000000000e+03
-9.999000000000000000e+03
-9.999000000000000000e+03
-9.999000000000000000e+03
-9.999000000000000000e+03
-9.999000000000000000e+03
-9.999000000000000000e+03
-9.999000000000000000e+03
-9.999000000000000000e+03
-9.999000000000000000e+03
-9.999000000000000000e+03
-1.521244794130325317e-01
-1.753361821174621582e-01
-7.841950654983520508e-02
-5.143496021628379822e-02
-5.701866745948791504e-02
-5.051157996058464050e-02
-5.274487286806106567e-02
-6.130092591047286987e-02
-4.606922343373298645e-02
8.781868033111095428e-03
5.168070271611213684e-02
9.050232172012329102e-02
1.061002761125564575e-01
1.206943541765213013e-01
1.491937637329101562e-01
9.188435226678848267e-02
9.693228453397750854e-02
-9.999000000000000000e+03
-9.999000000000000000e+03
-9.999000000000000000e+03
-9.999000000000000000e+03
-9.999000000000000000e+03
-9.999000000000000000e+03
-9.999000000000000000e+03
-9.999000000000000000e+03
-9.999000000000000000e+03
-9.999000000000000000e+03
-9.999000000000000000e+03
-9.999000000000000000e+03
-9.999000000000000000e+03
-9.999000000000000000e+03
-9.999000000000000000e+03
-1.432314515113830566e-01
-8.317153155803680420e-02
-9.999000000000000000e+03
-7.353729754686355591e-02
-8.417293429374694824e-02
-6.973377615213394165e-02
-4.473877325654029846e-02
-1.982282288372516632e-02
4.752040654420852661e-02
9.355863928794860840e-02
8.598446100950241089e-02
1.084548309445381165e-01
1.286828517913818359e-01
1.315071731805801392e-01
6.925737112760543823e-02
-9.999000000000000000e+03
-9.999000000000000000e+03
-9.999000000000000000e+03
-9.999000000000000000e+03
-9.999000000000000000e+03
-9.999000000000000000e+03
-9.999000000000000000e+03
-9.999000000000000000e+03
-9.999000000000000000e+03
-9.999000000000000000e+03
-9.999000000000000000e+03
-9.999000000000000000e+03
-9.999000000000000000e+03
-9.999000000000000000e+03
-9.999000000000000000e+03
-9.999000000000000000e+03
-6.448613852262496948e-02
-2.714076451957225800e-02
-9.999000000000000000e+03
-9.999000000000000000e+03
-9.900005906820297241e-02
-7.785502076148986816e-02
-3.385042026638984680e-02
1.828069984912872314e-02
8.129332214593887329e-02
1.025318503379821777e-01
8.262380957603454590e-02
1.108473390340805054e-01
1.133924871683120728e-01
2.178552187979221344e-02
-9.999000000000000000e+03
-9.999000000000000000e+03
-9.999000000000000000e+03
-9.999000000000000000e+03
-9.999000000000000000e+03
-9.999000000000000000e+03
-9.999000000000000000e+03
-9.999000000000000000e+03
-9.999000000000000000e+03
-9.999000000000000000e+03
-9.999000000000000000e+03
-9.999000000000000000e+03
-9.999000000000000000e+03
-9.999000000000000000e+03
-9.999000000000000000e+03
-9.999000000000000000e+03
-9.999000000000000000e+03
-2.014395408332347870e-02
1.916475780308246613e-02
-9.999000000000000000e+03
-9.999000000000000000e+03
-7.326793670654296875e-02
-7.461398839950561523e-02
-4.151992127299308777e-02
1.685624010860919952e-02
9.630221873521804810e-02
8.398976176977157593e-02
1.026285067200660706e-01
1.193163394927978516e-01
8.993698656558990479e-02
3.179977089166641235e-02
-9.999000000000000000e+03
-9.999000000000000000e+03
-9.999000000000000000e+03
-9.999000000000000000e+03
-9.999000000000000000e+03
-9.999000000000000000e+03
-9.999000000000000000e+03
-9.999000000000000000e+03
-9.999000000000000000e+03
-9.999000000000000000e+03
-9.999000000000000000e+03
-9.999000000000000000e+03
-9.999000000000000000e+03
-9.999000000000000000e+03
-9.999000000000000000e+03
-9.999000000000000000e+03
-9.999000000000000000e+03
-9.999000000000000000e+03
-9.999000000000000000e+03
-9.999000000000000000e+03
-9.999000000000000000e+03
-4.888976365327835083e-02
-6.696734577417373657e-02
-3.773532807826995850e-02
1.869054883718490601e-02
4.758338630199432373e-02
7.147291302680969238e-02
1.194388493895530701e-01
1.462698727846145630e-01
6.502778083086013794e-02
3.550232946872711182e-02
-9.999000000000000000e+03
-9.999000000000000000e+03
-9.999000000000000000e+03
-9.999000000000000000e+03
-9.999000000000000000e+03
-9.999000000000000000e+03
-9.999000000000000000e+03
-9.999000000000000000e+03
-9.999000000000000000e+03
-9.999000000000000000e+03
-9.999000000000000000e+03
-9.999000000000000000e+03
-9.999000000000000000e+03
-9.999000000000000000e+03
-9.999000000000000000e+03
-9.999000000000000000e+03
-9.999000000000000000e+03
-9.999000000000000000e+03
-9.999000000000000000e+03
-9.999000000000000000e+03
-9.999000000000000000e+03
-9.999000000000000000e+03
-4.735896363854408264e-02
-3.790310397744178772e-02
2.951898146420717239e-03
-4.119372367858886719e-02
5.779351294040679932e-02
1.416064500808715820e-01
1.803150177001953125e-01
1.096730530261993408e-01
-9.999000000000000000e+03
-9.999000000000000000e+03
-9.999000000000000000e+03
-9.999000000000000000e+03
-9.999000000000000000e+03
-9.999000000000000000e+03
-9.999000000000000000e+03
-9.999000000000000000e+03
-9.999000000000000000e+03
-9.999000000000000000e+03
-9.999000000000000000e+03
-9.999000000000000000e+03
-9.999000000000000000e+03
-9.999000000000000000e+03
-9.999000000000000000e+03
-9.999000000000000000e+03
-9.999000000000000000e+03
-9.999000000000000000e+03
-9.999000000000000000e+03
-9.999000000000000000e+03
-9.999000000000000000e+03
-9.999000000000000000e+03
-9.999000000000000000e+03
-3.294792026281356812e-02
-2.494900859892368317e-02
-3.205646201968193054e-02
-7.342172414064407349e-02
4.787093028426170349e-02
1.787841767072677612e-01
2.101850211620330811e-01
1.587656885385513306e-01
9.744413942098617554e-02
-9.999000000000000000e+03
-9.999000000000000000e+03
-9.999000000000000000e+03
-9.999000000000000000e+03
-9.999000000000000000e+03
-9.999000000000000000e+03
-9.999000000000000000e+03
-9.999000000000000000e+03
-9.999000000000000000e+03
-9.999000000000000000e+03
-9.999000000000000000e+03
-9.999000000000000000e+03
-9.999000000000000000e+03
-9.999000000000000000e+03
-9.999000000000000000e+03
-9.999000000000000000e+03
-9.999000000000000000e+03
-9.999000000000000000e+03
-9.999000000000000000e+03
-9.999000000000000000e+03
-9.999000000000000000e+03
-9.999000000000000000e+03
-9.999000000000000000e+03
-2.568398788571357727e-02
-3.868010640144348145e-02
-3.763456642627716064e-02
7.874037325382232666e-02
1.316195130348205566e-01
7.155331224203109741e-02
9.951359033584594727e-02
8.971240371465682983e-02
-9.999000000000000000e+03
-9.999000000000000000e+03
-9.999000000000000000e+03
-9.999000000000000000e+03
-9.999000000000000000e+03
-9.999000000000000000e+03
-9.999000000000000000e+03
-9.999000000000000000e+03
-9.999000000000000000e+03
-9.999000000000000000e+03
-9.999000000000000000e+03
-9.999000000000000000e+03
-9.999000000000000000e+03
-9.999000000000000000e+03
-9.999000000000000000e+03
-9.999000000000000000e+03
-9.999000000000000000e+03
-9.999000000000000000e+03
-9.999000000000000000e+03
-9.999000000000000000e+03
-9.999000000000000000e+03
-9.999000000000000000e+03
-9.999000000000000000e+03
-1.649202778935432434e-02
-4.980902746319770813e-02
-7.086343318223953247e-02
-3.511664643883705139e-02
-5.314302444458007812e-02
-9.676410257816314697e-02
-5.160262063145637512e-02
2.610946632921695709e-02
7.624004781246185303e-02
-9.999000000000000000e+03
-9.999000000000000000e+03
-9.999000000000000000e+03
-9.999000000000000000e+03
-9.999000000000000000e+03
-9.999000000000000000e+03
-9.999000000000000000e+03
-9.999000000000000000e+03
-9.999000000000000000e+03
-9.999000000000000000e+03
-9.999000000000000000e+03
-9.999000000000000000e+03
-9.999000000000000000e+03
-9.999000000000000000e+03
-9.999000000000000000e+03
-9.999000000000000000e+03
-9.999000000000000000e+03
-9.999000000000000000e+03
-9.999000000000000000e+03
-9.999000000000000000e+03
-9.999000000000000000e+03
-9.999000000000000000e+03
4.672229662537574768e-02
-2.232464402914047241e-02
-6.078558415174484253e-02
-8.620221167802810669e-02
-1.022133156657218933e-01
-1.405932456254959106e-01
-9.118756651878356934e-02
1.025319844484329224e-02
9.102079272270202637e-02
8.782579004764556885e-02
4.595709964632987976e-02
5.160926375538110733e-03
2.556295134127140045e-03
-9.999000000000000000e+03
-9.999000000000000000e+03
-9.999000000000000000e+03
-9.999000000000000000e+03
-9.999000000000000000e+03
-9.999000000000000000e+03
-9.999000000000000000e+03
-9.999000000000000000e+03
-9.999000000000000000e+03
-9.999000000000000000e+03
-9.999000000000000000e+03
-9.999000000000000000e+03
-9.999000000000000000e+03
-9.999000000000000000e+03
-9.999000000000000000e+03
-9.999000000000000000e+03
-9.999000000000000000e+03
4.239948466420173645e-02
4.667732492089271545e-02
2.761836722493171692e-02
-1.865848712623119354e-02
-6.992185115814208984e-02
-1.155662536621093750e-01
-1.168406158685684204e-01
-6.681796163320541382e-02
7.951100356876850128e-03
7.650156319141387939e-02
7.036679238080978394e-02
1.321457885205745697e-02
8.704679086804389954e-03
8.004923351109027863e-03
-9.999000000000000000e+03
-9.999000000000000000e+03
-9.999000000000000000e+03
-9.999000000000000000e+03
-9.999000000000000000e+03
-9.999000000000000000e+03
-9.999000000000000000e+03
-9.999000000000000000e+03
-9.999000000000000000e+03
-9.999000000000000000e+03
-9.999000000000000000e+03
-9.999000000000000000e+03
-9.999000000000000000e+03
-9.999000000000000000e+03
-9.999000000000000000e+03
1.682868786156177521e-02
2.582653611898422241e-02
3.053130581974983215e-02
4.303077608346939087e-02
3.660809621214866638e-02
4.541867412626743317e-03
-3.894047811627388000e-02
-8.369136601686477661e-02
-1.063752844929695129e-01
-5.976057797670364380e-02
2.443373203277587891e-02
3.959795087575912476e-02
7.287658751010894775e-02
5.907646939158439636e-02
-9.999000000000000000e+03
-9.999000000000000000e+03
-9.999000000000000000e+03
-9.999000000000000000e+03
-9.999000000000000000e+03
-9.999000000000000000e+03
-9.999000000000000000e+03
-9.999000000000000000e+03
-9.999000000000000000e+03
-9.999000000000000000e+03
-9.999000000000000000e+03
-9.999000000000000000e+03
-9.999000000000000000e+03
-9.999000000000000000e+03
-9.999000000000000000e+03
-9.999000000000000000e+03
1.024172641336917877e-02
6.466438993811607361e-03
4.484764859080314636e-02
6.254108250141143799e-02
6.121133267879486084e-02
3.504988923668861389e-02
-2.117102965712547302e-02
-3.948567807674407959e-02
-5.393460765480995178e-02
-6.789838522672653198e-02
-6.573187559843063354e-02
-1.571748033165931702e-02
-7.456732448190450668e-03
8.649970591068267822e-02
-9.999000000000000000e+03
-9.999000000000000000e+03
-9.999000000000000000e+03
-9.999000000000000000e+03
-9.999000000000000000e+03
-9.999000000000000000e+03
-9.999000000000000000e+03
-9.999000000000000000e+03
-9.999000000000000000e+03
-9.999000000000000000e+03
-9.999000000000000000e+03
-9.999000000000000000e+03
-9.999000000000000000e+03
-9.999000000000000000e+03
-9.999000000000000000e+03
-9.999000000000000000e+03
-9.999000000000000000e+03
-7.551617454737424850e-03
9.028678759932518005e-03
9.226866811513900757e-02
9.956227242946624756e-02
6.136238947510719299e-02
6.178877782076597214e-03
-4.181968793272972107e-02
-5.225440114736557007e-02
-3.848146647214889526e-02
-3.809008002281188965e-02
-4.418031498789787292e-02
-2.364870347082614899e-02
-2.710202708840370178e-03
4.839685559272766113e-02
-9.999000000000000000e+03
-9.999000000000000000e+03
-9.999000000000000000e+03
-9.999000000000000000e+03
-9.999000000000000000e+03
-9.999000000000000000e+03
-9.999000000000000000e+03
-9.999000000000000000e+03
-9.999000000000000000e+03
-9.999000000000000000e+03
-9.999000000000000000e+03
-9.999000000000000000e+03
-9.999000000000000000e+03
-9.999000000000000000e+03
-9.999000000000000000e+03
-9.999000000000000000e+03
-9.999000000000000000e+03
3.975623473525047302e-02
9.531915932893753052e-02
1.267019808292388916e-01
1.121619567275047302e-01
5.078450217843055725e-02
-3.665052354335784912e-02
-6.649184972047805786e-02
-6.529940664768218994e-02
-3.787351027131080627e-02
-1.961484737694263458e-02
-2.111642062664031982e-02
-3.983470611274242401e-03
-3.369845449924468994e-02
-9.999000000000000000e+03
-9.999000000000000000e+03
-9.999000000000000000e+03
-9.999000000000000000e+03
-9.999000000000000000e+03
-9.999000000000000000e+03
-9.999000000000000000e+03
-9.999000000000000000e+03
-9.999000000000000000e+03
-9.999000000000000000e+03
-9.999000000000000000e+03
-9.999000000000000000e+03
-9.999000000000000000e+03
-9.999000000000000000e+03
-9.999000000000000000e+03
-9.999000000000000000e+03
-9.999000000000000000e+03
-9.999000000000000000e+03
7.948248088359832764e-02
1.317729204893112183e-01
1.189845204353332520e-01
7.511931657791137695e-02
-6.934016942977905273e-03
-6.724416464567184448e-02
-8.209677040576934814e-02
-6.988719850778579712e-02
-2.579695917665958405e-02
1.353146415203809738e-02
8.695677854120731354e-03
-2.891388256102800369e-03
-9.999000000000000000e+03
-9.999000000000000000e+03
-9.999000000000000000e+03
-9.999000000000000000e+03
-9.999000000000000000e+03
-9.999000000000000000e+03
-9.999000000000000000e+03
-9.999000000000000000e+03
-9.999000000000000000e+03
-9.999000000000000000e+03
-9.999000000000000000e+03
-9.999000000000000000e+03
-9.999000000000000000e+03
-9.999000000000000000e+03
-9.999000000000000000e+03
-9.999000000000000000e+03
-9.999000000000000000e+03
-9.999000000000000000e+03
-9.999000000000000000e+03
8.204407989978790283e-02
9.876678138971328735e-02
8.405211567878723145e-02
4.701054096221923828e-02
-5.866226926445960999e-02
-7.678066939115524292e-02
-6.549614667892456055e-02
-3.769420832395553589e-02
-1.661343500018119812e-02
2.837772015482187271e-03
-9.999000000000000000e+03
-9.999000000000000000e+03
-9.999000000000000000e+03
-9.999000000000000000e+03
-9.999000000000000000e+03
-9.999000000000000000e+03
-9.999000000000000000e+03
-9.999000000000000000e+03
-9.999000000000000000e+03
-9.999000000000000000e+03
-9.999000000000000000e+03
-9.999000000000000000e+03
-9.999000000000000000e+03
-9.999000000000000000e+03
-9.999000000000000000e+03
-9.999000000000000000e+03
-9.999000000000000000e+03
-9.999000000000000000e+03
-9.999000000000000000e+03
-9.999000000000000000e+03
-9.999000000000000000e+03
6.891462951898574829e-02
6.572288274765014648e-02
4.474321752786636353e-02
-9.343284182250499725e-03
-4.676333814859390259e-02
-5.325415730476379395e-02
-9.999000000000000000e+03
-9.999000000000000000e+03
-9.999000000000000000e+03
-9.999000000000000000e+03
-9.999000000000000000e+03
-9.999000000000000000e+03
-9.999000000000000000e+03
-9.999000000000000000e+03
-9.999000000000000000e+03
-9.999000000000000000e+03
-9.999000000000000000e+03
-9.999000000000000000e+03
-9.999000000000000000e+03
-9.999000000000000000e+03
-9.999000000000000000e+03
-9.999000000000000000e+03
-9.999000000000000000e+03
-9.999000000000000000e+03
-9.999000000000000000e+03
-9.999000000000000000e+03
-9.999000000000000000e+03
-9.999000000000000000e+03
-9.999000000000000000e+03
-9.999000000000000000e+03
-9.999000000000000000e+03
4.016502201557159424e-02
3.505924344062805176e-02
3.438038378953933716e-02
-9.999000000000000000e+03
-9.999000000000000000e+03
-9.999000000000000000e+03
-9.999000000000000000e+03
-9.999000000000000000e+03
-9.999000000000000000e+03
-9.999000000000000000e+03
-9.999000000000000000e+03
-9.999000000000000000e+03
-9.999000000000000000e+03
-9.999000000000000000e+03
-9.999000000000000000e+03
-9.999000000000000000e+03
-9.999000000000000000e+03
-9.999000000000000000e+03
-9.999000000000000000e+03
-9.999000000000000000e+03
-9.999000000000000000e+03
-9.999000000000000000e+03
-9.999000000000000000e+03
-9.999000000000000000e+03
-9.999000000000000000e+03
-9.999000000000000000e+03
-9.999000000000000000e+03
-9.999000000000000000e+03
-9.999000000000000000e+03
-9.999000000000000000e+03
-9.999000000000000000e+03
