-1.413811594247817993e-01
-8.388000726699829102e-02
-4.416956007480621338e-02
2.838480286300182343e-03
6.317968666553497314e-02
1.281530708074569702e-01
1.941946893930435181e-01
2.438310086727142334e-01
2.882226109504699707e-01
3.238472044467926025e-01
3.071175813674926758e-01
-9.999000000000000000e+03
-9.999000000000000000e+03
-9.999000000000000000e+03
-9.999000000000000000e+03
-9.999000000000000000e+03
-9.999000000000000000e+03
-9.999000000000000000e+03
-9.999000000000000000e+03
-9.999000000000000000e+03
-9.999000000000000000e+03
-9.999000000000000000e+03
-9.999000000000000000e+03
2.156170643866062164e-02
-2.005016244947910309e-02
-5.569591652601957321e-03
1.342605426907539368e-02
-2.123332582414150238e-03
-4.878771491348743439e-03
-1.931508071720600128e-02
-2.250669989734888077e-03
-1.262664943933486938e-01
-8.285418897867202759e-02
-4.511330276727676392e-02
-3.149177646264433861e-03
6.316928565502166748e-02
1.399659067392349243e-01
2.076343297958374023e-01
2.557968795299530029e-01
2.841316461563110352e-01
3.105823695659637451e-01
3.046663701534271240e-01
1.650640368461608887e-01
-9.999000000000000000e+03
-9.999000000000000000e+03
-9.999000000000000000e+03
-9.999000000000000000e+03
-9.999000000000000000e+03
-9.999000000000000000e+03
-9.999000000000000000e+03
-9.999000000000000000e+03
-9.999000000000000000e+03
-2.534317225217819214e-02
-2.341289259493350983e-02
-8.053950965404510498e-03
-2.467230148613452911e-02
-1.703974790871143341e-02
-3.090327233076095581e-02
-3.970748931169509888e-02
-3.379699960350990295e-02
-2.283493056893348694e-02
-6.199428811669349670e-03
-1.304758936166763306e-01
-7.502532005310058594e-02
-3.239649906754493713e-02
2.194785885512828827e-02
7.987064868211746216e-02
1.430232375860214233e-01
2.007372230291366577e-01
2.478533685207366943e-01
2.628627717494964600e-01
2.788968086242675781e-01
2.576215565204620361e-01
1.681355535984039307e-01
-9.999000000000000000e+03
-9.999000000000000000e+03
-9.999000000000000000e+03
-9.999000000000000000e+03
-9.999000000000000000e+03
-9.999000000000000000e+03
-9.999000000000000000e+03
-3.242880478501319885e-02
-2.697336114943027496e-02
-3.273366764187812805e-02
-3.071279637515544891e-02
-3.136393055319786072e-02
-1.792276650667190552e-02
-1.237040106207132339e-02
-2.685344405472278595e-02
-3.352577611804008484e-02
-3.319608420133590698e-02
-2.435963414609432220e-02
-2.895225770771503448e-02
-1.010989025235176086e-01
-5.940060317516326904e-02
-2.182278409600257874e-02
3.354166820645332336e-02
1.005166620016098022e-01
1.610108166933059692e-01
1.971221566200256348e-01
2.248387336730957031e-01
2.350856363773345947e-01
2.508007287979125977e-01
2.451006919145584106e-01
1.737319678068161011e-01
9.283839166164398193e-02
-9.999000000000000000e+03
-9.999000000000000000e+03
-9.999000000000000000e+03
-3.243867307901382446e-02
-5.575283616781234741e-02
-6.104535609483718872e-02
-4.284845292568206787e-02
-2.195154502987861633e-02
-1.561833545565605164e-02
-1.044462900608778000e-02
-1.854492165148258209e-02
-1.666076667606830597e-02
-9.611443616449832916e-03
-2.659437246620655060e-02
-4.721307381987571716e-02
-6.216960027813911438e-02
-5.841905996203422546e-02
-5.852076783776283264e-02
-7.969762384891510010e-02
-2.954527363181114197e-02
1.698995754122734070e-02
6.194416061043739319e-02
1.100620925426483154e-01
1.504553109407424927e-01
1.782904416322708130e-01
1.983463615179061890e-01
2.071531265974044800e-01
2.110301405191421509e-01
1.863097399473190308e-01
1.243539527058601379e-01
6.880142539739608765e-02
2.847972698509693146e-02
-2.913266420364379883e-02
-5.646127089858055115e-02
-7.474818825721740723e-02
-7.130239158868789673e-02
-6.056472659111022949e-02
-3.084820322692394257e-02
-3.069469472393393517e-03
9.820526465773582458e-03
2.808128483593463898e-02
8.354905061423778534e-03
-5.663174670189619064e-03
-2.880555205047130585e-02
-5.062862485647201538e-02
-8.236463367938995361e-02
-1.061311140656471252e-01
-1.000586897134780884e-01
-9.225270152091979980e-02
-6.601326167583465576e-02
-1.958082616329193115e-02
2.725291438400745392e-02
7.129688560962677002e-02
1.171799302101135254e-01
1.440531760454177856e-01
1.533112376928329468e-01
1.681916564702987671e-01
1.742350012063980103e-01
1.775391101837158203e-01
1.358961313962936401e-01
4.322077706456184387e-02
3.968311008065938950e-03
-3.354231640696525574e-02
-5.761311948299407959e-02
-6.762509793043136597e-02
-6.520058214664459229e-02
-4.094192385673522949e-02
-1.743722707033157349e-02
2.027159370481967926e-02
4.036435484886169434e-02
4.716369882225990295e-02
4.264767467975616455e-02
1.633806154131889343e-02
-1.701462827622890472e-02
-5.847971513867378235e-02
-8.931151032447814941e-02
-1.250497847795486450e-01
-1.482776403427124023e-01
-1.432019770145416260e-01
-1.352975219488143921e-01
-7.017751038074493408e-02
-1.785682328045368195e-02
3.851829096674919128e-02
7.446588575839996338e-02
1.035316213965415955e-01
1.210159957408905029e-01
1.293016523122787476e-01
1.420550793409347534e-01
1.397358030080795288e-01
9.478113055229187012e-02
4.693971201777458191e-02
-1.267619151622056961e-02
-3.632220625877380371e-02
-5.709044262766838074e-02
-4.443117231130599976e-02
-3.872556239366531372e-02
-1.947068236768245697e-02
5.593911278992891312e-03
1.737151294946670532e-02
5.091848969459533691e-02
6.012808531522750854e-02
5.246897041797637939e-02
2.379270270466804504e-02
-5.260405596345663071e-03
-4.033860936760902405e-02
-7.077344506978988647e-02
-1.146018356084823608e-01
-1.622261106967926025e-01
-1.919195652008056641e-01
-1.875915527343750000e-01
-1.775865107774734497e-01
-7.236582785844802856e-02
-3.143425285816192627e-02
4.150020331144332886e-02
6.596717983484268188e-02
8.481226116418838501e-02
1.015727892518043518e-01
1.160662248730659485e-01
1.220035701990127563e-01
1.024862751364707947e-01
3.346233814954757690e-02
-2.098875120282173157e-02
-5.433032661676406860e-02
-4.338406026363372803e-02
-2.838853374123573303e-02
-9.401252493262290955e-03
2.647306828293949366e-04
2.702194452285766602e-02
5.120483785867691040e-02
5.798321217298507690e-02
6.617879122495651245e-02
6.307108700275421143e-02
5.099789798259735107e-02
3.011307865381240845e-02
-9.484124369919300079e-03
-5.455991625785827637e-02
-1.026514321565628052e-01
-1.554215252399444580e-01
-1.996040642261505127e-01
-2.240868806838989258e-01
-2.189802825450897217e-01
-1.990149617195129395e-01
-4.807968810200691223e-02
-1.457692775875329971e-02
2.239883691072463989e-02
3.984020650386810303e-02
6.292265653610229492e-02
8.581280708312988281e-02
1.063516587018966675e-01
9.255906194448471069e-02
5.358406528830528259e-02
1.413666876032948494e-03
-3.517698496580123901e-02
-5.516680330038070679e-02
-1.393611263483762741e-02
1.549140922725200653e-02
3.841145709156990051e-02
4.664300009608268738e-02
6.229634582996368408e-02
6.811419874429702759e-02
6.555278599262237549e-02
6.576104462146759033e-02
6.053754687309265137e-02
5.175582319498062134e-02
3.060697577893733978e-02
1.728844596073031425e-03
-3.215084597468376160e-02
-1.053394302725791931e-01
-1.782238781452178955e-01
-2.405066043138504028e-01
-2.525420784950256348e-01
-2.386014461517333984e-01
-2.100834399461746216e-01
-2.162612602114677429e-02
8.988409303128719330e-03
2.151510119438171387e-02
3.486168384552001953e-02
6.609874218702316284e-02
9.328361600637435913e-02
9.947203099727630615e-02
7.996436953544616699e-02
4.918020218610763550e-02
3.152901481371372938e-04
-2.616698853671550751e-02
5.288125481456518173e-03
3.173223510384559631e-02
4.659733921289443970e-02
6.067862734198570251e-02
7.303257286548614502e-02
8.013703674077987671e-02
4.820404946804046631e-02
3.959060087800025940e-02
3.147258237004280090e-02
4.861456900835037231e-02
-9.999000000000000000e+03
-9.999000000000000000e+03
-9.999000000000000000e+03
-9.999000000000000000e+03
-9.999000000000000000e+03
-9.999000000000000000e+03
-1.741268187761306763e-01
-2.366426289081573486e-01
-2.424889206886291504e-01
-2.062293589115142822e-01
-1.134859211742877960e-02
6.627640686929225922e-03
2.352807670831680298e-02
4.051407054066658020e-02
7.578825950622558594e-02
9.823954105377197266e-02
8.514542132616043091e-02
6.893194466829299927e-02
4.242807999253273010e-02
2.196420356631278992e-02
1.114424783736467361e-02
6.400933861732482910e-02
6.274901330471038818e-02
6.330265849828720093e-02
6.635195016860961914e-02
6.821820884943008423e-02
7.788924127817153931e-02
-9.999000000000000000e+03
-9.999000000000000000e+03
-9.999000000000000000e+03
-9.999000000000000000e+03
-9.999000000000000000e+03
-9.999000000000000000e+03
-9.999000000000000000e+03
-9.999000000000000000e+03
-9.999000000000000000e+03
-9.999000000000000000e+03
-1.361525803804397583e-01
-1.878341734409332275e-01
-2.182090282440185547e-01
-1.978134065866470337e-01
-7.141640037298202515e-02
-3.755909577012062073e-02
1.316181878792122006e-04
3.011902607977390289e-02
5.461223050951957703e-02
6.959678232669830322e-02
7.957372069358825684e-02
6.250445544719696045e-02
4.068401083350181580e-02
6.720694899559020996e-02
7.559970021247863770e-02
8.358523249626159668e-02
7.404854893684387207e-02
6.419263035058975220e-02
3.399859368801116943e-02
4.217414557933807373e-02
-9.999000000000000000e+03
-9.999000000000000000e+03
-9.999000000000000000e+03
-9.999000000000000000e+03
-9.999000000000000000e+03
-9.999000000000000000e+03
-9.999000000000000000e+03
-9.999000000000000000e+03
-9.999000000000000000e+03
-9.999000000000000000e+03
-9.999000000000000000e+03
-9.999000000000000000e+03
-1.119975447654724121e-01
-1.705043017864227295e-01
-1.377101838588714600e-01
-8.296287059783935547e-02
-7.324229925870895386e-02
-3.936604410409927368e-02
-3.431297373026609421e-03
3.205386176705360413e-02
6.816620379686355591e-02
7.300727814435958862e-02
7.285298407077789307e-02
7.917334884405136108e-02
1.037049442529678345e-01
1.060893535614013672e-01
8.081121742725372314e-02
6.099610775709152222e-02
6.364141404628753662e-02
-9.999000000000000000e+03
-9.999000000000000000e+03
-9.999000000000000000e+03
-9.999000000000000000e+03
-9.999000000000000000e+03
-9.999000000000000000e+03
-9.999000000000000000e+03
-9.999000000000000000e+03
-9.999000000000000000e+03
-9.999000000000000000e+03
-9.999000000000000000e+03
-9.999000000000000000e+03
-9.999000000000000000e+03
-9.999000000000000000e+03
-9.999000000000000000e+03
-1.122281998395919800e-01
-9.760208427906036377e-02
-9.999000000000000000e+03
-7.269334048032760620e-02
-5.893384292721748352e-02
-1.934864558279514313e-02
2.409994974732398987e-02
5.641280114650726318e-02
6.986615061759948730e-02
1.017217412590980530e-01
1.272774785757064819e-01
1.177406758069992065e-01
9.424781054258346558e-02
7.130986452102661133e-02
4.917282238602638245e-02
-9.999000000000000000e+03
-9.999000000000000000e+03
-9.999000000000000000e+03
-9.999000000000000000e+03
-9.999000000000000000e+03
-9.999000000000000000e+03
-9.999000000000000000e+03
-9.999000000000000000e+03
-9.999000000000000000e+03
-9.999000000000000000e+03
-9.999000000000000000e+03
-9.999000000000000000e+03
-9.999000000000000000e+03
-9.999000000000000000e+03
-9.999000000000000000e+03
-9.999000000000000000e+03
-5.215603485703468323e-02
-3.564322739839553833e-02
-9.999000000000000000e+03
-9.999000000000000000e+03
-7.551373541355133057e-02
-1.775027997791767120e-02
3.241844475269317627e-02
6.151140108704566956e-02
9.824804961681365967e-02
1.220228746533393860e-01
1.313326805830001831e-01
1.121203303337097168e-01
6.955953687429428101e-02
3.307150676846504211e-02
-9.999000000000000000e+03
-9.999000000000000000e+03
-9.999000000000000000e+03
-9.999000000000000000e+03
-9.999000000000000000e+03
-9.999000000000000000e+03
-9.999000000000000000e+03
-9.999000000000000000e+03
-9.999000000000000000e+03
-9.999000000000000000e+03
-9.999000000000000000e+03
-9.999000000000000000e+03
-9.999000000000000000e+03
-9.999000000000000000e+03
-9.999000000000000000e+03
-9.999000000000000000e+03
-9.999000000000000000e+03
-1.845023036003112793e-02
6.366522284224629402e-04
-9.999000000000000000e+03
-9.999000000000000000e+03
-5.724012851715087891e-02
-2.847282029688358307e-02
2.915299125015735626e-02
7.234836369752883911e-02
1.160776615142822266e-01
1.186646819114685059e-01
1.094873100519180298e-01
9.424792975187301636e-02
7.523106038570404053e-02
6.931804865598678589e-02
-9.999000000000000000e+03
-9.999000000000000000e+03
-9.999000000000000000e+03
-9.999000000000000000e+03
-9.999000000000000000e+03
-9.999000000000000000e+03
-9.999000000000000000e+03
-9.999000000000000000e+03
-9.999000000000000000e+03
-9.999000000000000000e+03
-9.999000000000000000e+03
-9.999000000000000000e+03
-9.999000000000000000e+03
-9.999000000000000000e+03
-9.999000000000000000e+03
-9.999000000000000000e+03
-9.999000000000000000e+03
-9.999000000000000000e+03
-9.999000000000000000e+03
-9.999000000000000000e+03
-9.999000000000000000e+03
-4.648536071181297302e-02
-3.682181611657142639e-02
1.956401206552982330e-02
7.245522737503051758e-02
1.000544577836990356e-01
1.053532361984252930e-01
9.435960650444030762e-02
9.796175360679626465e-02
7.608625292778015137e-02
6.264097988605499268e-02
-9.999000000000000000e+03
-9.999000000000000000e+03
-9.999000000000000000e+03
-9.999000000000000000e+03
-9.999000000000000000e+03
-9.999000000000000000e+03
-9.999000000000000000e+03
-9.999000000000000000e+03
-9.999000000000000000e+03
-9.999000000000000000e+03
-9.999000000000000000e+03
-9.999000000000000000e+03
-9.999000000000000000e+03
-9.999000000000000000e+03
-9.999000000000000000e+03
-9.999000000000000000e+03
-9.999000000000000000e+03
-9.999000000000000000e+03
-9.999000000000000000e+03
-9.999000000000000000e+03
-9.999000000000000000e+03
-9.999000000000000000e+03
-3.644737973809242249e-02
-8.206496015191078186e-03
5.274330824613571167e-02
7.972002774477005005e-02
8.422737568616867065e-02
1.143232807517051697e-01
1.345313936471939087e-01
8.235640078783035278e-02
-9.999000000000000000e+03
-9.999000000000000000e+03
-9.999000000000000000e+03
-9.999000000000000000e+03
-9.999000000000000000e+03
-9.999000000000000000e+03
-9.999000000000000000e+03
-9.999000000000000000e+03
-9.999000000000000000e+03
-9.999000000000000000e+03
-9.999000000000000000e+03
-9.999000000000000000e+03
-9.999000000000000000e+03
-9.999000000000000000e+03
-9.999000000000000000e+03
-9.999000000000000000e+03
-9.999000000000000000e+03
-9.999000000000000000e+03
-9.999000000000000000e+03
-9.999000000000000000e+03
-9.999000000000000000e+03
-9.999000000000000000e+03
-9.999000000000000000e+03
-2.552809379994869232e-02
-9.529808536171913147e-03
2.046216093003749847e-02
4.067210108041763306e-02
7.371740788221359253e-02
1.330510228872299194e-01
1.644336879253387451e-01
1.145977377891540527e-01
7.116341590881347656e-02
-9.999000000000000000e+03
-9.999000000000000000e+03
-9.999000000000000000e+03
-9.999000000000000000e+03
-9.999000000000000000e+03
-9.999000000000000000e+03
-9.999000000000000000e+03
-9.999000000000000000e+03
-9.999000000000000000e+03
-9.999000000000000000e+03
-9.999000000000000000e+03
-9.999000000000000000e+03
-9.999000000000000000e+03
-9.999000000000000000e+03
-9.999000000000000000e+03
-9.999000000000000000e+03
-9.999000000000000000e+03
-9.999000000000000000e+03
-9.999000000000000000e+03
-9.999000000000000000e+03
-9.999000000000000000e+03
-9.999000000000000000e+03
-9.999000000000000000e+03
-1.578048104420304298e-03
1.266549993306398392e-02
1.925810985267162323e-02
3.641095384955406189e-02
7.567360252141952515e-02
4.885209724307060242e-02
6.456647068262100220e-02
8.936969935894012451e-02
-9.999000000000000000e+03
-9.999000000000000000e+03
-9.999000000000000000e+03
-9.999000000000000000e+03
-9.999000000000000000e+03
-9.999000000000000000e+03
-9.999000000000000000e+03
-9.999000000000000000e+03
-9.999000000000000000e+03
-9.999000000000000000e+03
-9.999000000000000000e+03
-9.999000000000000000e+03
-9.999000000000000000e+03
-9.999000000000000000e+03
-9.999000000000000000e+03
-9.999000000000000000e+03
-9.999000000000000000e+03
-9.999000000000000000e+03
-9.999000000000000000e+03
-9.999000000000000000e+03
-9.999000000000000000e+03
-9.999000000000000000e+03
-9.999000000000000000e+03
-9.915218688547611237e-04
-6.302826222963631153e-04
3.664027899503707886e-03
-1.182218641042709351e-02
-4.225996136665344238e-02
-1.053896918892860413e-01
-8.836556971073150635e-02
-3.543365746736526489e-03
5.163278430700302124e-02
-9.999000000000000000e+03
-9.999000000000000000e+03
-9.999000000000000000e+03
-9.999000000000000000e+03
-9.999000000000000000e+03
-9.999000000000000000e+03
-9.999000000000000000e+03
-9.999000000000000000e+03
-9.999000000000000000e+03
-9.999000000000000000e+03
-9.999000000000000000e+03
-9.999000000000000000e+03
-9.999000000000000000e+03
-9.999000000000000000e+03
-9.999000000000000000e+03
-9.999000000000000000e+03
-9.999000000000000000e+03
-9.999000000000000000e+03
-9.999000000000000000e+03
-9.999000000000000000e+03
-9.999000000000000000e+03
-9.999000000000000000e+03
2.857485972344875336e-02
1.109517365694046021e-02
1.082285773009061813e-02
-2.360524609684944153e-03
-3.025825321674346924e-02
-7.873769104480743408e-02
-1.012063696980476379e-01
-4.059297218918800354e-02
3.496051579713821411e-02
3.469014167785644531e-02
1.635678485035896301e-02
9.176088497042655945e-03
7.745590992271900177e-03
-9.999000000000000000e+03
-9.999000000000000000e+03
-9.999000000000000000e+03
-9.999000000000000000e+03
-9.999000000000000000e+03
-9.999000000000000000e+03
-9.999000000000000000e+03
-9.999000000000000000e+03
-9.999000000000000000e+03
-9.999000000000000000e+03
-9.999000000000000000e+03
-9.999000000000000000e+03
-9.999000000000000000e+03
-9.999000000000000000e+03
-9.999000000000000000e+03
-9.999000000000000000e+03
-9.999000000000000000e+03
5.204405635595321655e-02
5.040707811713218689e-02
3.385126590728759766e-02
2.483833022415637970e-02
7.215440273284912109e-03
-1.314321625977754593e-02
-2.914166823029518127e-02
-5.027610436081886292e-02
-4.237394407391548157e-02
2.972166985273361206e-04
8.865006268024444580e-03
2.182541228830814362e-02
3.920883405953645706e-03
1.053287833929061890e-02
-9.999000000000000000e+03
-9.999000000000000000e+03
-9.999000000000000000e+03
-9.999000000000000000e+03
-9.999000000000000000e+03
-9.999000000000000000e+03
-9.999000000000000000e+03
-9.999000000000000000e+03
-9.999000000000000000e+03
-9.999000000000000000e+03
-9.999000000000000000e+03
-9.999000000000000000e+03
-9.999000000000000000e+03
-9.999000000000000000e+03
-9.999000000000000000e+03
3.301968425512313843e-02
4.151275753974914551e-02
5.825354531407356262e-02
5.789684131741523743e-02
3.368167206645011902e-02
2.165280468761920929e-02
1.405119430273771286e-02
1.081303413957357407e-02
3.684606403112411499e-03
-1.954863965511322021e-02
-3.853669017553329468e-02
-2.925149910151958466e-02
2.259306982159614563e-02
4.991297423839569092e-02
-9.999000000000000000e+03
-9.999000000000000000e+03
-9.999000000000000000e+03
-9.999000000000000000e+03
-9.999000000000000000e+03
-9.999000000000000000e+03
-9.999000000000000000e+03
-9.999000000000000000e+03
-9.999000000000000000e+03
-9.999000000000000000e+03
-9.999000000000000000e+03
-9.999000000000000000e+03
-9.999000000000000000e+03
-9.999000000000000000e+03
-9.999000000000000000e+03
-9.999000000000000000e+03
9.687145240604877472e-03
3.325335681438446045e-02
7.266873866319656372e-02
7.821576297283172607e-02
5.913063138723373413e-02
1.871129125356674194e-02
1.034106686711311340e-02
4.727147053927183151e-03
1.942095719277858734e-02
1.740028336644172668e-02
-1.180908991955220699e-03
-3.242676705121994019e-02
-7.149232178926467896e-02
3.580453619360923767e-02
-9.999000000000000000e+03
-9.999000000000000000e+03
-9.999000000000000000e+03
-9.999000000000000000e+03
-9.999000000000000000e+03
-9.999000000000000000e+03
-9.999000000000000000e+03
-9.999000000000000000e+03
-9.999000000000000000e+03
-9.999000000000000000e+03
-9.999000000000000000e+03
-9.999000000000000000e+03
-9.999000000000000000e+03
-9.999000000000000000e+03
-9.999000000000000000e+03
-9.999000000000000000e+03
-9.999000000000000000e+03
2.434296347200870514e-02
5.098175257444381714e-02
1.014717444777488708e-01
7.847495377063751221e-02
3.088526986539363861e-02
2.939187688753008842e-03
-9.184435009956359863e-03
-1.550078671425580978e-02
8.843836374580860138e-03
1.672220788896083832e-02
6.416239310055971146e-03
-4.421574994921684265e-02
-4.437310993671417236e-02
1.152970083057880402e-02
-9.999000000000000000e+03
-9.999000000000000000e+03
-9.999000000000000000e+03
-9.999000000000000000e+03
-9.999000000000000000e+03
-9.999000000000000000e+03
-9.999000000000000000e+03
-9.999000000000000000e+03
-9.999000000000000000e+03
-9.999000000000000000e+03
-9.999000000000000000e+03
-9.999000000000000000e+03
-9.999000000000000000e+03
-9.999000000000000000e+03
-9.999000000000000000e+03
-9.999000000000000000e+03
-9.999000000000000000e+03
7.169654965400695801e-02
9.423544257879257202e-02
9.267609566450119019e-02
5.998759344220161438e-02
8.680853992700576782e-03
-1.663607172667980194e-02
-3.517100214958190918e-02
-3.152873739600181580e-02
-1.446480304002761841e-02
-5.905817728489637375e-03
-2.221881225705146790e-02
-7.404797524213790894e-02
-6.167493760585784912e-02
-9.999000000000000000e+03
-9.999000000000000000e+03
-9.999000000000000000e+03
-9.999000000000000000e+03
-9.999000000000000000e+03
-9.999000000000000000e+03
-9.999000000000000000e+03
-9.999000000000000000e+03
-9.999000000000000000e+03
-9.999000000000000000e+03
-9.999000000000000000e+03
-9.999000000000000000e+03
-9.999000000000000000e+03
-9.999000000000000000e+03
-9.999000000000000000e+03
-9.999000000000000000e+03
-9.999000000000000000e+03
-9.999000000000000000e+03
1.014822125434875488e-01
1.075262874364852905e-01
6.206951290369033813e-02
1.185681484639644623e-02
-2.833712473511695862e-02
-4.484731703996658325e-02
-5.202607810497283936e-02
-5.675803869962692261e-02
-4.273170977830886841e-02
-4.844385385513305664e-02
-4.689671471714973450e-02
-6.551565229892730713e-02
-9.999000000000000000e+03
-9.999000000000000000e+03
-9.999000000000000000e+03
-9.999000000000000000e+03
-9.999000000000000000e+03
-9.999000000000000000e+03
-9.999000000000000000e+03
-9.999000000000000000e+03
-9.999000000000000000e+03
-9.999000000000000000e+03
-9.999000000000000000e+03
-9.999000000000000000e+03
-9.999000000000000000e+03
-9.999000000000000000e+03
-9.999000000000000000e+03
-9.999000000000000000e+03
-9.999000000000000000e+03
-9.999000000000000000e+03
-9.999000000000000000e+03
1.001046448945999146e-01
9.535128623247146606e-02
5.488151311874389648e-02
-5.087618716061115265e-03
-7.827009260654449463e-02
-8.784754574298858643e-02
-7.640664279460906982e-02
-6.042844429612159729e-02
-5.572160333395004272e-02
-4.037217795848846436e-02
-9.999000000000000000e+03
-9.999000000000000000e+03
-9.999000000000000000e+03
-9.999000000000000000e+03
-9.999000000000000000e+03
-9.999000000000000000e+03
-9.999000000000000000e+03
-9.999000000000000000e+03
-9.999000000000000000e+03
-9.999000000000000000e+03
-9.999000000000000000e+03
-9.999000000000000000e+03
-9.999000000000000000e+03
-9.999000000000000000e+03
-9.999000000000000000e+03
-9.999000000000000000e+03
-9.999000000000000000e+03
-9.999000000000000000e+03
-9.999000000000000000e+03
-9.999000000000000000e+03
-9.999000000000000000e+03
8.701192587614059448e-02
7.373227179050445557e-02
3.800856694579124451e-02
-2.942680194973945618e-02
-7.351354509592056274e-02
-8.454203605651855469e-02
-9.999000000000000000e+03
-9.999000000000000000e+03
-9.999000000000000000e+03
-9.999000000000000000e+03
-9.999000000000000000e+03
-9.999000000000000000e+03
-9.999000000000000000e+03
-9.999000000000000000e+03
-9.999000000000000000e+03
-9.999000000000000000e+03
-9.999000000000000000e+03
-9.999000000000000000e+03
-9.999000000000000000e+03
-9.999000000000000000e+03
-9.999000000000000000e+03
-9.999000000000000000e+03
-9.999000000000000000e+03
-9.999000000000000000e+03
-9.999000000000000000e+03
-9.999000000000000000e+03
-9.999000000000000000e+03
-9.999000000000000000e+03
-9.999000000000000000e+03
-9.999000000000000000e+03
-9.999000000000000000e+03
3.439009562134742737e-02
3.218676149845123291e-02
2.768607996404170990e-02
-9.999000000000000000e+03
-9.999000000000000000e+03
-9.999000000000000000e+03
-9.999000000000000000e+03
-9.999000000000000000e+03
-9.999000000000000000e+03
-9.999000000000000000e+03
-9.999000000000000000e+03
-9.999000000000000000e+03
-9.999000000000000000e+03
-9.999000000000000000e+03
-9.999000000000000000e+03
-9.999000000000000000e+03
-9.999000000000000000e+03
-9.999000000000000000e+03
-9.999000000000000000e+03
-9.999000000000000000e+03
-9.999000000000000000e+03
-9.999000000000000000e+03
-9.999000000000000000e+03
-9.999000000000000000e+03
-9.999000000000000000e+03
-9.999000000000000000e+03
-9.999000000000000000e+03
-9.999000000000000000e+03
-9.999000000000000000e+03
-9.999000000000000000e+03
-9.999000000000000000e+03
