-1.136323660612106323e-01
-6.983773410320281982e-02
-2.699564956128597260e-02
3.865438699722290039e-02
1.015857979655265808e-01
1.603529602289199829e-01
2.078693658113479614e-01
2.337360084056854248e-01
2.532981038093566895e-01
2.643422484397888184e-01
2.533985674381256104e-01
-9.999000000000000000e+03
-9.999000000000000000e+03
-9.999000000000000000e+03
-9.999000000000000000e+03
-9.999000000000000000e+03
-9.999000000000000000e+03
-9.999000000000000000e+03
-9.999000000000000000e+03
-9.999000000000000000e+03
-9.999000000000000000e+03
-9.999000000000000000e+03
-9.999000000000000000e+03
8.225615136325359344e-03
-2.245844155550003052e-02
1.690009050071239471e-02
5.246690660715103149e-02
5.281267315149307251e-02
6.297314167022705078e-02
6.767971813678741455e-02
7.917585968971252441e-02
-9.660886228084564209e-02
-5.732871964573860168e-02
-9.874030016362667084e-03
4.771197587251663208e-02
1.171218976378440857e-01
1.786718815565109253e-01
2.214637845754623413e-01
2.447033375501632690e-01
2.504222691059112549e-01
2.552514374256134033e-01
2.455066144466400146e-01
1.422306001186370850e-01
-9.999000000000000000e+03
-9.999000000000000000e+03
-9.999000000000000000e+03
-9.999000000000000000e+03
-9.999000000000000000e+03
-9.999000000000000000e+03
-9.999000000000000000e+03
-9.999000000000000000e+03
-9.999000000000000000e+03
-2.881294116377830505e-03
1.141241868026554585e-03
4.156273324042558670e-03
-1.027135271579027176e-02
8.144458755850791931e-03
2.584798634052276611e-02
3.843270242214202881e-02
4.876997321844100952e-02
6.273751705884933472e-02
6.891307234764099121e-02
-1.028673127293586731e-01
-4.106722399592399597e-02
1.430826541036367416e-02
7.538335770368576050e-02
1.353786736726760864e-01
1.858555525541305542e-01
2.213248759508132935e-01
2.435683608055114746e-01
2.427302002906799316e-01
2.419124990701675415e-01
2.179429382085800171e-01
1.405087560415267944e-01
-9.999000000000000000e+03
-9.999000000000000000e+03
-9.999000000000000000e+03
-9.999000000000000000e+03
-9.999000000000000000e+03
-9.999000000000000000e+03
-9.999000000000000000e+03
-3.527500480413436890e-02
-1.992984861135482788e-02
-2.449393272399902344e-03
-7.275826297700405121e-03
4.203682299703359604e-03
1.780367828905582428e-02
2.237229980528354645e-02
1.675641350448131561e-02
9.182084351778030396e-03
2.183554694056510925e-02
3.878228738903999329e-02
3.450398147106170654e-02
-8.537235856056213379e-02
-2.963342145085334778e-02
1.505892258137464523e-02
7.253391295671463013e-02
1.444079130887985229e-01
1.963572353124618530e-01
2.198512256145477295e-01
2.332279533147811890e-01
2.319466471672058105e-01
2.275694161653518677e-01
2.043063491582870483e-01
1.447907537221908569e-01
6.903354078531265259e-02
-9.999000000000000000e+03
-9.999000000000000000e+03
-9.999000000000000000e+03
-5.374574288725852966e-02
-7.150153070688247681e-02
-7.162345945835113525e-02
-3.887851536273956299e-02
-8.973950520157814026e-03
1.752833253704011440e-03
1.713439635932445526e-02
2.468738518655300140e-02
3.931551426649093628e-02
2.762373536825180054e-02
-3.137808525934815407e-03
-2.027675136923789978e-02
-3.222734108567237854e-02
-2.116611972451210022e-02
-1.761456392705440521e-02
-7.761503756046295166e-02
-9.106399491429328918e-03
4.489501938223838806e-02
8.895493298768997192e-02
1.405520141124725342e-01
1.809033155441284180e-01
2.045791596174240112e-01
2.225793749094009399e-01
2.174355536699295044e-01
2.138906270265579224e-01
1.802854388952255249e-01
1.194038242101669312e-01
5.397744849324226379e-02
1.423878781497478485e-02
-2.970272302627563477e-02
-6.078141927719116211e-02
-7.071512937545776367e-02
-6.896136701107025146e-02
-5.629478767514228821e-02
-1.875606551766395569e-02
1.775659248232841492e-02
4.554300755262374878e-02
8.014142513275146484e-02
6.585054844617843628e-02
4.789713770151138306e-02
9.017702192068099976e-03
-2.352100796997547150e-02
-5.609969049692153931e-02
-8.342814445495605469e-02
-7.592616230249404907e-02
-6.657198071479797363e-02
-5.887378752231597900e-02
-1.039271429181098938e-02
4.188134148716926575e-02
9.044039249420166016e-02
1.418075710535049438e-01
1.691279560327529907e-01
1.823785752058029175e-01
1.994061917066574097e-01
2.072280347347259521e-01
2.049059718847274780e-01
1.480750441551208496e-01
7.212321460247039795e-02
3.278345614671707153e-02
3.130948636680841446e-03
-1.485797483474016190e-02
-3.281871974468231201e-02
-3.450701013207435608e-02
-2.392444387078285217e-02
-9.177522733807563782e-03
3.558233752846717834e-02
7.017935067415237427e-02
9.198264777660369873e-02
1.011774465441703796e-01
7.416369765996932983e-02
2.446880750358104706e-02
-3.650041669607162476e-02
-7.270956784486770630e-02
-1.114652082324028015e-01
-1.320454627275466919e-01
-1.252406835556030273e-01
-1.133452802896499634e-01
-3.428821638226509094e-02
4.499298520386219025e-03
5.261365324258804321e-02
9.410353749990463257e-02
1.296847015619277954e-01
1.534231454133987427e-01
1.724166572093963623e-01
1.946224719285964966e-01
2.000060081481933594e-01
1.565211862325668335e-01
1.033010482788085938e-01
5.117461085319519043e-02
2.408327907323837280e-02
5.728417076170444489e-03
1.028256677091121674e-02
5.810103379189968109e-03
1.457930915057659149e-02
2.871753275394439697e-02
3.321210667490959167e-02
6.780700385570526123e-02
9.374633431434631348e-02
1.045031547546386719e-01
7.242207229137420654e-02
3.691274672746658325e-02
-1.711834594607353210e-02
-6.143346056342124939e-02
-1.039108410477638245e-01
-1.454249024391174316e-01
-1.612985432147979736e-01
-1.508620977401733398e-01
-1.302897632122039795e-01
-6.431916262954473495e-03
2.155379205942153931e-02
6.961894035339355469e-02
9.783694148063659668e-02
1.219228878617286682e-01
1.454527080059051514e-01
1.709815710783004761e-01
1.883891373872756958e-01
1.758012026548385620e-01
1.114866435527801514e-01
5.709090456366539001e-02
1.856294460594654083e-02
2.282994799315929413e-02
3.102285228669643402e-02
4.152596741914749146e-02
4.197175800800323486e-02
5.918760970234870911e-02
7.198993861675262451e-02
7.329956442117691040e-02
7.768447697162628174e-02
7.826165109872817993e-02
7.877678424119949341e-02
5.183069780468940735e-02
1.201229449361562729e-02
-3.912756219506263733e-02
-8.310123533010482788e-02
-1.187725216150283813e-01
-1.483734399080276489e-01
-1.669053286314010620e-01
-1.630495786666870117e-01
-1.408568173646926880e-01
4.106076061725616455e-02
6.267049163579940796e-02
8.094599097967147827e-02
8.734103292226791382e-02
1.082036346197128296e-01
1.281063705682754517e-01
1.662058830261230469e-01
1.546370834112167358e-01
1.244811639189720154e-01
8.241440355777740479e-02
5.039976164698600769e-02
2.484135143458843231e-02
5.038492754101753235e-02
6.765664368867874146e-02
7.416151463985443115e-02
7.448865473270416260e-02
8.196084946393966675e-02
7.751741260290145874e-02
6.821652501821517944e-02
4.917132481932640076e-02
4.178474843502044678e-02
4.370659589767456055e-02
3.279315680265426636e-02
1.554083265364170074e-02
-1.188257988542318344e-02
-7.348320633172988892e-02
-1.156969666481018066e-01
-1.613849401473999023e-01
-1.778967678546905518e-01
-1.676080673933029175e-01
-1.421812027692794800e-01
4.396551474928855896e-02
5.047901719808578491e-02
6.795544922351837158e-02
7.361537963151931763e-02
9.831016510725021362e-02
1.296494901180267334e-01
1.408891528844833374e-01
1.274383366107940674e-01
1.079103648662567139e-01
6.847088038921356201e-02
5.110479518771171570e-02
7.352086901664733887e-02
8.601262420415878296e-02
8.743504434823989868e-02
8.686827123165130615e-02
8.780678361654281616e-02
8.614277839660644531e-02
4.310676828026771545e-02
2.906447835266590118e-02
1.070543285459280014e-02
2.093009464442729950e-02
-9.999000000000000000e+03
-9.999000000000000000e+03
-9.999000000000000000e+03
-9.999000000000000000e+03
-9.999000000000000000e+03
-9.999000000000000000e+03
-1.326751261949539185e-01
-1.784230768680572510e-01
-1.779681444168090820e-01
-1.473235934972763062e-01
-1.844349130988121033e-02
-2.891905069191125222e-06
2.849647589027881622e-02
5.089305341243743896e-02
8.161044120788574219e-02
9.811247140169143677e-02
1.114092394709587097e-01
1.075195744633674622e-01
8.983059972524642944e-02
7.770228385925292969e-02
7.522839307785034180e-02
1.203020140528678894e-01
1.052297800779342651e-01
9.387825429439544678e-02
8.976139873266220093e-02
8.077710866928100586e-02
8.665996044874191284e-02
-9.999000000000000000e+03
-9.999000000000000000e+03
-9.999000000000000000e+03
-9.999000000000000000e+03
-9.999000000000000000e+03
-9.999000000000000000e+03
-9.999000000000000000e+03
-9.999000000000000000e+03
-9.999000000000000000e+03
-9.999000000000000000e+03
-1.068890839815139771e-01
-1.597022712230682373e-01
-1.762735992670059204e-01
-1.465507745742797852e-01
-4.079746082425117493e-02
-2.433061599731445312e-02
1.004730351269245148e-02
4.292726516723632812e-02
6.221304088830947876e-02
7.797387242317199707e-02
9.903138130903244019e-02
9.594882279634475708e-02
8.666858077049255371e-02
1.233255416154861450e-01
1.303331106901168823e-01
1.327959597110748291e-01
1.180487424135208130e-01
9.931659698486328125e-02
5.161988735198974609e-02
5.003707110881805420e-02
-9.999000000000000000e+03
-9.999000000000000000e+03
-9.999000000000000000e+03
-9.999000000000000000e+03
-9.999000000000000000e+03
-9.999000000000000000e+03
-9.999000000000000000e+03
-9.999000000000000000e+03
-9.999000000000000000e+03
-9.999000000000000000e+03
-9.999000000000000000e+03
-9.999000000000000000e+03
-9.752557426691055298e-02
-1.391102522611618042e-01
-1.032642051577568054e-01
-4.949158802628517151e-02
-4.748403653502464294e-02
-2.162330411374568939e-02
1.178468856960535049e-02
4.483599215745925903e-02
7.746828347444534302e-02
8.450832217931747437e-02
1.002827137708663940e-01
1.242594420909881592e-01
1.611955314874649048e-01
1.616834998130798340e-01
1.360773891210556030e-01
1.016528904438018799e-01
1.045487225055694580e-01
-9.999000000000000000e+03
-9.999000000000000000e+03
-9.999000000000000000e+03
-9.999000000000000000e+03
-9.999000000000000000e+03
-9.999000000000000000e+03
-9.999000000000000000e+03
-9.999000000000000000e+03
-9.999000000000000000e+03
-9.999000000000000000e+03
-9.999000000000000000e+03
-9.999000000000000000e+03
-9.999000000000000000e+03
-9.999000000000000000e+03
-9.999000000000000000e+03
-9.685347229242324829e-02
-7.455164194107055664e-02
-9.999000000000000000e+03
-5.061173811554908752e-02
-4.311101138591766357e-02
-1.172457449138164520e-02
3.242955356836318970e-02
6.420520693063735962e-02
8.224874734878540039e-02
1.314946264028549194e-01
1.790693253278732300e-01
1.762126535177230835e-01
1.551462858915328979e-01
1.250593662261962891e-01
8.489986509084701538e-02
-9.999000000000000000e+03
-9.999000000000000000e+03
-9.999000000000000000e+03
-9.999000000000000000e+03
-9.999000000000000000e+03
-9.999000000000000000e+03
-9.999000000000000000e+03
-9.999000000000000000e+03
-9.999000000000000000e+03
-9.999000000000000000e+03
-9.999000000000000000e+03
-9.999000000000000000e+03
-9.999000000000000000e+03
-9.999000000000000000e+03
-9.999000000000000000e+03
-9.999000000000000000e+03
-4.557127505540847778e-02
-3.300175815820693970e-02
-9.999000000000000000e+03
-9.999000000000000000e+03
-5.806408450007438660e-02
-2.603043429553508759e-02
3.130978718400001526e-02
7.529790699481964111e-02
1.159168481826782227e-01
1.443788856267929077e-01
1.630716472864151001e-01
1.458317339420318604e-01
1.206647157669067383e-01
6.734277307987213135e-02
-9.999000000000000000e+03
-9.999000000000000000e+03
-9.999000000000000000e+03
-9.999000000000000000e+03
-9.999000000000000000e+03
-9.999000000000000000e+03
-9.999000000000000000e+03
-9.999000000000000000e+03
-9.999000000000000000e+03
-9.999000000000000000e+03
-9.999000000000000000e+03
-9.999000000000000000e+03
-9.999000000000000000e+03
-9.999000000000000000e+03
-9.999000000000000000e+03
-9.999000000000000000e+03
-9.999000000000000000e+03
-2.739707939326763153e-02
-3.925941884517669678e-02
-9.999000000000000000e+03
-9.999000000000000000e+03
-3.784677386283874512e-02
-1.938750594854354858e-02
2.744620665907859802e-02
8.532025665044784546e-02
1.459052264690399170e-01
1.391250193119049072e-01
1.244063675403594971e-01
1.136613935232162476e-01
1.080521866679191589e-01
1.096370220184326172e-01
-9.999000000000000000e+03
-9.999000000000000000e+03
-9.999000000000000000e+03
-9.999000000000000000e+03
-9.999000000000000000e+03
-9.999000000000000000e+03
-9.999000000000000000e+03
-9.999000000000000000e+03
-9.999000000000000000e+03
-9.999000000000000000e+03
-9.999000000000000000e+03
-9.999000000000000000e+03
-9.999000000000000000e+03
-9.999000000000000000e+03
-9.999000000000000000e+03
-9.999000000000000000e+03
-9.999000000000000000e+03
-9.999000000000000000e+03
-9.999000000000000000e+03
-9.999000000000000000e+03
-9.999000000000000000e+03
-2.103276737034320831e-02
-3.028571372851729393e-03
3.376393765211105347e-02
8.765666186809539795e-02
1.243038773536682129e-01
1.340415030717849731e-01
1.264063417911529541e-01
1.101814731955528259e-01
7.854395359754562378e-02
6.402045488357543945e-02
-9.999000000000000000e+03
-9.999000000000000000e+03
-9.999000000000000000e+03
-9.999000000000000000e+03
-9.999000000000000000e+03
-9.999000000000000000e+03
-9.999000000000000000e+03
-9.999000000000000000e+03
-9.999000000000000000e+03
-9.999000000000000000e+03
-9.999000000000000000e+03
-9.999000000000000000e+03
-9.999000000000000000e+03
-9.999000000000000000e+03
-9.999000000000000000e+03
-9.999000000000000000e+03
-9.999000000000000000e+03
-9.999000000000000000e+03
-9.999000000000000000e+03
-9.999000000000000000e+03
-9.999000000000000000e+03
-9.999000000000000000e+03
-1.493176724761724472e-02
1.563737727701663971e-02
6.932894885540008545e-02
1.035144627094268799e-01
1.175908371806144714e-01
1.336772590875625610e-01
1.194588243961334229e-01
5.663647130131721497e-02
-9.999000000000000000e+03
-9.999000000000000000e+03
-9.999000000000000000e+03
-9.999000000000000000e+03
-9.999000000000000000e+03
-9.999000000000000000e+03
-9.999000000000000000e+03
-9.999000000000000000e+03
-9.999000000000000000e+03
-9.999000000000000000e+03
-9.999000000000000000e+03
-9.999000000000000000e+03
-9.999000000000000000e+03
-9.999000000000000000e+03
-9.999000000000000000e+03
-9.999000000000000000e+03
-9.999000000000000000e+03
-9.999000000000000000e+03
-9.999000000000000000e+03
-9.999000000000000000e+03
-9.999000000000000000e+03
-9.999000000000000000e+03
-9.999000000000000000e+03
-1.183422468602657318e-02
4.649734124541282654e-03
4.094246029853820801e-02
6.435084342956542969e-02
9.239023178815841675e-02
1.284627318382263184e-01
1.092448011040687561e-01
5.211088433861732483e-02
1.967979967594146729e-02
-9.999000000000000000e+03
-9.999000000000000000e+03
-9.999000000000000000e+03
-9.999000000000000000e+03
-9.999000000000000000e+03
-9.999000000000000000e+03
-9.999000000000000000e+03
-9.999000000000000000e+03
-9.999000000000000000e+03
-9.999000000000000000e+03
-9.999000000000000000e+03
-9.999000000000000000e+03
-9.999000000000000000e+03
-9.999000000000000000e+03
-9.999000000000000000e+03
-9.999000000000000000e+03
-9.999000000000000000e+03
-9.999000000000000000e+03
-9.999000000000000000e+03
-9.999000000000000000e+03
-9.999000000000000000e+03
-9.999000000000000000e+03
-9.999000000000000000e+03
-1.118083577603101730e-02
2.414215356111526489e-03
1.663456484675407410e-02
4.927781224250793457e-02
7.935631275177001953e-02
4.076954349875450134e-02
3.426561504602432251e-02
6.457954645156860352e-02
-9.999000000000000000e+03
-9.999000000000000000e+03
-9.999000000000000000e+03
-9.999000000000000000e+03
-9.999000000000000000e+03
-9.999000000000000000e+03
-9.999000000000000000e+03
-9.999000000000000000e+03
-9.999000000000000000e+03
-9.999000000000000000e+03
-9.999000000000000000e+03
-9.999000000000000000e+03
-9.999000000000000000e+03
-9.999000000000000000e+03
-9.999000000000000000e+03
-9.999000000000000000e+03
-9.999000000000000000e+03
-9.999000000000000000e+03
-9.999000000000000000e+03
-9.999000000000000000e+03
-9.999000000000000000e+03
-9.999000000000000000e+03
-9.999000000000000000e+03
-2.520598657429218292e-02
-3.221704810857772827e-02
-2.134599350392818451e-02
-1.159286126494407654e-02
-9.847851470112800598e-03
-4.034522920846939087e-02
-3.646327927708625793e-02
2.214476279914379120e-02
7.085773348808288574e-02
-9.999000000000000000e+03
-9.999000000000000000e+03
-9.999000000000000000e+03
-9.999000000000000000e+03
-9.999000000000000000e+03
-9.999000000000000000e+03
-9.999000000000000000e+03
-9.999000000000000000e+03
-9.999000000000000000e+03
-9.999000000000000000e+03
-9.999000000000000000e+03
-9.999000000000000000e+03
-9.999000000000000000e+03
-9.999000000000000000e+03
-9.999000000000000000e+03
-9.999000000000000000e+03
-9.999000000000000000e+03
-9.999000000000000000e+03
-9.999000000000000000e+03
-9.999000000000000000e+03
-9.999000000000000000e+03
-9.999000000000000000e+03
2.745730336755514145e-03
-1.348818931728601456e-02
-2.113505639135837555e-02
-2.805107086896896362e-02
-3.258217871189117432e-02
-8.097034692764282227e-02
-7.622408866882324219e-02
-1.668617688119411469e-02
3.762249276041984558e-02
3.622216731309890747e-02
1.492082048207521439e-02
2.045543678104877472e-02
3.710934147238731384e-02
-9.999000000000000000e+03
-9.999000000000000000e+03
-9.999000000000000000e+03
-9.999000000000000000e+03
-9.999000000000000000e+03
-9.999000000000000000e+03
-9.999000000000000000e+03
-9.999000000000000000e+03
-9.999000000000000000e+03
-9.999000000000000000e+03
-9.999000000000000000e+03
-9.999000000000000000e+03
-9.999000000000000000e+03
-9.999000000000000000e+03
-9.999000000000000000e+03
-9.999000000000000000e+03
-9.999000000000000000e+03
2.153993956744670868e-02
2.533159777522087097e-02
1.405140012502670288e-02
-4.038679972290992737e-02
-5.588725581765174866e-02
-7.062408328056335449e-02
-7.501222193241119385e-02
-6.904911249876022339e-02
-4.209184646606445312e-02
-1.218313816934823990e-02
-7.715024519711732864e-03
5.403315648436546326e-03
2.775531262159347534e-02
3.656414151191711426e-02
-9.999000000000000000e+03
-9.999000000000000000e+03
-9.999000000000000000e+03
-9.999000000000000000e+03
-9.999000000000000000e+03
-9.999000000000000000e+03
-9.999000000000000000e+03
-9.999000000000000000e+03
-9.999000000000000000e+03
-9.999000000000000000e+03
-9.999000000000000000e+03
-9.999000000000000000e+03
-9.999000000000000000e+03
-9.999000000000000000e+03
-9.999000000000000000e+03
1.798368804156780243e-02
1.748756691813468933e-02
2.807591669261455536e-02
2.676697261631488800e-02
-1.099162828177213669e-02
-5.238445103168487549e-02
-6.787984818220138550e-02
-7.027190923690795898e-02
-6.568829715251922607e-02
-7.158097624778747559e-02
-5.749319866299629211e-02
-3.505945578217506409e-02
4.389881156384944916e-03
2.177748456597328186e-02
-9.999000000000000000e+03
-9.999000000000000000e+03
-9.999000000000000000e+03
-9.999000000000000000e+03
-9.999000000000000000e+03
-9.999000000000000000e+03
-9.999000000000000000e+03
-9.999000000000000000e+03
-9.999000000000000000e+03
-9.999000000000000000e+03
-9.999000000000000000e+03
-9.999000000000000000e+03
-9.999000000000000000e+03
-9.999000000000000000e+03
-9.999000000000000000e+03
-9.999000000000000000e+03
2.328610792756080627e-02
3.699816390872001648e-02
6.135845184326171875e-02
6.114334985613822937e-02
2.897921018302440643e-02
-3.099865280091762543e-02
-7.219609618186950684e-02
-6.530037522315979004e-02
-4.614765197038650513e-02
-3.809878975152969360e-02
-5.395040288567543030e-02
-6.214388459920883179e-02
-6.941273808479309082e-02
1.562431454658508301e-02
-9.999000000000000000e+03
-9.999000000000000000e+03
-9.999000000000000000e+03
-9.999000000000000000e+03
-9.999000000000000000e+03
-9.999000000000000000e+03
-9.999000000000000000e+03
-9.999000000000000000e+03
-9.999000000000000000e+03
-9.999000000000000000e+03
-9.999000000000000000e+03
-9.999000000000000000e+03
-9.999000000000000000e+03
-9.999000000000000000e+03
-9.999000000000000000e+03
-9.999000000000000000e+03
-9.999000000000000000e+03
6.702365726232528687e-02
9.181668609380722046e-02
1.119927540421485901e-01
6.927697360515594482e-02
5.570647306740283966e-03
-3.812938183546066284e-02
-6.223050504922866821e-02
-5.835139378905296326e-02
-2.219020016491413116e-02
-1.156956655904650688e-03
-1.027701050043106079e-02
-5.057758465409278870e-02
-4.730701446533203125e-02
-1.154504902660846710e-02
-9.999000000000000000e+03
-9.999000000000000000e+03
-9.999000000000000000e+03
-9.999000000000000000e+03
-9.999000000000000000e+03
-9.999000000000000000e+03
-9.999000000000000000e+03
-9.999000000000000000e+03
-9.999000000000000000e+03
-9.999000000000000000e+03
-9.999000000000000000e+03
-9.999000000000000000e+03
-9.999000000000000000e+03
-9.999000000000000000e+03
-9.999000000000000000e+03
-9.999000000000000000e+03
-9.999000000000000000e+03
1.066996157169342041e-01
1.344921290874481201e-01
1.238002032041549683e-01
7.488714158535003662e-02
8.601524867117404938e-03
-3.532109037041664124e-02
-5.602862685918807983e-02
-5.841301009058952332e-02
-3.464512154459953308e-02
-6.069384980946779251e-03
1.024063397198915482e-02
-2.916110493242740631e-02
-2.365902811288833618e-02
-9.999000000000000000e+03
-9.999000000000000000e+03
-9.999000000000000000e+03
-9.999000000000000000e+03
-9.999000000000000000e+03
-9.999000000000000000e+03
-9.999000000000000000e+03
-9.999000000000000000e+03
-9.999000000000000000e+03
-9.999000000000000000e+03
-9.999000000000000000e+03
-9.999000000000000000e+03
-9.999000000000000000e+03
-9.999000000000000000e+03
-9.999000000000000000e+03
-9.999000000000000000e+03
-9.999000000000000000e+03
-9.999000000000000000e+03
1.257494539022445679e-01
1.658867448568344116e-01
1.280942559242248535e-01
6.509706377983093262e-02
9.181324392557144165e-03
-3.497132286429405212e-02
-5.575246363878250122e-02
-5.754422768950462341e-02
-2.655467763543128967e-02
3.869450464844703674e-02
3.095942549407482147e-02
-1.786087872460484505e-03
-9.999000000000000000e+03
-9.999000000000000000e+03
-9.999000000000000000e+03
-9.999000000000000000e+03
-9.999000000000000000e+03
-9.999000000000000000e+03
-9.999000000000000000e+03
-9.999000000000000000e+03
-9.999000000000000000e+03
-9.999000000000000000e+03
-9.999000000000000000e+03
-9.999000000000000000e+03
-9.999000000000000000e+03
-9.999000000000000000e+03
-9.999000000000000000e+03
-9.999000000000000000e+03
-9.999000000000000000e+03
-9.999000000000000000e+03
-9.999000000000000000e+03
1.259731501340866089e-01
1.489213258028030396e-01
1.288028210401535034e-01
7.873838394880294800e-02
-1.745585724711418152e-02
-4.511825740337371826e-02
-3.918226808309555054e-02
-1.874727942049503326e-02
6.531277904286980629e-04
3.063992783427238464e-02
-9.999000000000000000e+03
-9.999000000000000000e+03
-9.999000000000000000e+03
-9.999000000000000000e+03
-9.999000000000000000e+03
-9.999000000000000000e+03
-9.999000000000000000e+03
-9.999000000000000000e+03
-9.999000000000000000e+03
-9.999000000000000000e+03
-9.999000000000000000e+03
-9.999000000000000000e+03
-9.999000000000000000e+03
-9.999000000000000000e+03
-9.999000000000000000e+03
-9.999000000000000000e+03
-9.999000000000000000e+03
-9.999000000000000000e+03
-9.999000000000000000e+03
-9.999000000000000000e+03
-9.999000000000000000e+03
9.583169221878051758e-02
1.082687526941299438e-01
6.495623290538787842e-02
2.082665823400020599e-02
-2.361414954066276550e-02
-3.659224882721900940e-02
-9.999000000000000000e+03
-9.999000000000000000e+03
-9.999000000000000000e+03
-9.999000000000000000e+03
-9.999000000000000000e+03
-9.999000000000000000e+03
-9.999000000000000000e+03
-9.999000000000000000e+03
-9.999000000000000000e+03
-9.999000000000000000e+03
-9.999000000000000000e+03
-9.999000000000000000e+03
-9.999000000000000000e+03
-9.999000000000000000e+03
-9.999000000000000000e+03
-9.999000000000000000e+03
-9.999000000000000000e+03
-9.999000000000000000e+03
-9.999000000000000000e+03
-9.999000000000000000e+03
-9.999000000000000000e+03
-9.999000000000000000e+03
-9.999000000000000000e+03
-9.999000000000000000e+03
-9.999000000000000000e+03
3.816503286361694336e-02
4.405430704355239868e-02
3.510161116719245911e-02
-9.999000000000000000e+03
-9.999000000000000000e+03
-9.999000000000000000e+03
-9.999000000000000000e+03
-9.999000000000000000e+03
-9.999000000000000000e+03
-9.999000000000000000e+03
-9.999000000000000000e+03
-9.999000000000000000e+03
-9.999000000000000000e+03
-9.999000000000000000e+03
-9.999000000000000000e+03
-9.999000000000000000e+03
-9.999000000000000000e+03
-9.999000000000000000e+03
-9.999000000000000000e+03
-9.999000000000000000e+03
-9.999000000000000000e+03
-9.999000000000000000e+03
-9.999000000000000000e+03
-9.999000000000000000e+03
-9.999000000000000000e+03
-9.999000000000000000e+03
-9.999000000000000000e+03
-9.999000000000000000e+03
-9.999000000000000000e+03
-9.999000000000000000e+03
-9.999000000000000000e+03
