1.022173985838890076e-01
1.079217419028282166e-01
7.534564286470413208e-02
4.747333005070686340e-02
5.259461328387260437e-02
3.900725394487380981e-02
3.777407482266426086e-02
3.950417041778564453e-02
2.708488702774047852e-02
2.058239467442035675e-02
-2.265642955899238586e-02
-9.999000000000000000e+03
-9.999000000000000000e+03
-9.999000000000000000e+03
-9.999000000000000000e+03
-9.999000000000000000e+03
-9.999000000000000000e+03
-9.999000000000000000e+03
-9.999000000000000000e+03
-9.999000000000000000e+03
-9.999000000000000000e+03
-9.999000000000000000e+03
-9.999000000000000000e+03
3.972456324845552444e-03
-9.940480813384056091e-03
2.488966472446918488e-02
5.989094451069831848e-02
9.714104235172271729e-02
1.191008165478706360e-01
1.321490406990051270e-01
1.284945607185363770e-01
3.112726099789142609e-02
3.654780611395835876e-02
1.717076078057289124e-02
-7.111536688171327114e-04
-4.341354127973318100e-03
-1.563926599919795990e-02
-1.285126898437738419e-02
-5.517716053873300552e-03
-1.486808061599731445e-02
-1.070385612547397614e-02
-8.934295736253261566e-03
-1.007430255413055420e-03
-9.999000000000000000e+03
-9.999000000000000000e+03
-9.999000000000000000e+03
-9.999000000000000000e+03
-9.999000000000000000e+03
-9.999000000000000000e+03
-9.999000000000000000e+03
-9.999000000000000000e+03
-9.999000000000000000e+03
2.508765645325183868e-02
4.902743548154830933e-02
4.108788445591926575e-02
4.751530662178993225e-02
6.211316585540771484e-02
8.752725273370742798e-02
1.047294363379478455e-01
1.076999232172966003e-01
1.024505272507667542e-01
1.049468517303466797e-01
-4.345131292939186096e-02
-3.690624609589576721e-02
-4.493478313088417053e-02
-5.295906588435173035e-02
-4.508213326334953308e-02
-5.201135575771331787e-02
-5.155679956078529358e-02
-4.028720781207084656e-02
-5.214093625545501709e-02
-4.765843227505683899e-02
-3.145550563931465149e-02
-1.469786465167999268e-02
-9.999000000000000000e+03
-9.999000000000000000e+03
-9.999000000000000000e+03
-9.999000000000000000e+03
-9.999000000000000000e+03
-9.999000000000000000e+03
-9.999000000000000000e+03
4.594248533248901367e-02
5.543182045221328735e-02
7.657741010189056396e-02
9.380491077899932861e-02
9.813468158245086670e-02
8.403541147708892822e-02
9.233918040990829468e-02
9.828280657529830933e-02
1.015663370490074158e-01
1.163976043462753296e-01
1.137209907174110413e-01
1.372020542621612549e-01
-1.199603304266929626e-01
-1.107718124985694885e-01
-1.100255995988845825e-01
-1.108128428459167480e-01
-9.643945097923278809e-02
-1.066705062985420227e-01
-1.052064150571823120e-01
-8.837961405515670776e-02
-8.796417713165283203e-02
-7.544258236885070801e-02
-6.007517129182815552e-02
-3.601416200399398804e-02
-2.649178728461265564e-02
-9.999000000000000000e+03
-9.999000000000000000e+03
-9.999000000000000000e+03
1.519900839775800705e-02
2.629964239895343781e-02
4.485615342855453491e-02
3.269200772047042847e-02
3.343741223216056824e-02
4.403595626354217529e-02
3.933442756533622742e-02
7.980145514011383057e-02
9.847339987754821777e-02
9.717842191457748413e-02
1.188644990324974060e-01
1.465142667293548584e-01
1.602989882230758667e-01
1.646665632724761963e-01
1.711477041244506836e-01
-1.855094730854034424e-01
-1.891087591648101807e-01
-1.922508627176284790e-01
-1.897811740636825562e-01
-1.622979491949081421e-01
-1.569134742021560669e-01
-1.458549648523330688e-01
-1.214576885104179382e-01
-1.097513660788536072e-01
-9.230154752731323242e-02
-7.027861475944519043e-02
-5.329398810863494873e-02
-3.940287232398986816e-02
-3.804999962449073792e-02
-1.901120506227016449e-02
-3.028640523552894592e-03
-3.403099253773689270e-03
-2.057917416095733643e-02
-2.673209086060523987e-02
-6.181091442704200745e-02
-5.702652409672737122e-02
-6.123198941349983215e-02
-6.376761198043823242e-02
-1.530649792402982712e-02
1.633104681968688965e-02
4.899495095014572144e-02
9.358020126819610596e-02
1.261256486177444458e-01
1.536556333303451538e-01
1.723864227533340454e-01
1.654668003320693970e-01
-2.251252979040145874e-01
-2.348488271236419678e-01
-2.556265890598297119e-01
-2.539127171039581299e-01
-2.186886370182037354e-01
-1.999044716358184814e-01
-1.730331331491470337e-01
-1.404541730880737305e-01
-1.198997795581817627e-01
-9.236176311969757080e-02
-6.196446344256401062e-02
-2.311847172677516937e-02
-1.917460002005100250e-02
-1.858674362301826477e-02
-2.807307243347167969e-02
-3.336136415600776672e-02
-6.167305633425712585e-02
-1.088204011321067810e-01
-1.401884406805038452e-01
-1.860567480325698853e-01
-1.975787878036499023e-01
-1.808870136737823486e-01
-1.808832585811614990e-01
-1.087284162640571594e-01
-5.835326015949249268e-02
-4.358401149511337280e-02
2.951699495315551758e-02
5.864500999450683594e-02
9.724449366331100464e-02
1.397468447685241699e-01
1.460043638944625854e-01
-2.418409585952758789e-01
-2.583495676517486572e-01
-2.745485305786132812e-01
-2.673881649971008301e-01
-2.405823618173599243e-01
-2.179073989391326904e-01
-1.795077025890350342e-01
-1.409705877304077148e-01
-1.059289351105690002e-01
-7.518474012613296509e-02
-4.167192429304122925e-02
-1.621683314442634583e-02
-3.649207530543208122e-03
-1.217933557927608490e-02
-7.074392586946487427e-02
-1.059852167963981628e-01
-1.510922610759735107e-01
-1.927461475133895874e-01
-2.133354097604751587e-01
-2.572264373302459717e-01
-2.789405584335327148e-01
-2.921217978000640869e-01
-2.876692414283752441e-01
-2.438779026269912720e-01
-2.080912142992019653e-01
-1.816049069166183472e-01
-9.711299091577529907e-02
-5.714405328035354614e-02
-2.909016795456409454e-03
6.786619871854782104e-02
8.668380230665206909e-02
-2.092187553644180298e-01
-2.427922338247299194e-01
-2.721880078315734863e-01
-2.516554594039916992e-01
-2.172576934099197388e-01
-1.830285787582397461e-01
-1.476908028125762939e-01
-1.221896484494209290e-01
-8.807766437530517578e-02
-6.642155349254608154e-02
-4.244395717978477478e-02
-3.530626744031906128e-02
-4.500344395637512207e-02
-7.579108327627182007e-02
-1.280198544263839722e-01
-1.650104671716690063e-01
-2.162112444639205933e-01
-2.382318228483200073e-01
-2.578808367252349854e-01
-2.625579237937927246e-01
-2.572493255138397217e-01
-2.791518270969390869e-01
-2.609219253063201904e-01
-2.788041830062866211e-01
-3.193461000919342041e-01
-3.133063912391662598e-01
-2.164852172136306763e-01
-1.558011919260025024e-01
-9.896103292703628540e-02
-2.905871905386447906e-02
-5.020060576498508453e-03
-1.809094399213790894e-01
-2.077014893293380737e-01
-2.284732013940811157e-01
-2.172964811325073242e-01
-1.937290430068969727e-01
-1.560474038124084473e-01
-1.216017827391624451e-01
-9.381324052810668945e-02
-7.543785125017166138e-02
-6.108880788087844849e-02
-5.392932519316673279e-02
-5.805056542158126831e-02
-9.402227401733398438e-02
-1.482730656862258911e-01
-1.941292434930801392e-01
-2.077072858810424805e-01
-2.204566150903701782e-01
-2.120137661695480347e-01
-2.159478813409805298e-01
-1.725865602493286133e-01
-1.191999912261962891e-01
-1.235076189041137695e-01
-1.029357835650444031e-01
-1.602636426687240601e-01
-1.506395936012268066e-01
-2.619887292385101318e-01
-2.435999065637588501e-01
-2.090497761964797974e-01
-1.518451422452926636e-01
-1.051702275872230530e-01
-9.249075502157211304e-02
-1.695425659418106079e-01
-1.861998587846755981e-01
-1.904583424329757690e-01
-1.784743219614028931e-01
-1.565778553485870361e-01
-1.250444948673248291e-01
-1.033205911517143250e-01
-8.502113819122314453e-02
-6.805800646543502808e-02
-6.541129946708679199e-02
-7.842015475034713745e-02
-1.158123686909675598e-01
-1.524493247270584106e-01
-1.848887950181961060e-01
-2.083279341459274292e-01
-2.061192393302917480e-01
-1.903155148029327393e-01
-1.269474029541015625e-01
-1.239542141556739807e-01
-5.968588590621948242e-02
-3.327636420726776123e-02
-9.999000000000000000e+03
-9.999000000000000000e+03
-9.999000000000000000e+03
-9.999000000000000000e+03
-9.999000000000000000e+03
-9.999000000000000000e+03
-2.652581632137298584e-01
-2.060160934925079346e-01
-1.414596140384674072e-01
-1.273677498102188110e-01
-1.465625166893005371e-01
-1.505880802869796753e-01
-1.642673760652542114e-01
-1.608595848083496094e-01
-1.432748883962631226e-01
-1.142508834600448608e-01
-9.566359966993331909e-02
-8.160782605409622192e-02
-7.962966710329055786e-02
-9.478335827589035034e-02
-1.077514290809631348e-01
-1.614173948764801025e-01
-1.817545294761657715e-01
-1.959453523159027100e-01
-1.809391528367996216e-01
-1.529505550861358643e-01
-1.228883862495422363e-01
-9.999000000000000000e+03
-9.999000000000000000e+03
-9.999000000000000000e+03
-9.999000000000000000e+03
-9.999000000000000000e+03
-9.999000000000000000e+03
-9.999000000000000000e+03
-9.999000000000000000e+03
-9.999000000000000000e+03
-9.999000000000000000e+03
-1.334409564733505249e-01
-1.757843643426895142e-01
-1.825352162122726440e-01
-1.664499938488006592e-01
-1.331804543733596802e-01
-1.161244362592697144e-01
-1.176877543330192566e-01
-1.181177496910095215e-01
-1.165990531444549561e-01
-1.058589890599250793e-01
-9.685754776000976562e-02
-9.445571899414062500e-02
-1.172688230872154236e-01
-1.372286230325698853e-01
-1.468669474124908447e-01
-1.617137342691421509e-01
-1.635549515485763550e-01
-1.701149046421051025e-01
-9.196392446756362915e-02
-9.321071952581405640e-02
-9.999000000000000000e+03
-9.999000000000000000e+03
-9.999000000000000000e+03
-9.999000000000000000e+03
-9.999000000000000000e+03
-9.999000000000000000e+03
-9.999000000000000000e+03
-9.999000000000000000e+03
-9.999000000000000000e+03
-9.999000000000000000e+03
-9.999000000000000000e+03
-9.999000000000000000e+03
-1.050936803221702576e-01
-1.756904274225234985e-01
-1.911319494247436523e-01
-1.506004482507705688e-01
-1.188729852437973022e-01
-9.373048692941665649e-02
-8.200022578239440918e-02
-7.911370694637298584e-02
-7.895344495773315430e-02
-9.286894649267196655e-02
-1.152070239186286926e-01
-1.370869427919387817e-01
-1.377718150615692139e-01
-1.385028958320617676e-01
-1.386710405349731445e-01
-9.448215365409851074e-02
-1.077137216925621033e-01
-9.999000000000000000e+03
-9.999000000000000000e+03
-9.999000000000000000e+03
-9.999000000000000000e+03
-9.999000000000000000e+03
-9.999000000000000000e+03
-9.999000000000000000e+03
-9.999000000000000000e+03
-9.999000000000000000e+03
-9.999000000000000000e+03
-9.999000000000000000e+03
-9.999000000000000000e+03
-9.999000000000000000e+03
-9.999000000000000000e+03
-9.999000000000000000e+03
-1.550408452749252319e-01
-1.994695663452148438e-01
-9.999000000000000000e+03
-7.539151608943939209e-02
-8.735127002000808716e-02
-7.448022067546844482e-02
-6.059114634990692139e-02
-6.295704096555709839e-02
-8.580683171749114990e-02
-1.206734776496887207e-01
-1.188041642308235168e-01
-1.110572442412376404e-01
-1.084941402077674866e-01
-9.245105832815170288e-02
-6.748574972152709961e-02
-9.999000000000000000e+03
-9.999000000000000000e+03
-9.999000000000000000e+03
-9.999000000000000000e+03
-9.999000000000000000e+03
-9.999000000000000000e+03
-9.999000000000000000e+03
-9.999000000000000000e+03
-9.999000000000000000e+03
-9.999000000000000000e+03
-9.999000000000000000e+03
-9.999000000000000000e+03
-9.999000000000000000e+03
-9.999000000000000000e+03
-9.999000000000000000e+03
-9.999000000000000000e+03
-1.297414153814315796e-01
-1.930729597806930542e-01
-9.999000000000000000e+03
-9.999000000000000000e+03
-8.220563083887100220e-02
-8.412503451108932495e-02
-6.362286955118179321e-02
-5.921142920851707458e-02
-7.729049772024154663e-02
-9.517474472522735596e-02
-8.439847081899642944e-02
-7.777067273855209351e-02
-7.108991593122482300e-02
-2.156626805663108826e-02
-9.999000000000000000e+03
-9.999000000000000000e+03
-9.999000000000000000e+03
-9.999000000000000000e+03
-9.999000000000000000e+03
-9.999000000000000000e+03
-9.999000000000000000e+03
-9.999000000000000000e+03
-9.999000000000000000e+03
-9.999000000000000000e+03
-9.999000000000000000e+03
-9.999000000000000000e+03
-9.999000000000000000e+03
-9.999000000000000000e+03
-9.999000000000000000e+03
-9.999000000000000000e+03
-9.999000000000000000e+03
-7.944685965776443481e-02
-1.554539203643798828e-01
-9.999000000000000000e+03
-9.999000000000000000e+03
-5.091587826609611511e-02
-7.141114771366119385e-02
-7.163950055837631226e-02
-5.663428455591201782e-02
-5.260271579027175903e-02
-4.214653745293617249e-02
-4.708421602845191956e-02
-3.850591927766799927e-02
-2.827758714556694031e-02
-1.865710481069982052e-03
-9.999000000000000000e+03
-9.999000000000000000e+03
-9.999000000000000000e+03
-9.999000000000000000e+03
-9.999000000000000000e+03
-9.999000000000000000e+03
-9.999000000000000000e+03
-9.999000000000000000e+03
-9.999000000000000000e+03
-9.999000000000000000e+03
-9.999000000000000000e+03
-9.999000000000000000e+03
-9.999000000000000000e+03
-9.999000000000000000e+03
-9.999000000000000000e+03
-9.999000000000000000e+03
-9.999000000000000000e+03
-9.999000000000000000e+03
-9.999000000000000000e+03
-9.999000000000000000e+03
-9.999000000000000000e+03
-2.597392164170742035e-02
-4.119378328323364258e-02
-6.016799062490463257e-02
-6.060222163796424866e-02
-2.611141465604305267e-02
-1.580833923071622849e-03
3.072279971092939377e-03
-7.696813903748989105e-03
-9.511546231806278229e-03
-6.788316182792186737e-03
-9.999000000000000000e+03
-9.999000000000000000e+03
-9.999000000000000000e+03
-9.999000000000000000e+03
-9.999000000000000000e+03
-9.999000000000000000e+03
-9.999000000000000000e+03
-9.999000000000000000e+03
-9.999000000000000000e+03
-9.999000000000000000e+03
-9.999000000000000000e+03
-9.999000000000000000e+03
-9.999000000000000000e+03
-9.999000000000000000e+03
-9.999000000000000000e+03
-9.999000000000000000e+03
-9.999000000000000000e+03
-9.999000000000000000e+03
-9.999000000000000000e+03
-9.999000000000000000e+03
-9.999000000000000000e+03
-9.999000000000000000e+03
-3.267641365528106689e-02
-4.752414301037788391e-02
-6.505396217107772827e-02
3.991561755537986755e-02
2.740478888154029846e-02
2.304120175540447235e-02
3.219036385416984558e-02
9.646259248256683350e-03
-9.999000000000000000e+03
-9.999000000000000000e+03
-9.999000000000000000e+03
-9.999000000000000000e+03
-9.999000000000000000e+03
-9.999000000000000000e+03
-9.999000000000000000e+03
-9.999000000000000000e+03
-9.999000000000000000e+03
-9.999000000000000000e+03
-9.999000000000000000e+03
-9.999000000000000000e+03
-9.999000000000000000e+03
-9.999000000000000000e+03
-9.999000000000000000e+03
-9.999000000000000000e+03
-9.999000000000000000e+03
-9.999000000000000000e+03
-9.999000000000000000e+03
-9.999000000000000000e+03
-9.999000000000000000e+03
-9.999000000000000000e+03
-9.999000000000000000e+03
-1.847631111741065979e-02
-4.740590229630470276e-02
-3.345886245369911194e-02
5.906849037273786962e-05
5.590884946286678314e-03
-3.771302988752722740e-03
9.679038822650909424e-02
1.508374959230422974e-01
1.077134907245635986e-01
-9.999000000000000000e+03
-9.999000000000000000e+03
-9.999000000000000000e+03
-9.999000000000000000e+03
-9.999000000000000000e+03
-9.999000000000000000e+03
-9.999000000000000000e+03
-9.999000000000000000e+03
-9.999000000000000000e+03
-9.999000000000000000e+03
-9.999000000000000000e+03
-9.999000000000000000e+03
-9.999000000000000000e+03
-9.999000000000000000e+03
-9.999000000000000000e+03
-9.999000000000000000e+03
-9.999000000000000000e+03
-9.999000000000000000e+03
-9.999000000000000000e+03
-9.999000000000000000e+03
-9.999000000000000000e+03
-9.999000000000000000e+03
-9.999000000000000000e+03
-5.863399431109428406e-02
-3.949678689241409302e-02
-5.904274806380271912e-02
-5.319658294320106506e-02
-9.768523275852203369e-03
1.551306713372468948e-02
1.543422192335128784e-01
1.794777810573577881e-01
-9.999000000000000000e+03
-9.999000000000000000e+03
-9.999000000000000000e+03
-9.999000000000000000e+03
-9.999000000000000000e+03
-9.999000000000000000e+03
-9.999000000000000000e+03
-9.999000000000000000e+03
-9.999000000000000000e+03
-9.999000000000000000e+03
-9.999000000000000000e+03
-9.999000000000000000e+03
-9.999000000000000000e+03
-9.999000000000000000e+03
-9.999000000000000000e+03
-9.999000000000000000e+03
-9.999000000000000000e+03
-9.999000000000000000e+03
-9.999000000000000000e+03
-9.999000000000000000e+03
-9.999000000000000000e+03
-9.999000000000000000e+03
-9.999000000000000000e+03
-8.079003542661666870e-02
-1.194929555058479309e-01
-1.658537983894348145e-01
-1.401444822549819946e-01
-1.191754862666130066e-01
-1.043603271245956421e-01
-3.592154756188392639e-02
6.529303640127182007e-02
7.671536505222320557e-02
-9.999000000000000000e+03
-9.999000000000000000e+03
-9.999000000000000000e+03
-9.999000000000000000e+03
-9.999000000000000000e+03
-9.999000000000000000e+03
-9.999000000000000000e+03
-9.999000000000000000e+03
-9.999000000000000000e+03
-9.999000000000000000e+03
-9.999000000000000000e+03
-9.999000000000000000e+03
-9.999000000000000000e+03
-9.999000000000000000e+03
-9.999000000000000000e+03
-9.999000000000000000e+03
-9.999000000000000000e+03
-9.999000000000000000e+03
-9.999000000000000000e+03
-9.999000000000000000e+03
-9.999000000000000000e+03
-9.999000000000000000e+03
-4.922316968441009521e-02
-1.098519712686538696e-01
-1.284742951393127441e-01
-1.287325024604797363e-01
-1.159292086958885193e-01
-1.145579144358634949e-01
-1.057065501809120178e-01
-8.808869868516921997e-02
-7.210825383663177490e-02
-1.478053908795118332e-02
-1.831600442528724670e-03
-2.257369272410869598e-02
-1.815339922904968262e-02
-9.999000000000000000e+03
-9.999000000000000000e+03
-9.999000000000000000e+03
-9.999000000000000000e+03
-9.999000000000000000e+03
-9.999000000000000000e+03
-9.999000000000000000e+03
-9.999000000000000000e+03
-9.999000000000000000e+03
-9.999000000000000000e+03
-9.999000000000000000e+03
-9.999000000000000000e+03
-9.999000000000000000e+03
-9.999000000000000000e+03
-9.999000000000000000e+03
-9.999000000000000000e+03
-9.999000000000000000e+03
-3.039640374481678009e-02
-2.854091860353946686e-02
-3.937517106533050537e-02
-5.297081172466278076e-02
-8.871071785688400269e-02
-1.087699308991432190e-01
-1.040140911936759949e-01
-1.003384590148925781e-01
-9.392946213483810425e-02
-4.984895139932632446e-02
-2.898301556706428528e-02
-2.288691699504852295e-02
-2.583527378737926483e-02
-2.553825452923774719e-02
-9.999000000000000000e+03
-9.999000000000000000e+03
-9.999000000000000000e+03
-9.999000000000000000e+03
-9.999000000000000000e+03
-9.999000000000000000e+03
-9.999000000000000000e+03
-9.999000000000000000e+03
-9.999000000000000000e+03
-9.999000000000000000e+03
-9.999000000000000000e+03
-9.999000000000000000e+03
-9.999000000000000000e+03
-9.999000000000000000e+03
-9.999000000000000000e+03
-1.588429883122444153e-02
-2.856808714568614960e-02
-4.893834516406059265e-02
-4.954701289534568787e-02
-3.968367353081703186e-02
-3.787192329764366150e-02
-4.088691622018814087e-02
-7.198658585548400879e-02
-9.553656727075576782e-02
-8.113485574722290039e-02
-4.826818406581878662e-02
-1.061174366623163223e-02
1.056843250989913940e-02
4.647993482649326324e-03
-9.999000000000000000e+03
-9.999000000000000000e+03
-9.999000000000000000e+03
-9.999000000000000000e+03
-9.999000000000000000e+03
-9.999000000000000000e+03
-9.999000000000000000e+03
-9.999000000000000000e+03
-9.999000000000000000e+03
-9.999000000000000000e+03
-9.999000000000000000e+03
-9.999000000000000000e+03
-9.999000000000000000e+03
-9.999000000000000000e+03
-9.999000000000000000e+03
-9.999000000000000000e+03
-1.318847853690385818e-02
-1.602564752101898193e-02
-3.286045789718627930e-02
-5.206774547696113586e-02
-7.066424936056137085e-02
-5.703739449381828308e-02
-3.147276118397712708e-02
-1.360888872295618057e-02
-2.861232124269008636e-02
-4.741820693016052246e-02
-7.356630265712738037e-02
-8.293477445840835571e-02
-9.052544832229614258e-02
-5.360601097345352173e-02
-9.999000000000000000e+03
-9.999000000000000000e+03
-9.999000000000000000e+03
-9.999000000000000000e+03
-9.999000000000000000e+03
-9.999000000000000000e+03
-9.999000000000000000e+03
-9.999000000000000000e+03
-9.999000000000000000e+03
-9.999000000000000000e+03
-9.999000000000000000e+03
-9.999000000000000000e+03
-9.999000000000000000e+03
-9.999000000000000000e+03
-9.999000000000000000e+03
-9.999000000000000000e+03
-9.999000000000000000e+03
-4.298035800457000732e-02
-6.155841425061225891e-02
-8.968985080718994141e-02
-9.749360382556915283e-02
-8.683726936578750610e-02
-6.220184639096260071e-02
-3.563054278492927551e-02
-1.514501497149467468e-02
-6.888958625495433807e-03
-2.688464941456913948e-03
-2.797463163733482361e-02
-7.338511943817138672e-02
-7.594616711139678955e-02
-7.713440805673599243e-02
-9.999000000000000000e+03
-9.999000000000000000e+03
-9.999000000000000000e+03
-9.999000000000000000e+03
-9.999000000000000000e+03
-9.999000000000000000e+03
-9.999000000000000000e+03
-9.999000000000000000e+03
-9.999000000000000000e+03
-9.999000000000000000e+03
-9.999000000000000000e+03
-9.999000000000000000e+03
-9.999000000000000000e+03
-9.999000000000000000e+03
-9.999000000000000000e+03
-9.999000000000000000e+03
-9.999000000000000000e+03
-1.000234708189964294e-01
-1.148669868707656860e-01
-1.190609037876129150e-01
-1.119797751307487488e-01
-8.155563473701477051e-02
-4.295608401298522949e-02
-2.249399758875370026e-02
-6.331093143671751022e-03
6.321665714494884014e-04
-2.160122152417898178e-03
-1.951183564960956573e-02
-4.004922136664390564e-02
-2.310605719685554504e-02
-9.999000000000000000e+03
-9.999000000000000000e+03
-9.999000000000000000e+03
-9.999000000000000000e+03
-9.999000000000000000e+03
-9.999000000000000000e+03
-9.999000000000000000e+03
-9.999000000000000000e+03
-9.999000000000000000e+03
-9.999000000000000000e+03
-9.999000000000000000e+03
-9.999000000000000000e+03
-9.999000000000000000e+03
-9.999000000000000000e+03
-9.999000000000000000e+03
-9.999000000000000000e+03
-9.999000000000000000e+03
-9.999000000000000000e+03
-9.216281771659851074e-02
-8.302622288465499878e-02
-6.945642083883285522e-02
-5.940035358071327209e-02
-1.706372015178203583e-02
4.435575567185878754e-03
9.200703352689743042e-03
2.484048716723918915e-02
1.441103965044021606e-02
3.533154353499412537e-02
9.493573568761348724e-03
-2.122626081109046936e-02
-9.999000000000000000e+03
-9.999000000000000000e+03
-9.999000000000000000e+03
-9.999000000000000000e+03
-9.999000000000000000e+03
-9.999000000000000000e+03
-9.999000000000000000e+03
-9.999000000000000000e+03
-9.999000000000000000e+03
-9.999000000000000000e+03
-9.999000000000000000e+03
-9.999000000000000000e+03
-9.999000000000000000e+03
-9.999000000000000000e+03
-9.999000000000000000e+03
-9.999000000000000000e+03
-9.999000000000000000e+03
-9.999000000000000000e+03
-9.999000000000000000e+03
-6.400475651025772095e-02
-4.345395416021347046e-02
-2.067719772458076477e-02
2.351453760638833046e-03
7.259742170572280884e-02
7.288872450590133667e-02
6.286010146141052246e-02
3.881854191422462463e-02
2.569757029414176941e-02
1.942077837884426117e-02
-9.999000000000000000e+03
-9.999000000000000000e+03
-9.999000000000000000e+03
-9.999000000000000000e+03
-9.999000000000000000e+03
-9.999000000000000000e+03
-9.999000000000000000e+03
-9.999000000000000000e+03
-9.999000000000000000e+03
-9.999000000000000000e+03
-9.999000000000000000e+03
-9.999000000000000000e+03
-9.999000000000000000e+03
-9.999000000000000000e+03
-9.999000000000000000e+03
-9.999000000000000000e+03
-9.999000000000000000e+03
-9.999000000000000000e+03
-9.999000000000000000e+03
-9.999000000000000000e+03
-9.999000000000000000e+03
-3.368743136525154114e-02
9.534250944852828979e-03
5.231107026338577271e-02
8.241962641477584839e-02
1.017347499728202820e-01
8.282008022069931030e-02
-9.999000000000000000e+03
-9.999000000000000000e+03
-9.999000000000000000e+03
-9.999000000000000000e+03
-9.999000000000000000e+03
-9.999000000000000000e+03
-9.999000000000000000e+03
-9.999000000000000000e+03
-9.999000000000000000e+03
-9.999000000000000000e+03
-9.999000000000000000e+03
-9.999000000000000000e+03
-9.999000000000000000e+03
-9.999000000000000000e+03
-9.999000000000000000e+03
-9.999000000000000000e+03
-9.999000000000000000e+03
-9.999000000000000000e+03
-9.999000000000000000e+03
-9.999000000000000000e+03
-9.999000000000000000e+03
-9.999000000000000000e+03
-9.999000000000000000e+03
-9.999000000000000000e+03
-9.999000000000000000e+03
-1.798599585890769958e-02
7.283637300133705139e-03
6.716153025627136230e-02
-9.999000000000000000e+03
-9.999000000000000000e+03
-9.999000000000000000e+03
-9.999000000000000000e+03
-9.999000000000000000e+03
-9.999000000000000000e+03
-9.999000000000000000e+03
-9.999000000000000000e+03
-9.999000000000000000e+03
-9.999000000000000000e+03
-9.999000000000000000e+03
-9.999000000000000000e+03
-9.999000000000000000e+03
-9.999000000000000000e+03
-9.999000000000000000e+03
-9.999000000000000000e+03
-9.999000000000000000e+03
-9.999000000000000000e+03
-9.999000000000000000e+03
-9.999000000000000000e+03
-9.999000000000000000e+03
-9.999000000000000000e+03
-9.999000000000000000e+03
-9.999000000000000000e+03
-9.999000000000000000e+03
-9.999000000000000000e+03
-9.999000000000000000e+03
-9.999000000000000000e+03
