-1.514138430356979370e-01
-1.083497405052185059e-01
-4.889775067567825317e-02
1.346520427614450455e-02
6.698826700448989868e-02
1.074024960398674011e-01
1.446594893932342529e-01
1.728547960519790649e-01
2.044666707515716553e-01
2.374090105295181274e-01
2.297441661357879639e-01
-9.999000000000000000e+03
-9.999000000000000000e+03
-9.999000000000000000e+03
-9.999000000000000000e+03
-9.999000000000000000e+03
-9.999000000000000000e+03
-9.999000000000000000e+03
-9.999000000000000000e+03
-9.999000000000000000e+03
-9.999000000000000000e+03
-9.999000000000000000e+03
-9.999000000000000000e+03
-2.769545465707778931e-02
2.194060198962688446e-02
5.997417494654655457e-02
1.023050621151924133e-01
9.735233336687088013e-02
9.071464836597442627e-02
8.473591506481170654e-02
7.115749269723892212e-02
-1.456055790185928345e-01
-1.007495522499084473e-01
-4.409063607454299927e-02
8.901526220142841339e-03
6.658537685871124268e-02
1.076182126998901367e-01
1.503168940544128418e-01
1.842283904552459717e-01
2.141246646642684937e-01
2.434334605932235718e-01
2.485756725072860718e-01
1.392977833747863770e-01
-9.999000000000000000e+03
-9.999000000000000000e+03
-9.999000000000000000e+03
-9.999000000000000000e+03
-9.999000000000000000e+03
-9.999000000000000000e+03
-9.999000000000000000e+03
-9.999000000000000000e+03
-9.999000000000000000e+03
-1.312403101474046707e-02
-4.517404735088348389e-02
-5.953647196292877197e-02
-3.563290089368820190e-02
1.428689714521169662e-02
5.470963940024375916e-02
5.788736045360565186e-02
5.022201314568519592e-02
5.463700741529464722e-02
6.229854747653007507e-02
-1.575607657432556152e-01
-9.159385412931442261e-02
-3.230319172143936157e-02
2.015073783695697784e-02
6.641081720590591431e-02
1.067648082971572876e-01
1.489291787147521973e-01
1.872469931840896606e-01
2.173134535551071167e-01
2.399539500474929810e-01
2.249339669942855835e-01
1.479916870594024658e-01
-9.999000000000000000e+03
-9.999000000000000000e+03
-9.999000000000000000e+03
-9.999000000000000000e+03
-9.999000000000000000e+03
-9.999000000000000000e+03
-9.999000000000000000e+03
-2.103686518967151642e-02
-2.037251181900501251e-02
-1.646860316395759583e-02
-4.921786859631538391e-02
-5.980066582560539246e-02
-3.260120749473571777e-02
-1.870421320199966431e-02
6.496679037809371948e-03
2.141039632260799408e-02
3.223408758640289307e-02
3.979081287980079651e-02
5.308550596237182617e-02
-1.471737474203109741e-01
-8.847331255674362183e-02
-3.527095913887023926e-02
1.797887310385704041e-02
7.136599719524383545e-02
1.194798797369003296e-01
1.548566967248916626e-01
1.870141774415969849e-01
2.080911546945571899e-01
2.261450141668319702e-01
2.227430194616317749e-01
1.440153121948242188e-01
7.125574350357055664e-02
-9.999000000000000000e+03
-9.999000000000000000e+03
-9.999000000000000000e+03
-1.892031915485858917e-02
-2.321231923997402191e-02
-3.149775788187980652e-02
-2.542155608534812927e-02
-2.491892501711845398e-02
-2.550474926829338074e-02
-3.566088154911994934e-02
-4.067901149392127991e-02
-5.019585601985454559e-03
-2.256933413445949554e-02
5.073262378573417664e-03
1.703395694494247437e-02
2.295114286243915558e-02
3.420792147517204285e-02
4.621460288763046265e-02
-1.466483175754547119e-01
-7.429814338684082031e-02
-1.100305095314979553e-02
2.806137315928936005e-02
7.091972231864929199e-02
1.060731559991836548e-01
1.356013119220733643e-01
1.682240515947341919e-01
1.858318150043487549e-01
1.892197430133819580e-01
1.601750552654266357e-01
1.035469174385070801e-01
5.245235189795494080e-02
1.355582196265459061e-02
-1.804401725530624390e-02
-2.827910147607326508e-02
-2.453848719596862793e-02
-1.557708345353603363e-02
-1.483050454407930374e-02
-4.435571376234292984e-03
-1.124569587409496307e-02
-1.317935157567262650e-02
-2.285048179328441620e-02
-3.052990697324275970e-02
-3.018034435808658600e-02
-3.717180341482162476e-02
-2.178484015166759491e-02
-1.625487394630908966e-02
2.542573958635330200e-03
2.725581824779510498e-02
4.766271263360977173e-02
-1.325452476739883423e-01
-8.258381485939025879e-02
-2.950881235301494598e-02
1.592050306499004364e-02
6.072096899151802063e-02
8.653917908668518066e-02
9.990093111991882324e-02
1.272415816783905029e-01
1.404390782117843628e-01
1.493306457996368408e-01
1.181397959589958191e-01
7.039193063974380493e-02
2.418998442590236664e-02
-1.234982814639806747e-02
-2.185431495308876038e-02
-1.628999784588813782e-02
1.896243891678750515e-03
2.683634683489799500e-02
2.902705781161785126e-02
3.183177858591079712e-02
9.746037423610687256e-03
-1.776195317506790161e-02
-4.599908739328384399e-02
-6.017756089568138123e-02
-7.275317609310150146e-02
-8.115789294242858887e-02
-5.729940906167030334e-02
-4.835876077413558960e-02
-3.066271357238292694e-02
1.903027412481606007e-03
3.383699432015419006e-02
-1.083964332938194275e-01
-6.715189665555953979e-02
-2.530155703425407410e-02
1.379422377794981003e-03
2.904872223734855652e-02
4.560033231973648071e-02
5.278696864843368530e-02
7.883635908365249634e-02
7.969956845045089722e-02
8.115306496620178223e-02
7.171559333801269531e-02
4.143714532256126404e-02
1.001095678657293320e-02
-1.855252683162689209e-02
1.186106353998184204e-02
3.644262626767158508e-02
6.658217310905456543e-02
8.424609899520874023e-02
7.490599155426025391e-02
6.568237394094467163e-02
1.865462027490139008e-02
-4.637805745005607605e-02
-9.441184997558593750e-02
-1.176467761397361755e-01
-1.353149861097335815e-01
-1.365168094635009766e-01
-1.145206689834594727e-01
-1.088753715157508850e-01
-8.388425409793853760e-02
-1.649155654013156891e-02
1.979340426623821259e-02
-8.802927285432815552e-02
-5.939393490552902222e-02
-2.442225255072116852e-02
-1.743163727223873138e-02
-4.030884709209203720e-03
1.909610931761562824e-03
5.958427209407091141e-03
2.480494044721126556e-02
2.553157508373260498e-02
3.727923706173896790e-02
3.970875591039657593e-02
1.730706542730331421e-02
1.001434680074453354e-02
2.173875831067562103e-02
6.043805181980133057e-02
8.734652400016784668e-02
1.214463040232658386e-01
1.232434436678886414e-01
1.012093350291252136e-01
7.003188133239746094e-02
1.754074171185493469e-02
-3.255474194884300232e-02
-7.702321559190750122e-02
-1.333393305540084839e-01
-1.874026656150817871e-01
-1.881148964166641235e-01
-1.980918496847152710e-01
-1.988853961229324341e-01
-1.554273962974548340e-01
-5.972374230623245239e-02
-9.135544300079345703e-03
-7.137867808341979980e-02
-5.181146040558815002e-02
-3.911602124571800232e-02
-3.527686372399330139e-02
-2.548960223793983459e-02
-3.002989664673805237e-02
-2.597141265869140625e-02
-8.407756686210632324e-03
1.784847700037062168e-03
1.539059169590473175e-02
2.172797359526157379e-02
1.442300993949174881e-02
3.591252118349075317e-02
7.792246341705322266e-02
1.165213733911514282e-01
1.273907423019409180e-01
1.353829056024551392e-01
1.233958750963211060e-01
1.053391173481941223e-01
5.900469794869422913e-02
-6.232653744518756866e-03
-4.013163596391677856e-02
-4.948665574193000793e-02
-8.726562559604644775e-02
-9.845951199531555176e-02
-1.812994927167892456e-01
-2.411071956157684326e-01
-2.671614885330200195e-01
-2.094332426786422729e-01
-1.131126880645751953e-01
-3.903070837259292603e-02
-5.364262312650680542e-02
-3.900110349059104919e-02
-4.141456261277198792e-02
-4.171672463417053223e-02
-5.038300529122352600e-02
-5.161633342504501343e-02
-4.435187205672264099e-02
-2.194662764668464661e-02
-1.346892397850751877e-02
6.863677408546209335e-03
1.715279929339885712e-02
4.518138989806175232e-02
7.721581310033798218e-02
1.056993305683135986e-01
1.268616020679473877e-01
1.297924816608428955e-01
1.190427169203758240e-01
7.180625945329666138e-02
6.537915766239166260e-02
1.833368279039859772e-02
-1.393377874046564102e-02
-9.999000000000000000e+03
-9.999000000000000000e+03
-9.999000000000000000e+03
-9.999000000000000000e+03
-9.999000000000000000e+03
-9.999000000000000000e+03
-2.339447438716888428e-01
-2.709772288799285889e-01
-1.639478206634521484e-01
-7.785912603139877319e-02
-5.202281475067138672e-02
-3.770403191447257996e-02
-3.173055499792098999e-02
-3.752008825540542603e-02
-6.255523860454559326e-02
-6.993057578802108765e-02
-5.081124603748321533e-02
-2.685956470668315887e-02
-2.427707659080624580e-03
2.555347420275211334e-02
3.718266636133193970e-02
8.833519369363784790e-02
1.063280254602432251e-01
1.162122040987014771e-01
1.015806198120117188e-01
9.088532626628875732e-02
8.705285191535949707e-02
-9.999000000000000000e+03
-9.999000000000000000e+03
-9.999000000000000000e+03
-9.999000000000000000e+03
-9.999000000000000000e+03
-9.999000000000000000e+03
-9.999000000000000000e+03
-9.999000000000000000e+03
-9.999000000000000000e+03
-9.999000000000000000e+03
-1.942869871854782104e-01
-2.567704021930694580e-01
-2.257380783557891846e-01
-1.398881375789642334e-01
-8.901864290237426758e-02
-5.657099559903144836e-02
-4.808276146650314331e-02
-5.838277563452720642e-02
-7.715895026922225952e-02
-8.124043792486190796e-02
-5.180174112319946289e-02
-1.209820527583360672e-02
3.266939893364906311e-02
6.853408366441726685e-02
8.219178766012191772e-02
1.053989976644515991e-01
1.088874042034149170e-01
1.004979237914085388e-01
4.262204840779304504e-02
4.446979239583015442e-02
-9.999000000000000000e+03
-9.999000000000000000e+03
-9.999000000000000000e+03
-9.999000000000000000e+03
-9.999000000000000000e+03
-9.999000000000000000e+03
-9.999000000000000000e+03
-9.999000000000000000e+03
-9.999000000000000000e+03
-9.999000000000000000e+03
-9.999000000000000000e+03
-9.999000000000000000e+03
-1.721269637346267700e-01
-2.097757756710052490e-01
-1.198783591389656067e-01
-7.674708217382431030e-02
-7.719708979129791260e-02
-6.997766345739364624e-02
-6.032219901680946350e-02
-7.334889471530914307e-02
-6.563746184110641479e-02
-2.043761871755123138e-02
2.368274144828319550e-02
6.348478049039840698e-02
8.111157268285751343e-02
9.295365959405899048e-02
1.206234320998191833e-01
7.460886240005493164e-02
7.927631586790084839e-02
-9.999000000000000000e+03
-9.999000000000000000e+03
-9.999000000000000000e+03
-9.999000000000000000e+03
-9.999000000000000000e+03
-9.999000000000000000e+03
-9.999000000000000000e+03
-9.999000000000000000e+03
-9.999000000000000000e+03
-9.999000000000000000e+03
-9.999000000000000000e+03
-9.999000000000000000e+03
-9.999000000000000000e+03
-9.999000000000000000e+03
-9.999000000000000000e+03
-1.746974736452102661e-01
-1.223367154598236084e-01
-9.999000000000000000e+03
-8.364434540271759033e-02
-9.161391109228134155e-02
-7.760155946016311646e-02
-6.359580904245376587e-02
-5.193320661783218384e-02
2.467636950314044952e-03
6.314893066883087158e-02
6.459887325763702393e-02
8.232370764017105103e-02
9.987706691026687622e-02
1.029434427618980408e-01
5.406968668103218079e-02
-9.999000000000000000e+03
-9.999000000000000000e+03
-9.999000000000000000e+03
-9.999000000000000000e+03
-9.999000000000000000e+03
-9.999000000000000000e+03
-9.999000000000000000e+03
-9.999000000000000000e+03
-9.999000000000000000e+03
-9.999000000000000000e+03
-9.999000000000000000e+03
-9.999000000000000000e+03
-9.999000000000000000e+03
-9.999000000000000000e+03
-9.999000000000000000e+03
-9.999000000000000000e+03
-9.678259491920471191e-02
-6.771162152290344238e-02
-9.999000000000000000e+03
-9.999000000000000000e+03
-1.102024689316749573e-01
-8.514626324176788330e-02
-5.059082806110382080e-02
-1.408261153846979141e-02
4.841148108243942261e-02
7.626957446336746216e-02
6.007333099842071533e-02
8.258959650993347168e-02
8.488201349973678589e-02
9.246654226444661617e-04
-9.999000000000000000e+03
-9.999000000000000000e+03
-9.999000000000000000e+03
-9.999000000000000000e+03
-9.999000000000000000e+03
-9.999000000000000000e+03
-9.999000000000000000e+03
-9.999000000000000000e+03
-9.999000000000000000e+03
-9.999000000000000000e+03
-9.999000000000000000e+03
-9.999000000000000000e+03
-9.999000000000000000e+03
-9.999000000000000000e+03
-9.999000000000000000e+03
-9.999000000000000000e+03
-9.999000000000000000e+03
-4.959129169583320618e-02
-3.350927308201789856e-02
-9.999000000000000000e+03
-9.999000000000000000e+03
-8.254255354404449463e-02
-8.335345983505249023e-02
-4.977881908416748047e-02
2.339896513149142265e-03
7.155680656433105469e-02
6.496948003768920898e-02
8.098796755075454712e-02
9.359458088874816895e-02
6.142092123627662659e-02
-4.942507948726415634e-03
-9.999000000000000000e+03
-9.999000000000000000e+03
-9.999000000000000000e+03
-9.999000000000000000e+03
-9.999000000000000000e+03
-9.999000000000000000e+03
-9.999000000000000000e+03
-9.999000000000000000e+03
-9.999000000000000000e+03
-9.999000000000000000e+03
-9.999000000000000000e+03
-9.999000000000000000e+03
-9.999000000000000000e+03
-9.999000000000000000e+03
-9.999000000000000000e+03
-9.999000000000000000e+03
-9.999000000000000000e+03
-9.999000000000000000e+03
-9.999000000000000000e+03
-9.999000000000000000e+03
-9.999000000000000000e+03
-5.656527727842330933e-02
-8.234126120805740356e-02
-4.891694337129592896e-02
8.526043035089969635e-03
2.873575314879417419e-02
5.345529317855834961e-02
1.018570810556411743e-01
1.222854033112525940e-01
3.831709921360015869e-02
1.181482244282960892e-02
-9.999000000000000000e+03
-9.999000000000000000e+03
-9.999000000000000000e+03
-9.999000000000000000e+03
-9.999000000000000000e+03
-9.999000000000000000e+03
-9.999000000000000000e+03
-9.999000000000000000e+03
-9.999000000000000000e+03
-9.999000000000000000e+03
-9.999000000000000000e+03
-9.999000000000000000e+03
-9.999000000000000000e+03
-9.999000000000000000e+03
-9.999000000000000000e+03
-9.999000000000000000e+03
-9.999000000000000000e+03
-9.999000000000000000e+03
-9.999000000000000000e+03
-9.999000000000000000e+03
-9.999000000000000000e+03
-9.999000000000000000e+03
-6.407599896192550659e-02
-6.019665673375129700e-02
-1.596359722316265106e-02
-7.725863903760910034e-02
4.193527251482009888e-02
1.261390447616577148e-01
1.559279710054397583e-01
8.215764909982681274e-02
-9.999000000000000000e+03
-9.999000000000000000e+03
-9.999000000000000000e+03
-9.999000000000000000e+03
-9.999000000000000000e+03
-9.999000000000000000e+03
-9.999000000000000000e+03
-9.999000000000000000e+03
-9.999000000000000000e+03
-9.999000000000000000e+03
-9.999000000000000000e+03
-9.999000000000000000e+03
-9.999000000000000000e+03
-9.999000000000000000e+03
-9.999000000000000000e+03
-9.999000000000000000e+03
-9.999000000000000000e+03
-9.999000000000000000e+03
-9.999000000000000000e+03
-9.999000000000000000e+03
-9.999000000000000000e+03
-9.999000000000000000e+03
-9.999000000000000000e+03
-5.285441875457763672e-02
-5.304779484868049622e-02
-6.625658273696899414e-02
-1.161488816142082214e-01
3.358356654644012451e-02
1.587584316730499268e-01
1.889010816812515259e-01
1.375386863946914673e-01
8.239141106605529785e-02
-9.999000000000000000e+03
-9.999000000000000000e+03
-9.999000000000000000e+03
-9.999000000000000000e+03
-9.999000000000000000e+03
-9.999000000000000000e+03
-9.999000000000000000e+03
-9.999000000000000000e+03
-9.999000000000000000e+03
-9.999000000000000000e+03
-9.999000000000000000e+03
-9.999000000000000000e+03
-9.999000000000000000e+03
-9.999000000000000000e+03
-9.999000000000000000e+03
-9.999000000000000000e+03
-9.999000000000000000e+03
-9.999000000000000000e+03
-9.999000000000000000e+03
-9.999000000000000000e+03
-9.999000000000000000e+03
-9.999000000000000000e+03
-9.999000000000000000e+03
-6.391954421997070312e-02
-9.446023404598236084e-02
-7.590714842081069946e-02
5.126142874360084534e-02
1.009459570050239563e-01
5.020838975906372070e-02
9.340148419141769409e-02
9.813850373029708862e-02
-9.999000000000000000e+03
-9.999000000000000000e+03
-9.999000000000000000e+03
-9.999000000000000000e+03
-9.999000000000000000e+03
-9.999000000000000000e+03
-9.999000000000000000e+03
-9.999000000000000000e+03
-9.999000000000000000e+03
-9.999000000000000000e+03
-9.999000000000000000e+03
-9.999000000000000000e+03
-9.999000000000000000e+03
-9.999000000000000000e+03
-9.999000000000000000e+03
-9.999000000000000000e+03
-9.999000000000000000e+03
-9.999000000000000000e+03
-9.999000000000000000e+03
-9.999000000000000000e+03
-9.999000000000000000e+03
-9.999000000000000000e+03
-9.999000000000000000e+03
-4.729215800762176514e-02
-8.804185688495635986e-02
-8.430288732051849365e-02
-6.474255025386810303e-02
-8.585556596517562866e-02
-1.130100265145301819e-01
-4.818430915474891663e-02
3.458758816123008728e-02
7.496546208858489990e-02
-9.999000000000000000e+03
-9.999000000000000000e+03
-9.999000000000000000e+03
-9.999000000000000000e+03
-9.999000000000000000e+03
-9.999000000000000000e+03
-9.999000000000000000e+03
-9.999000000000000000e+03
-9.999000000000000000e+03
-9.999000000000000000e+03
-9.999000000000000000e+03
-9.999000000000000000e+03
-9.999000000000000000e+03
-9.999000000000000000e+03
-9.999000000000000000e+03
-9.999000000000000000e+03
-9.999000000000000000e+03
-9.999000000000000000e+03
-9.999000000000000000e+03
-9.999000000000000000e+03
-9.999000000000000000e+03
-9.999000000000000000e+03
3.630610927939414978e-02
-3.953907638788223267e-02
-7.976587861776351929e-02
-1.068183183670043945e-01
-1.242667809128761292e-01
-1.504979580640792847e-01
-9.199290722608566284e-02
-1.955669838935136795e-03
8.635433763265609741e-02
7.819043844938278198e-02
3.917560726404190063e-02
1.164941396564245224e-02
2.023751288652420044e-02
-9.999000000000000000e+03
-9.999000000000000000e+03
-9.999000000000000000e+03
-9.999000000000000000e+03
-9.999000000000000000e+03
-9.999000000000000000e+03
-9.999000000000000000e+03
-9.999000000000000000e+03
-9.999000000000000000e+03
-9.999000000000000000e+03
-9.999000000000000000e+03
-9.999000000000000000e+03
-9.999000000000000000e+03
-9.999000000000000000e+03
-9.999000000000000000e+03
-9.999000000000000000e+03
-9.999000000000000000e+03
4.430112242698669434e-02
4.073286056518554688e-02
1.345050334930419922e-02
-3.061248920857906342e-02
-7.576716691255569458e-02
-1.187821850180625916e-01
-1.169672831892967224e-01
-7.508155703544616699e-02
-8.041806519031524658e-03
7.092349976301193237e-02
5.000573396682739258e-02
-5.443405825644731522e-03
9.950013831257820129e-03
1.498841028660535812e-02
-9.999000000000000000e+03
-9.999000000000000000e+03
-9.999000000000000000e+03
-9.999000000000000000e+03
-9.999000000000000000e+03
-9.999000000000000000e+03
-9.999000000000000000e+03
-9.999000000000000000e+03
-9.999000000000000000e+03
-9.999000000000000000e+03
-9.999000000000000000e+03
-9.999000000000000000e+03
-9.999000000000000000e+03
-9.999000000000000000e+03
-9.999000000000000000e+03
3.921525925397872925e-02
4.800597950816154480e-02
3.245715796947479248e-02
3.249208256602287292e-02
2.280008979141712189e-02
-4.877320025116205215e-03
-4.292345046997070312e-02
-8.825525641441345215e-02
-1.109785363078117371e-01
-7.114486396312713623e-02
6.361863110214471817e-03
2.487277984619140625e-02
5.416328459978103638e-02
4.130152240395545959e-02
-9.999000000000000000e+03
-9.999000000000000000e+03
-9.999000000000000000e+03
-9.999000000000000000e+03
-9.999000000000000000e+03
-9.999000000000000000e+03
-9.999000000000000000e+03
-9.999000000000000000e+03
-9.999000000000000000e+03
-9.999000000000000000e+03
-9.999000000000000000e+03
-9.999000000000000000e+03
-9.999000000000000000e+03
-9.999000000000000000e+03
-9.999000000000000000e+03
-9.999000000000000000e+03
1.637921854853630066e-02
2.427803352475166321e-02
6.592532247304916382e-02
6.932107359170913696e-02
5.172333866357803345e-02
2.331584133207798004e-02
-2.669673413038253784e-02
-4.658135026693344116e-02
-6.041144207119941711e-02
-7.699009776115417480e-02
-7.922027260065078735e-02
-3.449156507849693298e-02
-2.102609537541866302e-02
6.711897999048233032e-02
-9.999000000000000000e+03
-9.999000000000000000e+03
-9.999000000000000000e+03
-9.999000000000000000e+03
-9.999000000000000000e+03
-9.999000000000000000e+03
-9.999000000000000000e+03
-9.999000000000000000e+03
-9.999000000000000000e+03
-9.999000000000000000e+03
-9.999000000000000000e+03
-9.999000000000000000e+03
-9.999000000000000000e+03
-9.999000000000000000e+03
-9.999000000000000000e+03
-9.999000000000000000e+03
-9.999000000000000000e+03
-1.886096899397671223e-03
1.433980651199817657e-02
8.657913655042648315e-02
8.203475177288055420e-02
3.362941369414329529e-02
-1.482420787215232849e-02
-5.777257680892944336e-02
-6.379869580268859863e-02
-4.453495889902114868e-02
-4.739219695329666138e-02
-5.279517546296119690e-02
-3.585247695446014404e-02
-1.545495446771383286e-02
3.029317781329154968e-02
-9.999000000000000000e+03
-9.999000000000000000e+03
-9.999000000000000000e+03
-9.999000000000000000e+03
-9.999000000000000000e+03
-9.999000000000000000e+03
-9.999000000000000000e+03
-9.999000000000000000e+03
-9.999000000000000000e+03
-9.999000000000000000e+03
-9.999000000000000000e+03
-9.999000000000000000e+03
-9.999000000000000000e+03
-9.999000000000000000e+03
-9.999000000000000000e+03
-9.999000000000000000e+03
-9.999000000000000000e+03
2.243698574602603912e-02
6.696474552154541016e-02
8.820195496082305908e-02
6.807765364646911621e-02
4.359587095677852631e-03
-7.093454152345657349e-02
-9.066008776426315308e-02
-8.174130320549011230e-02
-4.607778042554855347e-02
-2.660007774829864502e-02
-2.795968018472194672e-02
-1.074322033673524857e-02
-3.790554031729698181e-02
-9.999000000000000000e+03
-9.999000000000000000e+03
-9.999000000000000000e+03
-9.999000000000000000e+03
-9.999000000000000000e+03
-9.999000000000000000e+03
-9.999000000000000000e+03
-9.999000000000000000e+03
-9.999000000000000000e+03
-9.999000000000000000e+03
-9.999000000000000000e+03
-9.999000000000000000e+03
-9.999000000000000000e+03
-9.999000000000000000e+03
-9.999000000000000000e+03
-9.999000000000000000e+03
-9.999000000000000000e+03
-9.999000000000000000e+03
5.142207071185112000e-02
8.799891918897628784e-02
7.151344418525695801e-02
2.964375354349613190e-02
-4.657936841249465942e-02
-1.012912392616271973e-01
-1.078845560550689697e-01
-9.023854136466979980e-02
-3.596166148781776428e-02
2.711317734792828560e-03
2.027576090767979622e-03
-1.139128301292657852e-02
-9.999000000000000000e+03
-9.999000000000000000e+03
-9.999000000000000000e+03
-9.999000000000000000e+03
-9.999000000000000000e+03
-9.999000000000000000e+03
-9.999000000000000000e+03
-9.999000000000000000e+03
-9.999000000000000000e+03
-9.999000000000000000e+03
-9.999000000000000000e+03
-9.999000000000000000e+03
-9.999000000000000000e+03
-9.999000000000000000e+03
-9.999000000000000000e+03
-9.999000000000000000e+03
-9.999000000000000000e+03
-9.999000000000000000e+03
-9.999000000000000000e+03
5.041753128170967102e-02
6.151873618364334106e-02
4.477861151099205017e-02
1.369770243763923645e-02
-9.634581953287124634e-02
-1.039901226758956909e-01
-8.558613061904907227e-02
-4.910736531019210815e-02
-2.319420501589775085e-02
-5.521762650460004807e-03
-9.999000000000000000e+03
-9.999000000000000000e+03
-9.999000000000000000e+03
-9.999000000000000000e+03
-9.999000000000000000e+03
-9.999000000000000000e+03
-9.999000000000000000e+03
-9.999000000000000000e+03
-9.999000000000000000e+03
-9.999000000000000000e+03
-9.999000000000000000e+03
-9.999000000000000000e+03
-9.999000000000000000e+03
-9.999000000000000000e+03
-9.999000000000000000e+03
-9.999000000000000000e+03
-9.999000000000000000e+03
-9.999000000000000000e+03
-9.999000000000000000e+03
-9.999000000000000000e+03
-9.999000000000000000e+03
3.545404225587844849e-02
2.649067342281341553e-02
1.498463191092014313e-02
-4.151673987507820129e-02
-7.616333663463592529e-02
-7.553165405988693237e-02
-9.999000000000000000e+03
-9.999000000000000000e+03
-9.999000000000000000e+03
-9.999000000000000000e+03
-9.999000000000000000e+03
-9.999000000000000000e+03
-9.999000000000000000e+03
-9.999000000000000000e+03
-9.999000000000000000e+03
-9.999000000000000000e+03
-9.999000000000000000e+03
-9.999000000000000000e+03
-9.999000000000000000e+03
-9.999000000000000000e+03
-9.999000000000000000e+03
-9.999000000000000000e+03
-9.999000000000000000e+03
-9.999000000000000000e+03
-9.999000000000000000e+03
-9.999000000000000000e+03
-9.999000000000000000e+03
-9.999000000000000000e+03
-9.999000000000000000e+03
-9.999000000000000000e+03
-9.999000000000000000e+03
6.298388354480266571e-03
1.026198174804449081e-02
1.028673350811004639e-02
-9.999000000000000000e+03
-9.999000000000000000e+03
-9.999000000000000000e+03
-9.999000000000000000e+03
-9.999000000000000000e+03
-9.999000000000000000e+03
-9.999000000000000000e+03
-9.999000000000000000e+03
-9.999000000000000000e+03
-9.999000000000000000e+03
-9.999000000000000000e+03
-9.999000000000000000e+03
-9.999000000000000000e+03
-9.999000000000000000e+03
-9.999000000000000000e+03
-9.999000000000000000e+03
-9.999000000000000000e+03
-9.999000000000000000e+03
-9.999000000000000000e+03
-9.999000000000000000e+03
-9.999000000000000000e+03
-9.999000000000000000e+03
-9.999000000000000000e+03
-9.999000000000000000e+03
-9.999000000000000000e+03
-9.999000000000000000e+03
-9.999000000000000000e+03
-9.999000000000000000e+03
