-1.442816257476806641e-01
-1.029071360826492310e-01
-4.877134039998054504e-02
-3.520887577906250954e-03
3.792886435985565186e-02
8.078014850616455078e-02
1.365333646535873413e-01
1.915406286716461182e-01
2.478598803281784058e-01
2.775761485099792480e-01
2.641217410564422607e-01
-9.999000000000000000e+03
-9.999000000000000000e+03
-9.999000000000000000e+03
-9.999000000000000000e+03
-9.999000000000000000e+03
-9.999000000000000000e+03
-9.999000000000000000e+03
-9.999000000000000000e+03
-9.999000000000000000e+03
-9.999000000000000000e+03
-9.999000000000000000e+03
-9.999000000000000000e+03
5.398489907383918762e-02
7.425497472286224365e-02
8.868344128131866455e-02
9.335850924253463745e-02
7.574446499347686768e-02
7.856244593858718872e-02
7.386811822652816772e-02
8.306357264518737793e-02
-1.320068836212158203e-01
-9.935735911130905151e-02
-5.671123042702674866e-02
-1.475614029914140701e-02
3.766917809844017029e-02
9.848573058843612671e-02
1.652773469686508179e-01
2.181083410978317261e-01
2.571704983711242676e-01
2.811845242977142334e-01
2.734670937061309814e-01
1.528638005256652832e-01
-9.999000000000000000e+03
-9.999000000000000000e+03
-9.999000000000000000e+03
-9.999000000000000000e+03
-9.999000000000000000e+03
-9.999000000000000000e+03
-9.999000000000000000e+03
-9.999000000000000000e+03
-9.999000000000000000e+03
5.904078017920255661e-03
3.059088625013828278e-02
5.601427331566810608e-02
4.488230869174003601e-02
6.442948430776596069e-02
5.699483677744865417e-02
5.545656383037567139e-02
5.218408256769180298e-02
5.878414586186408997e-02
6.717962026596069336e-02
-1.291104555130004883e-01
-9.394758194684982300e-02
-5.886577814817428589e-02
-1.218555844388902187e-03
5.738474056124687195e-02
1.176268011331558228e-01
1.730501055717468262e-01
2.251912504434585571e-01
2.580810785293579102e-01
2.707794010639190674e-01
2.468530684709548950e-01
1.598825603723526001e-01
-9.999000000000000000e+03
-9.999000000000000000e+03
-9.999000000000000000e+03
-9.999000000000000000e+03
-9.999000000000000000e+03
-9.999000000000000000e+03
-9.999000000000000000e+03
-1.445871870964765549e-02
-7.371338550001382828e-03
9.113104082643985748e-03
1.714975759387016296e-02
2.586421743035316467e-02
3.919206187129020691e-02
4.133613780140876770e-02
3.833620995283126831e-02
3.026926890015602112e-02
2.983392775058746338e-02
3.482179716229438782e-02
4.389143362641334534e-02
-1.081416159868240356e-01
-8.517071604728698730e-02
-5.659118667244911194e-02
2.287233248353004456e-03
7.726258039474487305e-02
1.412122696638107300e-01
1.809785664081573486e-01
2.180748730897903442e-01
2.350439727306365967e-01
2.472233623266220093e-01
2.380739897489547729e-01
1.607474386692047119e-01
7.669556140899658203e-02
-9.999000000000000000e+03
-9.999000000000000000e+03
-9.999000000000000000e+03
-2.966685034334659576e-02
-3.425798937678337097e-02
-3.205640614032745361e-02
-9.991809725761413574e-03
3.800199599936604500e-03
1.290927547961473465e-02
2.195075713098049164e-02
2.589208632707595825e-02
3.398632258176803589e-02
1.744660735130310059e-02
1.600391231477260590e-02
-2.671272261068224907e-03
-1.058316789567470551e-02
2.212689490988850594e-03
1.541315671056509018e-02
-7.468631863594055176e-02
-5.056562274694442749e-02
-1.311313919723033905e-02
2.985843271017074585e-02
7.893744856119155884e-02
1.228549629449844360e-01
1.571902781724929810e-01
1.928585916757583618e-01
1.967270672321319580e-01
1.901071518659591675e-01
1.698758453130722046e-01
1.166524663567543030e-01
5.829919874668121338e-02
8.472257293760776520e-03
-3.675659373402595520e-02
-5.097347125411033630e-02
-4.832357168197631836e-02
-3.082890994846820831e-02
-1.309356000274419785e-02
1.684146374464035034e-02
3.091769665479660034e-02
3.037097491323947906e-02
4.375261440873146057e-02
2.719226479530334473e-02
1.024780422449111938e-02
-2.054444141685962677e-02
-3.101965412497520447e-02
-5.304813757538795471e-02
-5.854820087552070618e-02
-3.245472535490989685e-02
-6.896813400089740753e-03
-3.592906519770622253e-02
-2.191550284624099731e-02
3.074073698371648788e-03
4.179512709379196167e-02
8.012230694293975830e-02
1.094768643379211426e-01
1.261674016714096069e-01
1.465936750173568726e-01
1.478188782930374146e-01
1.446796804666519165e-01
1.127562299370765686e-01
7.784018665552139282e-02
4.063908383250236511e-02
-2.856790088117122650e-03
-2.774565480649471283e-02
-4.086578264832496643e-02
-2.659097313880920410e-02
1.478227786719799042e-02
4.797336086630821228e-02
8.008755743503570557e-02
7.789012044668197632e-02
6.439254432916641235e-02
4.340821877121925354e-02
1.125413365662097931e-02
-2.715474553406238556e-02
-7.268302142620086670e-02
-8.823362737894058228e-02
-1.045409366488456726e-01
-9.730825573205947876e-02
-6.530900299549102783e-02
-2.815692499279975891e-02
-2.522202907130122185e-03
1.477709878236055374e-02
3.059736452996730804e-02
5.052352696657180786e-02
6.962278485298156738e-02
9.104403853416442871e-02
1.034291610121726990e-01
1.155954226851463318e-01
1.105612069368362427e-01
9.807545691728591919e-02
8.193334937095642090e-02
6.136720627546310425e-02
4.042023792862892151e-02
7.442045025527477264e-03
6.681571714580059052e-03
1.275406312197446823e-02
4.327143728733062744e-02
7.750901579856872559e-02
9.166966378688812256e-02
1.096723452210426331e-01
8.759810030460357666e-02
5.588362365961074829e-02
1.939765177667140961e-02
-1.479396875947713852e-02
-5.868835747241973877e-02
-9.891220927238464355e-02
-1.268501728773117065e-01
-1.444081366062164307e-01
-1.304151266813278198e-01
-8.111013472080230713e-02
-5.313365161418914795e-02
-2.635820070281624794e-03
2.534493803977966309e-02
4.598252475261688232e-02
5.364592000842094421e-02
6.474936753511428833e-02
8.063474297523498535e-02
9.066449850797653198e-02
9.631191194057464600e-02
9.558113664388656616e-02
7.222963869571685791e-02
5.868332087993621826e-02
3.453582152724266052e-02
3.716527298092842102e-02
4.083200916647911072e-02
5.888837575912475586e-02
6.906864047050476074e-02
1.053506880998611450e-01
1.178067252039909363e-01
1.115780845284461975e-01
1.006540730595588684e-01
8.503590524196624756e-02
6.621870398521423340e-02
4.081933945417404175e-02
-1.433081738650798798e-02
-8.510935306549072266e-02
-1.454741954803466797e-01
-1.796325594186782837e-01
-1.989021897315979004e-01
-1.824679076671600342e-01
-1.199307888746261597e-01
-8.814358711242675781e-02
7.060725241899490356e-03
2.389893680810928345e-02
4.043154418468475342e-02
4.892849177122116089e-02
5.942525342106819153e-02
8.099920302629470825e-02
9.091414511203765869e-02
7.051450014114379883e-02
4.970550909638404846e-02
2.995843812823295593e-02
3.159120306372642517e-02
3.902296349406242371e-02
6.642211228609085083e-02
9.397473186254501343e-02
1.169900372624397278e-01
1.179818809032440186e-01
1.237816065549850464e-01
1.142714396119117737e-01
1.012650802731513977e-01
9.126454591751098633e-02
7.622647285461425781e-02
6.363523006439208984e-02
3.657130151987075806e-02
2.359953476116061211e-03
-3.664299100637435913e-02
-1.307288110256195068e-01
-1.919985562562942505e-01
-2.418648004531860352e-01
-2.224680185317993164e-01
-1.656421124935150146e-01
-1.132828667759895325e-01
1.949532655999064445e-03
9.663299657404422760e-03
2.936305291950702667e-02
3.891006857156753540e-02
5.422212556004524231e-02
6.645080447196960449e-02
6.249098852276802063e-02
4.429409652948379517e-02
7.582117337733507156e-03
1.297889160923659801e-03
3.630785271525382996e-02
8.146449923515319824e-02
1.094784215092658997e-01
1.247114390134811401e-01
1.304720044136047363e-01
1.252948343753814697e-01
1.130034998059272766e-01
7.443611323833465576e-02
6.073657050728797913e-02
3.725160658359527588e-02
5.256061628460884094e-02
-9.999000000000000000e+03
-9.999000000000000000e+03
-9.999000000000000000e+03
-9.999000000000000000e+03
-9.999000000000000000e+03
-9.999000000000000000e+03
-1.844911426305770874e-01
-2.293720543384552002e-01
-1.853396296501159668e-01
-1.163542866706848145e-01
-1.028625108301639557e-02
-6.348378490656614304e-03
2.980815013870596886e-03
1.173921208828687668e-02
3.334046527743339539e-02
2.802641130983829498e-02
3.649573400616645813e-02
2.053977921605110168e-02
5.925105419009923935e-03
2.577509358525276184e-02
6.273341178894042969e-02
1.251160204410552979e-01
1.278303563594818115e-01
1.314582079648971558e-01
1.143200621008872986e-01
1.020760089159011841e-01
1.113746985793113708e-01
-9.999000000000000000e+03
-9.999000000000000000e+03
-9.999000000000000000e+03
-9.999000000000000000e+03
-9.999000000000000000e+03
-9.999000000000000000e+03
-9.999000000000000000e+03
-9.999000000000000000e+03
-9.999000000000000000e+03
-9.999000000000000000e+03
-1.423211246728897095e-01
-1.938059329986572266e-01
-1.918440163135528564e-01
-1.358073651790618896e-01
-9.184210561215877533e-03
-8.007824420928955078e-03
5.834487266838550568e-03
3.002633713185787201e-02
3.234823793172836304e-02
2.907646261155605316e-02
3.676321357488632202e-02
2.183483541011810303e-02
2.802694775164127350e-02
9.382186830043792725e-02
1.154206320643424988e-01
1.306362748146057129e-01
1.344995498657226562e-01
1.285026818513870239e-01
5.738085508346557617e-02
5.864043161273002625e-02
-9.999000000000000000e+03
-9.999000000000000000e+03
-9.999000000000000000e+03
-9.999000000000000000e+03
-9.999000000000000000e+03
-9.999000000000000000e+03
-9.999000000000000000e+03
-9.999000000000000000e+03
-9.999000000000000000e+03
-9.999000000000000000e+03
-9.999000000000000000e+03
-9.999000000000000000e+03
-1.173738539218902588e-01
-1.519681811332702637e-01
-9.778370708227157593e-02
-4.048343002796173096e-02
-3.521649539470672607e-02
-1.609788392670452595e-03
3.721507266163825989e-02
4.560797289013862610e-02
5.121387541294097900e-02
2.965429425239562988e-02
3.702368587255477905e-02
7.339289039373397827e-02
1.252945214509963989e-01
1.349652409553527832e-01
1.359838843345642090e-01
1.128618195652961731e-01
1.245799884200096130e-01
-9.999000000000000000e+03
-9.999000000000000000e+03
-9.999000000000000000e+03
-9.999000000000000000e+03
-9.999000000000000000e+03
-9.999000000000000000e+03
-9.999000000000000000e+03
-9.999000000000000000e+03
-9.999000000000000000e+03
-9.999000000000000000e+03
-9.999000000000000000e+03
-9.999000000000000000e+03
-9.999000000000000000e+03
-9.999000000000000000e+03
-9.999000000000000000e+03
-9.894191473722457886e-02
-7.160264998674392700e-02
-9.999000000000000000e+03
-5.020554736256599426e-02
-2.833614684641361237e-02
5.682745017111301422e-03
3.837152943015098572e-02
5.041247978806495667e-02
2.762507274746894836e-02
7.299686968326568604e-02
1.271596103906631470e-01
1.303160935640335083e-01
1.316421031951904297e-01
1.261250376701354980e-01
8.847586810588836670e-02
-9.999000000000000000e+03
-9.999000000000000000e+03
-9.999000000000000000e+03
-9.999000000000000000e+03
-9.999000000000000000e+03
-9.999000000000000000e+03
-9.999000000000000000e+03
-9.999000000000000000e+03
-9.999000000000000000e+03
-9.999000000000000000e+03
-9.999000000000000000e+03
-9.999000000000000000e+03
-9.999000000000000000e+03
-9.999000000000000000e+03
-9.999000000000000000e+03
-9.999000000000000000e+03
-2.071492373943328857e-02
1.819265889935195446e-03
-9.999000000000000000e+03
-9.999000000000000000e+03
-5.185398831963539124e-02
-2.560641057789325714e-02
9.992845356464385986e-03
3.281821683049201965e-02
6.682253628969192505e-02
1.014947295188903809e-01
1.269835978746414185e-01
1.176015958189964294e-01
1.025835946202278137e-01
5.066769942641258240e-02
-9.999000000000000000e+03
-9.999000000000000000e+03
-9.999000000000000000e+03
-9.999000000000000000e+03
-9.999000000000000000e+03
-9.999000000000000000e+03
-9.999000000000000000e+03
-9.999000000000000000e+03
-9.999000000000000000e+03
-9.999000000000000000e+03
-9.999000000000000000e+03
-9.999000000000000000e+03
-9.999000000000000000e+03
-9.999000000000000000e+03
-9.999000000000000000e+03
-9.999000000000000000e+03
-9.999000000000000000e+03
1.600689813494682312e-02
6.150775402784347534e-02
-9.999000000000000000e+03
-9.999000000000000000e+03
-3.464682400226593018e-02
-2.855104766786098480e-02
-4.695594310760498047e-03
3.454481437802314758e-02
1.027546152472496033e-01
1.188801899552345276e-01
1.225646138191223145e-01
1.039110645651817322e-01
8.227355778217315674e-02
6.683158874511718750e-02
-9.999000000000000000e+03
-9.999000000000000000e+03
-9.999000000000000000e+03
-9.999000000000000000e+03
-9.999000000000000000e+03
-9.999000000000000000e+03
-9.999000000000000000e+03
-9.999000000000000000e+03
-9.999000000000000000e+03
-9.999000000000000000e+03
-9.999000000000000000e+03
-9.999000000000000000e+03
-9.999000000000000000e+03
-9.999000000000000000e+03
-9.999000000000000000e+03
-9.999000000000000000e+03
-9.999000000000000000e+03
-9.999000000000000000e+03
-9.999000000000000000e+03
-9.999000000000000000e+03
-9.999000000000000000e+03
-1.843332126736640930e-02
-2.236102893948554993e-02
-7.416563108563423157e-03
4.316614940762519836e-02
8.247657865285873413e-02
1.062078252434730530e-01
1.180597767233848572e-01
1.002611815929412842e-01
6.553651392459869385e-02
4.690928757190704346e-02
-9.999000000000000000e+03
-9.999000000000000000e+03
-9.999000000000000000e+03
-9.999000000000000000e+03
-9.999000000000000000e+03
-9.999000000000000000e+03
-9.999000000000000000e+03
-9.999000000000000000e+03
-9.999000000000000000e+03
-9.999000000000000000e+03
-9.999000000000000000e+03
-9.999000000000000000e+03
-9.999000000000000000e+03
-9.999000000000000000e+03
-9.999000000000000000e+03
-9.999000000000000000e+03
-9.999000000000000000e+03
-9.999000000000000000e+03
-9.999000000000000000e+03
-9.999000000000000000e+03
-9.999000000000000000e+03
-9.999000000000000000e+03
-2.029697224497795105e-02
-1.477728597819805145e-02
3.630425035953521729e-02
3.793150559067726135e-02
5.999648571014404297e-02
1.078611388802528381e-01
1.339431554079055786e-01
7.945288717746734619e-02
-9.999000000000000000e+03
-9.999000000000000000e+03
-9.999000000000000000e+03
-9.999000000000000000e+03
-9.999000000000000000e+03
-9.999000000000000000e+03
-9.999000000000000000e+03
-9.999000000000000000e+03
-9.999000000000000000e+03
-9.999000000000000000e+03
-9.999000000000000000e+03
-9.999000000000000000e+03
-9.999000000000000000e+03
-9.999000000000000000e+03
-9.999000000000000000e+03
-9.999000000000000000e+03
-9.999000000000000000e+03
-9.999000000000000000e+03
-9.999000000000000000e+03
-9.999000000000000000e+03
-9.999000000000000000e+03
-9.999000000000000000e+03
-9.999000000000000000e+03
-1.303518004715442657e-02
4.714418668299913406e-03
1.087706442922353745e-02
-8.702818304300308228e-03
3.709003329277038574e-02
1.195095181465148926e-01
1.471834182739257812e-01
8.364319801330566406e-02
3.833029046654701233e-02
-9.999000000000000000e+03
-9.999000000000000000e+03
-9.999000000000000000e+03
-9.999000000000000000e+03
-9.999000000000000000e+03
-9.999000000000000000e+03
-9.999000000000000000e+03
-9.999000000000000000e+03
-9.999000000000000000e+03
-9.999000000000000000e+03
-9.999000000000000000e+03
-9.999000000000000000e+03
-9.999000000000000000e+03
-9.999000000000000000e+03
-9.999000000000000000e+03
-9.999000000000000000e+03
-9.999000000000000000e+03
-9.999000000000000000e+03
-9.999000000000000000e+03
-9.999000000000000000e+03
-9.999000000000000000e+03
-9.999000000000000000e+03
-9.999000000000000000e+03
4.425184335559606552e-03
6.573481950908899307e-03
-4.329864867031574249e-03
3.878779709339141846e-02
6.017922982573509216e-02
3.220907645300030708e-03
2.305077947676181793e-02
7.610744237899780273e-02
-9.999000000000000000e+03
-9.999000000000000000e+03
-9.999000000000000000e+03
-9.999000000000000000e+03
-9.999000000000000000e+03
-9.999000000000000000e+03
-9.999000000000000000e+03
-9.999000000000000000e+03
-9.999000000000000000e+03
-9.999000000000000000e+03
-9.999000000000000000e+03
-9.999000000000000000e+03
-9.999000000000000000e+03
-9.999000000000000000e+03
-9.999000000000000000e+03
-9.999000000000000000e+03
-9.999000000000000000e+03
-9.999000000000000000e+03
-9.999000000000000000e+03
-9.999000000000000000e+03
-9.999000000000000000e+03
-9.999000000000000000e+03
-9.999000000000000000e+03
3.391822334378957748e-03
-9.464688599109649658e-03
-2.938214130699634552e-02
-2.546399831771850586e-02
-9.537514299154281616e-02
-1.588049381971359253e-01
-1.043649762868881226e-01
-1.372800092212855816e-03
5.620341002941131592e-02
-9.999000000000000000e+03
-9.999000000000000000e+03
-9.999000000000000000e+03
-9.999000000000000000e+03
-9.999000000000000000e+03
-9.999000000000000000e+03
-9.999000000000000000e+03
-9.999000000000000000e+03
-9.999000000000000000e+03
-9.999000000000000000e+03
-9.999000000000000000e+03
-9.999000000000000000e+03
-9.999000000000000000e+03
-9.999000000000000000e+03
-9.999000000000000000e+03
-9.999000000000000000e+03
-9.999000000000000000e+03
-9.999000000000000000e+03
-9.999000000000000000e+03
-9.999000000000000000e+03
-9.999000000000000000e+03
-9.999000000000000000e+03
4.218509048223495483e-02
1.421675086021423340e-02
-4.311789292842149734e-03
-4.404913261532783508e-02
-1.001124978065490723e-01
-1.591465473175048828e-01
-1.207280233502388000e-01
-9.439678862690925598e-03
9.592709690332412720e-02
2.026423998177051544e-02
-4.009111598134040833e-02
-7.355015259236097336e-03
1.345906779170036316e-02
-9.999000000000000000e+03
-9.999000000000000000e+03
-9.999000000000000000e+03
-9.999000000000000000e+03
-9.999000000000000000e+03
-9.999000000000000000e+03
-9.999000000000000000e+03
-9.999000000000000000e+03
-9.999000000000000000e+03
-9.999000000000000000e+03
-9.999000000000000000e+03
-9.999000000000000000e+03
-9.999000000000000000e+03
-9.999000000000000000e+03
-9.999000000000000000e+03
-9.999000000000000000e+03
-9.999000000000000000e+03
5.823952332139015198e-02
6.674299389123916626e-02
6.080883368849754333e-02
2.332373894751071930e-02
-3.147373348474502563e-02
-8.296483755111694336e-02
-9.534419327974319458e-02
-8.256828039884567261e-02
-3.591478615999221802e-02
3.606564551591873169e-02
1.287641189992427826e-02
2.613164670765399933e-02
1.011397037655115128e-02
1.965916901826858521e-02
-9.999000000000000000e+03
-9.999000000000000000e+03
-9.999000000000000000e+03
-9.999000000000000000e+03
-9.999000000000000000e+03
-9.999000000000000000e+03
-9.999000000000000000e+03
-9.999000000000000000e+03
-9.999000000000000000e+03
-9.999000000000000000e+03
-9.999000000000000000e+03
-9.999000000000000000e+03
-9.999000000000000000e+03
-9.999000000000000000e+03
-9.999000000000000000e+03
8.747889846563339233e-02
7.265313714742660522e-02
6.402548402547836304e-02
8.137071877717971802e-02
6.254811584949493408e-02
2.426557056605815887e-02
-1.026549190282821655e-02
-4.204365238547325134e-02
-6.123184785246849060e-02
-6.332329660654067993e-02
-4.607710242271423340e-02
3.944380208849906921e-03
6.296656280755996704e-02
8.864551782608032227e-02
-9.999000000000000000e+03
-9.999000000000000000e+03
-9.999000000000000000e+03
-9.999000000000000000e+03
-9.999000000000000000e+03
-9.999000000000000000e+03
-9.999000000000000000e+03
-9.999000000000000000e+03
-9.999000000000000000e+03
-9.999000000000000000e+03
-9.999000000000000000e+03
-9.999000000000000000e+03
-9.999000000000000000e+03
-9.999000000000000000e+03
-9.999000000000000000e+03
-9.999000000000000000e+03
7.112426310777664185e-02
1.002238541841506958e-01
1.134562566876411438e-01
8.817519992589950562e-02
7.083871960639953613e-02
4.835284128785133362e-02
1.648355089128017426e-02
6.183272693306207657e-03
-4.723567049950361252e-03
-2.400747872889041901e-02
-5.282830819487571716e-02
-6.529577821493148804e-02
-1.961473189294338226e-02
9.528320282697677612e-02
-9.999000000000000000e+03
-9.999000000000000000e+03
-9.999000000000000000e+03
-9.999000000000000000e+03
-9.999000000000000000e+03
-9.999000000000000000e+03
-9.999000000000000000e+03
-9.999000000000000000e+03
-9.999000000000000000e+03
-9.999000000000000000e+03
-9.999000000000000000e+03
-9.999000000000000000e+03
-9.999000000000000000e+03
-9.999000000000000000e+03
-9.999000000000000000e+03
-9.999000000000000000e+03
-9.999000000000000000e+03
1.046899631619453430e-01
1.023860052227973938e-01
1.365111768245697021e-01
8.760826289653778076e-02
4.381945356726646423e-02
1.730490848422050476e-02
-3.301672171801328659e-03
-9.007625281810760498e-03
1.111895591020584106e-02
-9.757895022630691528e-03
-3.731286898255348206e-02
-5.143359676003456116e-02
-7.430133875459432602e-03
6.832039356231689453e-02
-9.999000000000000000e+03
-9.999000000000000000e+03
-9.999000000000000000e+03
-9.999000000000000000e+03
-9.999000000000000000e+03
-9.999000000000000000e+03
-9.999000000000000000e+03
-9.999000000000000000e+03
-9.999000000000000000e+03
-9.999000000000000000e+03
-9.999000000000000000e+03
-9.999000000000000000e+03
-9.999000000000000000e+03
-9.999000000000000000e+03
-9.999000000000000000e+03
-9.999000000000000000e+03
-9.999000000000000000e+03
1.161506697535514832e-01
1.425039172172546387e-01
1.343270838260650635e-01
8.324199169874191284e-02
2.727143093943595886e-02
-2.323255687952041626e-02
-5.342898890376091003e-02
-2.746723778545856476e-02
-9.128567762672901154e-03
-2.037302404642105103e-02
-4.359795525670051575e-02
-5.029428750276565552e-02
-4.164976126048713923e-04
-9.999000000000000000e+03
-9.999000000000000000e+03
-9.999000000000000000e+03
-9.999000000000000000e+03
-9.999000000000000000e+03
-9.999000000000000000e+03
-9.999000000000000000e+03
-9.999000000000000000e+03
-9.999000000000000000e+03
-9.999000000000000000e+03
-9.999000000000000000e+03
-9.999000000000000000e+03
-9.999000000000000000e+03
-9.999000000000000000e+03
-9.999000000000000000e+03
-9.999000000000000000e+03
-9.999000000000000000e+03
-9.999000000000000000e+03
1.230302527546882629e-01
1.379046589136123657e-01
1.034437417984008789e-01
5.462631955742835999e-02
-8.596643805503845215e-03
-5.528993904590606689e-02
-7.359881699085235596e-02
-3.782643377780914307e-02
-1.797600649297237396e-02
-1.441855449229478836e-02
-3.095109201967716217e-02
-3.936130926012992859e-02
-9.999000000000000000e+03
-9.999000000000000000e+03
-9.999000000000000000e+03
-9.999000000000000000e+03
-9.999000000000000000e+03
-9.999000000000000000e+03
-9.999000000000000000e+03
-9.999000000000000000e+03
-9.999000000000000000e+03
-9.999000000000000000e+03
-9.999000000000000000e+03
-9.999000000000000000e+03
-9.999000000000000000e+03
-9.999000000000000000e+03
-9.999000000000000000e+03
-9.999000000000000000e+03
-9.999000000000000000e+03
-9.999000000000000000e+03
-9.999000000000000000e+03
1.019661724567413330e-01
1.103143841028213501e-01
9.214886277914047241e-02
4.758279398083686829e-02
-5.370244756340980530e-02
-6.727024912834167480e-02
-4.421968013048171997e-02
-2.098577842116355896e-02
-1.578499563038349152e-02
-1.608350127935409546e-02
-9.999000000000000000e+03
-9.999000000000000000e+03
-9.999000000000000000e+03
-9.999000000000000000e+03
-9.999000000000000000e+03
-9.999000000000000000e+03
-9.999000000000000000e+03
-9.999000000000000000e+03
-9.999000000000000000e+03
-9.999000000000000000e+03
-9.999000000000000000e+03
-9.999000000000000000e+03
-9.999000000000000000e+03
-9.999000000000000000e+03
-9.999000000000000000e+03
-9.999000000000000000e+03
-9.999000000000000000e+03
-9.999000000000000000e+03
-9.999000000000000000e+03
-9.999000000000000000e+03
-9.999000000000000000e+03
8.910457044839859009e-02
8.463457226753234863e-02
5.518612638115882874e-02
-3.835294395685195923e-03
-4.753361642360687256e-02
-4.892779886722564697e-02
-9.999000000000000000e+03
-9.999000000000000000e+03
-9.999000000000000000e+03
-9.999000000000000000e+03
-9.999000000000000000e+03
-9.999000000000000000e+03
-9.999000000000000000e+03
-9.999000000000000000e+03
-9.999000000000000000e+03
-9.999000000000000000e+03
-9.999000000000000000e+03
-9.999000000000000000e+03
-9.999000000000000000e+03
-9.999000000000000000e+03
-9.999000000000000000e+03
-9.999000000000000000e+03
-9.999000000000000000e+03
-9.999000000000000000e+03
-9.999000000000000000e+03
-9.999000000000000000e+03
-9.999000000000000000e+03
-9.999000000000000000e+03
-9.999000000000000000e+03
-9.999000000000000000e+03
-9.999000000000000000e+03
4.230224713683128357e-02
4.025811329483985901e-02
3.493836522102355957e-02
-9.999000000000000000e+03
-9.999000000000000000e+03
-9.999000000000000000e+03
-9.999000000000000000e+03
-9.999000000000000000e+03
-9.999000000000000000e+03
-9.999000000000000000e+03
-9.999000000000000000e+03
-9.999000000000000000e+03
-9.999000000000000000e+03
-9.999000000000000000e+03
-9.999000000000000000e+03
-9.999000000000000000e+03
-9.999000000000000000e+03
-9.999000000000000000e+03
-9.999000000000000000e+03
-9.999000000000000000e+03
-9.999000000000000000e+03
-9.999000000000000000e+03
-9.999000000000000000e+03
-9.999000000000000000e+03
-9.999000000000000000e+03
-9.999000000000000000e+03
-9.999000000000000000e+03
-9.999000000000000000e+03
-9.999000000000000000e+03
-9.999000000000000000e+03
-9.999000000000000000e+03
