-1.447794139385223389e-01
-1.028304249048233032e-01
-5.261724814772605896e-02
2.132060937583446503e-02
8.727422356605529785e-02
1.409516036510467529e-01
1.822220236063003540e-01
2.067221105098724365e-01
2.307191044092178345e-01
2.412529438734054565e-01
2.196276187896728516e-01
-9.999000000000000000e+03
-9.999000000000000000e+03
-9.999000000000000000e+03
-9.999000000000000000e+03
-9.999000000000000000e+03
-9.999000000000000000e+03
-9.999000000000000000e+03
-9.999000000000000000e+03
-9.999000000000000000e+03
-9.999000000000000000e+03
-9.999000000000000000e+03
-9.999000000000000000e+03
-4.981675650924444199e-03
-4.047212749719619751e-02
-1.202028989791870117e-02
1.768172718584537506e-02
9.811122901737689972e-03
2.513946034014225006e-02
3.633175045251846313e-02
4.572997614741325378e-02
-1.300214529037475586e-01
-9.087769687175750732e-02
-4.024631902575492859e-02
2.305376902222633362e-02
9.585455060005187988e-02
1.571455448865890503e-01
1.975489407777786255e-01
2.227245867252349854e-01
2.367901951074600220e-01
2.414889037609100342e-01
2.252857089042663574e-01
1.169854104518890381e-01
-9.999000000000000000e+03
-9.999000000000000000e+03
-9.999000000000000000e+03
-9.999000000000000000e+03
-9.999000000000000000e+03
-9.999000000000000000e+03
-9.999000000000000000e+03
-9.999000000000000000e+03
-9.999000000000000000e+03
-7.683830335736274719e-03
-2.606773003935813904e-02
-3.586581721901893616e-02
-5.604317039251327515e-02
-3.801143914461135864e-02
-3.023300133645534515e-02
-3.628842160105705261e-02
-1.497457735240459442e-02
4.478478804230690002e-03
1.252074725925922394e-02
-1.363775581121444702e-01
-7.196850329637527466e-02
-1.112663652747869492e-02
5.160383880138397217e-02
1.102288812398910522e-01
1.596948504447937012e-01
1.977272480726242065e-01
2.266796678304672241e-01
2.312182486057281494e-01
2.244986891746520996e-01
1.876892745494842529e-01
1.112421154975891113e-01
-9.999000000000000000e+03
-9.999000000000000000e+03
-9.999000000000000000e+03
-9.999000000000000000e+03
-9.999000000000000000e+03
-9.999000000000000000e+03
-9.999000000000000000e+03
-1.868543773889541626e-02
-1.236480195075273514e-02
-1.236979290843009949e-02
-3.434329479932785034e-02
-4.583247378468513489e-02
-4.350470006465911865e-02
-3.106578439474105835e-02
-3.712578117847442627e-02
-4.167026281356811523e-02
-3.242182359099388123e-02
-2.002385631203651428e-02
-1.376023981720209122e-02
-1.159538179636001587e-01
-5.907054245471954346e-02
-1.172932330518960953e-02
4.781907424330711365e-02
1.187288761138916016e-01
1.687407940626144409e-01
1.937609463930130005e-01
2.125266194343566895e-01
2.188939154148101807e-01
2.176174819469451904e-01
1.949506700038909912e-01
1.185871735215187073e-01
5.670202895998954773e-02
-9.999000000000000000e+03
-9.999000000000000000e+03
-9.999000000000000000e+03
-1.169556844979524612e-02
-2.989871241152286530e-02
-3.246422111988067627e-02
-2.199875749647617340e-02
-9.869778528809547424e-03
-6.540166214108467102e-03
-1.742201391607522964e-03
-1.543333753943443298e-02
-1.971404999494552612e-02
-1.497978344559669495e-02
-3.599946945905685425e-02
-5.529836565256118774e-02
-6.496660411357879639e-02
-5.406653136014938354e-02
-4.604035615921020508e-02
-1.091684028506278992e-01
-3.940472379326820374e-02
1.779095269739627838e-02
6.588379293680191040e-02
1.184817999601364136e-01
1.591353416442871094e-01
1.835212409496307373e-01
2.027553617954254150e-01
2.228432446718215942e-01
2.115149497985839844e-01
1.709841787815093994e-01
1.071636006236076355e-01
5.027276650071144104e-02
2.057426609098911285e-02
-1.112001296132802963e-02
-3.234095871448516846e-02
-4.656342044472694397e-02
-4.257498309016227722e-02
-3.296934813261032104e-02
-1.521882135421037674e-02
4.714893177151679993e-03
2.750205434858798981e-02
4.390854015946388245e-02
2.507321164011955261e-02
1.461362233385443687e-03
-3.143123909831047058e-02
-5.890942737460136414e-02
-7.952976226806640625e-02
-9.953159093856811523e-02
-9.301482141017913818e-02
-8.440285176038742065e-02
-8.751610666513442993e-02
-4.153090715408325195e-02
1.770573109388351440e-02
7.282634824514389038e-02
1.297163963317871094e-01
1.657599061727523804e-01
1.816190928220748901e-01
2.006431519985198975e-01
2.111885547637939453e-01
1.952488720417022705e-01
1.368965804576873779e-01
5.630739033222198486e-02
1.918010227382183075e-02
-1.478943228721618652e-02
-3.571627661585807800e-02
-4.760558903217315674e-02
-4.506375268101692200e-02
-2.520889043807983398e-02
-1.332383509725332260e-02
1.189934089779853821e-02
3.342705965042114258e-02
4.926081746816635132e-02
5.218030139803886414e-02
3.123920224606990814e-02
-1.294373907148838043e-02
-5.856680497527122498e-02
-8.949346840381622314e-02
-1.162072122097015381e-01
-1.327264308929443359e-01
-1.300935745239257812e-01
-1.242734193801879883e-01
-4.506456106901168823e-02
-2.013084106147289276e-02
3.180073574185371399e-02
8.299329876899719238e-02
1.274522095918655396e-01
1.619351655244827271e-01
1.809536069631576538e-01
2.024044543504714966e-01
1.779515743255615234e-01
1.315494030714035034e-01
7.869843393564224243e-02
2.206244133412837982e-02
-5.670368671417236328e-03
-2.614500001072883606e-02
-1.065443642437458038e-02
-7.786179892718791962e-03
3.484396263957023621e-03
9.429857134819030762e-03
8.226469159126281738e-03
2.661801129579544067e-02
4.467886686325073242e-02
5.277357995510101318e-02
3.793417662382125854e-02
1.078035496175289154e-02
-3.337606042623519897e-02
-7.009448111057281494e-02
-1.020646765828132629e-01
-1.303930431604385376e-01
-1.557200998067855835e-01
-1.557139009237289429e-01
-1.451912373304367065e-01
-1.475040148943662643e-02
1.437564962543547153e-03
4.394518584012985229e-02
8.472761511802673340e-02
1.216784268617630005e-01
1.500250995159149170e-01
1.695962101221084595e-01
1.828049421310424805e-01
1.417775899171829224e-01
8.226844668388366699e-02
1.995345018804073334e-02
-1.494491938501596451e-02
-7.459098007529973984e-03
6.740790791809558868e-03
2.744407579302787781e-02
3.548338264226913452e-02
4.005401581525802612e-02
4.082196950912475586e-02
3.539846837520599365e-02
3.694617748260498047e-02
3.929976746439933777e-02
4.123032838106155396e-02
2.504632249474525452e-02
-7.545913103967905045e-03
-5.302824452519416809e-02
-8.268575370311737061e-02
-1.151869222521781921e-01
-1.446959823369979858e-01
-1.681399196386337280e-01
-1.724563091993331909e-01
-1.561340987682342529e-01
2.645440399646759033e-02
3.991362452507019043e-02
5.844398960471153259e-02
7.065067440271377563e-02
9.474121779203414917e-02
1.181673482060432434e-01
1.355743557214736938e-01
1.250263303518295288e-01
1.000394374132156372e-01
6.087888032197952271e-02
2.073813602328300476e-02
-2.961026038974523544e-03
2.328728884458541870e-02
4.361293092370033264e-02
6.464221328496932983e-02
6.640388816595077515e-02
6.797163933515548706e-02
5.930501967668533325e-02
4.125905036926269531e-02
2.844133414328098297e-02
2.023451030254364014e-02
1.374941971153020859e-02
5.294044967740774155e-03
-7.993316277861595154e-03
-2.717651240527629852e-02
-7.734459638595581055e-02
-1.207002699375152588e-01
-1.687193065881729126e-01
-1.822150200605392456e-01
-1.747100502252578735e-01
-1.481362730264663696e-01
-8.144161663949489594e-03
2.073893882334232330e-02
5.140870809555053711e-02
5.423573404550552368e-02
7.377690076828002930e-02
9.933638572692871094e-02
1.097119525074958801e-01
1.007668673992156982e-01
9.691639989614486694e-02
5.907912179827690125e-02
3.788506239652633667e-02
5.843664705753326416e-02
6.986644119024276733e-02
7.384259998798370361e-02
8.256875723600387573e-02
8.737618476152420044e-02
9.250669181346893311e-02
4.364909976720809937e-02
2.216127514839172363e-02
2.534319413825869560e-03
6.480415817350149155e-03
-9.999000000000000000e+03
-9.999000000000000000e+03
-9.999000000000000000e+03
-9.999000000000000000e+03
-9.999000000000000000e+03
-9.999000000000000000e+03
-1.309148669242858887e-01
-1.740015894174575806e-01
-1.750628352165222168e-01
-1.433685272932052612e-01
-2.419087849557399750e-02
-4.976743366569280624e-03
1.949986815452575684e-02
4.200619831681251526e-02
6.861468404531478882e-02
8.856844902038574219e-02
1.135996282100677490e-01
1.033310741186141968e-01
8.714382350444793701e-02
8.042448759078979492e-02
7.831060886383056641e-02
1.196700781583786011e-01
1.075192093849182129e-01
9.733770042657852173e-02
9.960354864597320557e-02
9.559794515371322632e-02
1.130272895097732544e-01
-9.999000000000000000e+03
-9.999000000000000000e+03
-9.999000000000000000e+03
-9.999000000000000000e+03
-9.999000000000000000e+03
-9.999000000000000000e+03
-9.999000000000000000e+03
-9.999000000000000000e+03
-9.999000000000000000e+03
-9.999000000000000000e+03
-1.020877212285995483e-01
-1.359686255455017090e-01
-1.483902484178543091e-01
-1.210669204592704773e-01
-1.226629037410020828e-02
-1.073431875556707382e-02
1.906675100326538086e-02
4.904893785715103149e-02
6.531357020139694214e-02
8.210492134094238281e-02
1.111067160964012146e-01
1.074607521295547485e-01
9.658786654472351074e-02
1.376054733991622925e-01
1.426136195659637451e-01
1.413576006889343262e-01
1.272361427545547485e-01
1.077338457107543945e-01
6.406352669000625610e-02
6.779449433088302612e-02
-9.999000000000000000e+03
-9.999000000000000000e+03
-9.999000000000000000e+03
-9.999000000000000000e+03
-9.999000000000000000e+03
-9.999000000000000000e+03
-9.999000000000000000e+03
-9.999000000000000000e+03
-9.999000000000000000e+03
-9.999000000000000000e+03
-9.999000000000000000e+03
-9.999000000000000000e+03
-7.166351377964019775e-02
-9.598234295845031738e-02
-6.338559091091156006e-02
-4.042510315775871277e-02
-4.097516462206840515e-02
-1.066333241760730743e-02
2.207865007221698761e-02
5.346346646547317505e-02
8.762314915657043457e-02
1.026611104607582092e-01
1.196305602788925171e-01
1.415506303310394287e-01
1.692160069942474365e-01
1.687058210372924805e-01
1.326727420091629028e-01
1.065364331007003784e-01
1.128899008035659790e-01
-9.999000000000000000e+03
-9.999000000000000000e+03
-9.999000000000000000e+03
-9.999000000000000000e+03
-9.999000000000000000e+03
-9.999000000000000000e+03
-9.999000000000000000e+03
-9.999000000000000000e+03
-9.999000000000000000e+03
-9.999000000000000000e+03
-9.999000000000000000e+03
-9.999000000000000000e+03
-9.999000000000000000e+03
-9.999000000000000000e+03
-9.999000000000000000e+03
-4.890631884336471558e-02
-3.063643537461757660e-02
-9.999000000000000000e+03
-5.977151170372962952e-02
-4.440663009881973267e-02
-1.920341397635638714e-03
4.872714728116989136e-02
8.340286463499069214e-02
1.058682501316070557e-01
1.432417333126068115e-01
1.730943173170089722e-01
1.618903130292892456e-01
1.404673159122467041e-01
1.080842763185501099e-01
8.315816521644592285e-02
-9.999000000000000000e+03
-9.999000000000000000e+03
-9.999000000000000000e+03
-9.999000000000000000e+03
-9.999000000000000000e+03
-9.999000000000000000e+03
-9.999000000000000000e+03
-9.999000000000000000e+03
-9.999000000000000000e+03
-9.999000000000000000e+03
-9.999000000000000000e+03
-9.999000000000000000e+03
-9.999000000000000000e+03
-9.999000000000000000e+03
-9.999000000000000000e+03
-9.999000000000000000e+03
2.584096975624561310e-03
1.154168043285608292e-02
-9.999000000000000000e+03
-9.999000000000000000e+03
-7.255485653877258301e-02
-7.479583378881216049e-03
5.921189114451408386e-02
1.074906811118125916e-01
1.381336599588394165e-01
1.470981240272521973e-01
1.490546464920043945e-01
1.271222978830337524e-01
1.003893241286277771e-01
5.725111067295074463e-02
-9.999000000000000000e+03
-9.999000000000000000e+03
-9.999000000000000000e+03
-9.999000000000000000e+03
-9.999000000000000000e+03
-9.999000000000000000e+03
-9.999000000000000000e+03
-9.999000000000000000e+03
-9.999000000000000000e+03
-9.999000000000000000e+03
-9.999000000000000000e+03
-9.999000000000000000e+03
-9.999000000000000000e+03
-9.999000000000000000e+03
-9.999000000000000000e+03
-9.999000000000000000e+03
-9.999000000000000000e+03
1.542557310312986374e-02
2.464582957327365875e-02
-9.999000000000000000e+03
-9.999000000000000000e+03
-4.712400585412979126e-02
-1.284803450107574463e-02
5.415765941143035889e-02
1.235247328877449036e-01
1.734714508056640625e-01
1.513916701078414917e-01
1.221144720911979675e-01
1.041417717933654785e-01
8.878322690725326538e-02
8.691553771495819092e-02
-9.999000000000000000e+03
-9.999000000000000000e+03
-9.999000000000000000e+03
-9.999000000000000000e+03
-9.999000000000000000e+03
-9.999000000000000000e+03
-9.999000000000000000e+03
-9.999000000000000000e+03
-9.999000000000000000e+03
-9.999000000000000000e+03
-9.999000000000000000e+03
-9.999000000000000000e+03
-9.999000000000000000e+03
-9.999000000000000000e+03
-9.999000000000000000e+03
-9.999000000000000000e+03
-9.999000000000000000e+03
-9.999000000000000000e+03
-9.999000000000000000e+03
-9.999000000000000000e+03
-9.999000000000000000e+03
-2.899016439914703369e-02
-6.353344302624464035e-03
6.136467680335044861e-02
1.297679543495178223e-01
1.691591143608093262e-01
1.659601479768753052e-01
1.386384367942810059e-01
9.994298964738845825e-02
5.023109540343284607e-02
3.928351774811744690e-02
-9.999000000000000000e+03
-9.999000000000000000e+03
-9.999000000000000000e+03
-9.999000000000000000e+03
-9.999000000000000000e+03
-9.999000000000000000e+03
-9.999000000000000000e+03
-9.999000000000000000e+03
-9.999000000000000000e+03
-9.999000000000000000e+03
-9.999000000000000000e+03
-9.999000000000000000e+03
-9.999000000000000000e+03
-9.999000000000000000e+03
-9.999000000000000000e+03
-9.999000000000000000e+03
-9.999000000000000000e+03
-9.999000000000000000e+03
-9.999000000000000000e+03
-9.999000000000000000e+03
-9.999000000000000000e+03
-9.999000000000000000e+03
-1.569650694727897644e-02
2.845816686749458313e-02
1.078308671712875366e-01
1.575707942247390747e-01
1.650517582893371582e-01
1.601609289646148682e-01
1.258245855569839478e-01
4.627978801727294922e-02
-9.999000000000000000e+03
-9.999000000000000000e+03
-9.999000000000000000e+03
-9.999000000000000000e+03
-9.999000000000000000e+03
-9.999000000000000000e+03
-9.999000000000000000e+03
-9.999000000000000000e+03
-9.999000000000000000e+03
-9.999000000000000000e+03
-9.999000000000000000e+03
-9.999000000000000000e+03
-9.999000000000000000e+03
-9.999000000000000000e+03
-9.999000000000000000e+03
-9.999000000000000000e+03
-9.999000000000000000e+03
-9.999000000000000000e+03
-9.999000000000000000e+03
-9.999000000000000000e+03
-9.999000000000000000e+03
-9.999000000000000000e+03
-9.999000000000000000e+03
-1.235918421298265457e-02
1.036941632628440857e-02
5.791101977229118347e-02
9.613836556673049927e-02
1.312095820903778076e-01
1.659453660249710083e-01
1.384035050868988037e-01
7.839281111955642700e-02
4.042027518153190613e-02
-9.999000000000000000e+03
-9.999000000000000000e+03
-9.999000000000000000e+03
-9.999000000000000000e+03
-9.999000000000000000e+03
-9.999000000000000000e+03
-9.999000000000000000e+03
-9.999000000000000000e+03
-9.999000000000000000e+03
-9.999000000000000000e+03
-9.999000000000000000e+03
-9.999000000000000000e+03
-9.999000000000000000e+03
-9.999000000000000000e+03
-9.999000000000000000e+03
-9.999000000000000000e+03
-9.999000000000000000e+03
-9.999000000000000000e+03
-9.999000000000000000e+03
-9.999000000000000000e+03
-9.999000000000000000e+03
-9.999000000000000000e+03
-9.999000000000000000e+03
-1.600074232555925846e-03
2.161510661244392395e-02
4.221665486693382263e-02
8.869432657957077026e-02
1.194871366024017334e-01
8.147232979536056519e-02
6.751601397991180420e-02
7.414921373128890991e-02
-9.999000000000000000e+03
-9.999000000000000000e+03
-9.999000000000000000e+03
-9.999000000000000000e+03
-9.999000000000000000e+03
-9.999000000000000000e+03
-9.999000000000000000e+03
-9.999000000000000000e+03
-9.999000000000000000e+03
-9.999000000000000000e+03
-9.999000000000000000e+03
-9.999000000000000000e+03
-9.999000000000000000e+03
-9.999000000000000000e+03
-9.999000000000000000e+03
-9.999000000000000000e+03
-9.999000000000000000e+03
-9.999000000000000000e+03
-9.999000000000000000e+03
-9.999000000000000000e+03
-9.999000000000000000e+03
-9.999000000000000000e+03
-9.999000000000000000e+03
-1.637933962047100067e-02
-1.837110705673694611e-02
2.802110975608229637e-03
3.527270630002021790e-02
2.625119872391223907e-02
-1.171238068491220474e-02
-2.040460705757141113e-02
2.499940246343612671e-02
7.707066833972930908e-02
-9.999000000000000000e+03
-9.999000000000000000e+03
-9.999000000000000000e+03
-9.999000000000000000e+03
-9.999000000000000000e+03
-9.999000000000000000e+03
-9.999000000000000000e+03
-9.999000000000000000e+03
-9.999000000000000000e+03
-9.999000000000000000e+03
-9.999000000000000000e+03
-9.999000000000000000e+03
-9.999000000000000000e+03
-9.999000000000000000e+03
-9.999000000000000000e+03
-9.999000000000000000e+03
-9.999000000000000000e+03
-9.999000000000000000e+03
-9.999000000000000000e+03
-9.999000000000000000e+03
-9.999000000000000000e+03
-9.999000000000000000e+03
3.338545188307762146e-02
8.433524519205093384e-03
6.677840370684862137e-03
1.210886519402265549e-02
-5.386460106819868088e-03
-6.146134063601493835e-02
-5.432534962892532349e-02
-7.096407469362020493e-03
4.527200013399124146e-02
4.270330443978309631e-02
6.649396382272243500e-03
-1.663530431687831879e-02
-2.372685819864273071e-03
-9.999000000000000000e+03
-9.999000000000000000e+03
-9.999000000000000000e+03
-9.999000000000000000e+03
-9.999000000000000000e+03
-9.999000000000000000e+03
-9.999000000000000000e+03
-9.999000000000000000e+03
-9.999000000000000000e+03
-9.999000000000000000e+03
-9.999000000000000000e+03
-9.999000000000000000e+03
-9.999000000000000000e+03
-9.999000000000000000e+03
-9.999000000000000000e+03
-9.999000000000000000e+03
-9.999000000000000000e+03
6.170900166034698486e-02
6.912142783403396606e-02
4.775762185454368591e-02
-1.491211913526058197e-02
2.921949781011790037e-04
-2.481044083833694458e-02
-2.623868733644485474e-02
-1.921872422099113464e-02
-7.059206720441579819e-03
-4.797192756086587906e-03
-1.442383136600255966e-02
-2.440728060901165009e-02
-1.455066353082656860e-02
2.667455468326807022e-03
-9.999000000000000000e+03
-9.999000000000000000e+03
-9.999000000000000000e+03
-9.999000000000000000e+03
-9.999000000000000000e+03
-9.999000000000000000e+03
-9.999000000000000000e+03
-9.999000000000000000e+03
-9.999000000000000000e+03
-9.999000000000000000e+03
-9.999000000000000000e+03
-9.999000000000000000e+03
-9.999000000000000000e+03
-9.999000000000000000e+03
-9.999000000000000000e+03
-3.842919133603572845e-03
9.722610004246234894e-03
6.011136248707771301e-02
6.301396340131759644e-02
3.976383432745933533e-02
7.575666997581720352e-03
-4.263321403414011002e-03
-8.699840866029262543e-03
-3.337449626997113228e-03
-1.538487523794174194e-02
-2.375955134630203247e-02
-1.404988579452037811e-02
1.663687266409397125e-02
3.052634373307228088e-02
-9.999000000000000000e+03
-9.999000000000000000e+03
-9.999000000000000000e+03
-9.999000000000000000e+03
-9.999000000000000000e+03
-9.999000000000000000e+03
-9.999000000000000000e+03
-9.999000000000000000e+03
-9.999000000000000000e+03
-9.999000000000000000e+03
-9.999000000000000000e+03
-9.999000000000000000e+03
-9.999000000000000000e+03
-9.999000000000000000e+03
-9.999000000000000000e+03
-9.999000000000000000e+03
-7.445030380040407181e-03
5.157283041626214981e-03
5.071030929684638977e-02
7.658094912767410278e-02
5.880554392933845520e-02
2.638754807412624359e-02
-1.848139427602291107e-02
-2.423107996582984924e-02
-3.961301408708095551e-03
-5.185832269489765167e-04
-1.596098393201828003e-02
-3.101820126175880432e-02
-2.464718557894229889e-02
5.067303404211997986e-02
-9.999000000000000000e+03
-9.999000000000000000e+03
-9.999000000000000000e+03
-9.999000000000000000e+03
-9.999000000000000000e+03
-9.999000000000000000e+03
-9.999000000000000000e+03
-9.999000000000000000e+03
-9.999000000000000000e+03
-9.999000000000000000e+03
-9.999000000000000000e+03
-9.999000000000000000e+03
-9.999000000000000000e+03
-9.999000000000000000e+03
-9.999000000000000000e+03
-9.999000000000000000e+03
-9.999000000000000000e+03
1.902527734637260437e-02
4.405255615711212158e-02
1.012976393103599548e-01
8.406818658113479614e-02
3.709815070033073425e-02
2.711297420319169760e-04
-3.456129506230354309e-02
-4.065896943211555481e-02
-9.843387641012668610e-03
7.646029815077781677e-03
6.018608808517456055e-03
-2.481587603688240051e-02
-2.362495660781860352e-02
2.329562604427337646e-02
-9.999000000000000000e+03
-9.999000000000000000e+03
-9.999000000000000000e+03
-9.999000000000000000e+03
-9.999000000000000000e+03
-9.999000000000000000e+03
-9.999000000000000000e+03
-9.999000000000000000e+03
-9.999000000000000000e+03
-9.999000000000000000e+03
-9.999000000000000000e+03
-9.999000000000000000e+03
-9.999000000000000000e+03
-9.999000000000000000e+03
-9.999000000000000000e+03
-9.999000000000000000e+03
-9.999000000000000000e+03
5.422065407037734985e-02
1.037617251276969910e-01
1.144463494420051575e-01
8.291677385568618774e-02
3.100415319204330444e-02
-3.622440854087471962e-03
-3.048847429454326630e-02
-4.209551960229873657e-02
-3.548484295606613159e-02
-1.606187224388122559e-02
-5.572932772338390350e-03
-4.540832340717315674e-02
-6.511418521404266357e-02
-9.999000000000000000e+03
-9.999000000000000000e+03
-9.999000000000000000e+03
-9.999000000000000000e+03
-9.999000000000000000e+03
-9.999000000000000000e+03
-9.999000000000000000e+03
-9.999000000000000000e+03
-9.999000000000000000e+03
-9.999000000000000000e+03
-9.999000000000000000e+03
-9.999000000000000000e+03
-9.999000000000000000e+03
-9.999000000000000000e+03
-9.999000000000000000e+03
-9.999000000000000000e+03
-9.999000000000000000e+03
-9.999000000000000000e+03
9.878586232662200928e-02
1.471884995698928833e-01
1.181856393814086914e-01
6.693093478679656982e-02
2.545952610671520233e-02
-1.277430565096437931e-03
-1.575283519923686981e-02
-4.198990389704704285e-02
-4.714320972561836243e-02
-1.899774931371212006e-02
-1.660853065550327301e-02
-4.285922273993492126e-02
-9.999000000000000000e+03
-9.999000000000000000e+03
-9.999000000000000000e+03
-9.999000000000000000e+03
-9.999000000000000000e+03
-9.999000000000000000e+03
-9.999000000000000000e+03
-9.999000000000000000e+03
-9.999000000000000000e+03
-9.999000000000000000e+03
-9.999000000000000000e+03
-9.999000000000000000e+03
-9.999000000000000000e+03
-9.999000000000000000e+03
-9.999000000000000000e+03
-9.999000000000000000e+03
-9.999000000000000000e+03
-9.999000000000000000e+03
-9.999000000000000000e+03
1.215483620762825012e-01
1.381603330373764038e-01
1.099354103207588196e-01
5.815791711211204529e-02
-1.326227001845836639e-02
-2.967894263565540314e-02
-3.286362811923027039e-02
-2.738090418279170990e-02
-2.733347937464714050e-02
-5.734132602810859680e-03
-9.999000000000000000e+03
-9.999000000000000000e+03
-9.999000000000000000e+03
-9.999000000000000000e+03
-9.999000000000000000e+03
-9.999000000000000000e+03
-9.999000000000000000e+03
-9.999000000000000000e+03
-9.999000000000000000e+03
-9.999000000000000000e+03
-9.999000000000000000e+03
-9.999000000000000000e+03
-9.999000000000000000e+03
-9.999000000000000000e+03
-9.999000000000000000e+03
-9.999000000000000000e+03
-9.999000000000000000e+03
-9.999000000000000000e+03
-9.999000000000000000e+03
-9.999000000000000000e+03
-9.999000000000000000e+03
8.993257582187652588e-02
7.395257055759429932e-02
5.717706680297851562e-02
1.340810302644968033e-02
-2.433769032359123230e-02
-3.384146466851234436e-02
-9.999000000000000000e+03
-9.999000000000000000e+03
-9.999000000000000000e+03
-9.999000000000000000e+03
-9.999000000000000000e+03
-9.999000000000000000e+03
-9.999000000000000000e+03
-9.999000000000000000e+03
-9.999000000000000000e+03
-9.999000000000000000e+03
-9.999000000000000000e+03
-9.999000000000000000e+03
-9.999000000000000000e+03
-9.999000000000000000e+03
-9.999000000000000000e+03
-9.999000000000000000e+03
-9.999000000000000000e+03
-9.999000000000000000e+03
-9.999000000000000000e+03
-9.999000000000000000e+03
-9.999000000000000000e+03
-9.999000000000000000e+03
-9.999000000000000000e+03
-9.999000000000000000e+03
-9.999000000000000000e+03
1.439476665109395981e-02
2.193257585167884827e-02
3.352046757936477661e-02
-9.999000000000000000e+03
-9.999000000000000000e+03
-9.999000000000000000e+03
-9.999000000000000000e+03
-9.999000000000000000e+03
-9.999000000000000000e+03
-9.999000000000000000e+03
-9.999000000000000000e+03
-9.999000000000000000e+03
-9.999000000000000000e+03
-9.999000000000000000e+03
-9.999000000000000000e+03
-9.999000000000000000e+03
-9.999000000000000000e+03
-9.999000000000000000e+03
-9.999000000000000000e+03
-9.999000000000000000e+03
-9.999000000000000000e+03
-9.999000000000000000e+03
-9.999000000000000000e+03
-9.999000000000000000e+03
-9.999000000000000000e+03
-9.999000000000000000e+03
-9.999000000000000000e+03
-9.999000000000000000e+03
-9.999000000000000000e+03
-9.999000000000000000e+03
-9.999000000000000000e+03
