-1.430497318506240845e-01
-1.018278896808624268e-01
-4.809210821986198425e-02
1.429435517638921738e-02
5.616950243711471558e-02
8.933597058057785034e-02
1.182987838983535767e-01
1.458672136068344116e-01
1.840748786926269531e-01
2.130210846662521362e-01
2.208538949489593506e-01
-9.999000000000000000e+03
-9.999000000000000000e+03
-9.999000000000000000e+03
-9.999000000000000000e+03
-9.999000000000000000e+03
-9.999000000000000000e+03
-9.999000000000000000e+03
-9.999000000000000000e+03
-9.999000000000000000e+03
-9.999000000000000000e+03
-9.999000000000000000e+03
-9.999000000000000000e+03
3.354603052139282227e-02
1.096734330058097839e-01
1.257310211658477783e-01
1.385239660739898682e-01
1.320572197437286377e-01
1.245937719941139221e-01
1.120455414056777954e-01
1.065896227955818176e-01
-1.359970569610595703e-01
-9.288623929023742676e-02
-3.275088965892791748e-02
2.284081280231475830e-02
7.004024833440780640e-02
1.006455793976783752e-01
1.356973499059677124e-01
1.699535250663757324e-01
2.001152336597442627e-01
2.231705188751220703e-01
2.272372841835021973e-01
1.284196823835372925e-01
-9.999000000000000000e+03
-9.999000000000000000e+03
-9.999000000000000000e+03
-9.999000000000000000e+03
-9.999000000000000000e+03
-9.999000000000000000e+03
-9.999000000000000000e+03
-9.999000000000000000e+03
-9.999000000000000000e+03
7.057993672788143158e-03
1.100736856460571289e-02
3.216521069407463074e-02
6.086861342191696167e-02
1.010669469833374023e-01
1.248669624328613281e-01
1.233937144279479980e-01
1.122785732150077820e-01
1.083148494362831116e-01
1.075382828712463379e-01
-1.419719457626342773e-01
-8.092295378446578979e-02
-1.003434695303440094e-02
3.168504312634468079e-02
6.780265271663665771e-02
9.726276993751525879e-02
1.361229568719863892e-01
1.803647875785827637e-01
2.103355228900909424e-01
2.237915098667144775e-01
2.043096125125885010e-01
1.245094165205955505e-01
-9.999000000000000000e+03
-9.999000000000000000e+03
-9.999000000000000000e+03
-9.999000000000000000e+03
-9.999000000000000000e+03
-9.999000000000000000e+03
-9.999000000000000000e+03
-9.032676927745342255e-03
-8.305794326588511467e-04
1.944770663976669312e-02
3.529721405357122421e-03
1.950453780591487885e-02
6.230279803276062012e-02
7.274965196847915649e-02
8.943446725606918335e-02
8.483733981847763062e-02
8.938883244991302490e-02
9.055438637733459473e-02
9.451872855424880981e-02
-1.334187686443328857e-01
-8.656965196132659912e-02
-3.556092828512191772e-02
8.730323985219001770e-03
5.994354560971260071e-02
1.059168204665184021e-01
1.448929458856582642e-01
1.817082017660140991e-01
2.056543380022048950e-01
2.181492447853088379e-01
2.076155096292495728e-01
1.293819546699523926e-01
6.465334445238113403e-02
-9.999000000000000000e+03
-9.999000000000000000e+03
-9.999000000000000000e+03
-1.829766854643821716e-02
-2.780142985284328461e-02
-2.565297298133373260e-02
-8.422337123192846775e-04
7.926808670163154602e-03
1.163467485457658768e-02
9.915306232869625092e-03
2.455760724842548370e-02
6.933872401714324951e-02
3.465558588504791260e-02
5.777889490127563477e-02
5.376793816685676575e-02
5.903822556138038635e-02
7.246504724025726318e-02
8.496233075857162476e-02
-1.287076175212860107e-01
-8.257431536912918091e-02
-3.993946313858032227e-02
-1.328477519564330578e-04
5.067779123783111572e-02
9.391821920871734619e-02
1.351783126592636108e-01
1.768858134746551514e-01
2.029630988836288452e-01
2.076945751905441284e-01
1.872433423995971680e-01
1.387081295251846313e-01
6.936770677566528320e-02
7.200334686785936356e-03
-1.082814577966928482e-02
-2.634549327194690704e-02
-2.515708841383457184e-02
-1.261001266539096832e-02
-2.894786186516284943e-03
1.822713017463684082e-02
1.845125295221805573e-02
1.723114773631095886e-02
1.381315197795629501e-02
1.416316349059343338e-02
1.206677686423063278e-02
-4.569391719996929169e-03
7.978229783475399017e-03
1.915613375604152679e-02
3.650597855448722839e-02
6.281985342502593994e-02
8.444759994745254517e-02
-9.891281276941299438e-02
-7.611209899187088013e-02
-5.104522034525871277e-02
-6.204620003700256348e-03
5.269533023238182068e-02
9.524967521429061890e-02
1.234901621937751770e-01
1.529398709535598755e-01
1.694223433732986450e-01
1.852120757102966309e-01
1.792308092117309570e-01
1.222352609038352966e-01
6.605949252843856812e-02
1.340469997376203537e-02
-8.735433220863342285e-03
-1.535394601523876190e-02
5.167236085981130600e-03
3.579592704772949219e-02
4.303086176514625549e-02
4.530583694577217102e-02
3.122463636100292206e-02
1.402796898037195206e-02
-3.272817470133304596e-03
-1.972100883722305298e-02
-3.447701409459114075e-02
-5.465150251984596252e-02
-2.839022874832153320e-02
-1.719593629240989685e-02
3.467492759227752686e-03
4.204535111784934998e-02
6.834927946329116821e-02
-5.903347209095954895e-02
-4.544801265001296997e-02
-2.413844130933284760e-02
8.534817956387996674e-03
4.631178081035614014e-02
8.114806562662124634e-02
1.109860464930534363e-01
1.305970400571823120e-01
1.390740871429443359e-01
1.438936889171600342e-01
1.364162117242813110e-01
9.828256815671920776e-02
6.350108981132507324e-02
1.993900723755359650e-02
2.175765857100486755e-02
3.534755855798721313e-02
6.407700479030609131e-02
8.156281709671020508e-02
7.684380561113357544e-02
7.061747461557388306e-02
4.813154414296150208e-02
1.081441715359687805e-02
-3.683723509311676025e-02
-6.875459104776382446e-02
-9.358333051204681396e-02
-1.085292398929595947e-01
-8.916056901216506958e-02
-9.352812916040420532e-02
-6.714615225791931152e-02
3.675590967759490013e-03
2.571658790111541748e-02
-5.302471667528152466e-02
-3.699539974331855774e-02
-9.413001127541065216e-03
1.007084734737873077e-02
4.374509304761886597e-02
7.506726682186126709e-02
9.062224626541137695e-02
1.057874262332916260e-01
1.044204905629158020e-01
1.105191931128501892e-01
1.072277128696441650e-01
7.075564563274383545e-02
5.659332498908042908e-02
5.060975626111030579e-02
6.994119286537170410e-02
8.262817561626434326e-02
1.088133826851844788e-01
1.093622818589210510e-01
9.841799736022949219e-02
9.083055704832077026e-02
6.376818567514419556e-02
2.699106931686401367e-02
-2.665792778134346008e-02
-9.249465167522430420e-02
-1.538180559873580933e-01
-1.673690229654312134e-01
-1.740827560424804688e-01
-1.761291027069091797e-01
-1.396740972995758057e-01
-6.049956008791923523e-02
-3.337189182639122009e-02
-4.647625237703323364e-02
-2.701709978282451630e-02
-1.322864554822444916e-02
-2.294310601428151131e-03
2.161297574639320374e-02
4.446817189455032349e-02
4.912233725190162659e-02
6.974994391202926636e-02
7.909741252660751343e-02
9.461992979049682617e-02
9.728608280420303345e-02
7.982144504785537720e-02
8.392643183469772339e-02
1.011754497885704041e-01
1.203180178999900818e-01
1.205056831240653992e-01
1.233476549386978149e-01
1.141709983348846436e-01
1.072560772299766541e-01
9.576573222875595093e-02
4.938628524541854858e-02
8.857379667460918427e-03
-1.732313819229602814e-02
-5.836880207061767578e-02
-7.527908682823181152e-02
-1.584581136703491211e-01
-2.099550962448120117e-01
-2.305505722761154175e-01
-1.800159215927124023e-01
-1.029491946101188660e-01
-4.095195606350898743e-02
-2.932788617908954620e-02
-2.000076882541179657e-02
-1.826009154319763184e-02
-1.452062558382749557e-02
-4.682203289121389389e-03
8.137674070894718170e-03
1.900437474250793457e-02
4.325618594884872437e-02
6.041904911398887634e-02
9.302088618278503418e-02
1.052562147378921509e-01
1.179100945591926575e-01
1.258763372898101807e-01
1.316529959440231323e-01
1.349973082542419434e-01
1.288322955369949341e-01
1.183295547962188721e-01
7.386533170938491821e-02
7.214227318763732910e-02
4.024389758706092834e-02
2.950086444616317749e-02
-9.999000000000000000e+03
-9.999000000000000000e+03
-9.999000000000000000e+03
-9.999000000000000000e+03
-9.999000000000000000e+03
-9.999000000000000000e+03
-1.991346478462219238e-01
-2.237985134124755859e-01
-1.315464526414871216e-01
-5.061401054263114929e-02
-1.277761906385421753e-02
-4.472871311008930206e-03
-3.296005073934793472e-03
6.658482830971479416e-03
-1.272022724151611328e-03
-2.547862823121249676e-04
1.335976086556911469e-02
3.281971067190170288e-02
6.535965949296951294e-02
1.075747311115264893e-01
1.281384974718093872e-01
1.560113131999969482e-01
1.512408405542373657e-01
1.429608464241027832e-01
1.254685223102569580e-01
1.093956977128982544e-01
1.132418960332870483e-01
-9.999000000000000000e+03
-9.999000000000000000e+03
-9.999000000000000000e+03
-9.999000000000000000e+03
-9.999000000000000000e+03
-9.999000000000000000e+03
-9.999000000000000000e+03
-9.999000000000000000e+03
-9.999000000000000000e+03
-9.999000000000000000e+03
-1.593047976493835449e-01
-2.103090584278106689e-01
-1.769248098134994507e-01
-9.565476328134536743e-02
-3.397424239665269852e-03
-1.223441096954047680e-03
1.530658360570669174e-02
1.721607521176338196e-02
4.849086981266736984e-03
-7.161442656069993973e-03
-6.106850378273520619e-06
3.009529411792755127e-02
9.132431447505950928e-02
1.395825296640396118e-01
1.504435390233993530e-01
1.623823791742324829e-01
1.588669717311859131e-01
1.373788863420486450e-01
6.547709554433822632e-02
6.626690179109573364e-02
-9.999000000000000000e+03
-9.999000000000000000e+03
-9.999000000000000000e+03
-9.999000000000000000e+03
-9.999000000000000000e+03
-9.999000000000000000e+03
-9.999000000000000000e+03
-9.999000000000000000e+03
-9.999000000000000000e+03
-9.999000000000000000e+03
-9.999000000000000000e+03
-9.999000000000000000e+03
-1.393388807773590088e-01
-1.536330580711364746e-01
-7.352234423160552979e-02
-4.165384918451309204e-02
-4.689120501279830933e-02
-2.451912499964237213e-02
-8.316962979733943939e-03
-9.040146134793758392e-03
-1.182534545660018921e-02
1.210908684879541397e-02
6.094351410865783691e-02
1.177673637866973877e-01
1.365212798118591309e-01
1.430805176496505737e-01
1.698181182146072388e-01
1.165901869535446167e-01
1.221472620964050293e-01
-9.999000000000000000e+03
-9.999000000000000000e+03
-9.999000000000000000e+03
-9.999000000000000000e+03
-9.999000000000000000e+03
-9.999000000000000000e+03
-9.999000000000000000e+03
-9.999000000000000000e+03
-9.999000000000000000e+03
-9.999000000000000000e+03
-9.999000000000000000e+03
-9.999000000000000000e+03
-9.999000000000000000e+03
-9.999000000000000000e+03
-9.999000000000000000e+03
-1.207970753312110901e-01
-6.900846213102340698e-02
-9.999000000000000000e+03
-6.753572821617126465e-02
-6.538560241460800171e-02
-4.153414815664291382e-02
-1.604922674596309662e-02
-4.275201354175806046e-03
2.829087339341640472e-02
1.072172746062278748e-01
1.209831833839416504e-01
1.207886487245559692e-01
1.404860764741897583e-01
1.465305238962173462e-01
8.829918503761291504e-02
-9.999000000000000000e+03
-9.999000000000000000e+03
-9.999000000000000000e+03
-9.999000000000000000e+03
-9.999000000000000000e+03
-9.999000000000000000e+03
-9.999000000000000000e+03
-9.999000000000000000e+03
-9.999000000000000000e+03
-9.999000000000000000e+03
-9.999000000000000000e+03
-9.999000000000000000e+03
-9.999000000000000000e+03
-9.999000000000000000e+03
-9.999000000000000000e+03
-9.999000000000000000e+03
-5.202420428395271301e-02
-2.723944745957851410e-02
-9.999000000000000000e+03
-9.999000000000000000e+03
-8.607498556375503540e-02
-6.229782477021217346e-02
-2.233930304646492004e-02
1.100264862179756165e-02
7.114162296056747437e-02
1.171364635229110718e-01
1.121069416403770447e-01
1.129318997263908386e-01
1.238047555088996887e-01
3.476899862289428711e-02
-9.999000000000000000e+03
-9.999000000000000000e+03
-9.999000000000000000e+03
-9.999000000000000000e+03
-9.999000000000000000e+03
-9.999000000000000000e+03
-9.999000000000000000e+03
-9.999000000000000000e+03
-9.999000000000000000e+03
-9.999000000000000000e+03
-9.999000000000000000e+03
-9.999000000000000000e+03
-9.999000000000000000e+03
-9.999000000000000000e+03
-9.999000000000000000e+03
-9.999000000000000000e+03
-9.999000000000000000e+03
-1.876606047153472900e-02
-1.440307707525789738e-03
-9.999000000000000000e+03
-9.999000000000000000e+03
-6.457737088203430176e-02
-6.223982200026512146e-02
-2.882630191743373871e-02
1.618747413158416748e-02
8.580063283443450928e-02
1.037666872143745422e-01
1.135931536555290222e-01
1.127550154924392700e-01
9.629922360181808472e-02
5.289776995778083801e-02
-9.999000000000000000e+03
-9.999000000000000000e+03
-9.999000000000000000e+03
-9.999000000000000000e+03
-9.999000000000000000e+03
-9.999000000000000000e+03
-9.999000000000000000e+03
-9.999000000000000000e+03
-9.999000000000000000e+03
-9.999000000000000000e+03
-9.999000000000000000e+03
-9.999000000000000000e+03
-9.999000000000000000e+03
-9.999000000000000000e+03
-9.999000000000000000e+03
-9.999000000000000000e+03
-9.999000000000000000e+03
-9.999000000000000000e+03
-9.999000000000000000e+03
-9.999000000000000000e+03
-9.999000000000000000e+03
-4.470349103212356567e-02
-5.512657761573791504e-02
-2.133482508361339569e-02
2.577192336320877075e-02
4.830789566040039062e-02
8.375979214906692505e-02
1.259847432374954224e-01
1.164870932698249817e-01
6.829613447189331055e-02
5.034121498465538025e-02
-9.999000000000000000e+03
-9.999000000000000000e+03
-9.999000000000000000e+03
-9.999000000000000000e+03
-9.999000000000000000e+03
-9.999000000000000000e+03
-9.999000000000000000e+03
-9.999000000000000000e+03
-9.999000000000000000e+03
-9.999000000000000000e+03
-9.999000000000000000e+03
-9.999000000000000000e+03
-9.999000000000000000e+03
-9.999000000000000000e+03
-9.999000000000000000e+03
-9.999000000000000000e+03
-9.999000000000000000e+03
-9.999000000000000000e+03
-9.999000000000000000e+03
-9.999000000000000000e+03
-9.999000000000000000e+03
-9.999000000000000000e+03
-3.953902423381805420e-02
-2.292362041771411896e-02
1.657455787062644958e-02
-3.590624406933784485e-02
5.330272018909454346e-02
1.240010857582092285e-01
1.505163013935089111e-01
1.005923822522163391e-01
-9.999000000000000000e+03
-9.999000000000000000e+03
-9.999000000000000000e+03
-9.999000000000000000e+03
-9.999000000000000000e+03
-9.999000000000000000e+03
-9.999000000000000000e+03
-9.999000000000000000e+03
-9.999000000000000000e+03
-9.999000000000000000e+03
-9.999000000000000000e+03
-9.999000000000000000e+03
-9.999000000000000000e+03
-9.999000000000000000e+03
-9.999000000000000000e+03
-9.999000000000000000e+03
-9.999000000000000000e+03
-9.999000000000000000e+03
-9.999000000000000000e+03
-9.999000000000000000e+03
-9.999000000000000000e+03
-9.999000000000000000e+03
-9.999000000000000000e+03
-2.825195528566837311e-02
-3.841644385829567909e-03
-1.409784611314535141e-02
-6.198584288358688354e-02
3.377852961421012878e-02
1.421175003051757812e-01
1.884722709655761719e-01
1.570809781551361084e-01
1.067823171615600586e-01
-9.999000000000000000e+03
-9.999000000000000000e+03
-9.999000000000000000e+03
-9.999000000000000000e+03
-9.999000000000000000e+03
-9.999000000000000000e+03
-9.999000000000000000e+03
-9.999000000000000000e+03
-9.999000000000000000e+03
-9.999000000000000000e+03
-9.999000000000000000e+03
-9.999000000000000000e+03
-9.999000000000000000e+03
-9.999000000000000000e+03
-9.999000000000000000e+03
-9.999000000000000000e+03
-9.999000000000000000e+03
-9.999000000000000000e+03
-9.999000000000000000e+03
-9.999000000000000000e+03
-9.999000000000000000e+03
-9.999000000000000000e+03
-9.999000000000000000e+03
-7.045410107821226120e-03
-2.923040464520454407e-02
-4.057440906763076782e-02
2.676263637840747833e-02
6.987086683511734009e-02
4.156336188316345215e-02
9.762127697467803955e-02
9.530415385961532593e-02
-9.999000000000000000e+03
-9.999000000000000000e+03
-9.999000000000000000e+03
-9.999000000000000000e+03
-9.999000000000000000e+03
-9.999000000000000000e+03
-9.999000000000000000e+03
-9.999000000000000000e+03
-9.999000000000000000e+03
-9.999000000000000000e+03
-9.999000000000000000e+03
-9.999000000000000000e+03
-9.999000000000000000e+03
-9.999000000000000000e+03
-9.999000000000000000e+03
-9.999000000000000000e+03
-9.999000000000000000e+03
-9.999000000000000000e+03
-9.999000000000000000e+03
-9.999000000000000000e+03
-9.999000000000000000e+03
-9.999000000000000000e+03
-9.999000000000000000e+03
-2.419295907020568848e-02
-5.456849932670593262e-02
-7.967041432857513428e-02
-7.229571789503097534e-02
-1.017857342958450317e-01
-1.336092501878738403e-01
-7.177536934614181519e-02
2.521146461367607117e-02
8.425825089216232300e-02
-9.999000000000000000e+03
-9.999000000000000000e+03
-9.999000000000000000e+03
-9.999000000000000000e+03
-9.999000000000000000e+03
-9.999000000000000000e+03
-9.999000000000000000e+03
-9.999000000000000000e+03
-9.999000000000000000e+03
-9.999000000000000000e+03
-9.999000000000000000e+03
-9.999000000000000000e+03
-9.999000000000000000e+03
-9.999000000000000000e+03
-9.999000000000000000e+03
-9.999000000000000000e+03
-9.999000000000000000e+03
-9.999000000000000000e+03
-9.999000000000000000e+03
-9.999000000000000000e+03
-9.999000000000000000e+03
-9.999000000000000000e+03
1.167497690767049789e-02
-4.051092639565467834e-02
-8.074727654457092285e-02
-1.139841675758361816e-01
-1.389963477849960327e-01
-1.651206016540527344e-01
-1.174934059381484985e-01
2.130618784576654434e-03
1.063539534807205200e-01
5.073374882340431213e-02
2.796360524371266365e-03
1.023902930319309235e-02
6.381594575941562653e-03
-9.999000000000000000e+03
-9.999000000000000000e+03
-9.999000000000000000e+03
-9.999000000000000000e+03
-9.999000000000000000e+03
-9.999000000000000000e+03
-9.999000000000000000e+03
-9.999000000000000000e+03
-9.999000000000000000e+03
-9.999000000000000000e+03
-9.999000000000000000e+03
-9.999000000000000000e+03
-9.999000000000000000e+03
-9.999000000000000000e+03
-9.999000000000000000e+03
-9.999000000000000000e+03
-9.999000000000000000e+03
-4.604464920703321695e-04
6.468637846410274506e-03
-2.516213804483413696e-03
-5.002782493829727173e-02
-9.428021311759948730e-02
-1.330972164869308472e-01
-1.345210373401641846e-01
-1.015229895710945129e-01
-2.516981400549411774e-02
7.283850014209747314e-02
3.722059726715087891e-02
2.374690957367420197e-02
1.178650464862585068e-02
3.103622701019048691e-03
-9.999000000000000000e+03
-9.999000000000000000e+03
-9.999000000000000000e+03
-9.999000000000000000e+03
-9.999000000000000000e+03
-9.999000000000000000e+03
-9.999000000000000000e+03
-9.999000000000000000e+03
-9.999000000000000000e+03
-9.999000000000000000e+03
-9.999000000000000000e+03
-9.999000000000000000e+03
-9.999000000000000000e+03
-9.999000000000000000e+03
-9.999000000000000000e+03
1.259949058294296265e-02
6.409545429050922394e-03
-1.303437538444995880e-02
1.096439268440008163e-02
1.605927100172266364e-04
-2.834335900843143463e-02
-5.999100580811500549e-02
-9.826041758060455322e-02
-1.207462623715400696e-01
-9.988979250192642212e-02
-3.094906918704509735e-02
1.113018300384283066e-02
6.068154051899909973e-02
6.123234331607818604e-02
-9.999000000000000000e+03
-9.999000000000000000e+03
-9.999000000000000000e+03
-9.999000000000000000e+03
-9.999000000000000000e+03
-9.999000000000000000e+03
-9.999000000000000000e+03
-9.999000000000000000e+03
-9.999000000000000000e+03
-9.999000000000000000e+03
-9.999000000000000000e+03
-9.999000000000000000e+03
-9.999000000000000000e+03
-9.999000000000000000e+03
-9.999000000000000000e+03
-9.999000000000000000e+03
1.851091720163822174e-02
2.485395967960357666e-02
4.925626888871192932e-02
4.670896381139755249e-02
3.315700963139533997e-02
9.714198531582951546e-04
-3.941633179783821106e-02
-4.333276301622390747e-02
-5.625423416495323181e-02
-7.731197029352188110e-02
-9.376257658004760742e-02
-6.426823139190673828e-02
-2.447409369051456451e-02
7.721568644046783447e-02
-9.999000000000000000e+03
-9.999000000000000000e+03
-9.999000000000000000e+03
-9.999000000000000000e+03
-9.999000000000000000e+03
-9.999000000000000000e+03
-9.999000000000000000e+03
-9.999000000000000000e+03
-9.999000000000000000e+03
-9.999000000000000000e+03
-9.999000000000000000e+03
-9.999000000000000000e+03
-9.999000000000000000e+03
-9.999000000000000000e+03
-9.999000000000000000e+03
-9.999000000000000000e+03
-9.999000000000000000e+03
2.797672152519226074e-02
4.549838230013847351e-02
1.095013469457626343e-01
8.272057771682739258e-02
4.207013547420501709e-02
-6.539561785757541656e-03
-4.004519432783126831e-02
-4.045397788286209106e-02
-2.582265622913837433e-02
-4.750087857246398926e-02
-6.143974512815475464e-02
-4.886646196246147156e-02
-1.433007046580314636e-02
4.364189505577087402e-02
-9.999000000000000000e+03
-9.999000000000000000e+03
-9.999000000000000000e+03
-9.999000000000000000e+03
-9.999000000000000000e+03
-9.999000000000000000e+03
-9.999000000000000000e+03
-9.999000000000000000e+03
-9.999000000000000000e+03
-9.999000000000000000e+03
-9.999000000000000000e+03
-9.999000000000000000e+03
-9.999000000000000000e+03
-9.999000000000000000e+03
-9.999000000000000000e+03
-9.999000000000000000e+03
-9.999000000000000000e+03
7.112058252096176147e-02
1.249026209115982056e-01
1.418898999691009521e-01
1.077476739883422852e-01
5.983372032642364502e-02
-1.461261603981256485e-02
-4.498942196369171143e-02
-4.285817220807075500e-02
-1.875392720103263855e-02
-2.096129022538661957e-02
-3.873786702752113342e-02
-3.137399256229400635e-02
-2.840934507548809052e-02
-9.999000000000000000e+03
-9.999000000000000000e+03
-9.999000000000000000e+03
-9.999000000000000000e+03
-9.999000000000000000e+03
-9.999000000000000000e+03
-9.999000000000000000e+03
-9.999000000000000000e+03
-9.999000000000000000e+03
-9.999000000000000000e+03
-9.999000000000000000e+03
-9.999000000000000000e+03
-9.999000000000000000e+03
-9.999000000000000000e+03
-9.999000000000000000e+03
-9.999000000000000000e+03
-9.999000000000000000e+03
-9.999000000000000000e+03
1.086837351322174072e-01
1.612742394208908081e-01
1.452749818563461304e-01
1.026115342974662781e-01
2.752417325973510742e-02
-2.901726402342319489e-02
-5.056132748723030090e-02
-5.877568945288658142e-02
-1.556267309933900833e-02
5.374268628656864166e-03
-2.699229167774319649e-03
-2.016475424170494080e-02
-9.999000000000000000e+03
-9.999000000000000000e+03
-9.999000000000000000e+03
-9.999000000000000000e+03
-9.999000000000000000e+03
-9.999000000000000000e+03
-9.999000000000000000e+03
-9.999000000000000000e+03
-9.999000000000000000e+03
-9.999000000000000000e+03
-9.999000000000000000e+03
-9.999000000000000000e+03
-9.999000000000000000e+03
-9.999000000000000000e+03
-9.999000000000000000e+03
-9.999000000000000000e+03
-9.999000000000000000e+03
-9.999000000000000000e+03
-9.999000000000000000e+03
1.261031180620193481e-01
1.479837149381637573e-01
1.329215168952941895e-01
9.187862277030944824e-02
-2.729639783501625061e-02
-4.892849177122116089e-02
-5.120839923620223999e-02
-3.214129060506820679e-02
-1.319567020982503891e-02
-4.202541429549455643e-03
-9.999000000000000000e+03
-9.999000000000000000e+03
-9.999000000000000000e+03
-9.999000000000000000e+03
-9.999000000000000000e+03
-9.999000000000000000e+03
-9.999000000000000000e+03
-9.999000000000000000e+03
-9.999000000000000000e+03
-9.999000000000000000e+03
-9.999000000000000000e+03
-9.999000000000000000e+03
-9.999000000000000000e+03
-9.999000000000000000e+03
-9.999000000000000000e+03
-9.999000000000000000e+03
-9.999000000000000000e+03
-9.999000000000000000e+03
-9.999000000000000000e+03
-9.999000000000000000e+03
-9.999000000000000000e+03
1.156325265765190125e-01
1.137607321143150330e-01
8.767018467187881470e-02
2.788497321307659149e-02
-2.421197295188903809e-02
-3.761738538742065430e-02
-9.999000000000000000e+03
-9.999000000000000000e+03
-9.999000000000000000e+03
-9.999000000000000000e+03
-9.999000000000000000e+03
-9.999000000000000000e+03
-9.999000000000000000e+03
-9.999000000000000000e+03
-9.999000000000000000e+03
-9.999000000000000000e+03
-9.999000000000000000e+03
-9.999000000000000000e+03
-9.999000000000000000e+03
-9.999000000000000000e+03
-9.999000000000000000e+03
-9.999000000000000000e+03
-9.999000000000000000e+03
-9.999000000000000000e+03
-9.999000000000000000e+03
-9.999000000000000000e+03
-9.999000000000000000e+03
-9.999000000000000000e+03
-9.999000000000000000e+03
-9.999000000000000000e+03
-9.999000000000000000e+03
6.217220053076744080e-02
5.870443210005760193e-02
6.302436441183090210e-02
-9.999000000000000000e+03
-9.999000000000000000e+03
-9.999000000000000000e+03
-9.999000000000000000e+03
-9.999000000000000000e+03
-9.999000000000000000e+03
-9.999000000000000000e+03
-9.999000000000000000e+03
-9.999000000000000000e+03
-9.999000000000000000e+03
-9.999000000000000000e+03
-9.999000000000000000e+03
-9.999000000000000000e+03
-9.999000000000000000e+03
-9.999000000000000000e+03
-9.999000000000000000e+03
-9.999000000000000000e+03
-9.999000000000000000e+03
-9.999000000000000000e+03
-9.999000000000000000e+03
-9.999000000000000000e+03
-9.999000000000000000e+03
-9.999000000000000000e+03
-9.999000000000000000e+03
-9.999000000000000000e+03
-9.999000000000000000e+03
-9.999000000000000000e+03
-9.999000000000000000e+03
