-1.572266519069671631e-01
-1.149937659502029419e-01
-5.384784191846847534e-02
-1.061776420101523399e-03
4.347027465701103210e-02
8.558594435453414917e-02
1.372974663972854614e-01
1.822157204151153564e-01
2.391221821308135986e-01
2.656843662261962891e-01
2.515936493873596191e-01
-9.999000000000000000e+03
-9.999000000000000000e+03
-9.999000000000000000e+03
-9.999000000000000000e+03
-9.999000000000000000e+03
-9.999000000000000000e+03
-9.999000000000000000e+03
-9.999000000000000000e+03
-9.999000000000000000e+03
-9.999000000000000000e+03
-9.999000000000000000e+03
-9.999000000000000000e+03
2.118867635726928711e-02
5.567897856235504150e-02
6.752107292413711548e-02
7.602846622467041016e-02
5.383718758821487427e-02
5.088540539145469666e-02
3.867958113551139832e-02
2.842897735536098480e-02
-1.522144526243209839e-01
-1.130556911230087280e-01
-6.286190450191497803e-02
-1.949925534427165985e-02
3.383358567953109741e-02
8.698558062314987183e-02
1.602592617273330688e-01
2.170759737491607666e-01
2.586025595664978027e-01
2.794134914875030518e-01
2.675610780715942383e-01
1.465436369180679321e-01
-9.999000000000000000e+03
-9.999000000000000000e+03
-9.999000000000000000e+03
-9.999000000000000000e+03
-9.999000000000000000e+03
-9.999000000000000000e+03
-9.999000000000000000e+03
-9.999000000000000000e+03
-9.999000000000000000e+03
-5.974854808300733566e-03
3.762384410947561264e-03
1.522357016801834106e-02
1.734556630253791809e-02
3.459133952856063843e-02
2.383366599678993225e-02
1.384756248444318771e-02
9.396720677614212036e-03
1.194477267563343048e-02
2.319408953189849854e-02
-1.492215991020202637e-01
-1.028262823820114136e-01
-5.944597348570823669e-02
-1.526062376797199249e-02
3.398815169930458069e-02
9.247580170631408691e-02
1.617199629545211792e-01
2.276869267225265503e-01
2.634313702583312988e-01
2.742940187454223633e-01
2.443858981132507324e-01
1.578192710876464844e-01
-9.999000000000000000e+03
-9.999000000000000000e+03
-9.999000000000000000e+03
-9.999000000000000000e+03
-9.999000000000000000e+03
-9.999000000000000000e+03
-9.999000000000000000e+03
-1.856656372547149658e-02
-1.207787264138460159e-02
-3.798328805714845657e-03
-5.052837077528238297e-03
-4.525208845734596252e-03
8.475973270833492279e-03
7.057137787342071533e-03
2.764547476544976234e-03
-2.232609316706657410e-03
-1.586718484759330750e-03
7.303510792553424835e-03
2.590172924101352692e-02
-1.209468692541122437e-01
-9.029257297515869141e-02
-5.624334141612052917e-02
-1.124715618789196014e-02
4.744700714945793152e-02
1.154583692550659180e-01
1.680028736591339111e-01
2.177000641822814941e-01
2.431842237710952759e-01
2.603016495704650879e-01
2.504032254219055176e-01
1.706512272357940674e-01
8.309531956911087036e-02
-9.999000000000000000e+03
-9.999000000000000000e+03
-9.999000000000000000e+03
-1.875605061650276184e-02
-2.778665721416473389e-02
-3.024620562791824341e-02
-1.084753964096307755e-02
-3.788571106269955635e-03
-1.982690446311607957e-05
3.432425670325756073e-03
2.452575135976076126e-03
1.955508999526500702e-02
-5.110996309667825699e-03
-1.939708483405411243e-03
-1.170549634844064713e-02
-1.506388559937477112e-02
-3.939737565815448761e-03
1.069538947194814682e-02
-9.640571475028991699e-02
-6.671733409166336060e-02
-2.593706548213958740e-02
1.214819401502609253e-02
5.523169040679931641e-02
1.008972823619842529e-01
1.429744362831115723e-01
1.884271949529647827e-01
2.065742462873458862e-01
2.090862542390823364e-01
1.930649727582931519e-01
1.347198784351348877e-01
6.822208315134048462e-02
1.827748864889144897e-02
-2.069746516644954681e-02
-2.983511425554752350e-02
-2.899692580103874207e-02
-1.712049730122089386e-02
-5.265156738460063934e-03
1.629442535340785980e-02
2.393065206706523895e-02
2.181568555533885956e-02
2.191741392016410828e-02
4.872515797615051270e-03
-9.453592821955680847e-03
-3.356152772903442383e-02
-3.381359577178955078e-02
-3.935227915644645691e-02
-3.425420075654983521e-02
-1.521591842174530029e-02
1.139001804403960705e-03
-7.298754900693893433e-02
-5.225735902786254883e-02
-2.125949971377849579e-02
2.257039211690425873e-02
6.349602341651916504e-02
9.374814480543136597e-02
1.149326488375663757e-01
1.428401321172714233e-01
1.523774713277816772e-01
1.578269749879837036e-01
1.341164261102676392e-01
8.257291465997695923e-02
4.721992835402488708e-02
3.218582831323146820e-03
-2.172503061592578888e-02
-2.781112864613533020e-02
-1.567461155354976654e-02
2.059726975858211517e-02
4.358300566673278809e-02
6.911910325288772583e-02
6.294779479503631592e-02
4.283390194177627563e-02
1.513725705444812775e-02
-1.970056071877479553e-02
-4.914042353630065918e-02
-7.874945551156997681e-02
-7.424168288707733154e-02
-7.570209354162216187e-02
-6.354507803916931152e-02
-3.545894846320152283e-02
-8.711151778697967529e-03
-4.251209646463394165e-02
-1.702481694519519806e-02
7.929850369691848755e-03
3.095793351531028748e-02
5.227613076567649841e-02
7.344943284988403320e-02
9.286732226610183716e-02
1.074108928442001343e-01
9.853584319353103638e-02
8.617999404668807983e-02
7.911799848079681396e-02
5.936643853783607483e-02
4.126851260662078857e-02
4.452199209481477737e-03
-1.876550726592540741e-03
1.132857147604227066e-02
4.427407681941986084e-02
7.735116034746170044e-02
8.577726781368255615e-02
9.733160585165023804e-02
6.906647235155105591e-02
2.826877124607563019e-02
-1.166260242462158203e-02
-4.782104119658470154e-02
-8.585119247436523438e-02
-1.156525611877441406e-01
-1.215043589472770691e-01
-1.287633627653121948e-01
-1.105716377496719360e-01
-6.077327579259872437e-02
-4.608591273427009583e-02
-4.442689567804336548e-02
-8.125891909003257751e-03
2.447587251663208008e-02
3.106390312314033508e-02
4.520095884799957275e-02
6.676500290632247925e-02
7.510219514369964600e-02
7.633795589208602905e-02
6.033152714371681213e-02
4.786865785717964172e-02
5.703365057706832886e-02
3.324402496218681335e-02
2.953237481415271759e-02
2.521351724863052368e-02
4.032525420188903809e-02
5.834838002920150757e-02
1.049737185239791870e-01
1.155389845371246338e-01
1.064795628190040588e-01
9.411457180976867676e-02
7.196243107318878174e-02
4.366217181086540222e-02
1.262575481086969376e-02
-5.378488823771476746e-02
-1.327620893716812134e-01
-1.599454283714294434e-01
-1.887155175209045410e-01
-1.981668323278427124e-01
-1.745328009128570557e-01
-1.125815063714981079e-01
-8.952345699071884155e-02
-2.989339828491210938e-02
-5.583757534623146057e-03
1.379947550594806671e-02
2.130049467086791992e-02
2.974281460046768188e-02
4.394175112247467041e-02
5.797629430890083313e-02
4.418944939970970154e-02
2.802095934748649597e-02
2.141995728015899658e-02
3.570510819554328918e-02
4.094832390546798706e-02
5.214370787143707275e-02
6.730288267135620117e-02
1.006643027067184448e-01
1.065746024250984192e-01
1.181510537862777710e-01
1.107597947120666504e-01
1.009446755051612854e-01
9.436108171939849854e-02
6.593288481235504150e-02
4.502085968852043152e-02
1.233079098165035248e-02
-3.349427878856658936e-02
-7.281678915023803711e-02
-1.535922586917877197e-01
-2.185659557580947876e-01
-2.581275701522827148e-01
-2.269612103700637817e-01
-1.634508669376373291e-01
-1.132355034351348877e-01
-2.510521560907363892e-02
-4.098358564078807831e-03
1.703829132020473480e-02
3.895337507128715515e-02
3.496701642870903015e-02
3.563747927546501160e-02
3.749113157391548157e-02
2.665226534008979797e-02
-3.784800879657268524e-03
-3.797520184889435768e-04
3.736589848995208740e-02
6.864804029464721680e-02
9.185460209846496582e-02
1.063680946826934814e-01
1.199374273419380188e-01
1.160997822880744934e-01
1.081002503633499146e-01
7.358899712562561035e-02
6.536874175071716309e-02
3.835978731513023376e-02
4.268081858754158020e-02
-9.999000000000000000e+03
-9.999000000000000000e+03
-9.999000000000000000e+03
-9.999000000000000000e+03
-9.999000000000000000e+03
-9.999000000000000000e+03
-2.010624706745147705e-01
-2.470642924308776855e-01
-1.916899085044860840e-01
-1.313542872667312622e-01
-4.460605606436729431e-02
-3.194975852966308594e-02
-2.747946651652455330e-03
2.069753035902976990e-02
3.016701526939868927e-02
9.227268397808074951e-03
8.144015446305274963e-03
-3.665749216452240944e-03
-1.132528297603130341e-02
1.601085811853408813e-02
5.306815728545188904e-02
9.905172884464263916e-02
1.142729818820953369e-01
1.216407343745231628e-01
1.094581410288810730e-01
9.890855848789215088e-02
1.101161912083625793e-01
-9.999000000000000000e+03
-9.999000000000000000e+03
-9.999000000000000000e+03
-9.999000000000000000e+03
-9.999000000000000000e+03
-9.999000000000000000e+03
-9.999000000000000000e+03
-9.999000000000000000e+03
-9.999000000000000000e+03
-9.999000000000000000e+03
-1.585594713687896729e-01
-2.115103006362915039e-01
-2.047330737113952637e-01
-1.470492035150527954e-01
-9.225620329380035400e-02
-7.395593822002410889e-02
-4.097958654165267944e-02
-1.604859903454780579e-02
-4.120870027691125870e-03
-6.665092892944812775e-03
-1.421183347702026367e-03
-1.184295304119586945e-02
9.094204753637313843e-03
6.968340277671813965e-02
8.815488219261169434e-02
1.081532686948776245e-01
1.209444254636764526e-01
1.175861135125160217e-01
6.012403219938278198e-02
6.260313838720321655e-02
-9.999000000000000000e+03
-9.999000000000000000e+03
-9.999000000000000000e+03
-9.999000000000000000e+03
-9.999000000000000000e+03
-9.999000000000000000e+03
-9.999000000000000000e+03
-9.999000000000000000e+03
-9.999000000000000000e+03
-9.999000000000000000e+03
-9.999000000000000000e+03
-9.999000000000000000e+03
-1.290687620639801025e-01
-1.622472405433654785e-01
-1.048133894801139832e-01
-9.097475558519363403e-02
-9.308700263500213623e-02
-7.230627536773681641e-02
-2.855978906154632568e-02
-8.078571408987045288e-03
4.593134392052888870e-03
-3.619778435677289963e-03
1.250013895332813263e-02
5.368117988109588623e-02
9.532801806926727295e-02
9.598150849342346191e-02
1.118100136518478394e-01
9.737800061702728271e-02
1.090098097920417786e-01
-9.999000000000000000e+03
-9.999000000000000000e+03
-9.999000000000000000e+03
-9.999000000000000000e+03
-9.999000000000000000e+03
-9.999000000000000000e+03
-9.999000000000000000e+03
-9.999000000000000000e+03
-9.999000000000000000e+03
-9.999000000000000000e+03
-9.999000000000000000e+03
-9.999000000000000000e+03
-9.999000000000000000e+03
-9.999000000000000000e+03
-9.999000000000000000e+03
-1.066691279411315918e-01
-7.696719467639923096e-02
-9.999000000000000000e+03
-8.204865455627441406e-02
-7.990560680627822876e-02
-4.367635399103164673e-02
-8.582746610045433044e-03
5.636580288410186768e-03
-7.237058598548173904e-04
5.630404502153396606e-02
1.064300537109375000e-01
1.006738543510437012e-01
9.995228052139282227e-02
1.001515910029411316e-01
7.367754727602005005e-02
-9.999000000000000000e+03
-9.999000000000000000e+03
-9.999000000000000000e+03
-9.999000000000000000e+03
-9.999000000000000000e+03
-9.999000000000000000e+03
-9.999000000000000000e+03
-9.999000000000000000e+03
-9.999000000000000000e+03
-9.999000000000000000e+03
-9.999000000000000000e+03
-9.999000000000000000e+03
-9.999000000000000000e+03
-9.999000000000000000e+03
-9.999000000000000000e+03
-9.999000000000000000e+03
-2.622218057513237000e-02
-1.208480633795261383e-02
-9.999000000000000000e+03
-9.999000000000000000e+03
-8.446432650089263916e-02
-5.909629166126251221e-02
-1.724236831068992615e-02
5.820302292704582214e-03
4.521692544221878052e-02
8.314858376979827881e-02
1.052851155400276184e-01
9.205736219882965088e-02
8.381316810846328735e-02
3.309285268187522888e-02
-9.999000000000000000e+03
-9.999000000000000000e+03
-9.999000000000000000e+03
-9.999000000000000000e+03
-9.999000000000000000e+03
-9.999000000000000000e+03
-9.999000000000000000e+03
-9.999000000000000000e+03
-9.999000000000000000e+03
-9.999000000000000000e+03
-9.999000000000000000e+03
-9.999000000000000000e+03
-9.999000000000000000e+03
-9.999000000000000000e+03
-9.999000000000000000e+03
-9.999000000000000000e+03
-9.999000000000000000e+03
8.171413093805313110e-03
3.385185450315475464e-02
-9.999000000000000000e+03
-9.999000000000000000e+03
-5.664286017417907715e-02
-5.869449675083160400e-02
-3.002397902309894562e-02
1.872626505792140961e-02
8.160323649644851685e-02
9.269011020660400391e-02
9.475251287221908569e-02
8.282799273729324341e-02
6.448406726121902466e-02
4.212373867630958557e-02
-9.999000000000000000e+03
-9.999000000000000000e+03
-9.999000000000000000e+03
-9.999000000000000000e+03
-9.999000000000000000e+03
-9.999000000000000000e+03
-9.999000000000000000e+03
-9.999000000000000000e+03
-9.999000000000000000e+03
-9.999000000000000000e+03
-9.999000000000000000e+03
-9.999000000000000000e+03
-9.999000000000000000e+03
-9.999000000000000000e+03
-9.999000000000000000e+03
-9.999000000000000000e+03
-9.999000000000000000e+03
-9.999000000000000000e+03
-9.999000000000000000e+03
-9.999000000000000000e+03
-9.999000000000000000e+03
-4.022931680083274841e-02
-7.047011703252792358e-02
-4.320218786597251892e-02
1.718706637620925903e-02
5.014921724796295166e-02
7.608623802661895752e-02
9.247298538684844971e-02
9.566003084182739258e-02
6.122864037752151489e-02
4.193449392914772034e-02
-9.999000000000000000e+03
-9.999000000000000000e+03
-9.999000000000000000e+03
-9.999000000000000000e+03
-9.999000000000000000e+03
-9.999000000000000000e+03
-9.999000000000000000e+03
-9.999000000000000000e+03
-9.999000000000000000e+03
-9.999000000000000000e+03
-9.999000000000000000e+03
-9.999000000000000000e+03
-9.999000000000000000e+03
-9.999000000000000000e+03
-9.999000000000000000e+03
-9.999000000000000000e+03
-9.999000000000000000e+03
-9.999000000000000000e+03
-9.999000000000000000e+03
-9.999000000000000000e+03
-9.999000000000000000e+03
-9.999000000000000000e+03
-6.021415442228317261e-02
-6.718741357326507568e-02
-4.763539880514144897e-03
-1.986449770629405975e-02
3.079758025705814362e-02
9.235887974500656128e-02
1.268542557954788208e-01
7.888294756412506104e-02
-9.999000000000000000e+03
-9.999000000000000000e+03
-9.999000000000000000e+03
-9.999000000000000000e+03
-9.999000000000000000e+03
-9.999000000000000000e+03
-9.999000000000000000e+03
-9.999000000000000000e+03
-9.999000000000000000e+03
-9.999000000000000000e+03
-9.999000000000000000e+03
-9.999000000000000000e+03
-9.999000000000000000e+03
-9.999000000000000000e+03
-9.999000000000000000e+03
-9.999000000000000000e+03
-9.999000000000000000e+03
-9.999000000000000000e+03
-9.999000000000000000e+03
-9.999000000000000000e+03
-9.999000000000000000e+03
-9.999000000000000000e+03
-9.999000000000000000e+03
-6.040031090378761292e-02
-5.209549888968467712e-02
-5.042012035846710205e-02
-7.533945888280868530e-02
3.943013492971658707e-03
8.707692474126815796e-02
1.362018585205078125e-01
6.588598340749740601e-02
2.364981174468994141e-02
-9.999000000000000000e+03
-9.999000000000000000e+03
-9.999000000000000000e+03
-9.999000000000000000e+03
-9.999000000000000000e+03
-9.999000000000000000e+03
-9.999000000000000000e+03
-9.999000000000000000e+03
-9.999000000000000000e+03
-9.999000000000000000e+03
-9.999000000000000000e+03
-9.999000000000000000e+03
-9.999000000000000000e+03
-9.999000000000000000e+03
-9.999000000000000000e+03
-9.999000000000000000e+03
-9.999000000000000000e+03
-9.999000000000000000e+03
-9.999000000000000000e+03
-9.999000000000000000e+03
-9.999000000000000000e+03
-9.999000000000000000e+03
-9.999000000000000000e+03
-4.004337638616561890e-02
-6.531362235546112061e-02
-5.658007785677909851e-02
-1.900221221148967743e-03
8.372117765247821808e-03
-3.670774400234222412e-02
-5.917029920965433121e-03
5.595234781503677368e-02
-9.999000000000000000e+03
-9.999000000000000000e+03
-9.999000000000000000e+03
-9.999000000000000000e+03
-9.999000000000000000e+03
-9.999000000000000000e+03
-9.999000000000000000e+03
-9.999000000000000000e+03
-9.999000000000000000e+03
-9.999000000000000000e+03
-9.999000000000000000e+03
-9.999000000000000000e+03
-9.999000000000000000e+03
-9.999000000000000000e+03
-9.999000000000000000e+03
-9.999000000000000000e+03
-9.999000000000000000e+03
-9.999000000000000000e+03
-9.999000000000000000e+03
-9.999000000000000000e+03
-9.999000000000000000e+03
-9.999000000000000000e+03
-9.999000000000000000e+03
-3.289964795112609863e-02
-5.379537492990493774e-02
-4.817862436175346375e-02
-5.119074508547782898e-02
-1.274832338094711304e-01
-1.768532693386077881e-01
-1.184589713811874390e-01
-1.475038193166255951e-02
4.231284931302070618e-02
-9.999000000000000000e+03
-9.999000000000000000e+03
-9.999000000000000000e+03
-9.999000000000000000e+03
-9.999000000000000000e+03
-9.999000000000000000e+03
-9.999000000000000000e+03
-9.999000000000000000e+03
-9.999000000000000000e+03
-9.999000000000000000e+03
-9.999000000000000000e+03
-9.999000000000000000e+03
-9.999000000000000000e+03
-9.999000000000000000e+03
-9.999000000000000000e+03
-9.999000000000000000e+03
-9.999000000000000000e+03
-9.999000000000000000e+03
-9.999000000000000000e+03
-9.999000000000000000e+03
-9.999000000000000000e+03
-9.999000000000000000e+03
2.611679024994373322e-02
-2.274223137646913528e-03
-2.359459735453128815e-02
-6.798832118511199951e-02
-1.166406124830245972e-01
-1.575703918933868408e-01
-1.164729222655296326e-01
-1.110811252146959305e-02
7.500825077295303345e-02
-9.693332947790622711e-03
-5.268111824989318848e-02
2.576664788648486137e-03
1.497736852616071701e-02
-9.999000000000000000e+03
-9.999000000000000000e+03
-9.999000000000000000e+03
-9.999000000000000000e+03
-9.999000000000000000e+03
-9.999000000000000000e+03
-9.999000000000000000e+03
-9.999000000000000000e+03
-9.999000000000000000e+03
-9.999000000000000000e+03
-9.999000000000000000e+03
-9.999000000000000000e+03
-9.999000000000000000e+03
-9.999000000000000000e+03
-9.999000000000000000e+03
-9.999000000000000000e+03
-9.999000000000000000e+03
3.736127540469169617e-02
4.990825057029724121e-02
5.267255753278732300e-02
-6.996837910264730453e-04
-6.074873730540275574e-02
-9.602045267820358276e-02
-1.027337759733200073e-01
-8.987443894147872925e-02
-4.265014827251434326e-02
2.826963551342487335e-02
-6.719144992530345917e-03
3.176463022828102112e-02
1.561210304498672485e-02
1.559828501194715500e-02
-9.999000000000000000e+03
-9.999000000000000000e+03
-9.999000000000000000e+03
-9.999000000000000000e+03
-9.999000000000000000e+03
-9.999000000000000000e+03
-9.999000000000000000e+03
-9.999000000000000000e+03
-9.999000000000000000e+03
-9.999000000000000000e+03
-9.999000000000000000e+03
-9.999000000000000000e+03
-9.999000000000000000e+03
-9.999000000000000000e+03
-9.999000000000000000e+03
5.591529607772827148e-02
4.283432662487030029e-02
3.403536230325698853e-02
4.944731667637825012e-02
3.311657533049583435e-02
-1.235734019428491592e-02
-4.675105586647987366e-02
-6.898617744445800781e-02
-9.177512675523757935e-02
-8.997607976198196411e-02
-6.190548464655876160e-02
-6.568884477019309998e-03
5.423673614859580994e-02
8.572911471128463745e-02
-9.999000000000000000e+03
-9.999000000000000000e+03
-9.999000000000000000e+03
-9.999000000000000000e+03
-9.999000000000000000e+03
-9.999000000000000000e+03
-9.999000000000000000e+03
-9.999000000000000000e+03
-9.999000000000000000e+03
-9.999000000000000000e+03
-9.999000000000000000e+03
-9.999000000000000000e+03
-9.999000000000000000e+03
-9.999000000000000000e+03
-9.999000000000000000e+03
-9.999000000000000000e+03
4.282927140593528748e-02
6.860882043838500977e-02
7.493501156568527222e-02
5.132701620459556580e-02
3.045624494552612305e-02
1.505092368461191654e-03
-3.833127021789550781e-02
-3.483713790774345398e-02
-3.851569443941116333e-02
-5.180570855736732483e-02
-7.346833497285842896e-02
-7.690733671188354492e-02
-2.618104591965675354e-02
8.583164215087890625e-02
-9.999000000000000000e+03
-9.999000000000000000e+03
-9.999000000000000000e+03
-9.999000000000000000e+03
-9.999000000000000000e+03
-9.999000000000000000e+03
-9.999000000000000000e+03
-9.999000000000000000e+03
-9.999000000000000000e+03
-9.999000000000000000e+03
-9.999000000000000000e+03
-9.999000000000000000e+03
-9.999000000000000000e+03
-9.999000000000000000e+03
-9.999000000000000000e+03
-9.999000000000000000e+03
-9.999000000000000000e+03
6.699753552675247192e-02
7.151053100824356079e-02
9.062046557664871216e-02
4.101144522428512573e-02
-8.984861895442008972e-03
-4.037591069936752319e-02
-5.647029355168342590e-02
-4.013991728425025940e-02
-1.418999396264553070e-02
-2.407499030232429504e-02
-4.271966218948364258e-02
-5.221776664257049561e-02
-8.982910774648189545e-03
6.248632818460464478e-02
-9.999000000000000000e+03
-9.999000000000000000e+03
-9.999000000000000000e+03
-9.999000000000000000e+03
-9.999000000000000000e+03
-9.999000000000000000e+03
-9.999000000000000000e+03
-9.999000000000000000e+03
-9.999000000000000000e+03
-9.999000000000000000e+03
-9.999000000000000000e+03
-9.999000000000000000e+03
-9.999000000000000000e+03
-9.999000000000000000e+03
-9.999000000000000000e+03
-9.999000000000000000e+03
-9.999000000000000000e+03
8.091217279434204102e-02
1.041902601718902588e-01
9.182682633399963379e-02
4.430278763175010681e-02
-1.449424959719181061e-02
-6.830017268657684326e-02
-7.215850055217742920e-02
-4.060819372534751892e-02
-1.902240142226219177e-02
-2.572332881391048431e-02
-4.564382880926132202e-02
-3.755852952599525452e-02
5.145551171153783798e-03
-9.999000000000000000e+03
-9.999000000000000000e+03
-9.999000000000000000e+03
-9.999000000000000000e+03
-9.999000000000000000e+03
-9.999000000000000000e+03
-9.999000000000000000e+03
-9.999000000000000000e+03
-9.999000000000000000e+03
-9.999000000000000000e+03
-9.999000000000000000e+03
-9.999000000000000000e+03
-9.999000000000000000e+03
-9.999000000000000000e+03
-9.999000000000000000e+03
-9.999000000000000000e+03
-9.999000000000000000e+03
-9.999000000000000000e+03
9.596442431211471558e-02
1.133769378066062927e-01
6.884637475013732910e-02
1.788460277020931244e-02
-4.146233201026916504e-02
-8.167544752359390259e-02
-8.582843840122222900e-02
-6.043995916843414307e-02
-3.664749488234519958e-02
-3.152688220143318176e-02
-2.916589379310607910e-02
-2.864096313714981079e-02
-9.999000000000000000e+03
-9.999000000000000000e+03
-9.999000000000000000e+03
-9.999000000000000000e+03
-9.999000000000000000e+03
-9.999000000000000000e+03
-9.999000000000000000e+03
-9.999000000000000000e+03
-9.999000000000000000e+03
-9.999000000000000000e+03
-9.999000000000000000e+03
-9.999000000000000000e+03
-9.999000000000000000e+03
-9.999000000000000000e+03
-9.999000000000000000e+03
-9.999000000000000000e+03
-9.999000000000000000e+03
-9.999000000000000000e+03
-9.999000000000000000e+03
9.265953302383422852e-02
8.691816776990890503e-02
5.104370787739753723e-02
5.252836737781763077e-03
-8.631369471549987793e-02
-8.669228106737136841e-02
-6.892010569572448730e-02
-4.751083254814147949e-02
-4.424577578902244568e-02
-3.199575096368789673e-02
-9.999000000000000000e+03
-9.999000000000000000e+03
-9.999000000000000000e+03
-9.999000000000000000e+03
-9.999000000000000000e+03
-9.999000000000000000e+03
-9.999000000000000000e+03
-9.999000000000000000e+03
-9.999000000000000000e+03
-9.999000000000000000e+03
-9.999000000000000000e+03
-9.999000000000000000e+03
-9.999000000000000000e+03
-9.999000000000000000e+03
-9.999000000000000000e+03
-9.999000000000000000e+03
-9.999000000000000000e+03
-9.999000000000000000e+03
-9.999000000000000000e+03
-9.999000000000000000e+03
-9.999000000000000000e+03
6.439642608165740967e-02
4.018758982419967651e-02
2.181542292237281799e-02
-3.589715808629989624e-02
-6.874451041221618652e-02
-6.273116916418075562e-02
-9.999000000000000000e+03
-9.999000000000000000e+03
-9.999000000000000000e+03
-9.999000000000000000e+03
-9.999000000000000000e+03
-9.999000000000000000e+03
-9.999000000000000000e+03
-9.999000000000000000e+03
-9.999000000000000000e+03
-9.999000000000000000e+03
-9.999000000000000000e+03
-9.999000000000000000e+03
-9.999000000000000000e+03
-9.999000000000000000e+03
-9.999000000000000000e+03
-9.999000000000000000e+03
-9.999000000000000000e+03
-9.999000000000000000e+03
-9.999000000000000000e+03
-9.999000000000000000e+03
-9.999000000000000000e+03
-9.999000000000000000e+03
-9.999000000000000000e+03
-9.999000000000000000e+03
-9.999000000000000000e+03
7.966552861034870148e-03
1.639773696660995483e-02
1.155059598386287689e-02
-9.999000000000000000e+03
-9.999000000000000000e+03
-9.999000000000000000e+03
-9.999000000000000000e+03
-9.999000000000000000e+03
-9.999000000000000000e+03
-9.999000000000000000e+03
-9.999000000000000000e+03
-9.999000000000000000e+03
-9.999000000000000000e+03
-9.999000000000000000e+03
-9.999000000000000000e+03
-9.999000000000000000e+03
-9.999000000000000000e+03
-9.999000000000000000e+03
-9.999000000000000000e+03
-9.999000000000000000e+03
-9.999000000000000000e+03
-9.999000000000000000e+03
-9.999000000000000000e+03
-9.999000000000000000e+03
-9.999000000000000000e+03
-9.999000000000000000e+03
-9.999000000000000000e+03
-9.999000000000000000e+03
-9.999000000000000000e+03
-9.999000000000000000e+03
-9.999000000000000000e+03
