8.475836366415023804e-02
8.894532918930053711e-02
6.815727800130844116e-02
5.086845532059669495e-02
7.008209824562072754e-02
6.121017783880233765e-02
6.048394367098808289e-02
5.455446615815162659e-02
2.177014388144016266e-02
1.109672617167234421e-02
-1.662991382181644440e-02
-9.999000000000000000e+03
-9.999000000000000000e+03
-9.999000000000000000e+03
-9.999000000000000000e+03
-9.999000000000000000e+03
-9.999000000000000000e+03
-9.999000000000000000e+03
-9.999000000000000000e+03
-9.999000000000000000e+03
-9.999000000000000000e+03
-9.999000000000000000e+03
-9.999000000000000000e+03
3.216880559921264648e-02
7.916355133056640625e-02
8.713044226169586182e-02
1.127033084630966187e-01
1.428625583648681641e-01
1.616522073745727539e-01
1.626978218555450439e-01
1.721399873495101929e-01
3.066553361713886261e-02
3.122082352638244629e-02
1.043452788144350052e-02
-8.395274169743061066e-03
1.001990167424082756e-03
-6.770367268472909927e-03
-5.100836511701345444e-03
-5.584662780165672302e-03
-1.862755231559276581e-02
-1.146965008229017258e-02
1.881453790701925755e-03
1.302417833358049393e-02
-9.999000000000000000e+03
-9.999000000000000000e+03
-9.999000000000000000e+03
-9.999000000000000000e+03
-9.999000000000000000e+03
-9.999000000000000000e+03
-9.999000000000000000e+03
-9.999000000000000000e+03
-9.999000000000000000e+03
6.654696911573410034e-02
9.497160464525222778e-02
8.663742244243621826e-02
1.110730767250061035e-01
1.085797324776649475e-01
1.182257831096649170e-01
1.451055407524108887e-01
1.515324413776397705e-01
1.704273372888565063e-01
1.806441098451614380e-01
-1.533702295273542404e-02
-1.817008480429649353e-02
-4.339277371764183044e-02
-6.065304204821586609e-02
-5.170455947518348694e-02
-4.968563467264175415e-02
-4.056080803275108337e-02
-3.461312875151634216e-02
-3.547175228595733643e-02
-2.362091653048992157e-02
-3.361946204677224159e-03
7.178970612585544586e-03
-9.999000000000000000e+03
-9.999000000000000000e+03
-9.999000000000000000e+03
-9.999000000000000000e+03
-9.999000000000000000e+03
-9.999000000000000000e+03
-9.999000000000000000e+03
1.140549629926681519e-01
1.148974597454071045e-01
1.344627737998962402e-01
1.336099505424499512e-01
1.159144416451454163e-01
9.657128155231475830e-02
7.941652834415435791e-02
8.942721784114837646e-02
8.564972132444381714e-02
1.047978848218917847e-01
1.373645067214965820e-01
1.465300172567367554e-01
-5.314401537179946899e-02
-5.355907976627349854e-02
-6.460260599851608276e-02
-8.185442537069320679e-02
-8.620195835828781128e-02
-8.064574748277664185e-02
-6.837259978055953979e-02
-5.396697670221328735e-02
-4.961195588111877441e-02
-3.613796457648277283e-02
-2.238174155354499817e-02
-9.556057862937450409e-03
5.136083811521530151e-03
-9.999000000000000000e+03
-9.999000000000000000e+03
-9.999000000000000000e+03
7.428835332393646240e-02
1.113910153508186340e-01
1.521754860877990723e-01
1.563134938478469849e-01
1.446411609649658203e-01
1.256286948919296265e-01
8.536708354949951172e-02
7.429961860179901123e-02
2.982721291482448578e-02
-1.202504802495241165e-02
6.208914797753095627e-03
3.361286129802465439e-03
3.015894256532192230e-02
7.273747771978378296e-02
9.962971508502960205e-02
-8.030690252780914307e-02
-8.326689153909683228e-02
-8.652108907699584961e-02
-9.661003947257995605e-02
-1.021667271852493286e-01
-9.962326288223266602e-02
-8.370807766914367676e-02
-6.963813304901123047e-02
-7.428179681301116943e-02
-5.793761834502220154e-02
-3.152671083807945251e-02
-7.976921275258064270e-03
1.020937319844961166e-02
2.417640015482902527e-02
7.392516732215881348e-02
8.838555216789245605e-02
9.175115078687667847e-02
9.003334492444992065e-02
1.029291078448295593e-01
7.509708404541015625e-02
6.540522724390029907e-02
2.848456799983978271e-02
-4.435165598988533020e-02
-4.207652434706687927e-02
-7.131087034940719604e-02
-7.656018435955047607e-02
-5.702869594097137451e-02
-4.538282006978988647e-02
-9.075867943465709686e-03
3.879655897617340088e-02
7.394456863403320312e-02
-8.481997251510620117e-02
-9.821784496307373047e-02
-1.034623533487319946e-01
-1.114163994789123535e-01
-1.141573414206504822e-01
-1.117893084883689880e-01
-9.742157906293869019e-02
-8.337074518203735352e-02
-8.166836202144622803e-02
-5.900401994585990906e-02
-2.109245955944061279e-02
6.858682725578546524e-03
2.800113707780838013e-02
5.549557134509086609e-02
6.510052084922790527e-02
6.216078251600265503e-02
3.205716609954833984e-02
-7.993034087121486664e-03
-2.176924794912338257e-02
-7.066655158996582031e-02
-8.511214703321456909e-02
-9.497998654842376709e-02
-1.228069812059402466e-01
-1.157266795635223389e-01
-1.108507215976715088e-01
-7.970841228961944580e-02
-6.884685158729553223e-02
-5.956538021564483643e-02
-3.806784003973007202e-02
-3.739546285942196846e-03
2.376793511211872101e-02
-7.253677397966384888e-02
-9.409324824810028076e-02
-1.128939688205718994e-01
-1.255873143672943115e-01
-1.304560899734497070e-01
-1.309367716312408447e-01
-1.081535518169403076e-01
-8.524686843156814575e-02
-5.844832211732864380e-02
-3.171700984239578247e-02
-6.953507661819458008e-03
7.549449335783720016e-03
2.511747367680072784e-02
4.576764628291130066e-02
9.937175549566745758e-03
-1.766743138432502747e-02
-5.926185473799705505e-02
-9.037332981824874878e-02
-9.779717773199081421e-02
-1.301977485418319702e-01
-1.444069594144821167e-01
-1.478758156299591064e-01
-1.320574730634689331e-01
-1.175128892064094543e-01
-9.867501258850097656e-02
-8.298761397600173950e-02
-6.517834961414337158e-02
-6.319007277488708496e-02
-5.692762136459350586e-02
-3.241953998804092407e-02
-1.838094927370548248e-02
-4.887709766626358032e-02
-7.502564787864685059e-02
-1.016484722495079041e-01
-1.141875535249710083e-01
-1.251029670238494873e-01
-1.148302853107452393e-01
-8.905698359012603760e-02
-6.339070945978164673e-02
-2.468063868582248688e-02
-1.231731008738279343e-02
-8.918071165680885315e-03
-7.326628081500530243e-03
-8.051159791648387909e-03
-1.946487650275230408e-02
-6.099377572536468506e-02
-8.329491317272186279e-02
-1.199243143200874329e-01
-1.431916952133178711e-01
-1.488322317600250244e-01
-1.550467759370803833e-01
-1.479665786027908325e-01
-1.403114795684814453e-01
-1.139240190386772156e-01
-9.056695550680160522e-02
-7.965735346078872681e-02
-9.174957871437072754e-02
-8.411278575658798218e-02
-7.835887372493743896e-02
-7.270825654268264771e-02
-6.064965575933456421e-02
-6.010575965046882629e-02
-4.975268244743347168e-02
-5.685643106698989868e-02
-6.707694381475448608e-02
-6.338064372539520264e-02
-7.449342310428619385e-02
-6.729711592197418213e-02
-4.976457357406616211e-02
-2.622679807245731354e-02
-7.242261432111263275e-03
-7.524900138378143311e-03
-1.456176955252885818e-02
-3.270763531327247620e-02
-6.595526635646820068e-02
-1.070123016834259033e-01
-1.436493694782257080e-01
-1.489739716053009033e-01
-1.627595871686935425e-01
-1.663875579833984375e-01
-1.649852544069290161e-01
-1.515222191810607910e-01
-1.180297806859016418e-01
-9.497959166765213013e-02
-6.346551328897476196e-02
-5.661689490079879761e-02
-4.016120359301567078e-02
-7.860166579484939575e-02
-9.073445200920104980e-02
-9.985587745904922485e-02
-1.036495119333267212e-01
-9.796000272035598755e-02
-1.073353290557861328e-01
-8.027886599302291870e-02
-5.659535154700279236e-02
-2.517748810350894928e-02
-1.548294164240360260e-02
-3.174178069457411766e-03
3.444396657869219780e-03
3.952506929636001587e-03
4.147605504840612411e-04
1.201954577118158340e-02
-1.439991313964128494e-02
-4.802714288234710693e-02
-8.972049504518508911e-02
-1.207524091005325317e-01
-1.431587338447570801e-01
-1.683480292558670044e-01
-1.736266165971755981e-01
-1.821774989366531372e-01
-1.239482089877128601e-01
-1.409418135881423950e-01
-1.069873273372650146e-01
-8.096487820148468018e-02
-9.999000000000000000e+03
-9.999000000000000000e+03
-9.999000000000000000e+03
-9.999000000000000000e+03
-9.999000000000000000e+03
-9.999000000000000000e+03
-1.107813492417335510e-01
-1.098321080207824707e-01
-1.380364596843719482e-01
-1.645594984292984009e-01
-8.670082688331604004e-02
-6.818328797817230225e-02
-3.719742596149444580e-02
-2.146824076771736145e-02
-5.863611120730638504e-03
1.468915212899446487e-02
1.130109466612339020e-02
1.674101501703262329e-02
4.491681698709726334e-03
-3.608650714159011841e-02
-7.391453534364700317e-02
-1.251900047063827515e-01
-1.492031812667846680e-01
-1.626541763544082642e-01
-1.700212508440017700e-01
-1.499627083539962769e-01
-1.260236054658889771e-01
-9.999000000000000000e+03
-9.999000000000000000e+03
-9.999000000000000000e+03
-9.999000000000000000e+03
-9.999000000000000000e+03
-9.999000000000000000e+03
-9.999000000000000000e+03
-9.999000000000000000e+03
-9.999000000000000000e+03
-9.999000000000000000e+03
-6.363158673048019409e-02
-1.055105775594711304e-01
-1.499785482883453369e-01
-1.832344084978103638e-01
-9.460794925689697266e-02
-9.901139140129089355e-02
-7.939374446868896484e-02
-5.845587328076362610e-02
-3.601882234215736389e-02
-2.120365947484970093e-02
-2.498471923172473907e-02
-1.343832165002822876e-02
-3.937929496169090271e-02
-9.270488470792770386e-02
-1.227700263261795044e-01
-1.445166170597076416e-01
-1.456065177917480469e-01
-1.550649553537368774e-01
-9.665887802839279175e-02
-1.060093715786933899e-01
-9.999000000000000000e+03
-9.999000000000000000e+03
-9.999000000000000000e+03
-9.999000000000000000e+03
-9.999000000000000000e+03
-9.999000000000000000e+03
-9.999000000000000000e+03
-9.999000000000000000e+03
-9.999000000000000000e+03
-9.999000000000000000e+03
-9.999000000000000000e+03
-9.999000000000000000e+03
-6.959565728902816772e-02
-1.579939723014831543e-01
-2.078766971826553345e-01
-1.395399421453475952e-01
-1.174622848629951477e-01
-1.010525971651077271e-01
-8.048212528228759766e-02
-6.345842033624649048e-02
-6.327994912862777710e-02
-7.425354421138763428e-02
-7.645609229803085327e-02
-1.014168411493301392e-01
-1.222318410873413086e-01
-1.399815082550048828e-01
-1.303767114877700806e-01
-9.411707520484924316e-02
-1.054065003991127014e-01
-9.999000000000000000e+03
-9.999000000000000000e+03
-9.999000000000000000e+03
-9.999000000000000000e+03
-9.999000000000000000e+03
-9.999000000000000000e+03
-9.999000000000000000e+03
-9.999000000000000000e+03
-9.999000000000000000e+03
-9.999000000000000000e+03
-9.999000000000000000e+03
-9.999000000000000000e+03
-9.999000000000000000e+03
-9.999000000000000000e+03
-9.999000000000000000e+03
-1.245803013443946838e-01
-1.839029043912887573e-01
-9.999000000000000000e+03
-6.219770759344100952e-02
-7.992347329854965210e-02
-7.655469328165054321e-02
-7.865444570779800415e-02
-8.746011555194854736e-02
-1.123481392860412598e-01
-1.168149337172508240e-01
-1.257822513580322266e-01
-9.848196059465408325e-02
-9.154459834098815918e-02
-7.432666420936584473e-02
-6.890893727540969849e-02
-9.999000000000000000e+03
-9.999000000000000000e+03
-9.999000000000000000e+03
-9.999000000000000000e+03
-9.999000000000000000e+03
-9.999000000000000000e+03
-9.999000000000000000e+03
-9.999000000000000000e+03
-9.999000000000000000e+03
-9.999000000000000000e+03
-9.999000000000000000e+03
-9.999000000000000000e+03
-9.999000000000000000e+03
-9.999000000000000000e+03
-9.999000000000000000e+03
-9.999000000000000000e+03
-9.557251632213592529e-02
-1.365438848733901978e-01
-9.999000000000000000e+03
-9.999000000000000000e+03
-5.016484856605529785e-02
-6.626269966363906860e-02
-7.683047652244567871e-02
-8.881845325231552124e-02
-9.823318570852279663e-02
-1.084343865513801575e-01
-9.379902482032775879e-02
-5.650194361805915833e-02
-3.778844699263572693e-02
-2.459676750004291534e-02
-9.999000000000000000e+03
-9.999000000000000000e+03
-9.999000000000000000e+03
-9.999000000000000000e+03
-9.999000000000000000e+03
-9.999000000000000000e+03
-9.999000000000000000e+03
-9.999000000000000000e+03
-9.999000000000000000e+03
-9.999000000000000000e+03
-9.999000000000000000e+03
-9.999000000000000000e+03
-9.999000000000000000e+03
-9.999000000000000000e+03
-9.999000000000000000e+03
-9.999000000000000000e+03
-9.999000000000000000e+03
-5.932084843516349792e-02
-9.531852602958679199e-02
-9.999000000000000000e+03
-9.999000000000000000e+03
-2.362162247300148010e-02
-3.649068251252174377e-02
-4.956333711743354797e-02
-5.693311616778373718e-02
-5.427015572786331177e-02
-6.447178870439529419e-02
-7.558006793260574341e-02
-7.324309647083282471e-02
-5.658567696809768677e-02
-5.203146860003471375e-02
-9.999000000000000000e+03
-9.999000000000000000e+03
-9.999000000000000000e+03
-9.999000000000000000e+03
-9.999000000000000000e+03
-9.999000000000000000e+03
-9.999000000000000000e+03
-9.999000000000000000e+03
-9.999000000000000000e+03
-9.999000000000000000e+03
-9.999000000000000000e+03
-9.999000000000000000e+03
-9.999000000000000000e+03
-9.999000000000000000e+03
-9.999000000000000000e+03
-9.999000000000000000e+03
-9.999000000000000000e+03
-9.999000000000000000e+03
-9.999000000000000000e+03
-9.999000000000000000e+03
-9.999000000000000000e+03
-2.571971388533711433e-03
7.142465095967054367e-03
2.513061743229627609e-03
-4.542121663689613342e-03
6.014339625835418701e-03
-1.113777235150337219e-02
-4.867982119321823120e-02
-5.070969089865684509e-02
-5.794542282819747925e-02
-4.697294533252716064e-02
-9.999000000000000000e+03
-9.999000000000000000e+03
-9.999000000000000000e+03
-9.999000000000000000e+03
-9.999000000000000000e+03
-9.999000000000000000e+03
-9.999000000000000000e+03
-9.999000000000000000e+03
-9.999000000000000000e+03
-9.999000000000000000e+03
-9.999000000000000000e+03
-9.999000000000000000e+03
-9.999000000000000000e+03
-9.999000000000000000e+03
-9.999000000000000000e+03
-9.999000000000000000e+03
-9.999000000000000000e+03
-9.999000000000000000e+03
-9.999000000000000000e+03
-9.999000000000000000e+03
-9.999000000000000000e+03
-9.999000000000000000e+03
-2.189391059800982475e-03
7.299160584807395935e-03
3.747818246483802795e-02
6.276484578847885132e-02
6.881490349769592285e-02
5.711588636040687561e-02
8.237654715776443481e-02
3.485747799277305603e-02
-9.999000000000000000e+03
-9.999000000000000000e+03
-9.999000000000000000e+03
-9.999000000000000000e+03
-9.999000000000000000e+03
-9.999000000000000000e+03
-9.999000000000000000e+03
-9.999000000000000000e+03
-9.999000000000000000e+03
-9.999000000000000000e+03
-9.999000000000000000e+03
-9.999000000000000000e+03
-9.999000000000000000e+03
-9.999000000000000000e+03
-9.999000000000000000e+03
-9.999000000000000000e+03
-9.999000000000000000e+03
-9.999000000000000000e+03
-9.999000000000000000e+03
-9.999000000000000000e+03
-9.999000000000000000e+03
-9.999000000000000000e+03
-9.999000000000000000e+03
1.320521999150514603e-02
1.384144835174083710e-02
1.943816244602203369e-02
4.286849126219749451e-02
1.047363877296447754e-01
9.499618411064147949e-02
1.810612976551055908e-01
2.130172997713088989e-01
1.497224867343902588e-01
-9.999000000000000000e+03
-9.999000000000000000e+03
-9.999000000000000000e+03
-9.999000000000000000e+03
-9.999000000000000000e+03
-9.999000000000000000e+03
-9.999000000000000000e+03
-9.999000000000000000e+03
-9.999000000000000000e+03
-9.999000000000000000e+03
-9.999000000000000000e+03
-9.999000000000000000e+03
-9.999000000000000000e+03
-9.999000000000000000e+03
-9.999000000000000000e+03
-9.999000000000000000e+03
-9.999000000000000000e+03
-9.999000000000000000e+03
-9.999000000000000000e+03
-9.999000000000000000e+03
-9.999000000000000000e+03
-9.999000000000000000e+03
-9.999000000000000000e+03
3.539266996085643768e-03
2.154923276975750923e-03
2.884126454591751099e-02
6.179926544427871704e-02
1.070965453982353210e-01
1.099460050463676453e-01
2.054550647735595703e-01
1.868691742420196533e-01
-9.999000000000000000e+03
-9.999000000000000000e+03
-9.999000000000000000e+03
-9.999000000000000000e+03
-9.999000000000000000e+03
-9.999000000000000000e+03
-9.999000000000000000e+03
-9.999000000000000000e+03
-9.999000000000000000e+03
-9.999000000000000000e+03
-9.999000000000000000e+03
-9.999000000000000000e+03
-9.999000000000000000e+03
-9.999000000000000000e+03
-9.999000000000000000e+03
-9.999000000000000000e+03
-9.999000000000000000e+03
-9.999000000000000000e+03
-9.999000000000000000e+03
-9.999000000000000000e+03
-9.999000000000000000e+03
-9.999000000000000000e+03
-9.999000000000000000e+03
-1.720381900668144226e-02
-7.109938189387321472e-03
4.423262085765600204e-03
-5.339769273996353149e-02
-3.883264586329460144e-02
-6.528410315513610840e-02
5.463402252644300461e-03
1.083298921585083008e-01
1.506940573453903198e-01
-9.999000000000000000e+03
-9.999000000000000000e+03
-9.999000000000000000e+03
-9.999000000000000000e+03
-9.999000000000000000e+03
-9.999000000000000000e+03
-9.999000000000000000e+03
-9.999000000000000000e+03
-9.999000000000000000e+03
-9.999000000000000000e+03
-9.999000000000000000e+03
-9.999000000000000000e+03
-9.999000000000000000e+03
-9.999000000000000000e+03
-9.999000000000000000e+03
-9.999000000000000000e+03
-9.999000000000000000e+03
-9.999000000000000000e+03
-9.999000000000000000e+03
-9.999000000000000000e+03
-9.999000000000000000e+03
-9.999000000000000000e+03
-4.453768581151962280e-02
-6.474944204092025757e-02
-7.947011291980743408e-02
-8.095976710319519043e-02
-9.122622758150100708e-02
-8.846064656972885132e-02
-6.762490421533584595e-02
-5.127380415797233582e-02
1.963658630847930908e-02
8.954223245382308960e-02
7.307896763086318970e-02
3.052037581801414490e-02
1.144923549145460129e-02
-9.999000000000000000e+03
-9.999000000000000000e+03
-9.999000000000000000e+03
-9.999000000000000000e+03
-9.999000000000000000e+03
-9.999000000000000000e+03
-9.999000000000000000e+03
-9.999000000000000000e+03
-9.999000000000000000e+03
-9.999000000000000000e+03
-9.999000000000000000e+03
-9.999000000000000000e+03
-9.999000000000000000e+03
-9.999000000000000000e+03
-9.999000000000000000e+03
-9.999000000000000000e+03
-9.999000000000000000e+03
-5.524661764502525330e-02
-5.255766957998275757e-02
-5.448968335986137390e-02
-4.469228163361549377e-02
-3.809669986367225647e-02
-3.328330814838409424e-02
-2.696503698825836182e-02
-3.891522437334060669e-02
-3.462559729814529419e-02
2.201425656676292419e-02
3.285648673772811890e-02
-7.780021522194147110e-03
5.034524365328252316e-04
-4.552650265395641327e-03
-9.999000000000000000e+03
-9.999000000000000000e+03
-9.999000000000000000e+03
-9.999000000000000000e+03
-9.999000000000000000e+03
-9.999000000000000000e+03
-9.999000000000000000e+03
-9.999000000000000000e+03
-9.999000000000000000e+03
-9.999000000000000000e+03
-9.999000000000000000e+03
-9.999000000000000000e+03
-9.999000000000000000e+03
-9.999000000000000000e+03
-9.999000000000000000e+03
-5.951115489006042480e-02
-5.431151762604713440e-02
-9.497873485088348389e-02
-9.229446947574615479e-02
-5.543721467256546021e-02
-2.784816361963748932e-02
-7.653171196579933167e-03
8.664119988679885864e-03
1.681935600936412811e-02
-9.428851306438446045e-03
9.434305131435394287e-03
2.392387762665748596e-02
1.341856271028518677e-02
-2.962107025086879730e-02
-9.999000000000000000e+03
-9.999000000000000000e+03
-9.999000000000000000e+03
-9.999000000000000000e+03
-9.999000000000000000e+03
-9.999000000000000000e+03
-9.999000000000000000e+03
-9.999000000000000000e+03
-9.999000000000000000e+03
-9.999000000000000000e+03
-9.999000000000000000e+03
-9.999000000000000000e+03
-9.999000000000000000e+03
-9.999000000000000000e+03
-9.999000000000000000e+03
-9.999000000000000000e+03
-6.021361425518989563e-02
-9.181714057922363281e-02
-1.075489073991775513e-01
-1.264734715223312378e-01
-1.215179860591888428e-01
-8.828832954168319702e-02
-3.530356287956237793e-02
-7.852731272578239441e-03
8.473510853946208954e-03
4.778687376528978348e-03
-1.941021159291267395e-02
-3.797689080238342285e-02
-6.001066789031028748e-02
-3.382910788059234619e-02
-9.999000000000000000e+03
-9.999000000000000000e+03
-9.999000000000000000e+03
-9.999000000000000000e+03
-9.999000000000000000e+03
-9.999000000000000000e+03
-9.999000000000000000e+03
-9.999000000000000000e+03
-9.999000000000000000e+03
-9.999000000000000000e+03
-9.999000000000000000e+03
-9.999000000000000000e+03
-9.999000000000000000e+03
-9.999000000000000000e+03
-9.999000000000000000e+03
-9.999000000000000000e+03
-9.999000000000000000e+03
-5.947710946202278137e-02
-9.930188953876495361e-02
-1.354746669530868530e-01
-1.248451769351959229e-01
-9.181472659111022949e-02
-7.341279834508895874e-02
-4.629423096776008606e-02
-2.935336530208587646e-02
-5.721833091229200363e-03
1.521021313965320587e-02
4.563735798001289368e-03
-1.707134768366813660e-02
-1.568125933408737183e-02
-3.781139105558395386e-02
-9.999000000000000000e+03
-9.999000000000000000e+03
-9.999000000000000000e+03
-9.999000000000000000e+03
-9.999000000000000000e+03
-9.999000000000000000e+03
-9.999000000000000000e+03
-9.999000000000000000e+03
-9.999000000000000000e+03
-9.999000000000000000e+03
-9.999000000000000000e+03
-9.999000000000000000e+03
-9.999000000000000000e+03
-9.999000000000000000e+03
-9.999000000000000000e+03
-9.999000000000000000e+03
-9.999000000000000000e+03
-8.870667219161987305e-02
-1.105310097336769104e-01
-1.216827407479286194e-01
-1.115675568580627441e-01
-7.454620301723480225e-02
-4.997169971466064453e-02
-3.806620463728904724e-02
-2.706682682037353516e-02
-5.702163558453321457e-03
2.140078134834766388e-02
2.554718777537345886e-02
2.472585625946521759e-02
3.189257159829139709e-02
-9.999000000000000000e+03
-9.999000000000000000e+03
-9.999000000000000000e+03
-9.999000000000000000e+03
-9.999000000000000000e+03
-9.999000000000000000e+03
-9.999000000000000000e+03
-9.999000000000000000e+03
-9.999000000000000000e+03
-9.999000000000000000e+03
-9.999000000000000000e+03
-9.999000000000000000e+03
-9.999000000000000000e+03
-9.999000000000000000e+03
-9.999000000000000000e+03
-9.999000000000000000e+03
-9.999000000000000000e+03
-9.999000000000000000e+03
-8.276498317718505859e-02
-8.820226788520812988e-02
-7.731664180755615234e-02
-7.234355807304382324e-02
-4.725707322359085083e-02
-2.780206501483917236e-02
-1.352581847459077835e-02
1.023828890174627304e-02
1.127619296312332153e-02
1.430678460747003555e-02
1.462702825665473938e-02
1.701953820884227753e-02
-9.999000000000000000e+03
-9.999000000000000000e+03
-9.999000000000000000e+03
-9.999000000000000000e+03
-9.999000000000000000e+03
-9.999000000000000000e+03
-9.999000000000000000e+03
-9.999000000000000000e+03
-9.999000000000000000e+03
-9.999000000000000000e+03
-9.999000000000000000e+03
-9.999000000000000000e+03
-9.999000000000000000e+03
-9.999000000000000000e+03
-9.999000000000000000e+03
-9.999000000000000000e+03
-9.999000000000000000e+03
-9.999000000000000000e+03
-9.999000000000000000e+03
-6.247764453291893005e-02
-4.896244779229164124e-02
-3.526984527707099915e-02
-3.157098963856697083e-02
2.520371600985527039e-02
4.070412367582321167e-02
4.510784894227981567e-02
3.345305845141410828e-02
2.202743478119373322e-02
7.719520479440689087e-03
-9.999000000000000000e+03
-9.999000000000000000e+03
-9.999000000000000000e+03
-9.999000000000000000e+03
-9.999000000000000000e+03
-9.999000000000000000e+03
-9.999000000000000000e+03
-9.999000000000000000e+03
-9.999000000000000000e+03
-9.999000000000000000e+03
-9.999000000000000000e+03
-9.999000000000000000e+03
-9.999000000000000000e+03
-9.999000000000000000e+03
-9.999000000000000000e+03
-9.999000000000000000e+03
-9.999000000000000000e+03
-9.999000000000000000e+03
-9.999000000000000000e+03
-9.999000000000000000e+03
-9.999000000000000000e+03
-4.391661658883094788e-02
2.213637053500860929e-04
3.336896374821662903e-02
5.054457485675811768e-02
6.641185283660888672e-02
6.088946014642715454e-02
-9.999000000000000000e+03
-9.999000000000000000e+03
-9.999000000000000000e+03
-9.999000000000000000e+03
-9.999000000000000000e+03
-9.999000000000000000e+03
-9.999000000000000000e+03
-9.999000000000000000e+03
-9.999000000000000000e+03
-9.999000000000000000e+03
-9.999000000000000000e+03
-9.999000000000000000e+03
-9.999000000000000000e+03
-9.999000000000000000e+03
-9.999000000000000000e+03
-9.999000000000000000e+03
-9.999000000000000000e+03
-9.999000000000000000e+03
-9.999000000000000000e+03
-9.999000000000000000e+03
-9.999000000000000000e+03
-9.999000000000000000e+03
-9.999000000000000000e+03
-9.999000000000000000e+03
-9.999000000000000000e+03
-2.601433917880058289e-02
-6.929054856300354004e-03
4.315960407257080078e-02
-9.999000000000000000e+03
-9.999000000000000000e+03
-9.999000000000000000e+03
-9.999000000000000000e+03
-9.999000000000000000e+03
-9.999000000000000000e+03
-9.999000000000000000e+03
-9.999000000000000000e+03
-9.999000000000000000e+03
-9.999000000000000000e+03
-9.999000000000000000e+03
-9.999000000000000000e+03
-9.999000000000000000e+03
-9.999000000000000000e+03
-9.999000000000000000e+03
-9.999000000000000000e+03
-9.999000000000000000e+03
-9.999000000000000000e+03
-9.999000000000000000e+03
-9.999000000000000000e+03
-9.999000000000000000e+03
-9.999000000000000000e+03
-9.999000000000000000e+03
-9.999000000000000000e+03
-9.999000000000000000e+03
-9.999000000000000000e+03
-9.999000000000000000e+03
-9.999000000000000000e+03
