8.060303330421447754e-02
8.566726744174957275e-02
7.198646664619445801e-02
5.011553317308425903e-02
5.334076285362243652e-02
3.628437966108322144e-02
2.935875952243804932e-02
2.270270325243473053e-02
5.423830822110176086e-03
8.184710517525672913e-03
-3.186509758234024048e-02
-9.999000000000000000e+03
-9.999000000000000000e+03
-9.999000000000000000e+03
-9.999000000000000000e+03
-9.999000000000000000e+03
-9.999000000000000000e+03
-9.999000000000000000e+03
-9.999000000000000000e+03
-9.999000000000000000e+03
-9.999000000000000000e+03
-9.999000000000000000e+03
-9.999000000000000000e+03
1.237647701054811478e-02
4.667859897017478943e-02
6.484095007181167603e-02
1.024245694279670715e-01
1.489028930664062500e-01
1.768011897802352905e-01
1.967733055353164673e-01
1.891178637742996216e-01
1.569866947829723358e-02
2.546885982155799866e-02
1.879318617284297943e-02
3.546117804944515228e-03
-4.727850668132305145e-03
-3.372035920619964600e-02
-3.968580812215805054e-02
-3.353573009371757507e-02
-3.230001032352447510e-02
-1.333306543529033661e-02
-2.196897519752383232e-03
8.022218011319637299e-03
-9.999000000000000000e+03
-9.999000000000000000e+03
-9.999000000000000000e+03
-9.999000000000000000e+03
-9.999000000000000000e+03
-9.999000000000000000e+03
-9.999000000000000000e+03
-9.999000000000000000e+03
-9.999000000000000000e+03
6.987757235765457153e-02
8.614200353622436523e-02
6.670375913381576538e-02
9.088441729545593262e-02
9.090319275856018066e-02
1.160351261496543884e-01
1.399496644735336304e-01
1.503335982561111450e-01
1.685196310281753540e-01
1.755690723657608032e-01
-3.615047782659530640e-02
-3.141501545906066895e-02
-3.908875212073326111e-02
-5.963438749313354492e-02
-6.350024789571762085e-02
-8.274148404598236084e-02
-8.348167687654495239e-02
-6.851554661989212036e-02
-5.420487746596336365e-02
-2.967427670955657959e-02
-2.894459990784525871e-03
7.976756431162357330e-03
-9.999000000000000000e+03
-9.999000000000000000e+03
-9.999000000000000000e+03
-9.999000000000000000e+03
-9.999000000000000000e+03
-9.999000000000000000e+03
-9.999000000000000000e+03
1.123381555080413818e-01
1.109399795532226562e-01
1.323820948600769043e-01
1.225080117583274841e-01
1.002531424164772034e-01
8.397411555051803589e-02
6.800755113363265991e-02
8.209407329559326172e-02
8.199211210012435913e-02
9.861434996128082275e-02
1.361911296844482422e-01
1.464096605777740479e-01
-7.465080171823501587e-02
-7.881212234497070312e-02
-8.831465989351272583e-02
-1.037606894969940186e-01
-1.116720959544181824e-01
-1.232321634888648987e-01
-1.113167703151702881e-01
-9.129396080970764160e-02
-7.267726957798004150e-02
-4.692303016781806946e-02
-2.932897023856639862e-02
-7.829371839761734009e-03
2.633967623114585876e-02
-9.999000000000000000e+03
-9.999000000000000000e+03
-9.999000000000000000e+03
8.225052803754806519e-02
1.191703528165817261e-01
1.553937047719955444e-01
1.427999734878540039e-01
1.276368647813796997e-01
1.061249598860740662e-01
6.603197008371353149e-02
6.000268459320068359e-02
2.542070485651493073e-02
-2.369243279099464417e-02
-3.980016801506280899e-03
-2.024048706516623497e-03
2.620114758610725403e-02
6.937876343727111816e-02
9.674962610006332397e-02
-1.003659516572952271e-01
-1.096722558140754700e-01
-1.233618408441543579e-01
-1.297828704118728638e-01
-1.327138692140579224e-01
-1.324480026960372925e-01
-1.154921576380729675e-01
-9.489004313945770264e-02
-7.758544385433197021e-02
-5.808364599943161011e-02
-2.665165811777114868e-02
3.219093428924679756e-03
3.567966818809509277e-02
5.956457927823066711e-02
8.492807298898696899e-02
1.040218323469161987e-01
1.075887680053710938e-01
9.214928746223449707e-02
9.595581144094467163e-02
6.552299112081527710e-02
5.200615525245666504e-02
1.136261783540248871e-02
-6.424171477556228638e-02
-5.644886195659637451e-02
-8.826070278882980347e-02
-9.882090985774993896e-02
-7.429333776235580444e-02
-4.868026822805404663e-02
-8.572833612561225891e-03
3.639284148812294006e-02
6.861934810876846313e-02
-1.126484200358390808e-01
-1.213564574718475342e-01
-1.245568692684173584e-01
-1.288671493530273438e-01
-1.333034485578536987e-01
-1.225452125072479248e-01
-1.050739809870719910e-01
-8.810149133205413818e-02
-7.735604792833328247e-02
-6.074389815330505371e-02
-2.346944808959960938e-02
2.774065546691417694e-02
5.763368308544158936e-02
8.141416311264038086e-02
8.636114746332168579e-02
8.813229948282241821e-02
5.541560798883438110e-02
-8.749007247388362885e-03
-3.786583244800567627e-02
-8.514997363090515137e-02
-9.783778339624404907e-02
-1.102930530905723572e-01
-1.412271857261657715e-01
-1.349169760942459106e-01
-1.374888867139816284e-01
-1.146999374032020569e-01
-8.766259998083114624e-02
-6.337037682533264160e-02
-3.466339036822319031e-02
-7.423292263410985470e-04
2.706946991384029388e-02
-1.134529188275337219e-01
-1.307554841041564941e-01
-1.334424465894699097e-01
-1.289072483777999878e-01
-1.227632090449333191e-01
-1.166663914918899536e-01
-1.011438369750976562e-01
-8.540923148393630981e-02
-7.110898941755294800e-02
-4.228483140468597412e-02
-2.865014830604195595e-03
3.673215955495834351e-02
6.339683383703231812e-02
7.460867613554000854e-02
3.938101977109909058e-02
1.117925625294446945e-02
-4.406217485666275024e-02
-9.874451160430908203e-02
-1.196848452091217041e-01
-1.534433662891387939e-01
-1.556694805622100830e-01
-1.601529270410537720e-01
-1.596695631742477417e-01
-1.556402444839477539e-01
-1.458708196878433228e-01
-1.311411559581756592e-01
-9.626062959432601929e-02
-7.014368474483489990e-02
-5.195426568388938904e-02
-1.983163878321647644e-02
3.295445814728736877e-03
-7.647228240966796875e-02
-1.164996251463890076e-01
-1.482117474079132080e-01
-1.347292661666870117e-01
-1.090700402855873108e-01
-9.447210282087326050e-02
-8.645095676183700562e-02
-8.166625350713729858e-02
-6.673622876405715942e-02
-2.896427363157272339e-02
7.277248427271842957e-03
2.079184912145137787e-02
2.035557664930820465e-02
4.834300372749567032e-03
-3.537529706954956055e-02
-5.682069435715675354e-02
-1.137772798538208008e-01
-1.559136360883712769e-01
-1.669154614210128784e-01
-1.642611771821975708e-01
-1.544027477502822876e-01
-1.497958451509475708e-01
-1.462742835283279419e-01
-1.548946648836135864e-01
-1.638832241296768188e-01
-1.629862338304519653e-01
-1.304256469011306763e-01
-1.069293990731239319e-01
-8.336273580789566040e-02
-4.646920412778854370e-02
-3.559447452425956726e-02
-4.478862136602401733e-02
-8.864306658506393433e-02
-1.207625344395637512e-01
-1.108677610754966736e-01
-9.794052690267562866e-02
-8.835478872060775757e-02
-7.296922057867050171e-02
-5.474029481410980225e-02
-3.518440946936607361e-02
-1.635275781154632568e-02
-8.519278839230537415e-03
-1.471780333667993546e-02
-5.128556862473487854e-02
-9.092842042446136475e-02
-1.197537779808044434e-01
-1.256964057683944702e-01
-1.497047990560531616e-01
-1.618648916482925415e-01
-1.653205603361129761e-01
-1.499802768230438232e-01
-1.318507343530654907e-01
-1.267586052417755127e-01
-1.046167537569999695e-01
-1.174885332584381104e-01
-9.936145693063735962e-02
-1.420635581016540527e-01
-1.446581184864044189e-01
-1.418588161468505859e-01
-1.195476874709129333e-01
-9.068176895380020142e-02
-8.063230663537979126e-02
-7.144001871347427368e-02
-7.759089767932891846e-02
-7.757206261157989502e-02
-5.887944623827934265e-02
-6.153504922986030579e-02
-5.603166669607162476e-02
-4.493476450443267822e-02
-3.823106735944747925e-02
-2.569086477160453796e-02
-9.898534044623374939e-03
-3.152090311050415039e-02
-7.459315657615661621e-02
-1.113201081752777100e-01
-1.337880790233612061e-01
-1.490809619426727295e-01
-1.499048322439193726e-01
-1.556971669197082520e-01
-1.079861000180244446e-01
-1.304653435945510864e-01
-1.065344810485839844e-01
-9.270783513784408569e-02
-9.999000000000000000e+03
-9.999000000000000000e+03
-9.999000000000000000e+03
-9.999000000000000000e+03
-9.999000000000000000e+03
-9.999000000000000000e+03
-1.544796824455261230e-01
-1.323977857828140259e-01
-1.265106201171875000e-01
-1.305621415376663208e-01
-1.079861298203468323e-01
-7.911290228366851807e-02
-6.273834407329559326e-02
-5.036598443984985352e-02
-4.729569330811500549e-02
-3.306146338582038879e-02
-2.729986235499382019e-02
-2.769185230135917664e-02
-2.094591408967971802e-02
-2.402479201555252075e-02
-4.780746251344680786e-02
-1.121433079242706299e-01
-1.348829269409179688e-01
-1.460714787244796753e-01
-1.401346027851104736e-01
-1.198381558060646057e-01
-9.916179627180099487e-02
-9.999000000000000000e+03
-9.999000000000000000e+03
-9.999000000000000000e+03
-9.999000000000000000e+03
-9.999000000000000000e+03
-9.999000000000000000e+03
-9.999000000000000000e+03
-9.999000000000000000e+03
-9.999000000000000000e+03
-9.999000000000000000e+03
-8.438017219305038452e-02
-1.160515844821929932e-01
-1.434106975793838501e-01
-1.593478322029113770e-01
-1.038989126682281494e-01
-8.478090167045593262e-02
-6.698971986770629883e-02
-5.674979090690612793e-02
-4.789678379893302917e-02
-4.210023209452629089e-02
-4.061882570385932922e-02
-2.871825546026229858e-02
-2.825305238366127014e-02
-6.925938278436660767e-02
-9.598670154809951782e-02
-1.195856034755706787e-01
-1.232221126556396484e-01
-1.301219165325164795e-01
-7.545976340770721436e-02
-7.768253982067108154e-02
-9.999000000000000000e+03
-9.999000000000000000e+03
-9.999000000000000000e+03
-9.999000000000000000e+03
-9.999000000000000000e+03
-9.999000000000000000e+03
-9.999000000000000000e+03
-9.999000000000000000e+03
-9.999000000000000000e+03
-9.999000000000000000e+03
-9.999000000000000000e+03
-9.999000000000000000e+03
-6.362668424844741821e-02
-1.334533691406250000e-01
-1.691967695951461792e-01
-1.286316514015197754e-01
-1.151830554008483887e-01
-9.099129587411880493e-02
-6.867887079715728760e-02
-5.806584656238555908e-02
-6.134717911481857300e-02
-6.133167445659637451e-02
-5.687544867396354675e-02
-7.222966849803924561e-02
-1.026846840977668762e-01
-1.139173656702041626e-01
-1.037726923823356628e-01
-7.654125243425369263e-02
-8.704337477684020996e-02
-9.999000000000000000e+03
-9.999000000000000000e+03
-9.999000000000000000e+03
-9.999000000000000000e+03
-9.999000000000000000e+03
-9.999000000000000000e+03
-9.999000000000000000e+03
-9.999000000000000000e+03
-9.999000000000000000e+03
-9.999000000000000000e+03
-9.999000000000000000e+03
-9.999000000000000000e+03
-9.999000000000000000e+03
-9.999000000000000000e+03
-9.999000000000000000e+03
-9.145894646644592285e-02
-1.433796286582946777e-01
-9.999000000000000000e+03
-8.940220624208450317e-02
-1.016602814197540283e-01
-8.687318861484527588e-02
-7.818873226642608643e-02
-8.658853173255920410e-02
-1.070840880274772644e-01
-1.083870679140090942e-01
-1.262267380952835083e-01
-1.137427762150764465e-01
-9.645584225654602051e-02
-7.339947670698165894e-02
-5.697721242904663086e-02
-9.999000000000000000e+03
-9.999000000000000000e+03
-9.999000000000000000e+03
-9.999000000000000000e+03
-9.999000000000000000e+03
-9.999000000000000000e+03
-9.999000000000000000e+03
-9.999000000000000000e+03
-9.999000000000000000e+03
-9.999000000000000000e+03
-9.999000000000000000e+03
-9.999000000000000000e+03
-9.999000000000000000e+03
-9.999000000000000000e+03
-9.999000000000000000e+03
-9.999000000000000000e+03
-5.053753778338432312e-02
-9.436409175395965576e-02
-9.999000000000000000e+03
-9.999000000000000000e+03
-9.846827387809753418e-02
-9.514418244361877441e-02
-9.344662725925445557e-02
-1.041757315397262573e-01
-1.191752552986145020e-01
-1.246781721711158752e-01
-1.141745448112487793e-01
-7.294128835201263428e-02
-4.522050172090530396e-02
-1.776534318923950195e-02
-9.999000000000000000e+03
-9.999000000000000000e+03
-9.999000000000000000e+03
-9.999000000000000000e+03
-9.999000000000000000e+03
-9.999000000000000000e+03
-9.999000000000000000e+03
-9.999000000000000000e+03
-9.999000000000000000e+03
-9.999000000000000000e+03
-9.999000000000000000e+03
-9.999000000000000000e+03
-9.999000000000000000e+03
-9.999000000000000000e+03
-9.999000000000000000e+03
-9.999000000000000000e+03
-9.999000000000000000e+03
-1.938342861831188202e-02
-4.236169904470443726e-02
-9.999000000000000000e+03
-9.999000000000000000e+03
-7.111239433288574219e-02
-8.929839730262756348e-02
-8.633638918399810791e-02
-8.398310840129852295e-02
-8.961170166730880737e-02
-8.942196518182754517e-02
-7.961980253458023071e-02
-5.951426923274993896e-02
-2.666364423930644989e-02
-2.137576788663864136e-02
-9.999000000000000000e+03
-9.999000000000000000e+03
-9.999000000000000000e+03
-9.999000000000000000e+03
-9.999000000000000000e+03
-9.999000000000000000e+03
-9.999000000000000000e+03
-9.999000000000000000e+03
-9.999000000000000000e+03
-9.999000000000000000e+03
-9.999000000000000000e+03
-9.999000000000000000e+03
-9.999000000000000000e+03
-9.999000000000000000e+03
-9.999000000000000000e+03
-9.999000000000000000e+03
-9.999000000000000000e+03
-9.999000000000000000e+03
-9.999000000000000000e+03
-9.999000000000000000e+03
-9.999000000000000000e+03
-3.995854780077934265e-02
-5.532625690102577209e-02
-5.245793610811233521e-02
-4.766900092363357544e-02
-3.693892434239387512e-02
-5.177473276853561401e-02
-7.542154192924499512e-02
-9.822200238704681396e-02
-7.744017243385314941e-02
-6.311956793069839478e-02
-9.999000000000000000e+03
-9.999000000000000000e+03
-9.999000000000000000e+03
-9.999000000000000000e+03
-9.999000000000000000e+03
-9.999000000000000000e+03
-9.999000000000000000e+03
-9.999000000000000000e+03
-9.999000000000000000e+03
-9.999000000000000000e+03
-9.999000000000000000e+03
-9.999000000000000000e+03
-9.999000000000000000e+03
-9.999000000000000000e+03
-9.999000000000000000e+03
-9.999000000000000000e+03
-9.999000000000000000e+03
-9.999000000000000000e+03
-9.999000000000000000e+03
-9.999000000000000000e+03
-9.999000000000000000e+03
-9.999000000000000000e+03
-4.757496714591979980e-02
-5.751078575849533081e-02
-2.211646735668182373e-02
1.065792422741651535e-02
5.529931280761957169e-03
-2.065534703433513641e-02
-2.000714279711246490e-02
-6.766968220472335815e-02
-9.999000000000000000e+03
-9.999000000000000000e+03
-9.999000000000000000e+03
-9.999000000000000000e+03
-9.999000000000000000e+03
-9.999000000000000000e+03
-9.999000000000000000e+03
-9.999000000000000000e+03
-9.999000000000000000e+03
-9.999000000000000000e+03
-9.999000000000000000e+03
-9.999000000000000000e+03
-9.999000000000000000e+03
-9.999000000000000000e+03
-9.999000000000000000e+03
-9.999000000000000000e+03
-9.999000000000000000e+03
-9.999000000000000000e+03
-9.999000000000000000e+03
-9.999000000000000000e+03
-9.999000000000000000e+03
-9.999000000000000000e+03
-9.999000000000000000e+03
-5.589517951011657715e-02
-8.317805826663970947e-02
-4.734359309077262878e-02
-3.614809596911072731e-03
4.436393454670906067e-02
2.553926594555377960e-02
1.125817745923995972e-01
1.353625059127807617e-01
8.596786856651306152e-02
-9.999000000000000000e+03
-9.999000000000000000e+03
-9.999000000000000000e+03
-9.999000000000000000e+03
-9.999000000000000000e+03
-9.999000000000000000e+03
-9.999000000000000000e+03
-9.999000000000000000e+03
-9.999000000000000000e+03
-9.999000000000000000e+03
-9.999000000000000000e+03
-9.999000000000000000e+03
-9.999000000000000000e+03
-9.999000000000000000e+03
-9.999000000000000000e+03
-9.999000000000000000e+03
-9.999000000000000000e+03
-9.999000000000000000e+03
-9.999000000000000000e+03
-9.999000000000000000e+03
-9.999000000000000000e+03
-9.999000000000000000e+03
-9.999000000000000000e+03
-8.077972382307052612e-02
-7.384596765041351318e-02
-3.677380830049514771e-02
2.631430700421333313e-02
7.119676470756530762e-02
7.460630685091018677e-02
1.535982787609100342e-01
1.365279704332351685e-01
-9.999000000000000000e+03
-9.999000000000000000e+03
-9.999000000000000000e+03
-9.999000000000000000e+03
-9.999000000000000000e+03
-9.999000000000000000e+03
-9.999000000000000000e+03
-9.999000000000000000e+03
-9.999000000000000000e+03
-9.999000000000000000e+03
-9.999000000000000000e+03
-9.999000000000000000e+03
-9.999000000000000000e+03
-9.999000000000000000e+03
-9.999000000000000000e+03
-9.999000000000000000e+03
-9.999000000000000000e+03
-9.999000000000000000e+03
-9.999000000000000000e+03
-9.999000000000000000e+03
-9.999000000000000000e+03
-9.999000000000000000e+03
-9.999000000000000000e+03
-8.089738339185714722e-02
-9.948484599590301514e-02
-8.765367418527603149e-02
-9.779758751392364502e-02
-8.928199857473373413e-02
-1.113270148634910583e-01
-4.882237315177917480e-02
4.076206684112548828e-02
5.939257144927978516e-02
-9.999000000000000000e+03
-9.999000000000000000e+03
-9.999000000000000000e+03
-9.999000000000000000e+03
-9.999000000000000000e+03
-9.999000000000000000e+03
-9.999000000000000000e+03
-9.999000000000000000e+03
-9.999000000000000000e+03
-9.999000000000000000e+03
-9.999000000000000000e+03
-9.999000000000000000e+03
-9.999000000000000000e+03
-9.999000000000000000e+03
-9.999000000000000000e+03
-9.999000000000000000e+03
-9.999000000000000000e+03
-9.999000000000000000e+03
-9.999000000000000000e+03
-9.999000000000000000e+03
-9.999000000000000000e+03
-9.999000000000000000e+03
-6.835145503282546997e-02
-1.283843666315078735e-01
-1.326131522655487061e-01
-1.291774064302444458e-01
-1.467705219984054565e-01
-1.467494964599609375e-01
-1.343572139739990234e-01
-1.535308808088302612e-01
-8.738718181848526001e-02
2.654871495906263590e-04
2.087547071278095245e-02
1.138123869895935059e-02
2.823919290676712990e-03
-9.999000000000000000e+03
-9.999000000000000000e+03
-9.999000000000000000e+03
-9.999000000000000000e+03
-9.999000000000000000e+03
-9.999000000000000000e+03
-9.999000000000000000e+03
-9.999000000000000000e+03
-9.999000000000000000e+03
-9.999000000000000000e+03
-9.999000000000000000e+03
-9.999000000000000000e+03
-9.999000000000000000e+03
-9.999000000000000000e+03
-9.999000000000000000e+03
-9.999000000000000000e+03
-9.999000000000000000e+03
-4.715374857187271118e-02
-6.297437846660614014e-02
-1.052250862121582031e-01
-9.708186984062194824e-02
-9.497042000293731689e-02
-1.119184121489524841e-01
-1.028841212391853333e-01
-9.601347148418426514e-02
-1.061228141188621521e-01
-8.207286149263381958e-02
-3.416858986020088196e-02
-7.645510137081146240e-03
-7.360378280282020569e-03
-8.070858195424079895e-03
-9.999000000000000000e+03
-9.999000000000000000e+03
-9.999000000000000000e+03
-9.999000000000000000e+03
-9.999000000000000000e+03
-9.999000000000000000e+03
-9.999000000000000000e+03
-9.999000000000000000e+03
-9.999000000000000000e+03
-9.999000000000000000e+03
-9.999000000000000000e+03
-9.999000000000000000e+03
-9.999000000000000000e+03
-9.999000000000000000e+03
-9.999000000000000000e+03
-4.310660436749458313e-02
-3.972816467285156250e-02
-6.703828275203704834e-02
-8.127930760383605957e-02
-8.041966706514358521e-02
-7.137657701969146729e-02
-6.723923236131668091e-02
-7.449884712696075439e-02
-7.709418982267379761e-02
-7.612109929323196411e-02
-7.551047950983047485e-02
-4.989412799477577209e-02
-2.484377846121788025e-02
-3.058975189924240112e-02
-9.999000000000000000e+03
-9.999000000000000000e+03
-9.999000000000000000e+03
-9.999000000000000000e+03
-9.999000000000000000e+03
-9.999000000000000000e+03
-9.999000000000000000e+03
-9.999000000000000000e+03
-9.999000000000000000e+03
-9.999000000000000000e+03
-9.999000000000000000e+03
-9.999000000000000000e+03
-9.999000000000000000e+03
-9.999000000000000000e+03
-9.999000000000000000e+03
-9.999000000000000000e+03
-5.048216506838798523e-02
-7.099715620279312134e-02
-7.569886744022369385e-02
-9.000061452388763428e-02
-9.688623994588851929e-02
-8.904656022787094116e-02
-8.235879242420196533e-02
-6.902249157428741455e-02
-6.230286508798599243e-02
-6.954034417867660522e-02
-9.229293465614318848e-02
-1.042033061385154724e-01
-8.345318585634231567e-02
-3.076845407485961914e-02
-9.999000000000000000e+03
-9.999000000000000000e+03
-9.999000000000000000e+03
-9.999000000000000000e+03
-9.999000000000000000e+03
-9.999000000000000000e+03
-9.999000000000000000e+03
-9.999000000000000000e+03
-9.999000000000000000e+03
-9.999000000000000000e+03
-9.999000000000000000e+03
-9.999000000000000000e+03
-9.999000000000000000e+03
-9.999000000000000000e+03
-9.999000000000000000e+03
-9.999000000000000000e+03
-9.999000000000000000e+03
-6.940028816461563110e-02
-1.058970242738723755e-01
-1.177890300750732422e-01
-1.038553491234779358e-01
-8.867043256759643555e-02
-8.743775635957717896e-02
-8.685306459665298462e-02
-7.767024636268615723e-02
-6.142012029886245728e-02
-4.008090123534202576e-02
-4.788072407245635986e-02
-6.859310716390609741e-02
-4.798696935176849365e-02
-4.091541096568107605e-02
-9.999000000000000000e+03
-9.999000000000000000e+03
-9.999000000000000000e+03
-9.999000000000000000e+03
-9.999000000000000000e+03
-9.999000000000000000e+03
-9.999000000000000000e+03
-9.999000000000000000e+03
-9.999000000000000000e+03
-9.999000000000000000e+03
-9.999000000000000000e+03
-9.999000000000000000e+03
-9.999000000000000000e+03
-9.999000000000000000e+03
-9.999000000000000000e+03
-9.999000000000000000e+03
-9.999000000000000000e+03
-1.121730357408523560e-01
-1.354241371154785156e-01
-1.303399056196212769e-01
-1.063177511096000671e-01
-7.258732616901397705e-02
-6.247863546013832092e-02
-6.365143507719039917e-02
-6.085035949945449829e-02
-5.546869337558746338e-02
-3.798837587237358093e-02
-2.275439538061618805e-02
-3.000205615535378456e-03
-1.674337079748511314e-03
-9.999000000000000000e+03
-9.999000000000000000e+03
-9.999000000000000000e+03
-9.999000000000000000e+03
-9.999000000000000000e+03
-9.999000000000000000e+03
-9.999000000000000000e+03
-9.999000000000000000e+03
-9.999000000000000000e+03
-9.999000000000000000e+03
-9.999000000000000000e+03
-9.999000000000000000e+03
-9.999000000000000000e+03
-9.999000000000000000e+03
-9.999000000000000000e+03
-9.999000000000000000e+03
-9.999000000000000000e+03
-9.999000000000000000e+03
-1.035667583346366882e-01
-1.179646253585815430e-01
-9.560360014438629150e-02
-7.271223515272140503e-02
-4.017778858542442322e-02
-2.050183527171611786e-02
-1.544512715190649033e-02
-7.321253418922424316e-03
-2.375931851565837860e-02
-1.984985359013080597e-02
-1.191626396030187607e-02
-7.921788841485977173e-03
-9.999000000000000000e+03
-9.999000000000000000e+03
-9.999000000000000000e+03
-9.999000000000000000e+03
-9.999000000000000000e+03
-9.999000000000000000e+03
-9.999000000000000000e+03
-9.999000000000000000e+03
-9.999000000000000000e+03
-9.999000000000000000e+03
-9.999000000000000000e+03
-9.999000000000000000e+03
-9.999000000000000000e+03
-9.999000000000000000e+03
-9.999000000000000000e+03
-9.999000000000000000e+03
-9.999000000000000000e+03
-9.999000000000000000e+03
-9.999000000000000000e+03
-7.330521196126937866e-02
-6.848315149545669556e-02
-6.127149984240531921e-02
-5.002329126000404358e-02
7.596441078931093216e-03
3.725294768810272217e-02
4.597314447164535522e-02
3.049319423735141754e-02
1.521810051053762436e-02
6.035855971276760101e-03
-9.999000000000000000e+03
-9.999000000000000000e+03
-9.999000000000000000e+03
-9.999000000000000000e+03
-9.999000000000000000e+03
-9.999000000000000000e+03
-9.999000000000000000e+03
-9.999000000000000000e+03
-9.999000000000000000e+03
-9.999000000000000000e+03
-9.999000000000000000e+03
-9.999000000000000000e+03
-9.999000000000000000e+03
-9.999000000000000000e+03
-9.999000000000000000e+03
-9.999000000000000000e+03
-9.999000000000000000e+03
-9.999000000000000000e+03
-9.999000000000000000e+03
-9.999000000000000000e+03
-9.999000000000000000e+03
-5.898610875010490417e-02
-3.860543668270111084e-02
-1.318038348108530045e-02
2.296576509252190590e-03
2.759405225515365601e-02
4.349940270185470581e-02
-9.999000000000000000e+03
-9.999000000000000000e+03
-9.999000000000000000e+03
-9.999000000000000000e+03
-9.999000000000000000e+03
-9.999000000000000000e+03
-9.999000000000000000e+03
-9.999000000000000000e+03
-9.999000000000000000e+03
-9.999000000000000000e+03
-9.999000000000000000e+03
-9.999000000000000000e+03
-9.999000000000000000e+03
-9.999000000000000000e+03
-9.999000000000000000e+03
-9.999000000000000000e+03
-9.999000000000000000e+03
-9.999000000000000000e+03
-9.999000000000000000e+03
-9.999000000000000000e+03
-9.999000000000000000e+03
-9.999000000000000000e+03
-9.999000000000000000e+03
-9.999000000000000000e+03
-9.999000000000000000e+03
-6.021360307931900024e-02
-3.244703263044357300e-02
-2.004525624215602875e-03
-9.999000000000000000e+03
-9.999000000000000000e+03
-9.999000000000000000e+03
-9.999000000000000000e+03
-9.999000000000000000e+03
-9.999000000000000000e+03
-9.999000000000000000e+03
-9.999000000000000000e+03
-9.999000000000000000e+03
-9.999000000000000000e+03
-9.999000000000000000e+03
-9.999000000000000000e+03
-9.999000000000000000e+03
-9.999000000000000000e+03
-9.999000000000000000e+03
-9.999000000000000000e+03
-9.999000000000000000e+03
-9.999000000000000000e+03
-9.999000000000000000e+03
-9.999000000000000000e+03
-9.999000000000000000e+03
-9.999000000000000000e+03
-9.999000000000000000e+03
-9.999000000000000000e+03
-9.999000000000000000e+03
-9.999000000000000000e+03
-9.999000000000000000e+03
-9.999000000000000000e+03
