1.451108604669570923e-01
1.429422050714492798e-01
1.164768040180206299e-01
9.596754610538482666e-02
1.160307973623275757e-01
1.052753552794456482e-01
1.017950549721717834e-01
9.757679700851440430e-02
8.930759131908416748e-02
8.345693349838256836e-02
1.854628138244152069e-02
-9.999000000000000000e+03
-9.999000000000000000e+03
-9.999000000000000000e+03
-9.999000000000000000e+03
-9.999000000000000000e+03
-9.999000000000000000e+03
-9.999000000000000000e+03
-9.999000000000000000e+03
-9.999000000000000000e+03
-9.999000000000000000e+03
-9.999000000000000000e+03
-9.999000000000000000e+03
2.977222763001918793e-02
4.782455787062644958e-02
6.188532337546348572e-02
8.705601841211318970e-02
1.167092099785804749e-01
1.352508515119552612e-01
1.448697000741958618e-01
1.400513052940368652e-01
6.683512777090072632e-02
6.212937459349632263e-02
4.148784652352333069e-02
3.062037006020545959e-02
4.778005927801132202e-02
4.301796853542327881e-02
4.756981134414672852e-02
5.839266628026962280e-02
5.706734955310821533e-02
6.717436760663986206e-02
6.632993370294570923e-02
4.723688960075378418e-02
-9.999000000000000000e+03
-9.999000000000000000e+03
-9.999000000000000000e+03
-9.999000000000000000e+03
-9.999000000000000000e+03
-9.999000000000000000e+03
-9.999000000000000000e+03
-9.999000000000000000e+03
-9.999000000000000000e+03
3.464538976550102234e-02
6.328444927930831909e-02
6.197405979037284851e-02
7.644494622945785522e-02
8.457570523023605347e-02
9.846894443035125732e-02
1.182074546813964844e-01
1.147382184863090515e-01
1.076491624116897583e-01
1.042880490422248840e-01
-1.474949531257152557e-04
-1.201850920915603638e-02
-3.250994533300399780e-02
-2.663865871727466583e-02
-5.888951709493994713e-04
3.983465954661369324e-03
1.003785058856010437e-02
2.457175776362419128e-02
2.245288528501987457e-02
3.627085685729980469e-02
5.136818438768386841e-02
4.636482894420623779e-02
-9.999000000000000000e+03
-9.999000000000000000e+03
-9.999000000000000000e+03
-9.999000000000000000e+03
-9.999000000000000000e+03
-9.999000000000000000e+03
-9.999000000000000000e+03
5.004778504371643066e-02
5.587738752365112305e-02
8.167477697134017944e-02
1.083671376109123230e-01
1.099886968731880188e-01
1.012083664536476135e-01
1.081939190626144409e-01
1.128760725259780884e-01
1.161071434617042542e-01
1.206539273262023926e-01
1.093702018260955811e-01
1.248018220067024231e-01
-6.877627223730087280e-02
-6.524512916803359985e-02
-7.184604555368423462e-02
-6.760039925575256348e-02
-4.057054966688156128e-02
-3.449968621134757996e-02
-3.584973141551017761e-02
-2.125152386724948883e-02
-1.813184656202793121e-02
2.528891433030366898e-03
1.885115168988704681e-02
4.435304552316665649e-02
4.863169044256210327e-02
-9.999000000000000000e+03
-9.999000000000000000e+03
-9.999000000000000000e+03
3.136083856225013733e-02
4.279531911015510559e-02
6.232413649559020996e-02
5.484468862414360046e-02
5.673732236027717590e-02
6.849065423011779785e-02
6.647431850433349609e-02
9.419051557779312134e-02
1.094134598970413208e-01
1.147270202636718750e-01
1.382189393043518066e-01
1.638464927673339844e-01
1.685659587383270264e-01
1.660883277654647827e-01
1.743114888668060303e-01
-1.332047283649444580e-01
-1.201156899333000183e-01
-1.162587329745292664e-01
-1.154195293784141541e-01
-9.084973484277725220e-02
-7.926531881093978882e-02
-7.275115698575973511e-02
-6.054690852761268616e-02
-5.124977603554725647e-02
-3.125713765621185303e-02
-6.867149844765663147e-03
1.182854827493429184e-02
3.478087484836578369e-02
2.532913535833358765e-02
3.077751211822032928e-02
3.310370072722434998e-02
2.340839244425296783e-02
7.234315387904644012e-03
7.306646090000867844e-03
-1.807372085750102997e-02
-1.047169789671897888e-02
-1.151233166456222534e-02
-2.800671383738517761e-02
8.787963539361953735e-03
3.900305554270744324e-02
7.524020969867706299e-02
1.196040436625480652e-01
1.498706936836242676e-01
1.700142323970794678e-01
1.868260353803634644e-01
1.804538518190383911e-01
-1.693399399518966675e-01
-1.607944071292877197e-01
-1.624912470579147339e-01
-1.666979342699050903e-01
-1.437440961599349976e-01
-1.285258531570434570e-01
-1.087075099349021912e-01
-8.352030068635940552e-02
-6.687085330486297607e-02
-4.025646299123764038e-02
-1.245713792741298676e-02
1.561160385608673096e-02
2.444202266633510590e-02
2.541150711476802826e-02
1.377536449581384659e-02
5.255641415715217590e-03
-3.089870885014533997e-02
-6.955903023481369019e-02
-9.131313115358352661e-02
-1.313867568969726562e-01
-1.472236514091491699e-01
-1.369042545557022095e-01
-1.504636257886886597e-01
-8.975017815828323364e-02
-3.683838620781898499e-02
-1.420041546225547791e-02
6.208943575620651245e-02
8.232364803552627563e-02
1.084569692611694336e-01
1.428202241659164429e-01
1.463878899812698364e-01
-1.705514192581176758e-01
-1.735406816005706787e-01
-1.798542737960815430e-01
-1.814969182014465332e-01
-1.735632270574569702e-01
-1.580577492713928223e-01
-1.276681572198867798e-01
-9.603869169950485229e-02
-6.484045088291168213e-02
-3.670016676187515259e-02
-5.764937028288841248e-03
1.480242982506752014e-02
2.926169894635677338e-02
2.149038948118686676e-02
-3.080025687813758850e-02
-6.642961502075195312e-02
-1.050366982817649841e-01
-1.364754140377044678e-01
-1.535037904977798462e-01
-2.000013142824172974e-01
-2.361492216587066650e-01
-2.654410302639007568e-01
-2.700401842594146729e-01
-2.341965436935424805e-01
-1.983279734849929810e-01
-1.639647036790847778e-01
-6.931664049625396729e-02
-3.478711843490600586e-02
9.276779368519783020e-03
7.353024929761886597e-02
9.413420408964157104e-02
-1.373693495988845825e-01
-1.520939022302627563e-01
-1.688483357429504395e-01
-1.698631048202514648e-01
-1.655788719654083252e-01
-1.387221217155456543e-01
-1.101396009325981140e-01
-9.076629579067230225e-02
-6.372762471437454224e-02
-4.482292383909225464e-02
-1.911102980375289917e-02
-9.111787192523479462e-03
-1.089025009423494339e-02
-3.419839590787887573e-02
-7.874861359596252441e-02
-1.128805950284004211e-01
-1.560349762439727783e-01
-1.719660311937332153e-01
-1.947675347328186035e-01
-2.058712840080261230e-01
-2.062075287103652954e-01
-2.390973269939422607e-01
-2.249448448419570923e-01
-2.554337084293365479e-01
-2.991659045219421387e-01
-2.990063726902008057e-01
-2.039294391870498657e-01
-1.449871808290481567e-01
-8.556221425533294678e-02
-9.254281409084796906e-03
2.383146621286869049e-02
-1.114565208554267883e-01
-1.177500486373901367e-01
-1.297809332609176636e-01
-1.292521506547927856e-01
-1.419091522693634033e-01
-1.172180399298667908e-01
-9.280665963888168335e-02
-8.157461881637573242e-02
-7.018167525529861450e-02
-5.890524759888648987e-02
-4.573565721511840820e-02
-3.940284252166748047e-02
-5.920596048235893250e-02
-9.925494343042373657e-02
-1.377361267805099487e-01
-1.461709588766098022e-01
-1.536223888397216797e-01
-1.425770819187164307e-01
-1.459380388259887695e-01
-1.022279635071754456e-01
-5.276028811931610107e-02
-6.962570548057556152e-02
-6.548786908388137817e-02
-1.319202333688735962e-01
-1.329867690801620483e-01
-2.536438107490539551e-01
-2.449772208929061890e-01
-2.153096348047256470e-01
-1.511179953813552856e-01
-8.603871613740921021e-02
-6.225236877799034119e-02
-1.011994555592536926e-01
-9.631923586130142212e-02
-9.983981400728225708e-02
-9.697341173887252808e-02
-1.027919575572013855e-01
-9.931085258722305298e-02
-8.854542672634124756e-02
-8.639819175004959106e-02
-8.055444806814193726e-02
-7.909602671861648560e-02
-7.779702544212341309e-02
-1.015468388795852661e-01
-1.212866902351379395e-01
-1.403712332248687744e-01
-1.536505669355392456e-01
-1.428241282701492310e-01
-1.193026676774024963e-01
-7.339873909950256348e-02
-5.369555577635765076e-02
6.241718772798776627e-03
2.387360110878944397e-02
-9.999000000000000000e+03
-9.999000000000000000e+03
-9.999000000000000000e+03
-9.999000000000000000e+03
-9.999000000000000000e+03
-9.999000000000000000e+03
-2.729620337486267090e-01
-2.113049924373626709e-01
-1.397559493780136108e-01
-1.211137548089027405e-01
-8.193350583314895630e-02
-7.665452361106872559e-02
-8.335462957620620728e-02
-8.636145293712615967e-02
-8.632262051105499268e-02
-8.088713139295578003e-02
-8.215120434761047363e-02
-8.771788328886032104e-02
-9.808874130249023438e-02
-1.128692328929901123e-01
-1.161977499723434448e-01
-1.506323963403701782e-01
-1.533369421958923340e-01
-1.504084616899490356e-01
-1.257843971252441406e-01
-9.963560849428176880e-02
-7.560932636260986328e-02
-9.999000000000000000e+03
-9.999000000000000000e+03
-9.999000000000000000e+03
-9.999000000000000000e+03
-9.999000000000000000e+03
-9.999000000000000000e+03
-9.999000000000000000e+03
-9.999000000000000000e+03
-9.999000000000000000e+03
-9.999000000000000000e+03
-1.376898139715194702e-01
-1.792268007993698120e-01
-1.821611970663070679e-01
-1.643230617046356201e-01
-8.327855169773101807e-02
-6.878888607025146484e-02
-6.526896357536315918e-02
-6.645596027374267578e-02
-7.484197616577148438e-02
-8.101752400398254395e-02
-8.709909021854400635e-02
-1.013222262263298035e-01
-1.319230347871780396e-01
-1.484008282423019409e-01
-1.487265527248382568e-01
-1.494675725698471069e-01
-1.369608342647552490e-01
-1.282994002103805542e-01
-6.109179928898811340e-02
-5.415803566575050354e-02
-9.999000000000000000e+03
-9.999000000000000000e+03
-9.999000000000000000e+03
-9.999000000000000000e+03
-9.999000000000000000e+03
-9.999000000000000000e+03
-9.999000000000000000e+03
-9.999000000000000000e+03
-9.999000000000000000e+03
-9.999000000000000000e+03
-9.999000000000000000e+03
-9.999000000000000000e+03
-1.061345934867858887e-01
-1.718025505542755127e-01
-1.888011246919631958e-01
-1.108536496758460999e-01
-7.699541747570037842e-02
-4.678273946046829224e-02
-3.771664574742317200e-02
-5.207890644669532776e-02
-7.063739001750946045e-02
-9.587098658084869385e-02
-1.228656545281410217e-01
-1.441062688827514648e-01
-1.404415518045425415e-01
-1.388509720563888550e-01
-1.292205005884170532e-01
-7.930181920528411865e-02
-8.188384026288986206e-02
-9.999000000000000000e+03
-9.999000000000000000e+03
-9.999000000000000000e+03
-9.999000000000000000e+03
-9.999000000000000000e+03
-9.999000000000000000e+03
-9.999000000000000000e+03
-9.999000000000000000e+03
-9.999000000000000000e+03
-9.999000000000000000e+03
-9.999000000000000000e+03
-9.999000000000000000e+03
-9.999000000000000000e+03
-9.999000000000000000e+03
-9.999000000000000000e+03
-1.492161452770233154e-01
-1.928469985723495483e-01
-9.999000000000000000e+03
-5.008536204695701599e-02
-4.649017751216888428e-02
-3.695192933082580566e-02
-3.774817287921905518e-02
-5.616502463817596436e-02
-8.750721812248229980e-02
-1.226507276296615601e-01
-1.132383197546005249e-01
-1.065570712089538574e-01
-1.095088943839073181e-01
-8.996288478374481201e-02
-6.047532334923744202e-02
-9.999000000000000000e+03
-9.999000000000000000e+03
-9.999000000000000000e+03
-9.999000000000000000e+03
-9.999000000000000000e+03
-9.999000000000000000e+03
-9.999000000000000000e+03
-9.999000000000000000e+03
-9.999000000000000000e+03
-9.999000000000000000e+03
-9.999000000000000000e+03
-9.999000000000000000e+03
-9.999000000000000000e+03
-9.999000000000000000e+03
-9.999000000000000000e+03
-9.999000000000000000e+03
-1.201596856117248535e-01
-1.822397410869598389e-01
-9.999000000000000000e+03
-9.999000000000000000e+03
-4.750737547874450684e-02
-3.961639106273651123e-02
-3.820159658789634705e-02
-5.025704205036163330e-02
-6.929091364145278931e-02
-8.542389422655105591e-02
-7.498135417699813843e-02
-6.729552894830703735e-02
-7.604304701089859009e-02
-2.809198200702667236e-02
-9.999000000000000000e+03
-9.999000000000000000e+03
-9.999000000000000000e+03
-9.999000000000000000e+03
-9.999000000000000000e+03
-9.999000000000000000e+03
-9.999000000000000000e+03
-9.999000000000000000e+03
-9.999000000000000000e+03
-9.999000000000000000e+03
-9.999000000000000000e+03
-9.999000000000000000e+03
-9.999000000000000000e+03
-9.999000000000000000e+03
-9.999000000000000000e+03
-9.999000000000000000e+03
-9.999000000000000000e+03
-7.135144621133804321e-02
-1.404996216297149658e-01
-9.999000000000000000e+03
-9.999000000000000000e+03
-3.002788498997688293e-02
-4.108984768390655518e-02
-3.997851908206939697e-02
-4.095077514648437500e-02
-4.237296059727668762e-02
-1.880637556314468384e-02
-2.430680766701698303e-02
-2.254936099052429199e-02
-2.551576308906078339e-02
-1.121704000979661942e-03
-9.999000000000000000e+03
-9.999000000000000000e+03
-9.999000000000000000e+03
-9.999000000000000000e+03
-9.999000000000000000e+03
-9.999000000000000000e+03
-9.999000000000000000e+03
-9.999000000000000000e+03
-9.999000000000000000e+03
-9.999000000000000000e+03
-9.999000000000000000e+03
-9.999000000000000000e+03
-9.999000000000000000e+03
-9.999000000000000000e+03
-9.999000000000000000e+03
-9.999000000000000000e+03
-9.999000000000000000e+03
-9.999000000000000000e+03
-9.999000000000000000e+03
-9.999000000000000000e+03
-9.999000000000000000e+03
-1.098699402064085007e-02
-2.072942443192005157e-02
-2.778472192585468292e-02
-2.985787577927112579e-02
2.645450003910809755e-04
2.843534760177135468e-02
3.803824633359909058e-02
2.344011329114437103e-02
1.027898862957954407e-02
8.218318223953247070e-03
-9.999000000000000000e+03
-9.999000000000000000e+03
-9.999000000000000000e+03
-9.999000000000000000e+03
-9.999000000000000000e+03
-9.999000000000000000e+03
-9.999000000000000000e+03
-9.999000000000000000e+03
-9.999000000000000000e+03
-9.999000000000000000e+03
-9.999000000000000000e+03
-9.999000000000000000e+03
-9.999000000000000000e+03
-9.999000000000000000e+03
-9.999000000000000000e+03
-9.999000000000000000e+03
-9.999000000000000000e+03
-9.999000000000000000e+03
-9.999000000000000000e+03
-9.999000000000000000e+03
-9.999000000000000000e+03
-9.999000000000000000e+03
-1.830890960991382599e-02
-1.944630593061447144e-02
-1.318746991455554962e-02
8.317556977272033691e-02
5.907736718654632568e-02
4.548884928226470947e-02
5.756583437323570251e-02
5.118203908205032349e-02
-9.999000000000000000e+03
-9.999000000000000000e+03
-9.999000000000000000e+03
-9.999000000000000000e+03
-9.999000000000000000e+03
-9.999000000000000000e+03
-9.999000000000000000e+03
-9.999000000000000000e+03
-9.999000000000000000e+03
-9.999000000000000000e+03
-9.999000000000000000e+03
-9.999000000000000000e+03
-9.999000000000000000e+03
-9.999000000000000000e+03
-9.999000000000000000e+03
-9.999000000000000000e+03
-9.999000000000000000e+03
-9.999000000000000000e+03
-9.999000000000000000e+03
-9.999000000000000000e+03
-9.999000000000000000e+03
-9.999000000000000000e+03
-9.999000000000000000e+03
-1.514507923275232315e-02
-2.984260208904743195e-02
-3.526874352246522903e-03
1.808730512857437134e-02
1.952017098665237427e-02
-6.590400822460651398e-03
1.040949299931526184e-01
1.896900981664657593e-01
1.500619649887084961e-01
-9.999000000000000000e+03
-9.999000000000000000e+03
-9.999000000000000000e+03
-9.999000000000000000e+03
-9.999000000000000000e+03
-9.999000000000000000e+03
-9.999000000000000000e+03
-9.999000000000000000e+03
-9.999000000000000000e+03
-9.999000000000000000e+03
-9.999000000000000000e+03
-9.999000000000000000e+03
-9.999000000000000000e+03
-9.999000000000000000e+03
-9.999000000000000000e+03
-9.999000000000000000e+03
-9.999000000000000000e+03
-9.999000000000000000e+03
-9.999000000000000000e+03
-9.999000000000000000e+03
-9.999000000000000000e+03
-9.999000000000000000e+03
-9.999000000000000000e+03
-4.353606700897216797e-02
-3.207959979772567749e-02
-5.048558488488197327e-02
-4.553453251719474792e-02
-2.808283315971493721e-03
3.017956577241420746e-02
1.763320416212081909e-01
1.991550177335739136e-01
-9.999000000000000000e+03
-9.999000000000000000e+03
-9.999000000000000000e+03
-9.999000000000000000e+03
-9.999000000000000000e+03
-9.999000000000000000e+03
-9.999000000000000000e+03
-9.999000000000000000e+03
-9.999000000000000000e+03
-9.999000000000000000e+03
-9.999000000000000000e+03
-9.999000000000000000e+03
-9.999000000000000000e+03
-9.999000000000000000e+03
-9.999000000000000000e+03
-9.999000000000000000e+03
-9.999000000000000000e+03
-9.999000000000000000e+03
-9.999000000000000000e+03
-9.999000000000000000e+03
-9.999000000000000000e+03
-9.999000000000000000e+03
-9.999000000000000000e+03
-5.735378712415695190e-02
-9.806880354881286621e-02
-1.489851921796798706e-01
-1.100766882300376892e-01
-8.264112472534179688e-02
-6.948052346706390381e-02
-9.547273628413677216e-03
8.314857631921768188e-02
8.694272488355636597e-02
-9.999000000000000000e+03
-9.999000000000000000e+03
-9.999000000000000000e+03
-9.999000000000000000e+03
-9.999000000000000000e+03
-9.999000000000000000e+03
-9.999000000000000000e+03
-9.999000000000000000e+03
-9.999000000000000000e+03
-9.999000000000000000e+03
-9.999000000000000000e+03
-9.999000000000000000e+03
-9.999000000000000000e+03
-9.999000000000000000e+03
-9.999000000000000000e+03
-9.999000000000000000e+03
-9.999000000000000000e+03
-9.999000000000000000e+03
-9.999000000000000000e+03
-9.999000000000000000e+03
-9.999000000000000000e+03
-9.999000000000000000e+03
-1.011967658996582031e-02
-6.880369037389755249e-02
-8.884191513061523438e-02
-8.710236847400665283e-02
-6.771355867385864258e-02
-5.706027150154113770e-02
-6.591219455003738403e-02
-6.217285245656967163e-02
-4.605473205447196960e-02
1.094457227736711502e-02
3.001047670841217041e-02
3.095643594861030579e-02
2.856066264212131500e-02
-9.999000000000000000e+03
-9.999000000000000000e+03
-9.999000000000000000e+03
-9.999000000000000000e+03
-9.999000000000000000e+03
-9.999000000000000000e+03
-9.999000000000000000e+03
-9.999000000000000000e+03
-9.999000000000000000e+03
-9.999000000000000000e+03
-9.999000000000000000e+03
-9.999000000000000000e+03
-9.999000000000000000e+03
-9.999000000000000000e+03
-9.999000000000000000e+03
-9.999000000000000000e+03
-9.999000000000000000e+03
1.173420343548059464e-02
1.702356897294521332e-02
1.881423592567443848e-02
-5.493839737027883530e-03
-4.572925716638565063e-02
-6.192552670836448669e-02
-5.188062414526939392e-02
-4.944806173443794250e-02
-5.650828406214714050e-02
-2.730768173933029175e-02
-9.380927658639848232e-04
2.918465249240398407e-02
2.778538502752780914e-02
3.232073038816452026e-02
-9.999000000000000000e+03
-9.999000000000000000e+03
-9.999000000000000000e+03
-9.999000000000000000e+03
-9.999000000000000000e+03
-9.999000000000000000e+03
-9.999000000000000000e+03
-9.999000000000000000e+03
-9.999000000000000000e+03
-9.999000000000000000e+03
-9.999000000000000000e+03
-9.999000000000000000e+03
-9.999000000000000000e+03
-9.999000000000000000e+03
-9.999000000000000000e+03
3.682343661785125732e-02
1.368712075054645538e-02
2.047172188758850098e-02
7.548404391855001450e-03
1.040479261428117752e-02
7.387991528958082199e-03
9.005444590002298355e-04
-2.520735934376716614e-02
-3.479887172579765320e-02
-2.616514638066291809e-02
-3.210710827261209488e-03
2.986964024603366852e-02
4.013044387102127075e-02
3.087721206247806549e-02
-9.999000000000000000e+03
-9.999000000000000000e+03
-9.999000000000000000e+03
-9.999000000000000000e+03
-9.999000000000000000e+03
-9.999000000000000000e+03
-9.999000000000000000e+03
-9.999000000000000000e+03
-9.999000000000000000e+03
-9.999000000000000000e+03
-9.999000000000000000e+03
-9.999000000000000000e+03
-9.999000000000000000e+03
-9.999000000000000000e+03
-9.999000000000000000e+03
-9.999000000000000000e+03
4.472383484244346619e-02
6.627646088600158691e-02
3.266777843236923218e-02
1.154528465121984482e-02
-1.727883704006671906e-02
-1.873681508004665375e-02
3.365650773048400879e-03
1.971001736819744110e-02
1.402532309293746948e-02
-1.437103142961859703e-03
-2.649723179638385773e-02
-3.090389631688594818e-02
-4.745179414749145508e-02
-2.629805542528629303e-02
-9.999000000000000000e+03
-9.999000000000000000e+03
-9.999000000000000000e+03
-9.999000000000000000e+03
-9.999000000000000000e+03
-9.999000000000000000e+03
-9.999000000000000000e+03
-9.999000000000000000e+03
-9.999000000000000000e+03
-9.999000000000000000e+03
-9.999000000000000000e+03
-9.999000000000000000e+03
-9.999000000000000000e+03
-9.999000000000000000e+03
-9.999000000000000000e+03
-9.999000000000000000e+03
-9.999000000000000000e+03
4.560473375022411346e-03
-1.101300222217105329e-04
-3.284847363829612732e-02
-5.642212554812431335e-02
-6.131209805607795715e-02
-3.654858097434043884e-02
-6.777454633265733719e-03
1.762225478887557983e-02
3.080228902399539948e-02
3.698285296559333801e-02
1.192352361977100372e-02
-2.632196433842182159e-02
-3.323512524366378784e-02
-4.928264021873474121e-02
-9.999000000000000000e+03
-9.999000000000000000e+03
-9.999000000000000000e+03
-9.999000000000000000e+03
-9.999000000000000000e+03
-9.999000000000000000e+03
-9.999000000000000000e+03
-9.999000000000000000e+03
-9.999000000000000000e+03
-9.999000000000000000e+03
-9.999000000000000000e+03
-9.999000000000000000e+03
-9.999000000000000000e+03
-9.999000000000000000e+03
-9.999000000000000000e+03
-9.999000000000000000e+03
-9.999000000000000000e+03
-4.898955300450325012e-02
-7.555416226387023926e-02
-8.651506900787353516e-02
-8.661381900310516357e-02
-7.079819589853286743e-02
-2.102806419134140015e-02
1.099308859556913376e-02
3.142302483320236206e-02
4.185337573289871216e-02
4.116726294159889221e-02
2.431989461183547974e-02
5.180628504604101181e-03
1.203942019492387772e-02
-9.999000000000000000e+03
-9.999000000000000000e+03
-9.999000000000000000e+03
-9.999000000000000000e+03
-9.999000000000000000e+03
-9.999000000000000000e+03
-9.999000000000000000e+03
-9.999000000000000000e+03
-9.999000000000000000e+03
-9.999000000000000000e+03
-9.999000000000000000e+03
-9.999000000000000000e+03
-9.999000000000000000e+03
-9.999000000000000000e+03
-9.999000000000000000e+03
-9.999000000000000000e+03
-9.999000000000000000e+03
-9.999000000000000000e+03
-5.071386322379112244e-02
-6.875730305910110474e-02
-5.318034812808036804e-02
-4.203433543443679810e-02
2.980819670483469963e-03
2.994698472321033478e-02
4.637933522462844849e-02
7.255793362855911255e-02
6.544243544340133667e-02
8.668760210275650024e-02
4.783439636230468750e-02
1.856283657252788544e-02
-9.999000000000000000e+03
-9.999000000000000000e+03
-9.999000000000000000e+03
-9.999000000000000000e+03
-9.999000000000000000e+03
-9.999000000000000000e+03
-9.999000000000000000e+03
-9.999000000000000000e+03
-9.999000000000000000e+03
-9.999000000000000000e+03
-9.999000000000000000e+03
-9.999000000000000000e+03
-9.999000000000000000e+03
-9.999000000000000000e+03
-9.999000000000000000e+03
-9.999000000000000000e+03
-9.999000000000000000e+03
-9.999000000000000000e+03
-9.999000000000000000e+03
-3.161616995930671692e-02
-2.308287099003791809e-02
-2.193162217736244202e-03
2.479243651032447815e-02
1.022837832570075989e-01
1.038451045751571655e-01
1.005786657333374023e-01
7.819823175668716431e-02
7.353917509317398071e-02
5.327661335468292236e-02
-9.999000000000000000e+03
-9.999000000000000000e+03
-9.999000000000000000e+03
-9.999000000000000000e+03
-9.999000000000000000e+03
-9.999000000000000000e+03
-9.999000000000000000e+03
-9.999000000000000000e+03
-9.999000000000000000e+03
-9.999000000000000000e+03
-9.999000000000000000e+03
-9.999000000000000000e+03
-9.999000000000000000e+03
-9.999000000000000000e+03
-9.999000000000000000e+03
-9.999000000000000000e+03
-9.999000000000000000e+03
-9.999000000000000000e+03
-9.999000000000000000e+03
-9.999000000000000000e+03
-9.999000000000000000e+03
-8.763768710196018219e-03
3.603110462427139282e-02
8.149357885122299194e-02
1.099502146244049072e-01
1.284663081169128418e-01
1.088991165161132812e-01
-9.999000000000000000e+03
-9.999000000000000000e+03
-9.999000000000000000e+03
-9.999000000000000000e+03
-9.999000000000000000e+03
-9.999000000000000000e+03
-9.999000000000000000e+03
-9.999000000000000000e+03
-9.999000000000000000e+03
-9.999000000000000000e+03
-9.999000000000000000e+03
-9.999000000000000000e+03
-9.999000000000000000e+03
-9.999000000000000000e+03
-9.999000000000000000e+03
-9.999000000000000000e+03
-9.999000000000000000e+03
-9.999000000000000000e+03
-9.999000000000000000e+03
-9.999000000000000000e+03
-9.999000000000000000e+03
-9.999000000000000000e+03
-9.999000000000000000e+03
-9.999000000000000000e+03
-9.999000000000000000e+03
5.622115451842546463e-03
2.899298816919326782e-02
9.617973119020462036e-02
-9.999000000000000000e+03
-9.999000000000000000e+03
-9.999000000000000000e+03
-9.999000000000000000e+03
-9.999000000000000000e+03
-9.999000000000000000e+03
-9.999000000000000000e+03
-9.999000000000000000e+03
-9.999000000000000000e+03
-9.999000000000000000e+03
-9.999000000000000000e+03
-9.999000000000000000e+03
-9.999000000000000000e+03
-9.999000000000000000e+03
-9.999000000000000000e+03
-9.999000000000000000e+03
-9.999000000000000000e+03
-9.999000000000000000e+03
-9.999000000000000000e+03
-9.999000000000000000e+03
-9.999000000000000000e+03
-9.999000000000000000e+03
-9.999000000000000000e+03
-9.999000000000000000e+03
-9.999000000000000000e+03
-9.999000000000000000e+03
-9.999000000000000000e+03
-9.999000000000000000e+03
