1.291682869195938110e-01
1.351375579833984375e-01
1.207204908132553101e-01
1.094095855951309204e-01
1.150423139333724976e-01
9.724533557891845703e-02
8.287310600280761719e-02
6.931898742914199829e-02
4.027078300714492798e-02
2.564874850213527679e-02
-2.415470778942108154e-02
-9.999000000000000000e+03
-9.999000000000000000e+03
-9.999000000000000000e+03
-9.999000000000000000e+03
-9.999000000000000000e+03
-9.999000000000000000e+03
-9.999000000000000000e+03
-9.999000000000000000e+03
-9.999000000000000000e+03
-9.999000000000000000e+03
-9.999000000000000000e+03
-9.999000000000000000e+03
-2.960578352212905884e-02
-2.766437828540802002e-02
1.326893735677003860e-02
4.860181361436843872e-02
9.372045099735260010e-02
1.143497154116630554e-01
1.334053277969360352e-01
1.398686468601226807e-01
6.095226109027862549e-02
7.064711302518844604e-02
6.957554817199707031e-02
6.429705768823623657e-02
6.537014245986938477e-02
3.562546893954277039e-02
7.853599265217781067e-03
5.847469903528690338e-03
-4.542768467217683792e-03
4.029396455734968185e-03
5.142936483025550842e-03
9.010636247694492340e-03
-9.999000000000000000e+03
-9.999000000000000000e+03
-9.999000000000000000e+03
-9.999000000000000000e+03
-9.999000000000000000e+03
-9.999000000000000000e+03
-9.999000000000000000e+03
-9.999000000000000000e+03
-9.999000000000000000e+03
3.094770014286041260e-02
3.912463784217834473e-02
2.866207435727119446e-02
6.101265177130699158e-02
6.984700262546539307e-02
8.659822493791580200e-02
1.045663133263587952e-01
1.171974167227745056e-01
1.301108151674270630e-01
1.387802511453628540e-01
-3.095963969826698303e-03
2.028275746852159500e-03
7.498160935938358307e-03
-9.619429707527160645e-03
-8.526723831892013550e-03
-4.011200740933418274e-02
-5.478180572390556335e-02
-4.736289754509925842e-02
-4.590198770165443420e-02
-2.019694074988365173e-02
-4.287036135792732239e-04
1.036187540739774704e-02
-9.999000000000000000e+03
-9.999000000000000000e+03
-9.999000000000000000e+03
-9.999000000000000000e+03
-9.999000000000000000e+03
-9.999000000000000000e+03
-9.999000000000000000e+03
7.098288089036941528e-02
6.649050861597061157e-02
7.870425283908843994e-02
7.476525753736495972e-02
7.654984295368194580e-02
8.009406179189682007e-02
8.412440866231918335e-02
9.448893368244171143e-02
9.044618159532546997e-02
9.754564613103866577e-02
1.139461919665336609e-01
1.186769083142280579e-01
-7.248980551958084106e-02
-7.487489283084869385e-02
-7.350001484155654907e-02
-8.416945487260818481e-02
-9.270247817039489746e-02
-1.245982199907302856e-01
-1.225360184907913208e-01
-9.636931866407394409e-02
-7.794921100139617920e-02
-4.213634133338928223e-02
-1.454750634729862213e-02
1.982739567756652832e-02
4.402855411171913147e-02
-9.999000000000000000e+03
-9.999000000000000000e+03
-9.999000000000000000e+03
4.282398521900177002e-02
6.335673481225967407e-02
8.848644047975540161e-02
7.311644405126571655e-02
4.920566082000732422e-02
3.911189734935760498e-02
1.094571407884359360e-02
3.039814531803131104e-02
3.190644457936286926e-02
7.309288252145051956e-03
4.308370500802993774e-02
4.656291380524635315e-02
6.246749684214591980e-02
8.073243498802185059e-02
9.227150678634643555e-02
-1.282355636358261108e-01
-1.422092765569686890e-01
-1.470769792795181274e-01
-1.555281728506088257e-01
-1.537512093782424927e-01
-1.640430986881256104e-01
-1.581870019435882568e-01
-1.281311213970184326e-01
-1.002512350678443909e-01
-6.379853934049606323e-02
-1.495035458356142044e-02
2.035463228821754456e-02
4.968641698360443115e-02
5.690245330333709717e-02
5.064456164836883545e-02
5.152415856719017029e-02
4.716346785426139832e-02
2.784263156354427338e-02
2.145023830235004425e-02
-2.172596566379070282e-02
-4.160323366522789001e-02
-8.456305414438247681e-02
-1.193311959505081177e-01
-8.915579319000244141e-02
-8.661329001188278198e-02
-6.760943681001663208e-02
-2.763195149600505829e-02
5.674783140420913696e-03
3.585279732942581177e-02
6.469348818063735962e-02
7.933054119348526001e-02
-1.521582007408142090e-01
-1.723980456590652466e-01
-1.846494376659393311e-01
-1.958445608615875244e-01
-1.933249533176422119e-01
-1.890192180871963501e-01
-1.746519207954406738e-01
-1.495229601860046387e-01
-1.289111524820327759e-01
-8.598686009645462036e-02
-3.004112467169761658e-02
4.600979853421449661e-03
3.120348788797855377e-02
3.713031485676765442e-02
2.594527788460254669e-02
2.304457873106002808e-02
-8.784567005932331085e-03
-7.303541153669357300e-02
-1.118282154202461243e-01
-1.745982468128204346e-01
-1.856396049261093140e-01
-1.812665909528732300e-01
-1.853610873222351074e-01
-1.540841758251190186e-01
-1.269392818212509155e-01
-1.136694774031639099e-01
-6.578464806079864502e-02
-4.040109738707542419e-02
-1.016021519899368286e-02
2.782177552580833435e-02
4.242123290896415710e-02
-1.648433357477188110e-01
-1.829432398080825806e-01
-1.972557157278060913e-01
-1.996673345565795898e-01
-1.992614865303039551e-01
-1.954217255115509033e-01
-1.770946383476257324e-01
-1.536542773246765137e-01
-1.278409808874130249e-01
-9.586121886968612671e-02
-4.983033984899520874e-02
-1.953890919685363770e-02
8.383217267692089081e-03
1.015473809093236923e-02
-3.459306433796882629e-02
-6.607144325971603394e-02
-1.236154586076736450e-01
-1.806128621101379395e-01
-2.065105289220809937e-01
-2.470613569021224976e-01
-2.413058876991271973e-01
-2.334607839584350586e-01
-2.356061041355133057e-01
-2.200962007045745850e-01
-2.047788053750991821e-01
-1.927645057439804077e-01
-1.435142010450363159e-01
-1.204226613044738770e-01
-8.900340646505355835e-02
-3.898445889353752136e-02
-1.636604219675064087e-02
-1.663750112056732178e-01
-1.778884083032608032e-01
-1.886767894029617310e-01
-1.799675524234771729e-01
-1.748696267604827881e-01
-1.647042930126190186e-01
-1.535937339067459106e-01
-1.470903754234313965e-01
-1.278228610754013062e-01
-9.801246225833892822e-02
-5.555018782615661621e-02
-3.792266547679901123e-02
-3.730627894401550293e-02
-5.622579529881477356e-02
-1.063618957996368408e-01
-1.424675434827804565e-01
-2.097552120685577393e-01
-2.372776269912719727e-01
-2.456758469343185425e-01
-2.414129972457885742e-01
-2.334414720535278320e-01
-2.379806935787200928e-01
-2.404167801141738892e-01
-2.541610598564147949e-01
-2.757807075977325439e-01
-2.693196833133697510e-01
-2.195961028337478638e-01
-1.895141601562500000e-01
-1.553024947643280029e-01
-1.071290820837020874e-01
-8.381348103284835815e-02
-1.606598347425460815e-01
-1.647283881902694702e-01
-1.684041172266006470e-01
-1.557933241128921509e-01
-1.505993902683258057e-01
-1.407698690891265869e-01
-1.300684511661529541e-01
-1.278914660215377808e-01
-1.152768060564994812e-01
-9.625506401062011719e-02
-7.786081731319427490e-02
-7.429607957601547241e-02
-9.962487965822219849e-02
-1.450811773538589478e-01
-1.934449076652526855e-01
-2.089943885803222656e-01
-2.290228307247161865e-01
-2.247411310672760010e-01
-2.248947769403457642e-01
-2.069994062185287476e-01
-1.786606907844543457e-01
-1.765103191137313843e-01
-1.448894441127777100e-01
-1.760467588901519775e-01
-1.498678624629974365e-01
-2.242787331342697144e-01
-2.218620181083679199e-01
-2.202381640672683716e-01
-1.922631114721298218e-01
-1.546783745288848877e-01
-1.322718411684036255e-01
-1.397917121648788452e-01
-1.408668160438537598e-01
-1.442091614007949829e-01
-1.325520128011703491e-01
-1.274479031562805176e-01
-1.253740936517715454e-01
-1.134045645594596863e-01
-1.071759685873985291e-01
-1.040898114442825317e-01
-9.680442512035369873e-02
-1.134186536073684692e-01
-1.424942612648010254e-01
-1.639493554830551147e-01
-1.881121546030044556e-01
-2.134042680263519287e-01
-2.171643376350402832e-01
-2.134947925806045532e-01
-1.512567251920700073e-01
-1.740050166845321655e-01
-1.355675756931304932e-01
-1.135724857449531555e-01
-9.999000000000000000e+03
-9.999000000000000000e+03
-9.999000000000000000e+03
-9.999000000000000000e+03
-9.999000000000000000e+03
-9.999000000000000000e+03
-2.272552847862243652e-01
-2.060413360595703125e-01
-1.863993853330612183e-01
-1.764587610960006714e-01
-1.231823042035102844e-01
-1.092968806624412537e-01
-1.148046106100082397e-01
-1.047424674034118652e-01
-1.012468263506889343e-01
-8.269291371107101440e-02
-7.948531210422515869e-02
-8.402253687381744385e-02
-8.565177768468856812e-02
-1.051510497927665710e-01
-1.367779672145843506e-01
-1.837608218193054199e-01
-1.874060630798339844e-01
-1.979146450757980347e-01
-1.894516497850418091e-01
-1.651266664266586304e-01
-1.352061331272125244e-01
-9.999000000000000000e+03
-9.999000000000000000e+03
-9.999000000000000000e+03
-9.999000000000000000e+03
-9.999000000000000000e+03
-9.999000000000000000e+03
-9.999000000000000000e+03
-9.999000000000000000e+03
-9.999000000000000000e+03
-9.999000000000000000e+03
-1.212614774703979492e-01
-1.768584400415420532e-01
-2.124012559652328491e-01
-2.202161699533462524e-01
-1.240278184413909912e-01
-1.012216657400131226e-01
-8.281488716602325439e-02
-7.249391078948974609e-02
-6.728111207485198975e-02
-6.767107546329498291e-02
-6.833919882774353027e-02
-7.216506451368331909e-02
-8.857509493827819824e-02
-1.316305249929428101e-01
-1.621421724557876587e-01
-1.753343045711517334e-01
-1.685871332883834839e-01
-1.735286116600036621e-01
-9.703907370567321777e-02
-1.042479053139686584e-01
-9.999000000000000000e+03
-9.999000000000000000e+03
-9.999000000000000000e+03
-9.999000000000000000e+03
-9.999000000000000000e+03
-9.999000000000000000e+03
-9.999000000000000000e+03
-9.999000000000000000e+03
-9.999000000000000000e+03
-9.999000000000000000e+03
-9.999000000000000000e+03
-9.999000000000000000e+03
-1.085429042577743530e-01
-2.072359621524810791e-01
-2.490409314632415771e-01
-1.736916452646255493e-01
-1.413694620132446289e-01
-1.034431532025337219e-01
-8.274316042661666870e-02
-6.057594344019889832e-02
-5.501532554626464844e-02
-4.917163029313087463e-02
-6.296835094690322876e-02
-9.220938384532928467e-02
-1.266452372074127197e-01
-1.506741344928741455e-01
-1.495426595211029053e-01
-1.080621480941772461e-01
-1.168493032455444336e-01
-9.999000000000000000e+03
-9.999000000000000000e+03
-9.999000000000000000e+03
-9.999000000000000000e+03
-9.999000000000000000e+03
-9.999000000000000000e+03
-9.999000000000000000e+03
-9.999000000000000000e+03
-9.999000000000000000e+03
-9.999000000000000000e+03
-9.999000000000000000e+03
-9.999000000000000000e+03
-9.999000000000000000e+03
-9.999000000000000000e+03
-9.999000000000000000e+03
-1.708417981863021851e-01
-2.378769665956497192e-01
-9.999000000000000000e+03
-9.760511666536331177e-02
-1.177249327301979065e-01
-9.942257404327392578e-02
-7.362934201955795288e-02
-5.918887257575988770e-02
-6.161886826157569885e-02
-7.926993817090988159e-02
-1.087655127048492432e-01
-1.166300550103187561e-01
-1.171002537012100220e-01
-9.678860753774642944e-02
-8.321357518434524536e-02
-9.999000000000000000e+03
-9.999000000000000000e+03
-9.999000000000000000e+03
-9.999000000000000000e+03
-9.999000000000000000e+03
-9.999000000000000000e+03
-9.999000000000000000e+03
-9.999000000000000000e+03
-9.999000000000000000e+03
-9.999000000000000000e+03
-9.999000000000000000e+03
-9.999000000000000000e+03
-9.999000000000000000e+03
-9.999000000000000000e+03
-9.999000000000000000e+03
-9.999000000000000000e+03
-1.231700405478477478e-01
-1.885833293199539185e-01
-9.999000000000000000e+03
-9.999000000000000000e+03
-9.897100925445556641e-02
-9.322849661111831665e-02
-7.761831581592559814e-02
-7.204047590494155884e-02
-8.777967840433120728e-02
-9.939007461071014404e-02
-1.016757339239120483e-01
-9.274783730506896973e-02
-8.796289563179016113e-02
-4.508447647094726562e-02
-9.999000000000000000e+03
-9.999000000000000000e+03
-9.999000000000000000e+03
-9.999000000000000000e+03
-9.999000000000000000e+03
-9.999000000000000000e+03
-9.999000000000000000e+03
-9.999000000000000000e+03
-9.999000000000000000e+03
-9.999000000000000000e+03
-9.999000000000000000e+03
-9.999000000000000000e+03
-9.999000000000000000e+03
-9.999000000000000000e+03
-9.999000000000000000e+03
-9.999000000000000000e+03
-9.999000000000000000e+03
-6.220516934990882874e-02
-1.034521311521530151e-01
-9.999000000000000000e+03
-9.999000000000000000e+03
-5.440497770905494690e-02
-6.249610334634780884e-02
-5.885460972785949707e-02
-5.890974402427673340e-02
-7.026611268520355225e-02
-7.171520590782165527e-02
-6.564528495073318481e-02
-4.950044304132461548e-02
-4.560335353016853333e-02
-3.381434082984924316e-02
-9.999000000000000000e+03
-9.999000000000000000e+03
-9.999000000000000000e+03
-9.999000000000000000e+03
-9.999000000000000000e+03
-9.999000000000000000e+03
-9.999000000000000000e+03
-9.999000000000000000e+03
-9.999000000000000000e+03
-9.999000000000000000e+03
-9.999000000000000000e+03
-9.999000000000000000e+03
-9.999000000000000000e+03
-9.999000000000000000e+03
-9.999000000000000000e+03
-9.999000000000000000e+03
-9.999000000000000000e+03
-9.999000000000000000e+03
-9.999000000000000000e+03
-9.999000000000000000e+03
-9.999000000000000000e+03
-2.300331555306911469e-02
-3.019837662577629089e-02
-2.508857101202011108e-02
-3.255778178572654724e-02
-3.239440172910690308e-02
-3.263076022267341614e-02
-1.652444526553153992e-02
-3.062498010694980621e-02
-3.476387634873390198e-02
-3.195991739630699158e-02
-9.999000000000000000e+03
-9.999000000000000000e+03
-9.999000000000000000e+03
-9.999000000000000000e+03
-9.999000000000000000e+03
-9.999000000000000000e+03
-9.999000000000000000e+03
-9.999000000000000000e+03
-9.999000000000000000e+03
-9.999000000000000000e+03
-9.999000000000000000e+03
-9.999000000000000000e+03
-9.999000000000000000e+03
-9.999000000000000000e+03
-9.999000000000000000e+03
-9.999000000000000000e+03
-9.999000000000000000e+03
-9.999000000000000000e+03
-9.999000000000000000e+03
-9.999000000000000000e+03
-9.999000000000000000e+03
-9.999000000000000000e+03
-2.723061665892601013e-02
-3.176086768507957458e-02
-1.941639371216297150e-02
1.377296750433743000e-03
8.940590778365731239e-04
-3.347810124978423119e-03
6.114372983574867249e-03
-1.665719412267208099e-02
-9.999000000000000000e+03
-9.999000000000000000e+03
-9.999000000000000000e+03
-9.999000000000000000e+03
-9.999000000000000000e+03
-9.999000000000000000e+03
-9.999000000000000000e+03
-9.999000000000000000e+03
-9.999000000000000000e+03
-9.999000000000000000e+03
-9.999000000000000000e+03
-9.999000000000000000e+03
-9.999000000000000000e+03
-9.999000000000000000e+03
-9.999000000000000000e+03
-9.999000000000000000e+03
-9.999000000000000000e+03
-9.999000000000000000e+03
-9.999000000000000000e+03
-9.999000000000000000e+03
-9.999000000000000000e+03
-9.999000000000000000e+03
-9.999000000000000000e+03
-2.579946629703044891e-02
-5.349288508296012878e-02
-4.673290997743606567e-02
-3.099881298840045929e-02
8.374702301807701588e-04
-1.142342109233140945e-02
7.565888017416000366e-02
1.497121453285217285e-01
1.142571046948432922e-01
-9.999000000000000000e+03
-9.999000000000000000e+03
-9.999000000000000000e+03
-9.999000000000000000e+03
-9.999000000000000000e+03
-9.999000000000000000e+03
-9.999000000000000000e+03
-9.999000000000000000e+03
-9.999000000000000000e+03
-9.999000000000000000e+03
-9.999000000000000000e+03
-9.999000000000000000e+03
-9.999000000000000000e+03
-9.999000000000000000e+03
-9.999000000000000000e+03
-9.999000000000000000e+03
-9.999000000000000000e+03
-9.999000000000000000e+03
-9.999000000000000000e+03
-9.999000000000000000e+03
-9.999000000000000000e+03
-9.999000000000000000e+03
-9.999000000000000000e+03
-7.046486437320709229e-02
-6.071896851062774658e-02
-5.783687904477119446e-02
-4.185277968645095825e-02
-9.018773213028907776e-03
9.005085565149784088e-03
1.349169611930847168e-01
1.502913683652877808e-01
-9.999000000000000000e+03
-9.999000000000000000e+03
-9.999000000000000000e+03
-9.999000000000000000e+03
-9.999000000000000000e+03
-9.999000000000000000e+03
-9.999000000000000000e+03
-9.999000000000000000e+03
-9.999000000000000000e+03
-9.999000000000000000e+03
-9.999000000000000000e+03
-9.999000000000000000e+03
-9.999000000000000000e+03
-9.999000000000000000e+03
-9.999000000000000000e+03
-9.999000000000000000e+03
-9.999000000000000000e+03
-9.999000000000000000e+03
-9.999000000000000000e+03
-9.999000000000000000e+03
-9.999000000000000000e+03
-9.999000000000000000e+03
-9.999000000000000000e+03
-7.591646909713745117e-02
-1.036857143044471741e-01
-1.091129630804061890e-01
-1.393214315176010132e-01
-1.487554460763931274e-01
-1.564468145370483398e-01
-8.284889906644821167e-02
6.165945902466773987e-03
-8.824774995446205139e-03
-9.999000000000000000e+03
-9.999000000000000000e+03
-9.999000000000000000e+03
-9.999000000000000000e+03
-9.999000000000000000e+03
-9.999000000000000000e+03
-9.999000000000000000e+03
-9.999000000000000000e+03
-9.999000000000000000e+03
-9.999000000000000000e+03
-9.999000000000000000e+03
-9.999000000000000000e+03
-9.999000000000000000e+03
-9.999000000000000000e+03
-9.999000000000000000e+03
-9.999000000000000000e+03
-9.999000000000000000e+03
-9.999000000000000000e+03
-9.999000000000000000e+03
-9.999000000000000000e+03
-9.999000000000000000e+03
-9.999000000000000000e+03
-4.803948104381561279e-02
-1.080025956034660339e-01
-1.340947598218917847e-01
-1.475551575422286987e-01
-1.679501235485076904e-01
-1.589927375316619873e-01
-1.416763067245483398e-01
-1.189988628029823303e-01
-7.844328135251998901e-02
-5.360414832830429077e-02
-5.929321795701980591e-02
-5.416249483823776245e-02
-3.367210924625396729e-02
-9.999000000000000000e+03
-9.999000000000000000e+03
-9.999000000000000000e+03
-9.999000000000000000e+03
-9.999000000000000000e+03
-9.999000000000000000e+03
-9.999000000000000000e+03
-9.999000000000000000e+03
-9.999000000000000000e+03
-9.999000000000000000e+03
-9.999000000000000000e+03
-9.999000000000000000e+03
-9.999000000000000000e+03
-9.999000000000000000e+03
-9.999000000000000000e+03
-9.999000000000000000e+03
-9.999000000000000000e+03
-6.452467292547225952e-02
-6.657040864229202271e-02
-7.694290578365325928e-02
-8.020804822444915771e-02
-9.519774466753005981e-02
-1.155056878924369812e-01
-1.052606925368309021e-01
-9.617514908313751221e-02
-9.274454414844512939e-02
-3.863966092467308044e-02
-7.991960272192955017e-03
-4.463677480816841125e-02
-4.341727867722511292e-02
-3.411651775240898132e-02
-9.999000000000000000e+03
-9.999000000000000000e+03
-9.999000000000000000e+03
-9.999000000000000000e+03
-9.999000000000000000e+03
-9.999000000000000000e+03
-9.999000000000000000e+03
-9.999000000000000000e+03
-9.999000000000000000e+03
-9.999000000000000000e+03
-9.999000000000000000e+03
-9.999000000000000000e+03
-9.999000000000000000e+03
-9.999000000000000000e+03
-9.999000000000000000e+03
-7.067981362342834473e-02
-7.439466565847396851e-02
-1.118558049201965332e-01
-1.104722991585731506e-01
-8.556210994720458984e-02
-6.538132578134536743e-02
-6.023187935352325439e-02
-7.801418751478195190e-02
-8.623317629098892212e-02
-8.094068616628646851e-02
-6.012085452675819397e-02
-6.023604050278663635e-02
-3.931539505720138550e-02
-5.635862052440643311e-02
-9.999000000000000000e+03
-9.999000000000000000e+03
-9.999000000000000000e+03
-9.999000000000000000e+03
-9.999000000000000000e+03
-9.999000000000000000e+03
-9.999000000000000000e+03
-9.999000000000000000e+03
-9.999000000000000000e+03
-9.999000000000000000e+03
-9.999000000000000000e+03
-9.999000000000000000e+03
-9.999000000000000000e+03
-9.999000000000000000e+03
-9.999000000000000000e+03
-9.999000000000000000e+03
-6.646923720836639404e-02
-8.303264528512954712e-02
-9.336846321821212769e-02
-1.139315813779830933e-01
-1.161555796861648560e-01
-8.724360913038253784e-02
-4.884709790349006653e-02
-4.658871889114379883e-02
-6.470856815576553345e-02
-7.719106227159500122e-02
-9.653349965810775757e-02
-1.101571992039680481e-01
-1.199500635266304016e-01
-8.421029150485992432e-02
-9.999000000000000000e+03
-9.999000000000000000e+03
-9.999000000000000000e+03
-9.999000000000000000e+03
-9.999000000000000000e+03
-9.999000000000000000e+03
-9.999000000000000000e+03
-9.999000000000000000e+03
-9.999000000000000000e+03
-9.999000000000000000e+03
-9.999000000000000000e+03
-9.999000000000000000e+03
-9.999000000000000000e+03
-9.999000000000000000e+03
-9.999000000000000000e+03
-9.999000000000000000e+03
-9.999000000000000000e+03
-9.554965794086456299e-02
-1.097890585660934448e-01
-1.174783036112785339e-01
-1.125681623816490173e-01
-1.022000387310981750e-01
-8.209620416164398193e-02
-5.754963308572769165e-02
-4.956992715597152710e-02
-5.811369419097900391e-02
-4.641602933406829834e-02
-4.372347891330718994e-02
-6.254715472459793091e-02
-5.746021866798400879e-02
-7.494702190160751343e-02
-9.999000000000000000e+03
-9.999000000000000000e+03
-9.999000000000000000e+03
-9.999000000000000000e+03
-9.999000000000000000e+03
-9.999000000000000000e+03
-9.999000000000000000e+03
-9.999000000000000000e+03
-9.999000000000000000e+03
-9.999000000000000000e+03
-9.999000000000000000e+03
-9.999000000000000000e+03
-9.999000000000000000e+03
-9.999000000000000000e+03
-9.999000000000000000e+03
-9.999000000000000000e+03
-9.999000000000000000e+03
-1.317858099937438965e-01
-1.443097144365310669e-01
-1.341607123613357544e-01
-1.108782514929771423e-01
-9.452169388532638550e-02
-6.944102793931961060e-02
-5.043068528175354004e-02
-4.783793911337852478e-02
-4.776006191968917847e-02
-4.086995124816894531e-02
-3.681229427456855774e-02
-1.524769701063632965e-02
-2.241104282438755035e-02
-9.999000000000000000e+03
-9.999000000000000000e+03
-9.999000000000000000e+03
-9.999000000000000000e+03
-9.999000000000000000e+03
-9.999000000000000000e+03
-9.999000000000000000e+03
-9.999000000000000000e+03
-9.999000000000000000e+03
-9.999000000000000000e+03
-9.999000000000000000e+03
-9.999000000000000000e+03
-9.999000000000000000e+03
-9.999000000000000000e+03
-9.999000000000000000e+03
-9.999000000000000000e+03
-9.999000000000000000e+03
-9.999000000000000000e+03
-1.162578612565994263e-01
-1.195888891816139221e-01
-1.023861989378929138e-01
-8.682725578546524048e-02
-5.562404543161392212e-02
-3.599749878048896790e-02
-2.385085076093673706e-02
-2.028686553239822388e-02
-2.188226766884326935e-02
3.350283659528940916e-04
-1.208185683935880661e-02
-3.619985654950141907e-02
-9.999000000000000000e+03
-9.999000000000000000e+03
-9.999000000000000000e+03
-9.999000000000000000e+03
-9.999000000000000000e+03
-9.999000000000000000e+03
-9.999000000000000000e+03
-9.999000000000000000e+03
-9.999000000000000000e+03
-9.999000000000000000e+03
-9.999000000000000000e+03
-9.999000000000000000e+03
-9.999000000000000000e+03
-9.999000000000000000e+03
-9.999000000000000000e+03
-9.999000000000000000e+03
-9.999000000000000000e+03
-9.999000000000000000e+03
-9.999000000000000000e+03
-7.871940732002258301e-02
-7.011606544256210327e-02
-6.024389714002609253e-02
-4.831757396459579468e-02
1.362725906074047089e-02
2.224565483629703522e-02
1.517885643988847733e-02
5.452698096632957458e-03
-2.442685887217521667e-03
1.094099483452737331e-03
-9.999000000000000000e+03
-9.999000000000000000e+03
-9.999000000000000000e+03
-9.999000000000000000e+03
-9.999000000000000000e+03
-9.999000000000000000e+03
-9.999000000000000000e+03
-9.999000000000000000e+03
-9.999000000000000000e+03
-9.999000000000000000e+03
-9.999000000000000000e+03
-9.999000000000000000e+03
-9.999000000000000000e+03
-9.999000000000000000e+03
-9.999000000000000000e+03
-9.999000000000000000e+03
-9.999000000000000000e+03
-9.999000000000000000e+03
-9.999000000000000000e+03
-9.999000000000000000e+03
-9.999000000000000000e+03
-4.441882669925689697e-02
-2.395034953951835632e-02
5.381710827350616455e-03
3.175675496459007263e-02
5.612840875983238220e-02
4.188596084713935852e-02
-9.999000000000000000e+03
-9.999000000000000000e+03
-9.999000000000000000e+03
-9.999000000000000000e+03
-9.999000000000000000e+03
-9.999000000000000000e+03
-9.999000000000000000e+03
-9.999000000000000000e+03
-9.999000000000000000e+03
-9.999000000000000000e+03
-9.999000000000000000e+03
-9.999000000000000000e+03
-9.999000000000000000e+03
-9.999000000000000000e+03
-9.999000000000000000e+03
-9.999000000000000000e+03
-9.999000000000000000e+03
-9.999000000000000000e+03
-9.999000000000000000e+03
-9.999000000000000000e+03
-9.999000000000000000e+03
-9.999000000000000000e+03
-9.999000000000000000e+03
-9.999000000000000000e+03
-9.999000000000000000e+03
-4.008857533335685730e-02
-1.541100908070802689e-02
2.209757454693317413e-02
-9.999000000000000000e+03
-9.999000000000000000e+03
-9.999000000000000000e+03
-9.999000000000000000e+03
-9.999000000000000000e+03
-9.999000000000000000e+03
-9.999000000000000000e+03
-9.999000000000000000e+03
-9.999000000000000000e+03
-9.999000000000000000e+03
-9.999000000000000000e+03
-9.999000000000000000e+03
-9.999000000000000000e+03
-9.999000000000000000e+03
-9.999000000000000000e+03
-9.999000000000000000e+03
-9.999000000000000000e+03
-9.999000000000000000e+03
-9.999000000000000000e+03
-9.999000000000000000e+03
-9.999000000000000000e+03
-9.999000000000000000e+03
-9.999000000000000000e+03
-9.999000000000000000e+03
-9.999000000000000000e+03
-9.999000000000000000e+03
-9.999000000000000000e+03
-9.999000000000000000e+03
