9.329806268215179443e-02
9.958139806985855103e-02
6.935478746891021729e-02
4.287724941968917847e-02
4.454101994633674622e-02
2.765237353742122650e-02
2.407925575971603394e-02
2.447727881371974945e-02
8.578206412494182587e-03
-2.108731772750616074e-03
-4.124278202652931213e-02
-9.999000000000000000e+03
-9.999000000000000000e+03
-9.999000000000000000e+03
-9.999000000000000000e+03
-9.999000000000000000e+03
-9.999000000000000000e+03
-9.999000000000000000e+03
-9.999000000000000000e+03
-9.999000000000000000e+03
-9.999000000000000000e+03
-9.999000000000000000e+03
-9.999000000000000000e+03
-1.405438408255577087e-02
-3.569164872169494629e-02
5.276894662529230118e-03
4.210885241627693176e-02
8.149068057537078857e-02
1.056299656629562378e-01
1.209411323070526123e-01
1.181241422891616821e-01
2.217544056475162506e-02
2.931410074234008789e-02
1.274902280420064926e-02
-4.702898208051919937e-03
-1.206101197749376297e-02
-2.692648209631443024e-02
-2.668122202157974243e-02
-2.094102650880813599e-02
-3.217077627778053284e-02
-3.032714873552322388e-02
-2.866936661303043365e-02
-1.329516433179378510e-02
-9.999000000000000000e+03
-9.999000000000000000e+03
-9.999000000000000000e+03
-9.999000000000000000e+03
-9.999000000000000000e+03
-9.999000000000000000e+03
-9.999000000000000000e+03
-9.999000000000000000e+03
-9.999000000000000000e+03
1.618615351617336273e-02
3.241686895489692688e-02
1.861683465540409088e-02
2.276611886918544769e-02
4.337605088949203491e-02
7.307885587215423584e-02
9.054387360811233521e-02
9.750812500715255737e-02
9.583687782287597656e-02
1.000121757388114929e-01
-5.593671277165412903e-02
-4.408471658825874329e-02
-5.012198910117149353e-02
-6.361741572618484497e-02
-5.814481526613235474e-02
-6.824882328510284424e-02
-6.763135641813278198e-02
-5.550291389226913452e-02
-6.725025177001953125e-02
-6.217243522405624390e-02
-4.550970345735549927e-02
-2.391521818935871124e-02
-9.999000000000000000e+03
-9.999000000000000000e+03
-9.999000000000000000e+03
-9.999000000000000000e+03
-9.999000000000000000e+03
-9.999000000000000000e+03
-9.999000000000000000e+03
3.929095342755317688e-02
4.916103184223175049e-02
6.724650412797927856e-02
7.979779690504074097e-02
7.712569832801818848e-02
6.450027227401733398e-02
7.635789364576339722e-02
8.509027957916259766e-02
8.969470858573913574e-02
1.059062480926513672e-01
1.105322390794754028e-01
1.381049305200576782e-01
-1.345295608043670654e-01
-1.231795549392700195e-01
-1.222486048936843872e-01
-1.273573935031890869e-01
-1.173142790794372559e-01
-1.289924383163452148e-01
-1.244716420769691467e-01
-1.045695915818214417e-01
-1.015687808394432068e-01
-8.601543307304382324e-02
-6.819444149732589722e-02
-4.047349095344543457e-02
-3.067326545715332031e-02
-9.999000000000000000e+03
-9.999000000000000000e+03
-9.999000000000000000e+03
4.266474861651659012e-03
1.345717534422874451e-02
3.272155299782752991e-02
2.217367291450500488e-02
2.347656525671482086e-02
3.398220613598823547e-02
2.717102691531181335e-02
6.418345123529434204e-02
8.094210922718048096e-02
7.803546637296676636e-02
1.045230031013488770e-01
1.324412077665328979e-01
1.472033262252807617e-01
1.555262953042984009e-01
1.651403456926345825e-01
-2.016237676143646240e-01
-2.059529125690460205e-01
-2.093534171581268311e-01
-2.076001465320587158e-01
-1.830679923295974731e-01
-1.787490248680114746e-01
-1.651253849267959595e-01
-1.370386928319931030e-01
-1.214303225278854370e-01
-9.854245930910110474e-02
-7.158077508211135864e-02
-5.300610512495040894e-02
-4.205810651183128357e-02
-4.451777040958404541e-02
-2.915484458208084106e-02
-1.597100310027599335e-02
-2.005008235573768616e-02
-3.821890056133270264e-02
-4.177415370941162109e-02
-7.529620826244354248e-02
-6.833960860967636108e-02
-7.168769836425781250e-02
-7.483799010515213013e-02
-3.090756945312023163e-02
-2.890410833060741425e-03
2.859538421034812927e-02
7.357969135046005249e-02
1.082473322749137878e-01
1.381509900093078613e-01
1.586849093437194824e-01
1.578829735517501831e-01
-2.344632595777511597e-01
-2.497306019067764282e-01
-2.721600830554962158e-01
-2.677076160907745361e-01
-2.350610196590423584e-01
-2.168215066194534302e-01
-1.883433014154434204e-01
-1.532855778932571411e-01
-1.305104494094848633e-01
-9.897928684949874878e-02
-6.101905554533004761e-02
-2.336448989808559418e-02
-2.210201695561408997e-02
-2.459686435759067535e-02
-3.683741018176078796e-02
-4.548276588320732117e-02
-7.602593302726745605e-02
-1.272186189889907837e-01
-1.571776568889617920e-01
-1.998644471168518066e-01
-2.084337174892425537e-01
-1.902350336313247681e-01
-1.907830387353897095e-01
-1.225765720009803772e-01
-7.689277827739715576e-02
-6.072333082556724548e-02
1.227647904306650162e-02
4.458951577544212341e-02
8.523731678724288940e-02
1.271345615386962891e-01
1.346371173858642578e-01
-2.490917295217514038e-01
-2.670251131057739258e-01
-2.856511771678924561e-01
-2.765854299068450928e-01
-2.510573267936706543e-01
-2.303301542997360229e-01
-1.914663910865783691e-01
-1.494468003511428833e-01
-1.125181466341018677e-01
-8.248618245124816895e-02
-4.714165255427360535e-02
-2.175986394286155701e-02
-9.067827835679054260e-03
-1.807416602969169617e-02
-7.949226349592208862e-02
-1.176617518067359924e-01
-1.667525172233581543e-01
-2.111569195985794067e-01
-2.317089438438415527e-01
-2.723962068557739258e-01
-2.893700301647186279e-01
-2.996602952480316162e-01
-2.959417998790740967e-01
-2.541618943214416504e-01
-2.191835939884185791e-01
-1.923618465662002563e-01
-1.105823144316673279e-01
-6.909858435392379761e-02
-1.372985634952783585e-02
5.611324310302734375e-02
7.391317933797836304e-02
-2.176414430141448975e-01
-2.510316669940948486e-01
-2.757231295108795166e-01
-2.545983791351318359e-01
-2.221789211034774780e-01
-1.911713182926177979e-01
-1.555574387311935425e-01
-1.289844065904617310e-01
-9.376154839992523193e-02
-7.444396615028381348e-02
-5.331479758024215698e-02
-4.893251508474349976e-02
-5.706663057208061218e-02
-8.627263456583023071e-02
-1.390010565519332886e-01
-1.768056303262710571e-01
-2.312796711921691895e-01
-2.557155489921569824e-01
-2.753706574440002441e-01
-2.777579724788665771e-01
-2.696874737739562988e-01
-2.888371944427490234e-01
-2.713877260684967041e-01
-2.884769439697265625e-01
-3.265302181243896484e-01
-3.181206583976745605e-01
-2.238872945308685303e-01
-1.644231677055358887e-01
-1.093019396066665649e-01
-4.213050007820129395e-02
-1.997289247810840607e-02
-1.898937821388244629e-01
-2.172437608242034912e-01
-2.339392751455307007e-01
-2.189384996891021729e-01
-1.958056390285491943e-01
-1.608099490404129028e-01
-1.230847463011741638e-01
-9.660154581069946289e-02
-8.027999103069305420e-02
-6.971855461597442627e-02
-6.652225553989410400e-02
-7.491516321897506714e-02
-1.111150011420249939e-01
-1.623224467039108276e-01
-2.064746171236038208e-01
-2.204201221466064453e-01
-2.354995161294937134e-01
-2.290004044771194458e-01
-2.341609299182891846e-01
-1.896082311868667603e-01
-1.340157240629196167e-01
-1.365589350461959839e-01
-1.129806414246559143e-01
-1.689607352018356323e-01
-1.563427448272705078e-01
-2.648569643497467041e-01
-2.459607571363449097e-01
-2.124510109424591064e-01
-1.574964374303817749e-01
-1.139904409646987915e-01
-1.008896678686141968e-01
-1.739144325256347656e-01
-1.926646232604980469e-01
-1.957304924726486206e-01
-1.829627454280853271e-01
-1.595244407653808594e-01
-1.286147385835647583e-01
-1.040588915348052979e-01
-8.381658792495727539e-02
-7.173613458871841431e-02
-7.388354837894439697e-02
-9.368139505386352539e-02
-1.344965994358062744e-01
-1.714600622653961182e-01
-2.015705853700637817e-01
-2.222306877374649048e-01
-2.197992652654647827e-01
-2.071333974599838257e-01
-1.403677016496658325e-01
-1.411901414394378662e-01
-7.481429725885391235e-02
-4.553481563925743103e-02
-9.999000000000000000e+03
-9.999000000000000000e+03
-9.999000000000000000e+03
-9.999000000000000000e+03
-9.999000000000000000e+03
-9.999000000000000000e+03
-2.632327973842620850e-01
-2.069377899169921875e-01
-1.451543122529983521e-01
-1.298640966415405273e-01
-1.443923115730285645e-01
-1.495475023984909058e-01
-1.662794500589370728e-01
-1.617401838302612305e-01
-1.451950222253799438e-01
-1.156121194362640381e-01
-9.334718436002731323e-02
-8.025668561458587646e-02
-8.321204036474227905e-02
-1.037682667374610901e-01
-1.218398809432983398e-01
-1.793642491102218628e-01
-1.992243677377700806e-01
-2.117964625358581543e-01
-1.954872310161590576e-01
-1.653259694576263428e-01
-1.341707110404968262e-01
-9.999000000000000000e+03
-9.999000000000000000e+03
-9.999000000000000000e+03
-9.999000000000000000e+03
-9.999000000000000000e+03
-9.999000000000000000e+03
-9.999000000000000000e+03
-9.999000000000000000e+03
-9.999000000000000000e+03
-9.999000000000000000e+03
-1.329976171255111694e-01
-1.764268726110458374e-01
-1.858511716127395630e-01
-1.706457585096359253e-01
-1.350644528865814209e-01
-1.168397143483161926e-01
-1.191499754786491394e-01
-1.183787062764167786e-01
-1.168974190950393677e-01
-1.061933040618896484e-01
-9.690407663583755493e-02
-9.505628794431686401e-02
-1.250020563602447510e-01
-1.472074687480926514e-01
-1.600561589002609253e-01
-1.761851608753204346e-01
-1.782574802637100220e-01
-1.849374622106552124e-01
-1.004563271999359131e-01
-1.025359183549880981e-01
-9.999000000000000000e+03
-9.999000000000000000e+03
-9.999000000000000000e+03
-9.999000000000000000e+03
-9.999000000000000000e+03
-9.999000000000000000e+03
-9.999000000000000000e+03
-9.999000000000000000e+03
-9.999000000000000000e+03
-9.999000000000000000e+03
-9.999000000000000000e+03
-9.999000000000000000e+03
-1.053995341062545776e-01
-1.801772117614746094e-01
-1.973744779825210571e-01
-1.550256907939910889e-01
-1.273361891508102417e-01
-1.025798171758651733e-01
-8.949362486600875854e-02
-8.589439094066619873e-02
-8.569767326116561890e-02
-9.725115448236465454e-02
-1.188663616776466370e-01
-1.437325626611709595e-01
-1.462726145982742310e-01
-1.490660309791564941e-01
-1.491886526346206665e-01
-1.030451431870460510e-01
-1.177573353052139282e-01
-9.999000000000000000e+03
-9.999000000000000000e+03
-9.999000000000000000e+03
-9.999000000000000000e+03
-9.999000000000000000e+03
-9.999000000000000000e+03
-9.999000000000000000e+03
-9.999000000000000000e+03
-9.999000000000000000e+03
-9.999000000000000000e+03
-9.999000000000000000e+03
-9.999000000000000000e+03
-9.999000000000000000e+03
-9.999000000000000000e+03
-9.999000000000000000e+03
-1.590351164340972900e-01
-2.060449868440628052e-01
-9.999000000000000000e+03
-8.377239108085632324e-02
-9.672852605581283569e-02
-8.272323757410049438e-02
-6.932834535837173462e-02
-7.158150523900985718e-02
-9.095963835716247559e-02
-1.253458410501480103e-01
-1.262218207120895386e-01
-1.194270625710487366e-01
-1.160242408514022827e-01
-9.894056618213653564e-02
-7.337252050638198853e-02
-9.999000000000000000e+03
-9.999000000000000000e+03
-9.999000000000000000e+03
-9.999000000000000000e+03
-9.999000000000000000e+03
-9.999000000000000000e+03
-9.999000000000000000e+03
-9.999000000000000000e+03
-9.999000000000000000e+03
-9.999000000000000000e+03
-9.999000000000000000e+03
-9.999000000000000000e+03
-9.999000000000000000e+03
-9.999000000000000000e+03
-9.999000000000000000e+03
-9.999000000000000000e+03
-1.348238736391067505e-01
-2.002153396606445312e-01
-9.999000000000000000e+03
-9.999000000000000000e+03
-8.988355845212936401e-02
-8.925442397594451904e-02
-6.976222991943359375e-02
-6.523638218641281128e-02
-8.354540914297103882e-02
-1.013321503996849060e-01
-9.161240607500076294e-02
-8.736643195152282715e-02
-7.703838497400283813e-02
-2.392536029219627380e-02
-9.999000000000000000e+03
-9.999000000000000000e+03
-9.999000000000000000e+03
-9.999000000000000000e+03
-9.999000000000000000e+03
-9.999000000000000000e+03
-9.999000000000000000e+03
-9.999000000000000000e+03
-9.999000000000000000e+03
-9.999000000000000000e+03
-9.999000000000000000e+03
-9.999000000000000000e+03
-9.999000000000000000e+03
-9.999000000000000000e+03
-9.999000000000000000e+03
-9.999000000000000000e+03
-9.999000000000000000e+03
-8.317870646715164185e-02
-1.604185551404953003e-01
-9.999000000000000000e+03
-9.999000000000000000e+03
-5.789247527718544006e-02
-7.663051784038543701e-02
-7.551474869251251221e-02
-6.110367923974990845e-02
-5.788558721542358398e-02
-5.089404061436653137e-02
-5.766032263636589050e-02
-5.059562996029853821e-02
-3.838619217276573181e-02
-1.001226436346769333e-02
-9.999000000000000000e+03
-9.999000000000000000e+03
-9.999000000000000000e+03
-9.999000000000000000e+03
-9.999000000000000000e+03
-9.999000000000000000e+03
-9.999000000000000000e+03
-9.999000000000000000e+03
-9.999000000000000000e+03
-9.999000000000000000e+03
-9.999000000000000000e+03
-9.999000000000000000e+03
-9.999000000000000000e+03
-9.999000000000000000e+03
-9.999000000000000000e+03
-9.999000000000000000e+03
-9.999000000000000000e+03
-9.999000000000000000e+03
-9.999000000000000000e+03
-9.999000000000000000e+03
-9.999000000000000000e+03
-3.609020262956619263e-02
-5.023821070790290833e-02
-6.207494810223579407e-02
-6.301710009574890137e-02
-3.172684460878372192e-02
-1.160176936537027359e-02
-1.063542068004608154e-02
-2.138608880341053009e-02
-2.238800004124641418e-02
-1.814022846519947052e-02
-9.999000000000000000e+03
-9.999000000000000000e+03
-9.999000000000000000e+03
-9.999000000000000000e+03
-9.999000000000000000e+03
-9.999000000000000000e+03
-9.999000000000000000e+03
-9.999000000000000000e+03
-9.999000000000000000e+03
-9.999000000000000000e+03
-9.999000000000000000e+03
-9.999000000000000000e+03
-9.999000000000000000e+03
-9.999000000000000000e+03
-9.999000000000000000e+03
-9.999000000000000000e+03
-9.999000000000000000e+03
-9.999000000000000000e+03
-9.999000000000000000e+03
-9.999000000000000000e+03
-9.999000000000000000e+03
-9.999000000000000000e+03
-3.759044408798217773e-02
-5.137306079268455505e-02
-6.595113873481750488e-02
3.176011890172958374e-02
1.802708208560943604e-02
1.266083400696516037e-02
2.228352986276149750e-02
-3.136260667815804482e-03
-9.999000000000000000e+03
-9.999000000000000000e+03
-9.999000000000000000e+03
-9.999000000000000000e+03
-9.999000000000000000e+03
-9.999000000000000000e+03
-9.999000000000000000e+03
-9.999000000000000000e+03
-9.999000000000000000e+03
-9.999000000000000000e+03
-9.999000000000000000e+03
-9.999000000000000000e+03
-9.999000000000000000e+03
-9.999000000000000000e+03
-9.999000000000000000e+03
-9.999000000000000000e+03
-9.999000000000000000e+03
-9.999000000000000000e+03
-9.999000000000000000e+03
-9.999000000000000000e+03
-9.999000000000000000e+03
-9.999000000000000000e+03
-9.999000000000000000e+03
-2.424560673534870148e-02
-5.105818435549736023e-02
-3.421272709965705872e-02
-8.134203962981700897e-04
1.986683579161763191e-03
-8.838640525937080383e-03
9.049539268016815186e-02
1.441701203584671021e-01
1.008197143673896790e-01
-9.999000000000000000e+03
-9.999000000000000000e+03
-9.999000000000000000e+03
-9.999000000000000000e+03
-9.999000000000000000e+03
-9.999000000000000000e+03
-9.999000000000000000e+03
-9.999000000000000000e+03
-9.999000000000000000e+03
-9.999000000000000000e+03
-9.999000000000000000e+03
-9.999000000000000000e+03
-9.999000000000000000e+03
-9.999000000000000000e+03
-9.999000000000000000e+03
-9.999000000000000000e+03
-9.999000000000000000e+03
-9.999000000000000000e+03
-9.999000000000000000e+03
-9.999000000000000000e+03
-9.999000000000000000e+03
-9.999000000000000000e+03
-9.999000000000000000e+03
-6.455515325069427490e-02
-4.151931777596473694e-02
-6.094618141651153564e-02
-5.735396593809127808e-02
-1.646261103451251984e-02
6.404194049537181854e-03
1.485783606767654419e-01
1.769726127386093140e-01
-9.999000000000000000e+03
-9.999000000000000000e+03
-9.999000000000000000e+03
-9.999000000000000000e+03
-9.999000000000000000e+03
-9.999000000000000000e+03
-9.999000000000000000e+03
-9.999000000000000000e+03
-9.999000000000000000e+03
-9.999000000000000000e+03
-9.999000000000000000e+03
-9.999000000000000000e+03
-9.999000000000000000e+03
-9.999000000000000000e+03
-9.999000000000000000e+03
-9.999000000000000000e+03
-9.999000000000000000e+03
-9.999000000000000000e+03
-9.999000000000000000e+03
-9.999000000000000000e+03
-9.999000000000000000e+03
-9.999000000000000000e+03
-9.999000000000000000e+03
-8.977416157722473145e-02
-1.280718892812728882e-01
-1.710543036460876465e-01
-1.497018188238143921e-01
-1.303816437721252441e-01
-1.144949644804000854e-01
-4.344508051872253418e-02
6.107582151889801025e-02
7.287508249282836914e-02
-9.999000000000000000e+03
-9.999000000000000000e+03
-9.999000000000000000e+03
-9.999000000000000000e+03
-9.999000000000000000e+03
-9.999000000000000000e+03
-9.999000000000000000e+03
-9.999000000000000000e+03
-9.999000000000000000e+03
-9.999000000000000000e+03
-9.999000000000000000e+03
-9.999000000000000000e+03
-9.999000000000000000e+03
-9.999000000000000000e+03
-9.999000000000000000e+03
-9.999000000000000000e+03
-9.999000000000000000e+03
-9.999000000000000000e+03
-9.999000000000000000e+03
-9.999000000000000000e+03
-9.999000000000000000e+03
-9.999000000000000000e+03
-5.780888721346855164e-02
-1.203884258866310120e-01
-1.379156559705734253e-01
-1.399253010749816895e-01
-1.280503123998641968e-01
-1.258873641490936279e-01
-1.158357188105583191e-01
-9.436941891908645630e-02
-7.678131759166717529e-02
-2.296680025756359100e-02
-1.647813431918621063e-02
-4.077707976102828979e-02
-3.040825389325618744e-02
-9.999000000000000000e+03
-9.999000000000000000e+03
-9.999000000000000000e+03
-9.999000000000000000e+03
-9.999000000000000000e+03
-9.999000000000000000e+03
-9.999000000000000000e+03
-9.999000000000000000e+03
-9.999000000000000000e+03
-9.999000000000000000e+03
-9.999000000000000000e+03
-9.999000000000000000e+03
-9.999000000000000000e+03
-9.999000000000000000e+03
-9.999000000000000000e+03
-9.999000000000000000e+03
-9.999000000000000000e+03
-3.806458041071891785e-02
-3.738278895616531372e-02
-5.200533568859100342e-02
-6.360246241092681885e-02
-1.008156761527061462e-01
-1.218605861067771912e-01
-1.160019412636756897e-01
-1.108389273285865784e-01
-1.026723310351371765e-01
-5.718893185257911682e-02
-3.413883969187736511e-02
-3.326938301324844360e-02
-3.601957112550735474e-02
-3.879680857062339783e-02
-9.999000000000000000e+03
-9.999000000000000000e+03
-9.999000000000000000e+03
-9.999000000000000000e+03
-9.999000000000000000e+03
-9.999000000000000000e+03
-9.999000000000000000e+03
-9.999000000000000000e+03
-9.999000000000000000e+03
-9.999000000000000000e+03
-9.999000000000000000e+03
-9.999000000000000000e+03
-9.999000000000000000e+03
-9.999000000000000000e+03
-9.999000000000000000e+03
-2.236618287861347198e-02
-3.565831854939460754e-02
-6.236074492335319519e-02
-6.110111996531486511e-02
-5.264415591955184937e-02
-5.068808794021606445e-02
-5.304039269685745239e-02
-8.389323949813842773e-02
-1.048729196190834045e-01
-9.043458849191665649e-02
-5.906780064105987549e-02
-2.124362252652645111e-02
4.525628872215747833e-03
1.061409362591803074e-03
-9.999000000000000000e+03
-9.999000000000000000e+03
-9.999000000000000000e+03
-9.999000000000000000e+03
-9.999000000000000000e+03
-9.999000000000000000e+03
-9.999000000000000000e+03
-9.999000000000000000e+03
-9.999000000000000000e+03
-9.999000000000000000e+03
-9.999000000000000000e+03
-9.999000000000000000e+03
-9.999000000000000000e+03
-9.999000000000000000e+03
-9.999000000000000000e+03
-9.999000000000000000e+03
-2.000501193106174469e-02
-2.537360787391662598e-02
-4.021601751446723938e-02
-6.146885827183723450e-02
-8.015988022089004517e-02
-6.869700551033020020e-02
-4.207129403948783875e-02
-2.216182835400104523e-02
-3.653580695390701294e-02
-5.274876207113265991e-02
-8.017124235630035400e-02
-9.559956192970275879e-02
-1.035601496696472168e-01
-6.155753135681152344e-02
-9.999000000000000000e+03
-9.999000000000000000e+03
-9.999000000000000000e+03
-9.999000000000000000e+03
-9.999000000000000000e+03
-9.999000000000000000e+03
-9.999000000000000000e+03
-9.999000000000000000e+03
-9.999000000000000000e+03
-9.999000000000000000e+03
-9.999000000000000000e+03
-9.999000000000000000e+03
-9.999000000000000000e+03
-9.999000000000000000e+03
-9.999000000000000000e+03
-9.999000000000000000e+03
-9.999000000000000000e+03
-4.940884932875633240e-02
-7.011028379201889038e-02
-9.427689015865325928e-02
-1.022056192159652710e-01
-9.070548415184020996e-02
-6.927468627691268921e-02
-4.361432418227195740e-02
-2.137868478894233704e-02
-1.139863673597574234e-02
-6.343906745314598083e-03
-3.292377293109893799e-02
-8.217305690050125122e-02
-8.508758246898651123e-02
-8.526719361543655396e-02
-9.999000000000000000e+03
-9.999000000000000000e+03
-9.999000000000000000e+03
-9.999000000000000000e+03
-9.999000000000000000e+03
-9.999000000000000000e+03
-9.999000000000000000e+03
-9.999000000000000000e+03
-9.999000000000000000e+03
-9.999000000000000000e+03
-9.999000000000000000e+03
-9.999000000000000000e+03
-9.999000000000000000e+03
-9.999000000000000000e+03
-9.999000000000000000e+03
-9.999000000000000000e+03
-9.999000000000000000e+03
-1.039109677076339722e-01
-1.166750490665435791e-01
-1.190631687641143799e-01
-1.116499751806259155e-01
-8.419421315193176270e-02
-4.803616553544998169e-02
-2.765952982008457184e-02
-1.088739279657602310e-02
-3.254816401749849319e-03
-6.233656313270330429e-03
-2.483807504177093506e-02
-4.580586776137351990e-02
-2.917573042213916779e-02
-9.999000000000000000e+03
-9.999000000000000000e+03
-9.999000000000000000e+03
-9.999000000000000000e+03
-9.999000000000000000e+03
-9.999000000000000000e+03
-9.999000000000000000e+03
-9.999000000000000000e+03
-9.999000000000000000e+03
-9.999000000000000000e+03
-9.999000000000000000e+03
-9.999000000000000000e+03
-9.999000000000000000e+03
-9.999000000000000000e+03
-9.999000000000000000e+03
-9.999000000000000000e+03
-9.999000000000000000e+03
-9.999000000000000000e+03
-9.706383943557739258e-02
-8.830324560403823853e-02
-7.127427309751510620e-02
-6.023067981004714966e-02
-1.956098712980747223e-02
2.982684236485511065e-04
4.447629675269126892e-03
1.950294896960258484e-02
9.498440660536289215e-03
2.998406626284122467e-02
4.665486048907041550e-03
-2.693953923881053925e-02
-9.999000000000000000e+03
-9.999000000000000000e+03
-9.999000000000000000e+03
-9.999000000000000000e+03
-9.999000000000000000e+03
-9.999000000000000000e+03
-9.999000000000000000e+03
-9.999000000000000000e+03
-9.999000000000000000e+03
-9.999000000000000000e+03
-9.999000000000000000e+03
-9.999000000000000000e+03
-9.999000000000000000e+03
-9.999000000000000000e+03
-9.999000000000000000e+03
-9.999000000000000000e+03
-9.999000000000000000e+03
-9.999000000000000000e+03
-9.999000000000000000e+03
-7.204879075288772583e-02
-5.023207888007164001e-02
-2.551853470504283905e-02
8.363950182683765888e-04
7.026679813861846924e-02
7.152161002159118652e-02
5.998611077666282654e-02
3.540622442960739136e-02
2.120134979486465454e-02
1.605068892240524292e-02
-9.999000000000000000e+03
-9.999000000000000000e+03
-9.999000000000000000e+03
-9.999000000000000000e+03
-9.999000000000000000e+03
-9.999000000000000000e+03
-9.999000000000000000e+03
-9.999000000000000000e+03
-9.999000000000000000e+03
-9.999000000000000000e+03
-9.999000000000000000e+03
-9.999000000000000000e+03
-9.999000000000000000e+03
-9.999000000000000000e+03
-9.999000000000000000e+03
-9.999000000000000000e+03
-9.999000000000000000e+03
-9.999000000000000000e+03
-9.999000000000000000e+03
-9.999000000000000000e+03
-9.999000000000000000e+03
-4.245273396372795105e-02
1.904920092783868313e-03
4.703373089432716370e-02
8.079422265291213989e-02
1.029158756136894226e-01
8.394740521907806396e-02
-9.999000000000000000e+03
-9.999000000000000000e+03
-9.999000000000000000e+03
-9.999000000000000000e+03
-9.999000000000000000e+03
-9.999000000000000000e+03
-9.999000000000000000e+03
-9.999000000000000000e+03
-9.999000000000000000e+03
-9.999000000000000000e+03
-9.999000000000000000e+03
-9.999000000000000000e+03
-9.999000000000000000e+03
-9.999000000000000000e+03
-9.999000000000000000e+03
-9.999000000000000000e+03
-9.999000000000000000e+03
-9.999000000000000000e+03
-9.999000000000000000e+03
-9.999000000000000000e+03
-9.999000000000000000e+03
-9.999000000000000000e+03
-9.999000000000000000e+03
-9.999000000000000000e+03
-9.999000000000000000e+03
-2.243948727846145630e-02
2.921240171417593956e-03
6.285041570663452148e-02
-9.999000000000000000e+03
-9.999000000000000000e+03
-9.999000000000000000e+03
-9.999000000000000000e+03
-9.999000000000000000e+03
-9.999000000000000000e+03
-9.999000000000000000e+03
-9.999000000000000000e+03
-9.999000000000000000e+03
-9.999000000000000000e+03
-9.999000000000000000e+03
-9.999000000000000000e+03
-9.999000000000000000e+03
-9.999000000000000000e+03
-9.999000000000000000e+03
-9.999000000000000000e+03
-9.999000000000000000e+03
-9.999000000000000000e+03
-9.999000000000000000e+03
-9.999000000000000000e+03
-9.999000000000000000e+03
-9.999000000000000000e+03
-9.999000000000000000e+03
-9.999000000000000000e+03
-9.999000000000000000e+03
-9.999000000000000000e+03
-9.999000000000000000e+03
-9.999000000000000000e+03
