5.798812955617904663e-02
5.806706473231315613e-02
3.842330351471900940e-02
2.532315067946910858e-02
4.639112949371337891e-02
3.672647848725318909e-02
3.765265643596649170e-02
4.287886247038841248e-02
2.752322144806385040e-02
1.859123818576335907e-02
-2.084782719612121582e-02
-9.999000000000000000e+03
-9.999000000000000000e+03
-9.999000000000000000e+03
-9.999000000000000000e+03
-9.999000000000000000e+03
-9.999000000000000000e+03
-9.999000000000000000e+03
-9.999000000000000000e+03
-9.999000000000000000e+03
-9.999000000000000000e+03
-9.999000000000000000e+03
-9.999000000000000000e+03
3.772822767496109009e-02
9.459451586008071899e-02
9.480557590723037720e-02
1.134939417243003845e-01
1.380607336759567261e-01
1.511830836534500122e-01
1.532087624073028564e-01
1.592980921268463135e-01
3.691262099891901016e-03
1.082142465747892857e-03
-1.804552599787712097e-02
-3.257209062576293945e-02
-2.059232816100120544e-02
-3.304511308670043945e-02
-3.071858920156955719e-02
-1.646048575639724731e-02
-1.461073290556669235e-02
-5.442674271762371063e-03
-5.766298621892929077e-03
2.229208359494805336e-03
-9.999000000000000000e+03
-9.999000000000000000e+03
-9.999000000000000000e+03
-9.999000000000000000e+03
-9.999000000000000000e+03
-9.999000000000000000e+03
-9.999000000000000000e+03
-9.999000000000000000e+03
-9.999000000000000000e+03
6.097685918211936951e-02
8.703175187110900879e-02
8.456145226955413818e-02
1.154269352555274963e-01
1.104969829320907593e-01
1.120078787207603455e-01
1.253808140754699707e-01
1.316261142492294312e-01
1.495096981525421143e-01
1.611590087413787842e-01
-3.472647443413734436e-02
-4.561994224786758423e-02
-6.857281178236007690e-02
-8.435153216123580933e-02
-7.708024233579635620e-02
-8.049108833074569702e-02
-7.139602303504943848e-02
-5.329880118370056152e-02
-3.532143309712409973e-02
-2.581042796373367310e-02
-2.291015535593032837e-02
-1.227395236492156982e-02
-9.999000000000000000e+03
-9.999000000000000000e+03
-9.999000000000000000e+03
-9.999000000000000000e+03
-9.999000000000000000e+03
-9.999000000000000000e+03
-9.999000000000000000e+03
1.145723089575767517e-01
1.101095899939537048e-01
1.254531145095825195e-01
1.143063306808471680e-01
9.991621226072311401e-02
8.596589416265487671e-02
7.128598541021347046e-02
7.880634069442749023e-02
7.422645390033721924e-02
9.196587651968002319e-02
1.224246546626091003e-01
1.295325160026550293e-01
-6.619844585657119751e-02
-7.699283957481384277e-02
-9.242400527000427246e-02
-1.071804314851760864e-01
-1.126911118626594543e-01
-1.146745160222053528e-01
-1.022143810987472534e-01
-7.467078417539596558e-02
-5.608448013663291931e-02
-3.876251727342605591e-02
-4.110064357519149780e-02
-2.311706542968750000e-02
-4.649428650736808777e-03
-9.999000000000000000e+03
-9.999000000000000000e+03
-9.999000000000000000e+03
9.130585938692092896e-02
1.324899047613143921e-01
1.658997088670730591e-01
1.553829759359359741e-01
1.382787674665451050e-01
1.169055029749870300e-01
6.815297156572341919e-02
4.437554255127906799e-02
7.831882685422897339e-03
-2.095377445220947266e-02
2.711289096623659134e-03
3.666931530460715294e-03
3.347869962453842163e-02
7.403691112995147705e-02
9.614128619432449341e-02
-8.487047255039215088e-02
-9.718147665262222290e-02
-1.076583042740821838e-01
-1.147027388215065002e-01
-1.236837133765220642e-01
-1.279305666685104370e-01
-1.167810559272766113e-01
-9.281791001558303833e-02
-8.086752891540527344e-02
-6.344367563724517822e-02
-3.814449533820152283e-02
-1.308237481862306595e-02
3.257121657952666283e-03
1.986913010478019714e-02
6.493479013442993164e-02
9.940773993730545044e-02
1.129860505461692810e-01
1.076718643307685852e-01
1.120203584432601929e-01
8.138976246118545532e-02
6.433838605880737305e-02
2.404079213738441467e-02
-6.157801672816276550e-02
-6.832635402679443359e-02
-8.951400965452194214e-02
-8.371622860431671143e-02
-5.755893886089324951e-02
-3.629652038216590881e-02
6.673578172922134399e-03
5.096568167209625244e-02
7.734788209199905396e-02
-9.340998530387878418e-02
-1.037271022796630859e-01
-1.087308228015899658e-01
-1.138947382569313049e-01
-1.272457987070083618e-01
-1.345410048961639404e-01
-1.246096491813659668e-01
-1.077478677034378052e-01
-9.644633531570434570e-02
-6.607494503259658813e-02
-2.386304736137390137e-02
4.200297407805919647e-03
1.522297598421573639e-02
3.501089289784431458e-02
4.732986167073249817e-02
6.572212278842926025e-02
4.536344110965728760e-02
-2.255330793559551239e-03
-2.334687858819961548e-02
-7.459902018308639526e-02
-9.102859348058700562e-02
-1.054711192846298218e-01
-1.387934833765029907e-01
-1.388444453477859497e-01
-1.246609389781951904e-01
-8.296476304531097412e-02
-5.905063822865486145e-02
-3.778294473886489868e-02
-1.208250503987073898e-02
1.888426207005977631e-02
3.729571402072906494e-02
-8.738788962364196777e-02
-1.070613712072372437e-01
-1.147968173027038574e-01
-1.196187958121299744e-01
-1.279657185077667236e-01
-1.401520520448684692e-01
-1.258849501609802246e-01
-1.128049865365028381e-01
-7.728361338376998901e-02
-3.870295733213424683e-02
-8.104776963591575623e-03
3.252032445743680000e-03
7.481527049094438553e-03
1.162691600620746613e-02
-1.471080631017684937e-02
-2.302228845655918121e-02
-6.039012223482131958e-02
-9.903565794229507446e-02
-1.098595187067985535e-01
-1.438448578119277954e-01
-1.527099758386611938e-01
-1.549732834100723267e-01
-1.442700624465942383e-01
-1.347332447767257690e-01
-1.105398833751678467e-01
-8.557756990194320679e-02
-5.481120571494102478e-02
-3.976007923483848572e-02
-3.277869150042533875e-02
-1.147529017180204391e-02
-5.170450545847415924e-03
-7.074709981679916382e-02
-9.905876964330673218e-02
-1.222656965255737305e-01
-1.175425276160240173e-01
-1.210658252239227295e-01
-1.173070967197418213e-01
-1.034786552190780640e-01
-8.610007911920547485e-02
-4.613381624221801758e-02
-2.184597961604595184e-02
-1.329849753528833389e-02
-2.135911397635936737e-02
-3.129629790782928467e-02
-4.602974653244018555e-02
-8.092983812093734741e-02
-9.614836424589157104e-02
-1.359009742736816406e-01
-1.624706536531448364e-01
-1.655744910240173340e-01
-1.617139279842376709e-01
-1.498061567544937134e-01
-1.429889053106307983e-01
-1.234944909811019897e-01
-1.100891828536987305e-01
-9.646494686603546143e-02
-9.946364909410476685e-02
-7.859803736209869385e-02
-6.733003258705139160e-02
-6.043628230690956116e-02
-4.615676775574684143e-02
-5.391184240579605103e-02
-7.203493267297744751e-02
-8.966045826673507690e-02
-1.013204753398895264e-01
-9.094884991645812988e-02
-8.999882638454437256e-02
-9.291462600231170654e-02
-7.680062204599380493e-02
-4.078175127506256104e-02
-1.532018743455410004e-02
-1.361486781388521194e-02
-2.227526903152465820e-02
-4.505865275859832764e-02
-8.755741268396377563e-02
-1.251022219657897949e-01
-1.528840512037277222e-01
-1.626716554164886475e-01
-1.817226558923721313e-01
-1.845987737178802490e-01
-1.752422153949737549e-01
-1.498055905103683472e-01
-1.196604892611503601e-01
-1.050619184970855713e-01
-7.923544198274612427e-02
-7.789944112300872803e-02
-5.686455965042114258e-02
-8.766261488199234009e-02
-9.310389310121536255e-02
-9.938959777355194092e-02
-1.002301275730133057e-01
-9.217175841331481934e-02
-1.026426330208778381e-01
-1.105301380157470703e-01
-8.535838127136230469e-02
-5.724449455738067627e-02
-4.278133437037467957e-02
-3.371891006827354431e-02
-2.954572997987270355e-02
-2.527393028140068054e-02
-1.375651266425848007e-02
1.263778191059827805e-02
-1.468947902321815491e-02
-5.649038031697273254e-02
-1.036028861999511719e-01
-1.343221664428710938e-01
-1.533364206552505493e-01
-1.708135902881622314e-01
-1.846758127212524414e-01
-1.986913084983825684e-01
-1.318539381027221680e-01
-1.444115936756134033e-01
-1.079674363136291504e-01
-8.379933983087539673e-02
-9.999000000000000000e+03
-9.999000000000000000e+03
-9.999000000000000000e+03
-9.999000000000000000e+03
-9.999000000000000000e+03
-9.999000000000000000e+03
-1.149173751473426819e-01
-1.072683632373809814e-01
-1.311993002891540527e-01
-1.559108793735504150e-01
-9.940226376056671143e-02
-7.514858990907669067e-02
-5.143685266375541687e-02
-3.440083190798759460e-02
-2.477937936782836914e-02
-7.459181826561689377e-03
-1.800612546503543854e-03
9.147829376161098480e-03
6.488568615168333054e-03
-3.229402005672454834e-02
-7.918850332498550415e-02
-1.373538374900817871e-01
-1.534435153007507324e-01
-1.629902124404907227e-01
-1.718419641256332397e-01
-1.556789129972457886e-01
-1.341981291770935059e-01
-9.999000000000000000e+03
-9.999000000000000000e+03
-9.999000000000000000e+03
-9.999000000000000000e+03
-9.999000000000000000e+03
-9.999000000000000000e+03
-9.999000000000000000e+03
-9.999000000000000000e+03
-9.999000000000000000e+03
-9.999000000000000000e+03
-6.002279371023178101e-02
-9.531202167272567749e-02
-1.359165906906127930e-01
-1.682141125202178955e-01
-9.019668400287628174e-02
-8.760471642017364502e-02
-7.114755362272262573e-02
-5.369632318615913391e-02
-3.262845426797866821e-02
-1.871524564921855927e-02
-1.630801707506179810e-02
-5.455250386148691177e-03
-2.658957056701183319e-02
-8.667378872632980347e-02
-1.196427196264266968e-01
-1.429075449705123901e-01
-1.456776708364486694e-01
-1.565049290657043457e-01
-9.974890947341918945e-02
-1.106573194265365601e-01
-9.999000000000000000e+03
-9.999000000000000000e+03
-9.999000000000000000e+03
-9.999000000000000000e+03
-9.999000000000000000e+03
-9.999000000000000000e+03
-9.999000000000000000e+03
-9.999000000000000000e+03
-9.999000000000000000e+03
-9.999000000000000000e+03
-9.999000000000000000e+03
-9.999000000000000000e+03
-5.339398980140686035e-02
-1.289368569850921631e-01
-1.817050725221633911e-01
-1.413132995367050171e-01
-1.164504587650299072e-01
-9.687610715627670288e-02
-8.381564915180206299e-02
-5.726057291030883789e-02
-4.413992539048194885e-02
-5.280102416872978210e-02
-6.122414767742156982e-02
-9.220037609338760376e-02
-1.194630786776542664e-01
-1.346308887004852295e-01
-1.284972131252288818e-01
-9.425001591444015503e-02
-1.059077084064483643e-01
-9.999000000000000000e+03
-9.999000000000000000e+03
-9.999000000000000000e+03
-9.999000000000000000e+03
-9.999000000000000000e+03
-9.999000000000000000e+03
-9.999000000000000000e+03
-9.999000000000000000e+03
-9.999000000000000000e+03
-9.999000000000000000e+03
-9.999000000000000000e+03
-9.999000000000000000e+03
-9.999000000000000000e+03
-9.999000000000000000e+03
-9.999000000000000000e+03
-8.723563700914382935e-02
-1.434700340032577515e-01
-9.999000000000000000e+03
-7.326597720384597778e-02
-8.818530291318893433e-02
-8.719729632139205933e-02
-8.432414382696151733e-02
-7.996588945388793945e-02
-1.003534942865371704e-01
-1.156458780169487000e-01
-1.307138800621032715e-01
-1.056633442640304565e-01
-9.527617692947387695e-02
-7.445917278528213501e-02
-6.963666528463363647e-02
-9.999000000000000000e+03
-9.999000000000000000e+03
-9.999000000000000000e+03
-9.999000000000000000e+03
-9.999000000000000000e+03
-9.999000000000000000e+03
-9.999000000000000000e+03
-9.999000000000000000e+03
-9.999000000000000000e+03
-9.999000000000000000e+03
-9.999000000000000000e+03
-9.999000000000000000e+03
-9.999000000000000000e+03
-9.999000000000000000e+03
-9.999000000000000000e+03
-9.999000000000000000e+03
-5.047478526830673218e-02
-8.852118253707885742e-02
-9.999000000000000000e+03
-9.999000000000000000e+03
-6.666970252990722656e-02
-7.558911293745040894e-02
-8.463008701801300049e-02
-8.975291997194290161e-02
-1.033386141061782837e-01
-1.189261153340339661e-01
-1.045522168278694153e-01
-5.799680203199386597e-02
-3.739576786756515503e-02
-2.148215845227241516e-02
-9.999000000000000000e+03
-9.999000000000000000e+03
-9.999000000000000000e+03
-9.999000000000000000e+03
-9.999000000000000000e+03
-9.999000000000000000e+03
-9.999000000000000000e+03
-9.999000000000000000e+03
-9.999000000000000000e+03
-9.999000000000000000e+03
-9.999000000000000000e+03
-9.999000000000000000e+03
-9.999000000000000000e+03
-9.999000000000000000e+03
-9.999000000000000000e+03
-9.999000000000000000e+03
-9.999000000000000000e+03
-2.144174464046955109e-02
-3.200396895408630371e-02
-9.999000000000000000e+03
-9.999000000000000000e+03
-4.070025309920310974e-02
-5.259649455547332764e-02
-5.866866558790206909e-02
-6.253422796726226807e-02
-6.506709009408950806e-02
-7.815676927566528320e-02
-8.183589577674865723e-02
-7.439230382442474365e-02
-4.487958550453186035e-02
-3.366488963365554810e-02
-9.999000000000000000e+03
-9.999000000000000000e+03
-9.999000000000000000e+03
-9.999000000000000000e+03
-9.999000000000000000e+03
-9.999000000000000000e+03
-9.999000000000000000e+03
-9.999000000000000000e+03
-9.999000000000000000e+03
-9.999000000000000000e+03
-9.999000000000000000e+03
-9.999000000000000000e+03
-9.999000000000000000e+03
-9.999000000000000000e+03
-9.999000000000000000e+03
-9.999000000000000000e+03
-9.999000000000000000e+03
-9.999000000000000000e+03
-9.999000000000000000e+03
-9.999000000000000000e+03
-9.999000000000000000e+03
-1.341525558382272720e-02
-7.576555944979190826e-03
-1.342319138348102570e-02
-1.904884167015552521e-02
-1.063202600926160812e-02
-2.997498214244842529e-02
-6.737058609724044800e-02
-7.717239111661911011e-02
-6.882194429636001587e-02
-5.438730865716934204e-02
-9.999000000000000000e+03
-9.999000000000000000e+03
-9.999000000000000000e+03
-9.999000000000000000e+03
-9.999000000000000000e+03
-9.999000000000000000e+03
-9.999000000000000000e+03
-9.999000000000000000e+03
-9.999000000000000000e+03
-9.999000000000000000e+03
-9.999000000000000000e+03
-9.999000000000000000e+03
-9.999000000000000000e+03
-9.999000000000000000e+03
-9.999000000000000000e+03
-9.999000000000000000e+03
-9.999000000000000000e+03
-9.999000000000000000e+03
-9.999000000000000000e+03
-9.999000000000000000e+03
-9.999000000000000000e+03
-9.999000000000000000e+03
-1.345740444958209991e-02
-1.291731745004653931e-02
5.972579587250947952e-03
3.376248478889465332e-02
4.280706495046615601e-02
2.762691862881183624e-02
4.679767042398452759e-02
-3.204401116818189621e-03
-9.999000000000000000e+03
-9.999000000000000000e+03
-9.999000000000000000e+03
-9.999000000000000000e+03
-9.999000000000000000e+03
-9.999000000000000000e+03
-9.999000000000000000e+03
-9.999000000000000000e+03
-9.999000000000000000e+03
-9.999000000000000000e+03
-9.999000000000000000e+03
-9.999000000000000000e+03
-9.999000000000000000e+03
-9.999000000000000000e+03
-9.999000000000000000e+03
-9.999000000000000000e+03
-9.999000000000000000e+03
-9.999000000000000000e+03
-9.999000000000000000e+03
-9.999000000000000000e+03
-9.999000000000000000e+03
-9.999000000000000000e+03
-9.999000000000000000e+03
-2.939876401796936989e-03
-1.435549929738044739e-02
-1.117768418043851852e-02
1.189738605171442032e-02
8.094893395900726318e-02
7.395607233047485352e-02
1.575768887996673584e-01
1.879136413335800171e-01
1.273849606513977051e-01
-9.999000000000000000e+03
-9.999000000000000000e+03
-9.999000000000000000e+03
-9.999000000000000000e+03
-9.999000000000000000e+03
-9.999000000000000000e+03
-9.999000000000000000e+03
-9.999000000000000000e+03
-9.999000000000000000e+03
-9.999000000000000000e+03
-9.999000000000000000e+03
-9.999000000000000000e+03
-9.999000000000000000e+03
-9.999000000000000000e+03
-9.999000000000000000e+03
-9.999000000000000000e+03
-9.999000000000000000e+03
-9.999000000000000000e+03
-9.999000000000000000e+03
-9.999000000000000000e+03
-9.999000000000000000e+03
-9.999000000000000000e+03
-9.999000000000000000e+03
-2.372792921960353851e-02
-1.914017833769321442e-02
7.661344483494758606e-03
6.393315643072128296e-02
1.179701164364814758e-01
1.180932149291038513e-01
1.910478174686431885e-01
1.737182736396789551e-01
-9.999000000000000000e+03
-9.999000000000000000e+03
-9.999000000000000000e+03
-9.999000000000000000e+03
-9.999000000000000000e+03
-9.999000000000000000e+03
-9.999000000000000000e+03
-9.999000000000000000e+03
-9.999000000000000000e+03
-9.999000000000000000e+03
-9.999000000000000000e+03
-9.999000000000000000e+03
-9.999000000000000000e+03
-9.999000000000000000e+03
-9.999000000000000000e+03
-9.999000000000000000e+03
-9.999000000000000000e+03
-9.999000000000000000e+03
-9.999000000000000000e+03
-9.999000000000000000e+03
-9.999000000000000000e+03
-9.999000000000000000e+03
-9.999000000000000000e+03
-3.185700252652168274e-02
-3.228339925408363342e-02
-1.770440489053726196e-02
-5.273811146616935730e-02
-2.914060465991497040e-02
-7.766575366258621216e-02
-1.672092452645301819e-02
8.179091662168502808e-02
1.209679618477821350e-01
-9.999000000000000000e+03
-9.999000000000000000e+03
-9.999000000000000000e+03
-9.999000000000000000e+03
-9.999000000000000000e+03
-9.999000000000000000e+03
-9.999000000000000000e+03
-9.999000000000000000e+03
-9.999000000000000000e+03
-9.999000000000000000e+03
-9.999000000000000000e+03
-9.999000000000000000e+03
-9.999000000000000000e+03
-9.999000000000000000e+03
-9.999000000000000000e+03
-9.999000000000000000e+03
-9.999000000000000000e+03
-9.999000000000000000e+03
-9.999000000000000000e+03
-9.999000000000000000e+03
-9.999000000000000000e+03
-9.999000000000000000e+03
-4.354863241314888000e-02
-7.151038199663162231e-02
-8.569680899381637573e-02
-8.949854224920272827e-02
-1.084936559200286865e-01
-1.207412853837013245e-01
-1.010910496115684509e-01
-8.438629657030105591e-02
-7.091591600328683853e-03
7.628791034221649170e-02
6.851736456155776978e-02
1.600041240453720093e-02
-3.821998834609985352e-03
-9.999000000000000000e+03
-9.999000000000000000e+03
-9.999000000000000000e+03
-9.999000000000000000e+03
-9.999000000000000000e+03
-9.999000000000000000e+03
-9.999000000000000000e+03
-9.999000000000000000e+03
-9.999000000000000000e+03
-9.999000000000000000e+03
-9.999000000000000000e+03
-9.999000000000000000e+03
-9.999000000000000000e+03
-9.999000000000000000e+03
-9.999000000000000000e+03
-9.999000000000000000e+03
-9.999000000000000000e+03
-6.781148910522460938e-02
-6.531622260808944702e-02
-6.409750878810882568e-02
-4.406842589378356934e-02
-4.070312529802322388e-02
-5.374640598893165588e-02
-5.786142125725746155e-02
-6.803784519433975220e-02
-6.297076493501663208e-02
-1.190762594342231750e-02
1.419945340603590012e-02
-1.471862290054559708e-02
-1.682129316031932831e-02
-2.461107261478900909e-02
-9.999000000000000000e+03
-9.999000000000000000e+03
-9.999000000000000000e+03
-9.999000000000000000e+03
-9.999000000000000000e+03
-9.999000000000000000e+03
-9.999000000000000000e+03
-9.999000000000000000e+03
-9.999000000000000000e+03
-9.999000000000000000e+03
-9.999000000000000000e+03
-9.999000000000000000e+03
-9.999000000000000000e+03
-9.999000000000000000e+03
-9.999000000000000000e+03
-6.398078054189682007e-02
-6.461856514215469360e-02
-1.178042963147163391e-01
-1.066098138689994812e-01
-6.280903518199920654e-02
-2.432396262884140015e-02
-1.946500386111438274e-03
-5.957669418421573937e-05
-1.047348510473966599e-02
-3.752886876463890076e-02
-2.522446773946285248e-02
-1.180244144052267075e-02
-6.209506187587976456e-03
-3.254041075706481934e-02
-9.999000000000000000e+03
-9.999000000000000000e+03
-9.999000000000000000e+03
-9.999000000000000000e+03
-9.999000000000000000e+03
-9.999000000000000000e+03
-9.999000000000000000e+03
-9.999000000000000000e+03
-9.999000000000000000e+03
-9.999000000000000000e+03
-9.999000000000000000e+03
-9.999000000000000000e+03
-9.999000000000000000e+03
-9.999000000000000000e+03
-9.999000000000000000e+03
-9.999000000000000000e+03
-6.087214872241020203e-02
-9.616959840059280396e-02
-1.171546131372451782e-01
-1.450448185205459595e-01
-1.372800469398498535e-01
-8.724633604288101196e-02
-2.512883022427558899e-02
4.734030226245522499e-04
2.904503373429179192e-03
-1.676082424819469452e-02
-4.882149025797843933e-02
-6.560176610946655273e-02
-7.911501079797744751e-02
-4.954166710376739502e-02
-9.999000000000000000e+03
-9.999000000000000000e+03
-9.999000000000000000e+03
-9.999000000000000000e+03
-9.999000000000000000e+03
-9.999000000000000000e+03
-9.999000000000000000e+03
-9.999000000000000000e+03
-9.999000000000000000e+03
-9.999000000000000000e+03
-9.999000000000000000e+03
-9.999000000000000000e+03
-9.999000000000000000e+03
-9.999000000000000000e+03
-9.999000000000000000e+03
-9.999000000000000000e+03
-9.999000000000000000e+03
-6.661101430654525757e-02
-1.062678769230842590e-01
-1.448509693145751953e-01
-1.447645127773284912e-01
-1.148477047681808472e-01
-8.474483340978622437e-02
-4.600958526134490967e-02
-2.543350309133529663e-02
-7.771941833198070526e-03
-7.755065802484750748e-03
-2.500348724424839020e-02
-4.630872234702110291e-02
-3.927768394351005554e-02
-5.363657698035240173e-02
-9.999000000000000000e+03
-9.999000000000000000e+03
-9.999000000000000000e+03
-9.999000000000000000e+03
-9.999000000000000000e+03
-9.999000000000000000e+03
-9.999000000000000000e+03
-9.999000000000000000e+03
-9.999000000000000000e+03
-9.999000000000000000e+03
-9.999000000000000000e+03
-9.999000000000000000e+03
-9.999000000000000000e+03
-9.999000000000000000e+03
-9.999000000000000000e+03
-9.999000000000000000e+03
-9.999000000000000000e+03
-1.075756549835205078e-01
-1.217002049088478088e-01
-1.329760104417800903e-01
-1.308147162199020386e-01
-1.022704616189002991e-01
-7.026095688343048096e-02
-4.797276481986045837e-02
-2.773053199052810669e-02
-1.026943977922201157e-02
2.869903575628995895e-03
-9.060528129339218140e-03
-1.265204045921564102e-02
-9.410665952600538731e-04
-9.999000000000000000e+03
-9.999000000000000000e+03
-9.999000000000000000e+03
-9.999000000000000000e+03
-9.999000000000000000e+03
-9.999000000000000000e+03
-9.999000000000000000e+03
-9.999000000000000000e+03
-9.999000000000000000e+03
-9.999000000000000000e+03
-9.999000000000000000e+03
-9.999000000000000000e+03
-9.999000000000000000e+03
-9.999000000000000000e+03
-9.999000000000000000e+03
-9.999000000000000000e+03
-9.999000000000000000e+03
-9.999000000000000000e+03
-1.007333397865295410e-01
-9.642563760280609131e-02
-9.522864222526550293e-02
-9.783548116683959961e-02
-7.384933531284332275e-02
-4.853030294179916382e-02
-2.658947743475437164e-02
-1.679910637903958559e-04
-4.289382603019475937e-03
-1.532537955790758133e-02
-1.470284443348646164e-02
-2.074272371828556061e-02
-9.999000000000000000e+03
-9.999000000000000000e+03
-9.999000000000000000e+03
-9.999000000000000000e+03
-9.999000000000000000e+03
-9.999000000000000000e+03
-9.999000000000000000e+03
-9.999000000000000000e+03
-9.999000000000000000e+03
-9.999000000000000000e+03
-9.999000000000000000e+03
-9.999000000000000000e+03
-9.999000000000000000e+03
-9.999000000000000000e+03
-9.999000000000000000e+03
-9.999000000000000000e+03
-9.999000000000000000e+03
-9.999000000000000000e+03
-9.999000000000000000e+03
-7.355250418186187744e-02
-5.803207680583000183e-02
-5.317749455571174622e-02
-6.197115778923034668e-02
-1.028810720890760422e-02
1.272565033286809921e-02
1.944191008806228638e-02
1.318741124123334885e-02
4.578845575451850891e-03
-6.417181342840194702e-03
-9.999000000000000000e+03
-9.999000000000000000e+03
-9.999000000000000000e+03
-9.999000000000000000e+03
-9.999000000000000000e+03
-9.999000000000000000e+03
-9.999000000000000000e+03
-9.999000000000000000e+03
-9.999000000000000000e+03
-9.999000000000000000e+03
-9.999000000000000000e+03
-9.999000000000000000e+03
-9.999000000000000000e+03
-9.999000000000000000e+03
-9.999000000000000000e+03
-9.999000000000000000e+03
-9.999000000000000000e+03
-9.999000000000000000e+03
-9.999000000000000000e+03
-9.999000000000000000e+03
-9.999000000000000000e+03
-5.304447561502456665e-02
-4.259540699422359467e-03
1.776568591594696045e-02
2.421863749623298645e-02
3.735996410250663757e-02
3.167482465505599976e-02
-9.999000000000000000e+03
-9.999000000000000000e+03
-9.999000000000000000e+03
-9.999000000000000000e+03
-9.999000000000000000e+03
-9.999000000000000000e+03
-9.999000000000000000e+03
-9.999000000000000000e+03
-9.999000000000000000e+03
-9.999000000000000000e+03
-9.999000000000000000e+03
-9.999000000000000000e+03
-9.999000000000000000e+03
-9.999000000000000000e+03
-9.999000000000000000e+03
-9.999000000000000000e+03
-9.999000000000000000e+03
-9.999000000000000000e+03
-9.999000000000000000e+03
-9.999000000000000000e+03
-9.999000000000000000e+03
-9.999000000000000000e+03
-9.999000000000000000e+03
-9.999000000000000000e+03
-9.999000000000000000e+03
-3.889192268252372742e-02
-1.578972861170768738e-02
3.094899840652942657e-02
-9.999000000000000000e+03
-9.999000000000000000e+03
-9.999000000000000000e+03
-9.999000000000000000e+03
-9.999000000000000000e+03
-9.999000000000000000e+03
-9.999000000000000000e+03
-9.999000000000000000e+03
-9.999000000000000000e+03
-9.999000000000000000e+03
-9.999000000000000000e+03
-9.999000000000000000e+03
-9.999000000000000000e+03
-9.999000000000000000e+03
-9.999000000000000000e+03
-9.999000000000000000e+03
-9.999000000000000000e+03
-9.999000000000000000e+03
-9.999000000000000000e+03
-9.999000000000000000e+03
-9.999000000000000000e+03
-9.999000000000000000e+03
-9.999000000000000000e+03
-9.999000000000000000e+03
-9.999000000000000000e+03
-9.999000000000000000e+03
-9.999000000000000000e+03
-9.999000000000000000e+03
