-1.167762875556945801e-01
-7.390861958265304565e-02
-2.814729884266853333e-02
3.734326362609863281e-02
9.827830642461776733e-02
1.558761000633239746e-01
2.009555697441101074e-01
2.241285741329193115e-01
2.424262911081314087e-01
2.531071305274963379e-01
2.407391816377639771e-01
-9.999000000000000000e+03
-9.999000000000000000e+03
-9.999000000000000000e+03
-9.999000000000000000e+03
-9.999000000000000000e+03
-9.999000000000000000e+03
-9.999000000000000000e+03
-9.999000000000000000e+03
-9.999000000000000000e+03
-9.999000000000000000e+03
-9.999000000000000000e+03
-9.999000000000000000e+03
1.799117424525320530e-03
-3.299960494041442871e-02
6.641062442213296890e-03
4.544991627335548401e-02
4.679334163665771484e-02
5.911850556731224060e-02
6.687007844448089600e-02
7.923565804958343506e-02
-1.008664518594741821e-01
-5.924050509929656982e-02
-9.386491961777210236e-03
4.802552238106727600e-02
1.148406192660331726e-01
1.754681020975112915e-01
2.155968546867370605e-01
2.377004772424697876e-01
2.442319244146347046e-01
2.469821870326995850e-01
2.346101105213165283e-01
1.363374441862106323e-01
-9.999000000000000000e+03
-9.999000000000000000e+03
-9.999000000000000000e+03
-9.999000000000000000e+03
-9.999000000000000000e+03
-9.999000000000000000e+03
-9.999000000000000000e+03
-9.999000000000000000e+03
-9.999000000000000000e+03
6.915343110449612141e-04
-9.125585202127695084e-04
-5.973283667117357254e-03
-2.637134678661823273e-02
-7.227299734950065613e-03
1.513226889073848724e-02
2.942652814090251923e-02
4.226510226726531982e-02
5.762138962745666504e-02
6.133109331130981445e-02
-1.110535562038421631e-01
-4.357003420591354370e-02
1.479759067296981812e-02
7.425984740257263184e-02
1.323549449443817139e-01
1.808359771966934204e-01
2.153558433055877686e-01
2.390319555997848511e-01
2.385096400976181030e-01
2.345154881477355957e-01
2.083126157522201538e-01
1.301838606595993042e-01
-9.999000000000000000e+03
-9.999000000000000000e+03
-9.999000000000000000e+03
-9.999000000000000000e+03
-9.999000000000000000e+03
-9.999000000000000000e+03
-9.999000000000000000e+03
-2.731581218540668488e-02
-1.420705579221248627e-02
3.262990619987249374e-03
-8.937972597777843475e-03
-5.441998131573200226e-03
3.026930848136544228e-03
9.836397133767604828e-03
6.461796350777149200e-03
9.903367608785629272e-04
1.298664882779121399e-02
2.834660187363624573e-02
2.576689049601554871e-02
-9.488106518983840942e-02
-3.612602502107620239e-02
1.009167358279228210e-02
6.692910194396972656e-02
1.376229673624038696e-01
1.875578016042709351e-01
2.130404114723205566e-01
2.277778536081314087e-01
2.280948162078857422e-01
2.233377844095230103e-01
1.994781792163848877e-01
1.349596381187438965e-01
6.642455607652664185e-02
-9.999000000000000000e+03
-9.999000000000000000e+03
-9.999000000000000000e+03
-4.105437174439430237e-02
-6.129571795463562012e-02
-5.867718532681465149e-02
-3.317954763770103455e-02
-8.509775623679161072e-03
-7.954968605190515518e-04
1.182421855628490448e-02
1.949910633265972137e-02
3.099706768989562988e-02
2.019739151000976562e-02
-1.134366169571876526e-02
-2.922793477773666382e-02
-4.145929589867591858e-02
-2.974851056933403015e-02
-2.442042529582977295e-02
-8.714210242033004761e-02
-1.847518049180507660e-02
3.623505309224128723e-02
8.094814419746398926e-02
1.328920423984527588e-01
1.745126247406005859e-01
2.005529105663299561e-01
2.198063135147094727e-01
2.206125706434249878e-01
2.144931107759475708e-01
1.783887594938278198e-01
1.184694841504096985e-01
5.617804452776908875e-02
1.928449794650077820e-02
-2.441686764359474182e-02
-5.417820438742637634e-02
-7.203572988510131836e-02
-6.967098265886306763e-02
-5.554484203457832336e-02
-2.021326683461666107e-02
1.249575801193714142e-02
3.524111956357955933e-02
6.923735141754150391e-02
5.888522416353225708e-02
4.018618166446685791e-02
-5.305319791659712791e-04
-3.414867445826530457e-02
-6.525713950395584106e-02
-9.300506860017776489e-02
-8.447881042957305908e-02
-7.291095703840255737e-02
-6.732843816280364990e-02
-2.124513313174247742e-02
3.295651078224182129e-02
8.404809236526489258e-02
1.381893306970596313e-01
1.695641130208969116e-01
1.850741356611251831e-01
2.039180397987365723e-01
2.130477875471115112e-01
2.079381048679351807e-01
1.491724550724029541e-01
7.224885374307632446e-02
3.394682332873344421e-02
5.208955146372318268e-03
-1.196473371237516403e-02
-3.268821537494659424e-02
-3.752670809626579285e-02
-2.727355621755123138e-02
-1.046242192387580872e-02
3.244849294424057007e-02
6.567525863647460938e-02
8.519183844327926636e-02
9.101042896509170532e-02
6.328448653221130371e-02
1.113634090870618820e-02
-4.848042502999305725e-02
-8.312725275754928589e-02
-1.209005713462829590e-01
-1.413004845380783081e-01
-1.344698071479797363e-01
-1.213737577199935913e-01
-4.218253120779991150e-02
-8.632736280560493469e-03
4.144338890910148621e-02
8.732036501169204712e-02
1.276792287826538086e-01
1.561124026775360107e-01
1.765380054712295532e-01
2.016194760799407959e-01
2.024009227752685547e-01
1.555007547140121460e-01
1.014105305075645447e-01
4.847803339362144470e-02
2.279209345579147339e-02
1.001978851854801178e-02
1.530273817479610443e-02
1.003029011189937592e-02
1.504081115126609802e-02
2.590860426425933838e-02
2.943291142582893372e-02
6.357262283563613892e-02
8.886340260505676270e-02
9.648540616035461426e-02
6.443462520837783813e-02
2.812474779784679413e-02
-2.660926245152950287e-02
-6.931354850530624390e-02
-1.108684688806533813e-01
-1.491827666759490967e-01
-1.665672510862350464e-01
-1.586049795150756836e-01
-1.380349695682525635e-01
-1.051490474492311478e-02
1.192524842917919159e-02
5.660955980420112610e-02
8.678510785102844238e-02
1.184311732649803162e-01
1.457208395004272461e-01
1.734692007303237915e-01
1.913485080003738403e-01
1.698665767908096313e-01
1.039743199944496155e-01
4.948660731315612793e-02
1.221013814210891724e-02
2.019617334008216858e-02
3.220071643590927124e-02
4.429307952523231506e-02
4.509821906685829163e-02
5.889907479286193848e-02
7.000982761383056641e-02
7.031971216201782227e-02
7.349403202533721924e-02
7.386764138936996460e-02
7.381846010684967041e-02
5.101176723837852478e-02
1.235613133758306503e-02
-3.876497969031333923e-02
-8.336228132247924805e-02
-1.196167618036270142e-01
-1.488036513328552246e-01
-1.694630086421966553e-01
-1.681546419858932495e-01
-1.457862854003906250e-01
4.740215465426445007e-02
6.286173313856124878e-02
7.595876604318618774e-02
8.313757926225662231e-02
1.051316559314727783e-01
1.283185333013534546e-01
1.649531424045562744e-01
1.483541876077651978e-01
1.165335699915885925e-01
7.668133080005645752e-02
4.428203776478767395e-02
1.912117190659046173e-02
4.850663989782333374e-02
6.671460717916488647e-02
7.468853890895843506e-02
7.628118246793746948e-02
8.455144613981246948e-02
8.029630780220031738e-02
6.779054552316665649e-02
4.375274479389190674e-02
4.056575521826744080e-02
4.570065438747406006e-02
3.638897463679313660e-02
1.909239776432514191e-02
-1.163562387228012085e-02
-7.349181175231933594e-02
-1.168028265237808228e-01
-1.632755994796752930e-01
-1.791393160820007324e-01
-1.690685749053955078e-01
-1.420059055089950562e-01
4.195884987711906433e-02
5.151835083961486816e-02
7.606533169746398926e-02
7.942891120910644531e-02
1.012110412120819092e-01
1.288525611162185669e-01
1.362930983304977417e-01
1.205931454896926880e-01
1.033858433365821838e-01
6.840880215167999268e-02
5.195434391498565674e-02
7.650688290596008301e-02
8.851987123489379883e-02
8.947802335023880005e-02
9.086025506258010864e-02
9.372599422931671143e-02
9.430752694606781006e-02
4.377825930714607239e-02
2.734424173831939697e-02
8.709049783647060394e-03
2.125269174575805664e-02
-9.999000000000000000e+03
-9.999000000000000000e+03
-9.999000000000000000e+03
-9.999000000000000000e+03
-9.999000000000000000e+03
-9.999000000000000000e+03
-1.337543874979019165e-01
-1.770579963922500610e-01
-1.755406856536865234e-01
-1.422898918390274048e-01
-1.989134214818477631e-02
-4.048652190249413252e-04
2.988089621067047119e-02
5.071233585476875305e-02
8.182951807975769043e-02
9.433545172214508057e-02
1.083309873938560486e-01
1.043020784854888916e-01
8.876582980155944824e-02
8.099565654993057251e-02
8.253633230924606323e-02
1.303228139877319336e-01
1.136108413338661194e-01
1.012770012021064758e-01
9.763748198747634888e-02
8.867412805557250977e-02
9.442941844463348389e-02
-9.999000000000000000e+03
-9.999000000000000000e+03
-9.999000000000000000e+03
-9.999000000000000000e+03
-9.999000000000000000e+03
-9.999000000000000000e+03
-9.999000000000000000e+03
-9.999000000000000000e+03
-9.999000000000000000e+03
-9.999000000000000000e+03
-1.041894033551216125e-01
-1.498006582260131836e-01
-1.642870008945465088e-01
-1.336221545934677124e-01
-3.457864001393318176e-02
-2.124209702014923096e-02
9.366793558001518250e-03
4.192662984132766724e-02
5.836794525384902954e-02
7.221370190382003784e-02
9.460676461458206177e-02
9.479320794343948364e-02
8.784382790327072144e-02
1.297442018985748291e-01
1.392170190811157227e-01
1.414853781461715698e-01
1.261878311634063721e-01
1.064826026558876038e-01
5.673474445939064026e-02
5.664244666695594788e-02
-9.999000000000000000e+03
-9.999000000000000000e+03
-9.999000000000000000e+03
-9.999000000000000000e+03
-9.999000000000000000e+03
-9.999000000000000000e+03
-9.999000000000000000e+03
-9.999000000000000000e+03
-9.999000000000000000e+03
-9.999000000000000000e+03
-9.999000000000000000e+03
-9.999000000000000000e+03
-8.623108267784118652e-02
-1.211777180433273315e-01
-8.459082990884780884e-02
-4.675348848104476929e-02
-4.622732847929000854e-02
-2.138256840407848358e-02
1.170987728983163834e-02
4.193142428994178772e-02
7.201570272445678711e-02
8.125736564397811890e-02
9.956876933574676514e-02
1.272431015968322754e-01
1.656089425086975098e-01
1.675657182931900024e-01
1.371984183788299561e-01
1.032761484384536743e-01
1.077910810708999634e-01
-9.999000000000000000e+03
-9.999000000000000000e+03
-9.999000000000000000e+03
-9.999000000000000000e+03
-9.999000000000000000e+03
-9.999000000000000000e+03
-9.999000000000000000e+03
-9.999000000000000000e+03
-9.999000000000000000e+03
-9.999000000000000000e+03
-9.999000000000000000e+03
-9.999000000000000000e+03
-9.999000000000000000e+03
-9.999000000000000000e+03
-9.999000000000000000e+03
-7.764229178428649902e-02
-5.593207105994224548e-02
-9.999000000000000000e+03
-5.463055521249771118e-02
-4.528562724590301514e-02
-9.847472421824932098e-03
3.558347001671791077e-02
6.691663712263107300e-02
8.617646992206573486e-02
1.334376037120819092e-01
1.797745972871780396e-01
1.749671846628189087e-01
1.534699946641921997e-01
1.212018132209777832e-01
8.352732658386230469e-02
-9.999000000000000000e+03
-9.999000000000000000e+03
-9.999000000000000000e+03
-9.999000000000000000e+03
-9.999000000000000000e+03
-9.999000000000000000e+03
-9.999000000000000000e+03
-9.999000000000000000e+03
-9.999000000000000000e+03
-9.999000000000000000e+03
-9.999000000000000000e+03
-9.999000000000000000e+03
-9.999000000000000000e+03
-9.999000000000000000e+03
-9.999000000000000000e+03
-9.999000000000000000e+03
-2.911610715091228485e-02
-1.747886091470718384e-02
-9.999000000000000000e+03
-9.999000000000000000e+03
-6.258378922939300537e-02
-2.329223230481147766e-02
3.764476254582405090e-02
8.398430794477462769e-02
1.229268386960029602e-01
1.465279906988143921e-01
1.609588712453842163e-01
1.394502520561218262e-01
1.131670176982879639e-01
6.270404905080795288e-02
-9.999000000000000000e+03
-9.999000000000000000e+03
-9.999000000000000000e+03
-9.999000000000000000e+03
-9.999000000000000000e+03
-9.999000000000000000e+03
-9.999000000000000000e+03
-9.999000000000000000e+03
-9.999000000000000000e+03
-9.999000000000000000e+03
-9.999000000000000000e+03
-9.999000000000000000e+03
-9.999000000000000000e+03
-9.999000000000000000e+03
-9.999000000000000000e+03
-9.999000000000000000e+03
-9.999000000000000000e+03
-1.545518264174461365e-02
-2.777444943785667419e-02
-9.999000000000000000e+03
-9.999000000000000000e+03
-4.291873425245285034e-02
-2.165547572076320648e-02
3.200355544686317444e-02
9.570262581110000610e-02
1.551229059696197510e-01
1.410590857267379761e-01
1.207257881760597229e-01
1.082992628216743469e-01
1.010577008128166199e-01
1.026371940970420837e-01
-9.999000000000000000e+03
-9.999000000000000000e+03
-9.999000000000000000e+03
-9.999000000000000000e+03
-9.999000000000000000e+03
-9.999000000000000000e+03
-9.999000000000000000e+03
-9.999000000000000000e+03
-9.999000000000000000e+03
-9.999000000000000000e+03
-9.999000000000000000e+03
-9.999000000000000000e+03
-9.999000000000000000e+03
-9.999000000000000000e+03
-9.999000000000000000e+03
-9.999000000000000000e+03
-9.999000000000000000e+03
-9.999000000000000000e+03
-9.999000000000000000e+03
-9.999000000000000000e+03
-9.999000000000000000e+03
-2.427448518574237823e-02
-4.101390484720468521e-03
3.954993188381195068e-02
9.851436316967010498e-02
1.331826597452163696e-01
1.363491117954254150e-01
1.215044036507606506e-01
1.035024821758270264e-01
6.640715897083282471e-02
5.304247885942459106e-02
-9.999000000000000000e+03
-9.999000000000000000e+03
-9.999000000000000000e+03
-9.999000000000000000e+03
-9.999000000000000000e+03
-9.999000000000000000e+03
-9.999000000000000000e+03
-9.999000000000000000e+03
-9.999000000000000000e+03
-9.999000000000000000e+03
-9.999000000000000000e+03
-9.999000000000000000e+03
-9.999000000000000000e+03
-9.999000000000000000e+03
-9.999000000000000000e+03
-9.999000000000000000e+03
-9.999000000000000000e+03
-9.999000000000000000e+03
-9.999000000000000000e+03
-9.999000000000000000e+03
-9.999000000000000000e+03
-9.999000000000000000e+03
-1.551525667309761047e-02
1.681867241859436035e-02
7.779058068990707397e-02
1.085069254040718079e-01
1.220006495714187622e-01
1.319902539253234863e-01
1.115183457732200623e-01
4.392201080918312073e-02
-9.999000000000000000e+03
-9.999000000000000000e+03
-9.999000000000000000e+03
-9.999000000000000000e+03
-9.999000000000000000e+03
-9.999000000000000000e+03
-9.999000000000000000e+03
-9.999000000000000000e+03
-9.999000000000000000e+03
-9.999000000000000000e+03
-9.999000000000000000e+03
-9.999000000000000000e+03
-9.999000000000000000e+03
-9.999000000000000000e+03
-9.999000000000000000e+03
-9.999000000000000000e+03
-9.999000000000000000e+03
-9.999000000000000000e+03
-9.999000000000000000e+03
-9.999000000000000000e+03
-9.999000000000000000e+03
-9.999000000000000000e+03
-9.999000000000000000e+03
-1.498847082257270813e-02
2.373761730268597603e-03
4.257721826434135437e-02
6.894413381814956665e-02
9.645787626504898071e-02
1.274586617946624756e-01
1.038229465484619141e-01
5.120562762022018433e-02
2.018977142870426178e-02
-9.999000000000000000e+03
-9.999000000000000000e+03
-9.999000000000000000e+03
-9.999000000000000000e+03
-9.999000000000000000e+03
-9.999000000000000000e+03
-9.999000000000000000e+03
-9.999000000000000000e+03
-9.999000000000000000e+03
-9.999000000000000000e+03
-9.999000000000000000e+03
-9.999000000000000000e+03
-9.999000000000000000e+03
-9.999000000000000000e+03
-9.999000000000000000e+03
-9.999000000000000000e+03
-9.999000000000000000e+03
-9.999000000000000000e+03
-9.999000000000000000e+03
-9.999000000000000000e+03
-9.999000000000000000e+03
-9.999000000000000000e+03
-9.999000000000000000e+03
-1.670313253998756409e-02
-1.758695230819284916e-03
1.551826763898134232e-02
5.046831071376800537e-02
7.640139758586883545e-02
3.889709338545799255e-02
3.571135923266410828e-02
6.344296783208847046e-02
-9.999000000000000000e+03
-9.999000000000000000e+03
-9.999000000000000000e+03
-9.999000000000000000e+03
-9.999000000000000000e+03
-9.999000000000000000e+03
-9.999000000000000000e+03
-9.999000000000000000e+03
-9.999000000000000000e+03
-9.999000000000000000e+03
-9.999000000000000000e+03
-9.999000000000000000e+03
-9.999000000000000000e+03
-9.999000000000000000e+03
-9.999000000000000000e+03
-9.999000000000000000e+03
-9.999000000000000000e+03
-9.999000000000000000e+03
-9.999000000000000000e+03
-9.999000000000000000e+03
-9.999000000000000000e+03
-9.999000000000000000e+03
-9.999000000000000000e+03
-3.255432471632957458e-02
-4.246423020958900452e-02
-2.469852194190025330e-02
-8.094219490885734558e-03
-9.985103271901607513e-03
-4.014030843973159790e-02
-3.883090987801551819e-02
1.721498928964138031e-02
6.734426319599151611e-02
-9.999000000000000000e+03
-9.999000000000000000e+03
-9.999000000000000000e+03
-9.999000000000000000e+03
-9.999000000000000000e+03
-9.999000000000000000e+03
-9.999000000000000000e+03
-9.999000000000000000e+03
-9.999000000000000000e+03
-9.999000000000000000e+03
-9.999000000000000000e+03
-9.999000000000000000e+03
-9.999000000000000000e+03
-9.999000000000000000e+03
-9.999000000000000000e+03
-9.999000000000000000e+03
-9.999000000000000000e+03
-9.999000000000000000e+03
-9.999000000000000000e+03
-9.999000000000000000e+03
-9.999000000000000000e+03
-9.999000000000000000e+03
4.097742494195699692e-03
-1.713674888014793396e-02
-2.422893233597278595e-02
-2.584590762853622437e-02
-3.313064575195312500e-02
-8.806752413511276245e-02
-8.012013137340545654e-02
-2.313318662345409393e-02
2.970024570822715759e-02
3.297411650419235229e-02
9.695698507130146027e-03
1.016046386212110519e-02
3.097753040492534637e-02
-9.999000000000000000e+03
-9.999000000000000000e+03
-9.999000000000000000e+03
-9.999000000000000000e+03
-9.999000000000000000e+03
-9.999000000000000000e+03
-9.999000000000000000e+03
-9.999000000000000000e+03
-9.999000000000000000e+03
-9.999000000000000000e+03
-9.999000000000000000e+03
-9.999000000000000000e+03
-9.999000000000000000e+03
-9.999000000000000000e+03
-9.999000000000000000e+03
-9.999000000000000000e+03
-9.999000000000000000e+03
1.903056353330612183e-02
2.602905966341495514e-02
1.528841070830821991e-02
-4.302034899592399597e-02
-4.761528968811035156e-02
-6.655064970254898071e-02
-7.205007970333099365e-02
-6.874644756317138672e-02
-4.577860981225967407e-02
-1.945899240672588348e-02
-1.442059967666864395e-02
-7.941202260553836823e-03
2.170614339411258698e-02
3.083716891705989838e-02
-9.999000000000000000e+03
-9.999000000000000000e+03
-9.999000000000000000e+03
-9.999000000000000000e+03
-9.999000000000000000e+03
-9.999000000000000000e+03
-9.999000000000000000e+03
-9.999000000000000000e+03
-9.999000000000000000e+03
-9.999000000000000000e+03
-9.999000000000000000e+03
-9.999000000000000000e+03
-9.999000000000000000e+03
-9.999000000000000000e+03
-9.999000000000000000e+03
7.772722747176885605e-03
9.189487434923648834e-03
2.517589926719665527e-02
3.415805101394653320e-02
-3.808139124885201454e-03
-4.367146641016006470e-02
-5.708209797739982605e-02
-6.049562990665435791e-02
-5.927153304219245911e-02
-6.767933070659637451e-02
-5.419114232063293457e-02
-3.112598694860935211e-02
5.268937442451715469e-03
2.033466286957263947e-02
-9.999000000000000000e+03
-9.999000000000000000e+03
-9.999000000000000000e+03
-9.999000000000000000e+03
-9.999000000000000000e+03
-9.999000000000000000e+03
-9.999000000000000000e+03
-9.999000000000000000e+03
-9.999000000000000000e+03
-9.999000000000000000e+03
-9.999000000000000000e+03
-9.999000000000000000e+03
-9.999000000000000000e+03
-9.999000000000000000e+03
-9.999000000000000000e+03
-9.999000000000000000e+03
1.399554684758186340e-02
2.772608771920204163e-02
6.019680947065353394e-02
7.080379873514175415e-02
4.497006535530090332e-02
-1.612679846584796906e-02
-6.149486452341079712e-02
-5.779752880334854126e-02
-3.916659951210021973e-02
-3.263936191797256470e-02
-4.842629283666610718e-02
-5.358387902379035950e-02
-5.407553166151046753e-02
2.558559365570545197e-02
-9.999000000000000000e+03
-9.999000000000000000e+03
-9.999000000000000000e+03
-9.999000000000000000e+03
-9.999000000000000000e+03
-9.999000000000000000e+03
-9.999000000000000000e+03
-9.999000000000000000e+03
-9.999000000000000000e+03
-9.999000000000000000e+03
-9.999000000000000000e+03
-9.999000000000000000e+03
-9.999000000000000000e+03
-9.999000000000000000e+03
-9.999000000000000000e+03
-9.999000000000000000e+03
-9.999000000000000000e+03
5.651705339550971985e-02
8.302282541990280151e-02
1.153008788824081421e-01
8.338882029056549072e-02
2.172433026134967804e-02
-2.449936419725418091e-02
-5.433461815118789673e-02
-5.401299893856048584e-02
-1.964686065912246704e-02
7.663912838324904442e-04
-6.773349829018115997e-03
-4.487363994121551514e-02
-4.160730168223381042e-02
-1.455370220355689526e-03
-9.999000000000000000e+03
-9.999000000000000000e+03
-9.999000000000000000e+03
-9.999000000000000000e+03
-9.999000000000000000e+03
-9.999000000000000000e+03
-9.999000000000000000e+03
-9.999000000000000000e+03
-9.999000000000000000e+03
-9.999000000000000000e+03
-9.999000000000000000e+03
-9.999000000000000000e+03
-9.999000000000000000e+03
-9.999000000000000000e+03
-9.999000000000000000e+03
-9.999000000000000000e+03
-9.999000000000000000e+03
9.364317357540130615e-02
1.279314011335372925e-01
1.254236400127410889e-01
8.247654885053634644e-02
1.887418888509273529e-02
-2.530489303171634674e-02
-5.105944722890853882e-02
-5.852451547980308533e-02
-3.857595473527908325e-02
-1.191494334489107132e-02
4.259603098034858704e-03
-3.450040891766548157e-02
-3.233806043863296509e-02
-9.999000000000000000e+03
-9.999000000000000000e+03
-9.999000000000000000e+03
-9.999000000000000000e+03
-9.999000000000000000e+03
-9.999000000000000000e+03
-9.999000000000000000e+03
-9.999000000000000000e+03
-9.999000000000000000e+03
-9.999000000000000000e+03
-9.999000000000000000e+03
-9.999000000000000000e+03
-9.999000000000000000e+03
-9.999000000000000000e+03
-9.999000000000000000e+03
-9.999000000000000000e+03
-9.999000000000000000e+03
-9.999000000000000000e+03
1.186652854084968567e-01
1.629296243190765381e-01
1.313615888357162476e-01
6.869136542081832886e-02
1.567400619387626648e-02
-2.640541270375251770e-02
-4.954118281602859497e-02
-6.044105440378189087e-02
-3.722438961267471313e-02
2.089694514870643616e-02
1.869148947298526764e-02
-1.146984472870826721e-02
-9.999000000000000000e+03
-9.999000000000000000e+03
-9.999000000000000000e+03
-9.999000000000000000e+03
-9.999000000000000000e+03
-9.999000000000000000e+03
-9.999000000000000000e+03
-9.999000000000000000e+03
-9.999000000000000000e+03
-9.999000000000000000e+03
-9.999000000000000000e+03
-9.999000000000000000e+03
-9.999000000000000000e+03
-9.999000000000000000e+03
-9.999000000000000000e+03
-9.999000000000000000e+03
-9.999000000000000000e+03
-9.999000000000000000e+03
-9.999000000000000000e+03
1.312658637762069702e-01
1.554020792245864868e-01
1.333652436733245850e-01
7.997925579547882080e-02
-1.318117231130599976e-02
-3.945238888263702393e-02
-3.765098750591278076e-02
-2.248092181980609894e-02
-9.546495974063873291e-03
1.909857429563999176e-02
-9.999000000000000000e+03
-9.999000000000000000e+03
-9.999000000000000000e+03
-9.999000000000000000e+03
-9.999000000000000000e+03
-9.999000000000000000e+03
-9.999000000000000000e+03
-9.999000000000000000e+03
-9.999000000000000000e+03
-9.999000000000000000e+03
-9.999000000000000000e+03
-9.999000000000000000e+03
-9.999000000000000000e+03
-9.999000000000000000e+03
-9.999000000000000000e+03
-9.999000000000000000e+03
-9.999000000000000000e+03
-9.999000000000000000e+03
-9.999000000000000000e+03
-9.999000000000000000e+03
-9.999000000000000000e+03
9.831568598747253418e-02
1.087540760636329651e-01
6.529056280851364136e-02
1.914889365434646606e-02
-2.374962531030178070e-02
-3.286683559417724609e-02
-9.999000000000000000e+03
-9.999000000000000000e+03
-9.999000000000000000e+03
-9.999000000000000000e+03
-9.999000000000000000e+03
-9.999000000000000000e+03
-9.999000000000000000e+03
-9.999000000000000000e+03
-9.999000000000000000e+03
-9.999000000000000000e+03
-9.999000000000000000e+03
-9.999000000000000000e+03
-9.999000000000000000e+03
-9.999000000000000000e+03
-9.999000000000000000e+03
-9.999000000000000000e+03
-9.999000000000000000e+03
-9.999000000000000000e+03
-9.999000000000000000e+03
-9.999000000000000000e+03
-9.999000000000000000e+03
-9.999000000000000000e+03
-9.999000000000000000e+03
-9.999000000000000000e+03
-9.999000000000000000e+03
3.230544552206993103e-02
4.100770130753517151e-02
3.350292146205902100e-02
-9.999000000000000000e+03
-9.999000000000000000e+03
-9.999000000000000000e+03
-9.999000000000000000e+03
-9.999000000000000000e+03
-9.999000000000000000e+03
-9.999000000000000000e+03
-9.999000000000000000e+03
-9.999000000000000000e+03
-9.999000000000000000e+03
-9.999000000000000000e+03
-9.999000000000000000e+03
-9.999000000000000000e+03
-9.999000000000000000e+03
-9.999000000000000000e+03
-9.999000000000000000e+03
-9.999000000000000000e+03
-9.999000000000000000e+03
-9.999000000000000000e+03
-9.999000000000000000e+03
-9.999000000000000000e+03
-9.999000000000000000e+03
-9.999000000000000000e+03
-9.999000000000000000e+03
-9.999000000000000000e+03
-9.999000000000000000e+03
-9.999000000000000000e+03
-9.999000000000000000e+03
