-1.322236210107803345e-01
-9.374570101499557495e-02
-4.325063154101371765e-02
1.244012825191020966e-02
6.462473422288894653e-02
1.047958880662918091e-01
1.461876183748245239e-01
1.893015801906585693e-01
2.310078442096710205e-01
2.580367028713226318e-01
2.605231702327728271e-01
-9.999000000000000000e+03
-9.999000000000000000e+03
-9.999000000000000000e+03
-9.999000000000000000e+03
-9.999000000000000000e+03
-9.999000000000000000e+03
-9.999000000000000000e+03
-9.999000000000000000e+03
-9.999000000000000000e+03
-9.999000000000000000e+03
-9.999000000000000000e+03
-9.999000000000000000e+03
2.021915465593338013e-02
4.556722193956375122e-02
7.276036590337753296e-02
9.432978928089141846e-02
9.383605420589447021e-02
9.815405309200286865e-02
8.461337536573410034e-02
9.299895167350769043e-02
-1.223507076501846313e-01
-8.671133965253829956e-02
-3.678137436509132385e-02
1.634599827229976654e-02
7.603577524423599243e-02
1.210466176271438599e-01
1.709931194782257080e-01
2.125103473663330078e-01
2.472464144229888916e-01
2.706669867038726807e-01
2.708513438701629639e-01
1.605040729045867920e-01
-9.999000000000000000e+03
-9.999000000000000000e+03
-9.999000000000000000e+03
-9.999000000000000000e+03
-9.999000000000000000e+03
-9.999000000000000000e+03
-9.999000000000000000e+03
-9.999000000000000000e+03
-9.999000000000000000e+03
1.327193249017000198e-02
1.616655848920345306e-02
2.471373043954372406e-02
2.012333646416664124e-02
5.112732946872711182e-02
6.922976672649383545e-02
6.967617571353912354e-02
6.307619810104370117e-02
7.046108692884445190e-02
8.174356073141098022e-02
-1.257013976573944092e-01
-7.781726866960525513e-02
-1.940633542835712433e-02
3.951737284660339355e-02
9.155921638011932373e-02
1.356757581233978271e-01
1.778488010168075562e-01
2.250351309776306152e-01
2.588513195514678955e-01
2.760639786720275879e-01
2.609791457653045654e-01
1.766058355569839478e-01
-9.999000000000000000e+03
-9.999000000000000000e+03
-9.999000000000000000e+03
-9.999000000000000000e+03
-9.999000000000000000e+03
-9.999000000000000000e+03
-9.999000000000000000e+03
-2.106240577995777130e-02
-9.096055291593074799e-03
1.209977921098470688e-02
-1.949346973560750484e-03
8.175350725650787354e-03
2.614151500165462494e-02
2.317871525883674622e-02
3.067163564264774323e-02
2.804597280919551849e-02
3.595169633626937866e-02
4.586160928010940552e-02
5.789920687675476074e-02
-1.104656532406806946e-01
-7.337718456983566284e-02
-2.528236247599124908e-02
3.358720242977142334e-02
9.929820150136947632e-02
1.473167240619659424e-01
1.818311959505081177e-01
2.208447307348251343e-01
2.440653890371322632e-01
2.628992795944213867e-01
2.616477310657501221e-01
1.941599249839782715e-01
9.031715989112854004e-02
-9.999000000000000000e+03
-9.999000000000000000e+03
-9.999000000000000000e+03
-4.816688969731330872e-02
-5.384433269500732422e-02
-4.623894393444061279e-02
-1.864277385175228119e-02
-9.754663333296775818e-03
-3.583136945962905884e-03
-7.767598144710063934e-04
4.665266256779432297e-03
1.998339779675006866e-02
-1.244281418621540070e-02
-2.832257654517889023e-03
-4.863204085268080235e-04
4.443836864084005356e-03
1.985214464366436005e-02
3.638718649744987488e-02
-9.326805919408798218e-02
-5.247981473803520203e-02
-5.593506619334220886e-03
3.685240447521209717e-02
8.749996870756149292e-02
1.255539208650588989e-01
1.565918922424316406e-01
1.955642402172088623e-01
2.089855670928955078e-01
2.121577262878417969e-01
2.048753350973129272e-01
1.497916728258132935e-01
7.086211442947387695e-02
7.891673594713211060e-03
-5.350850522518157959e-02
-7.186072319746017456e-02
-6.268799304962158203e-02
-3.978626802563667297e-02
-1.998405158519744873e-02
6.490167230367660522e-03
1.083777658641338348e-02
4.809961188584566116e-03
5.485957022756338120e-03
-4.992818459868431091e-03
-1.705415546894073486e-02
-4.176938906311988831e-02
-4.444336146116256714e-02
-3.711502626538276672e-02
-2.725156396627426147e-02
5.292749498039484024e-03
3.401203826069831848e-02
-6.397293508052825928e-02
-4.359129816293716431e-02
-1.320142298936843872e-02
2.238745801150798798e-02
7.029462605714797974e-02
1.025764793157577515e-01
1.223974153399467468e-01
1.474560201168060303e-01
1.539860218763351440e-01
1.627386361360549927e-01
1.530749052762985229e-01
9.211863577365875244e-02
4.236765950918197632e-02
-1.544564962387084961e-02
-4.806782677769660950e-02
-5.943284928798675537e-02
-3.648842871189117432e-02
1.209385786205530167e-02
3.832670301198959351e-02
5.621502920985221863e-02
4.763401672244071960e-02
2.783754654228687286e-02
4.463503602892160416e-03
-2.395183406770229340e-02
-5.075629055500030518e-02
-9.095697849988937378e-02
-9.003210067749023438e-02
-8.882375806570053101e-02
-7.035078853368759155e-02
-2.904956601560115814e-02
1.632821373641490936e-02
-3.970004990696907043e-02
-3.303467482328414917e-02
-1.127026230096817017e-02
1.256554387509822845e-02
4.314560070633888245e-02
7.042143493890762329e-02
8.947975188493728638e-02
1.079353839159011841e-01
1.094642356038093567e-01
1.062647327780723572e-01
9.838572144508361816e-02
6.237835809588432312e-02
3.562332317233085632e-02
-5.218291655182838440e-03
-1.132747717201709747e-02
2.195773180574178696e-03
3.946067765355110168e-02
7.065235078334808350e-02
7.752064615488052368e-02
8.472195267677307129e-02
6.287911534309387207e-02
3.055233322083950043e-02
-8.042677305638790131e-03
-5.112573131918907166e-02
-9.614550322294235229e-02
-1.348678469657897949e-01
-1.480448246002197266e-01
-1.511407792568206787e-01
-1.248531416058540344e-01
-5.723605677485466003e-02
-2.057743445038795471e-02
-3.001218475401401520e-02
-2.897039428353309631e-02
-1.154789421707391739e-02
7.165093906223773956e-03
3.107690252363681793e-02
5.080152675509452820e-02
6.556587666273117065e-02
7.784626632928848267e-02
8.082576096057891846e-02
6.692863255739212036e-02
6.538973748683929443e-02
3.736927360296249390e-02
3.024059161543846130e-02
2.666731365025043488e-02
4.408155381679534912e-02
6.051028519868850708e-02
1.000147983431816101e-01
1.036157608032226562e-01
9.529676288366317749e-02
8.688391000032424927e-02
7.023828476667404175e-02
4.943684488534927368e-02
1.537999138236045837e-02
-5.965578928589820862e-02
-1.307852566242218018e-01
-1.730374246835708618e-01
-2.038623541593551636e-01
-2.141174823045730591e-01
-1.846960335969924927e-01
-1.069597452878952026e-01
-6.814944744110107422e-02
-2.916091494262218475e-02
-1.794974133372306824e-02
-6.273530307225883007e-04
1.742222346365451813e-02
3.062400966882705688e-02
4.271166026592254639e-02
5.799857154488563538e-02
5.135143548250198364e-02
3.734355792403221130e-02
3.806144744157791138e-02
4.777790978550910950e-02
4.533421620726585388e-02
5.821733549237251282e-02
8.034183084964752197e-02
1.097752824425697327e-01
1.094130054116249084e-01
1.125491410493850708e-01
1.006650701165199280e-01
9.118439257144927979e-02
8.191985636949539185e-02
5.341656506061553955e-02
3.415831178426742554e-02
3.906883299350738525e-03
-3.506851568818092346e-02
-5.380890145897865295e-02
-1.508745998144149780e-01
-2.114322185516357422e-01
-2.548191845417022705e-01
-2.199659943580627441e-01
-1.498496085405349731e-01
-8.583867549896240234e-02
-3.536218032240867615e-02
-1.508022751659154892e-02
5.796784535050392151e-03
2.673277445137500763e-02
3.947468847036361694e-02
4.838189482688903809e-02
4.464903846383094788e-02
2.947347797453403473e-02
2.334290184080600739e-03
3.592052683234214783e-02
6.884081661701202393e-02
9.745133668184280396e-02
1.136137396097183228e-01
1.251582056283950806e-01
1.324681937694549561e-01
1.206384003162384033e-01
1.039353832602500916e-01
6.466174125671386719e-02
5.351556837558746338e-02
2.418059296905994415e-02
2.683585882186889648e-02
-9.999000000000000000e+03
-9.999000000000000000e+03
-9.999000000000000000e+03
-9.999000000000000000e+03
-9.999000000000000000e+03
-9.999000000000000000e+03
-1.992285400629043579e-01
-2.367839664220809937e-01
-1.711850613355636597e-01
-9.499644488096237183e-02
-1.681148260831832886e-02
-9.877664968371391296e-03
5.414435872808098793e-04
2.318174205720424652e-02
3.531188145279884338e-02
2.910247072577476501e-02
2.268407680094242096e-02
7.995354942977428436e-03
2.139429561793804169e-02
7.050228118896484375e-02
1.075336709618568420e-01
1.507082879543304443e-01
1.511479169130325317e-01
1.433324962854385376e-01
1.227699890732765198e-01
1.053504943847656250e-01
1.126000136137008667e-01
-9.999000000000000000e+03
-9.999000000000000000e+03
-9.999000000000000000e+03
-9.999000000000000000e+03
-9.999000000000000000e+03
-9.999000000000000000e+03
-9.999000000000000000e+03
-9.999000000000000000e+03
-9.999000000000000000e+03
-9.999000000000000000e+03
-1.532752364873886108e-01
-2.059917747974395752e-01
-1.943057924509048462e-01
-1.306221932172775269e-01
-2.588016353547573090e-02
-9.797079488635063171e-03
2.192698605358600616e-02
4.314044490456581116e-02
4.186991602182388306e-02
3.257859125733375549e-02
2.979521825909614563e-02
2.031784877181053162e-02
7.112406939268112183e-02
1.282443702220916748e-01
1.453420668840408325e-01
1.618930697441101074e-01
1.615326255559921265e-01
1.407169848680496216e-01
6.559243798255920410e-02
6.503641605377197266e-02
-9.999000000000000000e+03
-9.999000000000000000e+03
-9.999000000000000000e+03
-9.999000000000000000e+03
-9.999000000000000000e+03
-9.999000000000000000e+03
-9.999000000000000000e+03
-9.999000000000000000e+03
-9.999000000000000000e+03
-9.999000000000000000e+03
-9.999000000000000000e+03
-9.999000000000000000e+03
-1.268522739410400391e-01
-1.577781587839126587e-01
-1.021246314048767090e-01
-4.876865074038505554e-02
-3.289452195167541504e-02
8.595727384090423584e-03
4.029900953173637390e-02
4.538992047309875488e-02
4.829034209251403809e-02
3.765812888741493225e-02
6.280034780502319336e-02
1.167964041233062744e-01
1.487664878368377686e-01
1.507842391729354858e-01
1.730816662311553955e-01
1.251309067010879517e-01
1.315081864595413208e-01
-9.999000000000000000e+03
-9.999000000000000000e+03
-9.999000000000000000e+03
-9.999000000000000000e+03
-9.999000000000000000e+03
-9.999000000000000000e+03
-9.999000000000000000e+03
-9.999000000000000000e+03
-9.999000000000000000e+03
-9.999000000000000000e+03
-9.999000000000000000e+03
-9.999000000000000000e+03
-9.999000000000000000e+03
-9.999000000000000000e+03
-9.999000000000000000e+03
-1.086847186088562012e-01
-7.739537209272384644e-02
-9.999000000000000000e+03
-4.237725958228111267e-02
-2.379978448152542114e-02
-5.675599095411598682e-04
3.016227111220359802e-02
4.606722295284271240e-02
4.317981377243995667e-02
1.174654364585876465e-01
1.573248952627182007e-01
1.472102999687194824e-01
1.512600183486938477e-01
1.535272151231765747e-01
9.873490780591964722e-02
-9.999000000000000000e+03
-9.999000000000000000e+03
-9.999000000000000000e+03
-9.999000000000000000e+03
-9.999000000000000000e+03
-9.999000000000000000e+03
-9.999000000000000000e+03
-9.999000000000000000e+03
-9.999000000000000000e+03
-9.999000000000000000e+03
-9.999000000000000000e+03
-9.999000000000000000e+03
-9.999000000000000000e+03
-9.999000000000000000e+03
-9.999000000000000000e+03
-9.999000000000000000e+03
-3.561100736260414124e-02
-2.140209265053272247e-02
-9.999000000000000000e+03
-9.999000000000000000e+03
-5.208313837647438049e-02
-4.337565600872039795e-02
-4.464387893676757812e-04
3.080196119844913483e-02
8.370089530944824219e-02
1.395403295755386353e-01
1.584127843379974365e-01
1.490563601255416870e-01
1.380779594182968140e-01
5.965488031506538391e-02
-9.999000000000000000e+03
-9.999000000000000000e+03
-9.999000000000000000e+03
-9.999000000000000000e+03
-9.999000000000000000e+03
-9.999000000000000000e+03
-9.999000000000000000e+03
-9.999000000000000000e+03
-9.999000000000000000e+03
-9.999000000000000000e+03
-9.999000000000000000e+03
-9.999000000000000000e+03
-9.999000000000000000e+03
-9.999000000000000000e+03
-9.999000000000000000e+03
-9.999000000000000000e+03
-9.999000000000000000e+03
-2.140291268005967140e-03
1.880560070276260376e-02
-9.999000000000000000e+03
-9.999000000000000000e+03
-4.068747907876968384e-02
-4.345935955643653870e-02
-2.130821719765663147e-02
2.603217959403991699e-02
9.982412308454513550e-02
1.348860710859298706e-01
1.539009809494018555e-01
1.477807164192199707e-01
1.257903128862380981e-01
9.548167884349822998e-02
-9.999000000000000000e+03
-9.999000000000000000e+03
-9.999000000000000000e+03
-9.999000000000000000e+03
-9.999000000000000000e+03
-9.999000000000000000e+03
-9.999000000000000000e+03
-9.999000000000000000e+03
-9.999000000000000000e+03
-9.999000000000000000e+03
-9.999000000000000000e+03
-9.999000000000000000e+03
-9.999000000000000000e+03
-9.999000000000000000e+03
-9.999000000000000000e+03
-9.999000000000000000e+03
-9.999000000000000000e+03
-9.999000000000000000e+03
-9.999000000000000000e+03
-9.999000000000000000e+03
-9.999000000000000000e+03
-2.495414018630981445e-02
-4.299778491258621216e-02
-2.388446964323520660e-02
2.304504998028278351e-02
5.810301750898361206e-02
1.079045683145523071e-01
1.547586917877197266e-01
1.508984416723251343e-01
1.080145165324211121e-01
8.531227707862854004e-02
-9.999000000000000000e+03
-9.999000000000000000e+03
-9.999000000000000000e+03
-9.999000000000000000e+03
-9.999000000000000000e+03
-9.999000000000000000e+03
-9.999000000000000000e+03
-9.999000000000000000e+03
-9.999000000000000000e+03
-9.999000000000000000e+03
-9.999000000000000000e+03
-9.999000000000000000e+03
-9.999000000000000000e+03
-9.999000000000000000e+03
-9.999000000000000000e+03
-9.999000000000000000e+03
-9.999000000000000000e+03
-9.999000000000000000e+03
-9.999000000000000000e+03
-9.999000000000000000e+03
-9.999000000000000000e+03
-9.999000000000000000e+03
-2.734300494194030762e-02
-2.272081002593040466e-02
1.219211518764495850e-02
-4.470657091587781906e-03
7.572776079177856445e-02
1.392015665769577026e-01
1.746192127466201782e-01
1.355484575033187866e-01
-9.999000000000000000e+03
-9.999000000000000000e+03
-9.999000000000000000e+03
-9.999000000000000000e+03
-9.999000000000000000e+03
-9.999000000000000000e+03
-9.999000000000000000e+03
-9.999000000000000000e+03
-9.999000000000000000e+03
-9.999000000000000000e+03
-9.999000000000000000e+03
-9.999000000000000000e+03
-9.999000000000000000e+03
-9.999000000000000000e+03
-9.999000000000000000e+03
-9.999000000000000000e+03
-9.999000000000000000e+03
-9.999000000000000000e+03
-9.999000000000000000e+03
-9.999000000000000000e+03
-9.999000000000000000e+03
-9.999000000000000000e+03
-9.999000000000000000e+03
-1.405705045908689499e-02
7.743490859866142273e-03
-1.444550696760416031e-02
-5.191489309072494507e-02
5.083894357085227966e-02
1.354018449783325195e-01
2.098295688629150391e-01
1.662760674953460693e-01
1.132525652647018433e-01
-9.999000000000000000e+03
-9.999000000000000000e+03
-9.999000000000000000e+03
-9.999000000000000000e+03
-9.999000000000000000e+03
-9.999000000000000000e+03
-9.999000000000000000e+03
-9.999000000000000000e+03
-9.999000000000000000e+03
-9.999000000000000000e+03
-9.999000000000000000e+03
-9.999000000000000000e+03
-9.999000000000000000e+03
-9.999000000000000000e+03
-9.999000000000000000e+03
-9.999000000000000000e+03
-9.999000000000000000e+03
-9.999000000000000000e+03
-9.999000000000000000e+03
-9.999000000000000000e+03
-9.999000000000000000e+03
-9.999000000000000000e+03
-9.999000000000000000e+03
1.921753399074077606e-02
-1.502479426562786102e-02
-1.219225488603115082e-02
7.304884493350982666e-02
1.036323308944702148e-01
7.366075366735458374e-02
1.070956736803054810e-01
1.267185807228088379e-01
-9.999000000000000000e+03
-9.999000000000000000e+03
-9.999000000000000000e+03
-9.999000000000000000e+03
-9.999000000000000000e+03
-9.999000000000000000e+03
-9.999000000000000000e+03
-9.999000000000000000e+03
-9.999000000000000000e+03
-9.999000000000000000e+03
-9.999000000000000000e+03
-9.999000000000000000e+03
-9.999000000000000000e+03
-9.999000000000000000e+03
-9.999000000000000000e+03
-9.999000000000000000e+03
-9.999000000000000000e+03
-9.999000000000000000e+03
-9.999000000000000000e+03
-9.999000000000000000e+03
-9.999000000000000000e+03
-9.999000000000000000e+03
-9.999000000000000000e+03
2.544181048870086670e-02
6.735634990036487579e-03
-1.070099975913763046e-02
5.123361479490995407e-04
-5.160599574446678162e-02
-1.081733629107475281e-01
-4.263264685869216919e-02
4.640123620629310608e-02
7.683330029249191284e-02
-9.999000000000000000e+03
-9.999000000000000000e+03
-9.999000000000000000e+03
-9.999000000000000000e+03
-9.999000000000000000e+03
-9.999000000000000000e+03
-9.999000000000000000e+03
-9.999000000000000000e+03
-9.999000000000000000e+03
-9.999000000000000000e+03
-9.999000000000000000e+03
-9.999000000000000000e+03
-9.999000000000000000e+03
-9.999000000000000000e+03
-9.999000000000000000e+03
-9.999000000000000000e+03
-9.999000000000000000e+03
-9.999000000000000000e+03
-9.999000000000000000e+03
-9.999000000000000000e+03
-9.999000000000000000e+03
-9.999000000000000000e+03
6.578656286001205444e-02
2.825689129531383514e-02
-1.272032689303159714e-02
-5.235575884580612183e-02
-8.741655945777893066e-02
-1.272033751010894775e-01
-6.914630532264709473e-02
3.716866672039031982e-02
1.193335801362991333e-01
2.806887403130531311e-02
-2.009264379739761353e-02
2.292402274906635284e-02
9.855153970420360565e-03
-9.999000000000000000e+03
-9.999000000000000000e+03
-9.999000000000000000e+03
-9.999000000000000000e+03
-9.999000000000000000e+03
-9.999000000000000000e+03
-9.999000000000000000e+03
-9.999000000000000000e+03
-9.999000000000000000e+03
-9.999000000000000000e+03
-9.999000000000000000e+03
-9.999000000000000000e+03
-9.999000000000000000e+03
-9.999000000000000000e+03
-9.999000000000000000e+03
-9.999000000000000000e+03
-9.999000000000000000e+03
5.014532431960105896e-02
6.197149679064750671e-02
5.596534907817840576e-02
9.313257411122322083e-03
-3.989482298493385315e-02
-7.713318616151809692e-02
-7.644074410200119019e-02
-4.900927096605300903e-02
5.948086269199848175e-03
7.818058133125305176e-02
3.441982716321945190e-02
5.672806128859519958e-02
3.020773455500602722e-02
1.786507293581962585e-02
-9.999000000000000000e+03
-9.999000000000000000e+03
-9.999000000000000000e+03
-9.999000000000000000e+03
-9.999000000000000000e+03
-9.999000000000000000e+03
-9.999000000000000000e+03
-9.999000000000000000e+03
-9.999000000000000000e+03
-9.999000000000000000e+03
-9.999000000000000000e+03
-9.999000000000000000e+03
-9.999000000000000000e+03
-9.999000000000000000e+03
-9.999000000000000000e+03
3.474998474121093750e-02
3.211724013090133667e-02
2.738154120743274689e-02
4.185000434517860413e-02
3.927535563707351685e-02
1.677427254617214203e-02
-5.962381139397621155e-03
-3.424201533198356628e-02
-5.050002038478851318e-02
-4.890900477766990662e-02
-2.159801498055458069e-02
1.137284655123949051e-02
6.947650015354156494e-02
8.774603903293609619e-02
-9.999000000000000000e+03
-9.999000000000000000e+03
-9.999000000000000000e+03
-9.999000000000000000e+03
-9.999000000000000000e+03
-9.999000000000000000e+03
-9.999000000000000000e+03
-9.999000000000000000e+03
-9.999000000000000000e+03
-9.999000000000000000e+03
-9.999000000000000000e+03
-9.999000000000000000e+03
-9.999000000000000000e+03
-9.999000000000000000e+03
-9.999000000000000000e+03
-9.999000000000000000e+03
1.375689823180437088e-02
2.801466733217239380e-02
4.842972010374069214e-02
3.892489522695541382e-02
3.054209053516387939e-02
2.095807716250419617e-02
6.033794023096561432e-03
2.603013301268219948e-03
-2.663929946720600128e-03
-2.013269439339637756e-02
-4.651037976145744324e-02
-5.395799502730369568e-02
-1.840835623443126678e-02
9.919005632400512695e-02
-9.999000000000000000e+03
-9.999000000000000000e+03
-9.999000000000000000e+03
-9.999000000000000000e+03
-9.999000000000000000e+03
-9.999000000000000000e+03
-9.999000000000000000e+03
-9.999000000000000000e+03
-9.999000000000000000e+03
-9.999000000000000000e+03
-9.999000000000000000e+03
-9.999000000000000000e+03
-9.999000000000000000e+03
-9.999000000000000000e+03
-9.999000000000000000e+03
-9.999000000000000000e+03
-9.999000000000000000e+03
1.604559645056724548e-02
9.015566669404506683e-03
5.945355445146560669e-02
4.378815367817878723e-02
1.944997347891330719e-02
-4.855262115597724915e-03
-2.119257301092147827e-02
-1.990169286727905273e-02
2.039490733295679092e-03
-1.513840723782777786e-02
-3.733076900243759155e-02
-3.570858016610145569e-02
1.591979712247848511e-02
8.561132103204727173e-02
-9.999000000000000000e+03
-9.999000000000000000e+03
-9.999000000000000000e+03
-9.999000000000000000e+03
-9.999000000000000000e+03
-9.999000000000000000e+03
-9.999000000000000000e+03
-9.999000000000000000e+03
-9.999000000000000000e+03
-9.999000000000000000e+03
-9.999000000000000000e+03
-9.999000000000000000e+03
-9.999000000000000000e+03
-9.999000000000000000e+03
-9.999000000000000000e+03
-9.999000000000000000e+03
-9.999000000000000000e+03
3.409035876393318176e-02
6.742841005325317383e-02
7.591060549020767212e-02
4.991040751338005066e-02
1.681907102465629578e-02
-3.717353194952011108e-02
-6.324116885662078857e-02
-4.128111526370048523e-02
-1.082916930317878723e-02
-1.422692928463220596e-02
-3.260709345340728760e-02
-2.278713695704936981e-02
2.550020813941955566e-02
-9.999000000000000000e+03
-9.999000000000000000e+03
-9.999000000000000000e+03
-9.999000000000000000e+03
-9.999000000000000000e+03
-9.999000000000000000e+03
-9.999000000000000000e+03
-9.999000000000000000e+03
-9.999000000000000000e+03
-9.999000000000000000e+03
-9.999000000000000000e+03
-9.999000000000000000e+03
-9.999000000000000000e+03
-9.999000000000000000e+03
-9.999000000000000000e+03
-9.999000000000000000e+03
-9.999000000000000000e+03
-9.999000000000000000e+03
7.476812601089477539e-02
1.082918569445610046e-01
8.622527867555618286e-02
4.390973597764968872e-02
-2.096970379352569580e-02
-6.863559782505035400e-02
-8.620568364858627319e-02
-6.336830556392669678e-02
-1.569990068674087524e-02
-4.803984775207936764e-04
-1.084737759083509445e-02
-1.346728391945362091e-02
-9.999000000000000000e+03
-9.999000000000000000e+03
-9.999000000000000000e+03
-9.999000000000000000e+03
-9.999000000000000000e+03
-9.999000000000000000e+03
-9.999000000000000000e+03
-9.999000000000000000e+03
-9.999000000000000000e+03
-9.999000000000000000e+03
-9.999000000000000000e+03
-9.999000000000000000e+03
-9.999000000000000000e+03
-9.999000000000000000e+03
-9.999000000000000000e+03
-9.999000000000000000e+03
-9.999000000000000000e+03
-9.999000000000000000e+03
-9.999000000000000000e+03
1.020134091377258301e-01
1.095694601535797119e-01
8.319896459579467773e-02
3.558880463242530823e-02
-7.090003043413162231e-02
-8.339159190654754639e-02
-6.658714264631271362e-02
-3.846145048737525940e-02
-1.958003267645835876e-02
-8.761082775890827179e-03
-9.999000000000000000e+03
-9.999000000000000000e+03
-9.999000000000000000e+03
-9.999000000000000000e+03
-9.999000000000000000e+03
-9.999000000000000000e+03
-9.999000000000000000e+03
-9.999000000000000000e+03
-9.999000000000000000e+03
-9.999000000000000000e+03
-9.999000000000000000e+03
-9.999000000000000000e+03
-9.999000000000000000e+03
-9.999000000000000000e+03
-9.999000000000000000e+03
-9.999000000000000000e+03
-9.999000000000000000e+03
-9.999000000000000000e+03
-9.999000000000000000e+03
-9.999000000000000000e+03
-9.999000000000000000e+03
1.008995994925498962e-01
8.387085795402526855e-02
5.617092549800872803e-02
-8.791969157755374908e-03
-5.609623715281486511e-02
-6.372560560703277588e-02
-9.999000000000000000e+03
-9.999000000000000000e+03
-9.999000000000000000e+03
-9.999000000000000000e+03
-9.999000000000000000e+03
-9.999000000000000000e+03
-9.999000000000000000e+03
-9.999000000000000000e+03
-9.999000000000000000e+03
-9.999000000000000000e+03
-9.999000000000000000e+03
-9.999000000000000000e+03
-9.999000000000000000e+03
-9.999000000000000000e+03
-9.999000000000000000e+03
-9.999000000000000000e+03
-9.999000000000000000e+03
-9.999000000000000000e+03
-9.999000000000000000e+03
-9.999000000000000000e+03
-9.999000000000000000e+03
-9.999000000000000000e+03
-9.999000000000000000e+03
-9.999000000000000000e+03
-9.999000000000000000e+03
4.980875551700592041e-02
4.410385712981224060e-02
4.079559817910194397e-02
-9.999000000000000000e+03
-9.999000000000000000e+03
-9.999000000000000000e+03
-9.999000000000000000e+03
-9.999000000000000000e+03
-9.999000000000000000e+03
-9.999000000000000000e+03
-9.999000000000000000e+03
-9.999000000000000000e+03
-9.999000000000000000e+03
-9.999000000000000000e+03
-9.999000000000000000e+03
-9.999000000000000000e+03
-9.999000000000000000e+03
-9.999000000000000000e+03
-9.999000000000000000e+03
-9.999000000000000000e+03
-9.999000000000000000e+03
-9.999000000000000000e+03
-9.999000000000000000e+03
-9.999000000000000000e+03
-9.999000000000000000e+03
-9.999000000000000000e+03
-9.999000000000000000e+03
-9.999000000000000000e+03
-9.999000000000000000e+03
-9.999000000000000000e+03
-9.999000000000000000e+03
