1.196718886494636536e-01
1.235322728753089905e-01
1.042262837290763855e-01
8.867581933736801147e-02
9.540911763906478882e-02
8.079423010349273682e-02
6.741981953382492065e-02
5.213376507163047791e-02
2.410318516194820404e-02
-1.348583726212382317e-03
-4.806258901953697205e-02
-9.999000000000000000e+03
-9.999000000000000000e+03
-9.999000000000000000e+03
-9.999000000000000000e+03
-9.999000000000000000e+03
-9.999000000000000000e+03
-9.999000000000000000e+03
-9.999000000000000000e+03
-9.999000000000000000e+03
-9.999000000000000000e+03
-9.999000000000000000e+03
-9.999000000000000000e+03
-1.782279647886753082e-02
-1.819451525807380676e-02
5.660995375365018845e-03
2.328249253332614899e-02
6.313790380954742432e-02
9.649553894996643066e-02
1.145068705081939697e-01
1.219729632139205933e-01
5.314777418971061707e-02
6.140002235770225525e-02
5.539483577013015747e-02
4.428733885288238525e-02
4.485569521784782410e-02
3.173038735985755920e-02
1.364021282643079758e-02
5.785210989415645599e-03
-1.279099844396114349e-02
-1.871569640934467316e-02
-2.638912945985794067e-02
-1.523197349160909653e-02
-9.999000000000000000e+03
-9.999000000000000000e+03
-9.999000000000000000e+03
-9.999000000000000000e+03
-9.999000000000000000e+03
-9.999000000000000000e+03
-9.999000000000000000e+03
-9.999000000000000000e+03
-9.999000000000000000e+03
2.599836140871047974e-02
4.277278855443000793e-02
3.502555191516876221e-02
5.537623912096023560e-02
5.689080059528350830e-02
6.890150159597396851e-02
9.389001876115798950e-02
1.121909469366073608e-01
1.202036440372467041e-01
1.308062672615051270e-01
-5.959427449852228165e-03
2.038132515735924244e-04
-4.155031405389308929e-03
-2.696410194039344788e-02
-1.874049380421638489e-02
-3.524931147694587708e-02
-4.040018841624259949e-02
-3.312940523028373718e-02
-4.443326219916343689e-02
-3.420996293425559998e-02
-2.169490419328212738e-02
-5.997740197926759720e-03
-9.999000000000000000e+03
-9.999000000000000000e+03
-9.999000000000000000e+03
-9.999000000000000000e+03
-9.999000000000000000e+03
-9.999000000000000000e+03
-9.999000000000000000e+03
5.658544227480888367e-02
5.256371572613716125e-02
6.408566981554031372e-02
7.501465082168579102e-02
7.462641596794128418e-02
7.115160673856735229e-02
7.976771146059036255e-02
9.399024397134780884e-02
1.040620952844619751e-01
1.176468133926391602e-01
1.383927762508392334e-01
1.522953212261199951e-01
-7.677698880434036255e-02
-7.350185513496398926e-02
-8.072946965694427490e-02
-1.008549779653549194e-01
-1.013519614934921265e-01
-1.187152564525604248e-01
-1.144234836101531982e-01
-8.987514674663543701e-02
-7.745517790317535400e-02
-4.684787243604660034e-02
-2.484648674726486206e-02
5.122657399624586105e-03
3.503562882542610168e-02
-9.999000000000000000e+03
-9.999000000000000000e+03
-9.999000000000000000e+03
4.651876538991928101e-02
5.957755818963050842e-02
7.363606244325637817e-02
5.998740717768669128e-02
4.060370475053787231e-02
3.440451994538307190e-02
1.255290582776069641e-02
3.008710592985153198e-02
3.377594798803329468e-02
3.114192001521587372e-02
7.561939954757690430e-02
8.988464623689651489e-02
1.080669909715652466e-01
1.247155740857124329e-01
1.332311630249023438e-01
-1.485807597637176514e-01
-1.507792621850967407e-01
-1.618442982435226440e-01
-1.755864471197128296e-01
-1.699499338865280151e-01
-1.701826304197311401e-01
-1.571563631296157837e-01
-1.276693940162658691e-01
-9.973795711994171143e-02
-5.846938863396644592e-02
-1.669231988489627838e-02
1.896281354129314423e-02
4.981618747115135193e-02
6.406851112842559814e-02
7.669074833393096924e-02
7.050578296184539795e-02
5.779974162578582764e-02
2.935832552611827850e-02
1.546774525195360184e-02
-2.515837550163269043e-02
-4.186594486236572266e-02
-8.112002164125442505e-02
-1.011352315545082092e-01
-7.261040806770324707e-02
-6.128963828086853027e-02
-3.341732919216156006e-02
1.103718392550945282e-02
4.891106486320495605e-02
8.728469163179397583e-02
1.135197877883911133e-01
1.237178146839141846e-01
-1.813234537839889526e-01
-1.907932907342910767e-01
-2.042151242494583130e-01
-2.142334878444671631e-01
-2.125158756971359253e-01
-2.033061534166336060e-01
-1.789222359657287598e-01
-1.430615633726119995e-01
-1.127226725220680237e-01
-6.726663559675216675e-02
-1.547989156097173691e-02
3.593918308615684509e-02
6.150574237108230591e-02
7.047657668590545654e-02
6.045244634151458740e-02
4.972397163510322571e-02
1.048287190496921539e-02
-6.043805554509162903e-02
-1.016963720321655273e-01
-1.556795388460159302e-01
-1.685445457696914673e-01
-1.663300096988677979e-01
-1.725879609584808350e-01
-1.419707983732223511e-01
-1.172608286142349243e-01
-9.516964107751846313e-02
-2.838725224137306213e-02
6.459776777774095535e-03
4.584327712655067444e-02
8.923063427209854126e-02
1.012280955910682678e-01
-1.921367943286895752e-01
-2.021837681531906128e-01
-2.174439579248428345e-01
-2.198994755744934082e-01
-2.187521159648895264e-01
-2.133909761905670166e-01
-1.852892488241195679e-01
-1.470108926296234131e-01
-1.054212674498558044e-01
-6.495697796344757080e-02
-2.235753647983074188e-02
6.825622171163558960e-03
4.167386144399642944e-02
5.163932964205741882e-02
2.661419333890080452e-03
-3.992533311247825623e-02
-1.048378944396972656e-01
-1.604717522859573364e-01
-1.827800720930099487e-01
-2.185275405645370483e-01
-2.240458279848098755e-01
-2.301451712846755981e-01
-2.445417642593383789e-01
-2.299588024616241455e-01
-2.157925218343734741e-01
-1.927627474069595337e-01
-1.179319545626640320e-01
-8.307185024023056030e-02
-4.418450221419334412e-02
1.472380012273788452e-02
3.429798781871795654e-02
-1.888476908206939697e-01
-1.884808540344238281e-01
-2.034763991832733154e-01
-1.983938813209533691e-01
-1.909376084804534912e-01
-1.764536052942276001e-01
-1.550502181053161621e-01
-1.399446725845336914e-01
-1.107448935508728027e-01
-7.178711891174316406e-02
-4.105965048074722290e-02
-2.414247021079063416e-02
-1.468671672046184540e-02
-2.372137084603309631e-02
-7.292202115058898926e-02
-1.151976883411407471e-01
-1.870649904012680054e-01
-2.117966860532760620e-01
-2.208045274019241333e-01
-2.221224457025527954e-01
-2.186072915792465210e-01
-2.325230538845062256e-01
-2.332081496715545654e-01
-2.406177818775177002e-01
-2.657197415828704834e-01
-2.637014091014862061e-01
-2.040076702833175659e-01
-1.644869595766067505e-01
-1.247985735535621643e-01
-7.056865096092224121e-02
-5.155350640416145325e-02
-1.704165190458297729e-01
-1.618466079235076904e-01
-1.660471409559249878e-01
-1.606595516204833984e-01
-1.593785434961318970e-01
-1.398581713438034058e-01
-1.280674785375595093e-01
-1.095938608050346375e-01
-8.774752914905548096e-02
-7.008858025074005127e-02
-5.741349980235099792e-02
-4.977867752313613892e-02
-7.303062826395034790e-02
-1.148988902568817139e-01
-1.700703948736190796e-01
-1.863664239645004272e-01
-2.083476781845092773e-01
-2.030779868364334106e-01
-2.001461535692214966e-01
-1.788408905267715454e-01
-1.445118188858032227e-01
-1.418453454971313477e-01
-1.114494055509567261e-01
-1.385028362274169922e-01
-1.170441955327987671e-01
-2.142651975154876709e-01
-2.126755863428115845e-01
-2.020071744918823242e-01
-1.670085340738296509e-01
-1.283772289752960205e-01
-1.090590506792068481e-01
-1.389022171497344971e-01
-1.305779367685317993e-01
-1.329495012760162354e-01
-1.267975568771362305e-01
-1.295985877513885498e-01
-1.253497451543807983e-01
-1.122729405760765076e-01
-9.625633060932159424e-02
-7.694745808839797974e-02
-8.029064536094665527e-02
-9.281307458877563477e-02
-1.233254373073577881e-01
-1.473406851291656494e-01
-1.720207035541534424e-01
-2.013830989599227905e-01
-2.041375339031219482e-01
-1.993549019098281860e-01
-1.372501850128173828e-01
-1.496688425540924072e-01
-1.063380092382431030e-01
-7.993618398904800415e-02
-9.999000000000000000e+03
-9.999000000000000000e+03
-9.999000000000000000e+03
-9.999000000000000000e+03
-9.999000000000000000e+03
-9.999000000000000000e+03
-2.258246093988418579e-01
-1.962469965219497681e-01
-1.646135449409484863e-01
-1.529705375432968140e-01
-1.084812879562377930e-01
-9.367311000823974609e-02
-9.445405751466751099e-02
-8.943385630846023560e-02
-9.947147965431213379e-02
-1.033853292465209961e-01
-8.945471793413162231e-02
-8.100774139165878296e-02
-8.694150298833847046e-02
-1.166076585650444031e-01
-1.399930715560913086e-01
-1.827037781476974487e-01
-1.920373737812042236e-01
-1.993982642889022827e-01
-1.891054064035415649e-01
-1.619238853454589844e-01
-1.327533572912216187e-01
-9.999000000000000000e+03
-9.999000000000000000e+03
-9.999000000000000000e+03
-9.999000000000000000e+03
-9.999000000000000000e+03
-9.999000000000000000e+03
-9.999000000000000000e+03
-9.999000000000000000e+03
-9.999000000000000000e+03
-9.999000000000000000e+03
-1.213025376200675964e-01
-1.734090447425842285e-01
-2.020265460014343262e-01
-1.998616307973861694e-01
-1.225114762783050537e-01
-9.999351948499679565e-02
-8.236426860094070435e-02
-7.443854957818984985e-02
-7.201322913169860840e-02
-7.989814132452011108e-02
-8.131254464387893677e-02
-8.018798381090164185e-02
-1.153456047177314758e-01
-1.564861536026000977e-01
-1.732413917779922485e-01
-1.810042709112167358e-01
-1.770815402269363403e-01
-1.811384558677673340e-01
-9.998613595962524414e-02
-1.052506864070892334e-01
-9.999000000000000000e+03
-9.999000000000000000e+03
-9.999000000000000000e+03
-9.999000000000000000e+03
-9.999000000000000000e+03
-9.999000000000000000e+03
-9.999000000000000000e+03
-9.999000000000000000e+03
-9.999000000000000000e+03
-9.999000000000000000e+03
-9.999000000000000000e+03
-9.999000000000000000e+03
-1.048332452774047852e-01
-1.993103474378585815e-01
-2.278859168291091919e-01
-1.511586457490921021e-01
-1.307062953710556030e-01
-1.029287725687026978e-01
-7.707943022251129150e-02
-6.629836559295654297e-02
-6.674066931009292603e-02
-6.316521763801574707e-02
-8.333589136600494385e-02
-1.180607229471206665e-01
-1.428846865892410278e-01
-1.580128818750381470e-01
-1.567308008670806885e-01
-1.085440963506698608e-01
-1.191163733601570129e-01
-9.999000000000000000e+03
-9.999000000000000000e+03
-9.999000000000000000e+03
-9.999000000000000000e+03
-9.999000000000000000e+03
-9.999000000000000000e+03
-9.999000000000000000e+03
-9.999000000000000000e+03
-9.999000000000000000e+03
-9.999000000000000000e+03
-9.999000000000000000e+03
-9.999000000000000000e+03
-9.999000000000000000e+03
-9.999000000000000000e+03
-9.999000000000000000e+03
-1.652350127696990967e-01
-2.283984571695327759e-01
-9.999000000000000000e+03
-9.197378903627395630e-02
-1.057416871190071106e-01
-8.289305120706558228e-02
-6.342137604951858521e-02
-6.039199605584144592e-02
-6.087218970060348511e-02
-9.226307272911071777e-02
-1.121679991483688354e-01
-1.121960431337356567e-01
-1.189576014876365662e-01
-1.035731062293052673e-01
-8.187627047300338745e-02
-9.999000000000000000e+03
-9.999000000000000000e+03
-9.999000000000000000e+03
-9.999000000000000000e+03
-9.999000000000000000e+03
-9.999000000000000000e+03
-9.999000000000000000e+03
-9.999000000000000000e+03
-9.999000000000000000e+03
-9.999000000000000000e+03
-9.999000000000000000e+03
-9.999000000000000000e+03
-9.999000000000000000e+03
-9.999000000000000000e+03
-9.999000000000000000e+03
-9.999000000000000000e+03
-1.209296733140945435e-01
-1.834577769041061401e-01
-9.999000000000000000e+03
-9.999000000000000000e+03
-9.585403650999069214e-02
-7.828764617443084717e-02
-6.164862215518951416e-02
-5.769560858607292175e-02
-7.319274544715881348e-02
-9.074790030717849731e-02
-8.929512649774551392e-02
-8.235644549131393433e-02
-8.278380334377288818e-02
-3.804725781083106995e-02
-9.999000000000000000e+03
-9.999000000000000000e+03
-9.999000000000000000e+03
-9.999000000000000000e+03
-9.999000000000000000e+03
-9.999000000000000000e+03
-9.999000000000000000e+03
-9.999000000000000000e+03
-9.999000000000000000e+03
-9.999000000000000000e+03
-9.999000000000000000e+03
-9.999000000000000000e+03
-9.999000000000000000e+03
-9.999000000000000000e+03
-9.999000000000000000e+03
-9.999000000000000000e+03
-9.999000000000000000e+03
-5.874503403902053833e-02
-9.510315954685211182e-02
-9.999000000000000000e+03
-9.999000000000000000e+03
-6.085442379117012024e-02
-6.466046720743179321e-02
-5.302533879876136780e-02
-4.733017086982727051e-02
-5.199262499809265137e-02
-5.441322922706604004e-02
-5.784996598958969116e-02
-4.704998806118965149e-02
-4.719232767820358276e-02
-3.139743581414222717e-02
-9.999000000000000000e+03
-9.999000000000000000e+03
-9.999000000000000000e+03
-9.999000000000000000e+03
-9.999000000000000000e+03
-9.999000000000000000e+03
-9.999000000000000000e+03
-9.999000000000000000e+03
-9.999000000000000000e+03
-9.999000000000000000e+03
-9.999000000000000000e+03
-9.999000000000000000e+03
-9.999000000000000000e+03
-9.999000000000000000e+03
-9.999000000000000000e+03
-9.999000000000000000e+03
-9.999000000000000000e+03
-9.999000000000000000e+03
-9.999000000000000000e+03
-9.999000000000000000e+03
-9.999000000000000000e+03
-3.909801691770553589e-02
-5.096510052680969238e-02
-3.101355023682117462e-02
-2.552106976509094238e-02
-1.225834619253873825e-02
-1.350182853639125824e-02
-8.365094661712646484e-03
1.198930898681282997e-03
-1.344540063291788101e-02
-1.423326320946216583e-02
-9.999000000000000000e+03
-9.999000000000000000e+03
-9.999000000000000000e+03
-9.999000000000000000e+03
-9.999000000000000000e+03
-9.999000000000000000e+03
-9.999000000000000000e+03
-9.999000000000000000e+03
-9.999000000000000000e+03
-9.999000000000000000e+03
-9.999000000000000000e+03
-9.999000000000000000e+03
-9.999000000000000000e+03
-9.999000000000000000e+03
-9.999000000000000000e+03
-9.999000000000000000e+03
-9.999000000000000000e+03
-9.999000000000000000e+03
-9.999000000000000000e+03
-9.999000000000000000e+03
-9.999000000000000000e+03
-9.999000000000000000e+03
-3.468688204884529114e-02
-3.641971945762634277e-02
-7.042568642646074295e-03
4.729110747575759888e-02
3.189704939723014832e-02
2.469625696539878845e-02
5.332809314131736755e-02
4.234085604548454285e-02
-9.999000000000000000e+03
-9.999000000000000000e+03
-9.999000000000000000e+03
-9.999000000000000000e+03
-9.999000000000000000e+03
-9.999000000000000000e+03
-9.999000000000000000e+03
-9.999000000000000000e+03
-9.999000000000000000e+03
-9.999000000000000000e+03
-9.999000000000000000e+03
-9.999000000000000000e+03
-9.999000000000000000e+03
-9.999000000000000000e+03
-9.999000000000000000e+03
-9.999000000000000000e+03
-9.999000000000000000e+03
-9.999000000000000000e+03
-9.999000000000000000e+03
-9.999000000000000000e+03
-9.999000000000000000e+03
-9.999000000000000000e+03
-9.999000000000000000e+03
-3.098615817725658417e-02
-5.270947888493537903e-02
-2.286263555288314819e-02
1.182298362255096436e-02
2.617656625807285309e-02
2.593720331788063049e-02
1.041063368320465088e-01
1.856644451618194580e-01
1.428835690021514893e-01
-9.999000000000000000e+03
-9.999000000000000000e+03
-9.999000000000000000e+03
-9.999000000000000000e+03
-9.999000000000000000e+03
-9.999000000000000000e+03
-9.999000000000000000e+03
-9.999000000000000000e+03
-9.999000000000000000e+03
-9.999000000000000000e+03
-9.999000000000000000e+03
-9.999000000000000000e+03
-9.999000000000000000e+03
-9.999000000000000000e+03
-9.999000000000000000e+03
-9.999000000000000000e+03
-9.999000000000000000e+03
-9.999000000000000000e+03
-9.999000000000000000e+03
-9.999000000000000000e+03
-9.999000000000000000e+03
-9.999000000000000000e+03
-9.999000000000000000e+03
-5.925400927662849426e-02
-3.790345788002014160e-02
-4.458701238036155701e-02
-6.011317297816276550e-02
-2.884147502481937408e-02
-1.591383246704936028e-03
1.521836370229721069e-01
1.774673163890838623e-01
-9.999000000000000000e+03
-9.999000000000000000e+03
-9.999000000000000000e+03
-9.999000000000000000e+03
-9.999000000000000000e+03
-9.999000000000000000e+03
-9.999000000000000000e+03
-9.999000000000000000e+03
-9.999000000000000000e+03
-9.999000000000000000e+03
-9.999000000000000000e+03
-9.999000000000000000e+03
-9.999000000000000000e+03
-9.999000000000000000e+03
-9.999000000000000000e+03
-9.999000000000000000e+03
-9.999000000000000000e+03
-9.999000000000000000e+03
-9.999000000000000000e+03
-9.999000000000000000e+03
-9.999000000000000000e+03
-9.999000000000000000e+03
-9.999000000000000000e+03
-6.710818409919738770e-02
-9.265579283237457275e-02
-1.293613910675048828e-01
-1.409794539213180542e-01
-1.418564915657043457e-01
-1.307328492403030396e-01
-7.817704975605010986e-02
-5.865498911589384079e-03
-1.754622533917427063e-02
-9.999000000000000000e+03
-9.999000000000000000e+03
-9.999000000000000000e+03
-9.999000000000000000e+03
-9.999000000000000000e+03
-9.999000000000000000e+03
-9.999000000000000000e+03
-9.999000000000000000e+03
-9.999000000000000000e+03
-9.999000000000000000e+03
-9.999000000000000000e+03
-9.999000000000000000e+03
-9.999000000000000000e+03
-9.999000000000000000e+03
-9.999000000000000000e+03
-9.999000000000000000e+03
-9.999000000000000000e+03
-9.999000000000000000e+03
-9.999000000000000000e+03
-9.999000000000000000e+03
-9.999000000000000000e+03
-9.999000000000000000e+03
-4.043287038803100586e-02
-8.971638232469558716e-02
-1.061827689409255981e-01
-1.102965548634529114e-01
-1.101793795824050903e-01
-1.043581813573837280e-01
-1.106684505939483643e-01
-9.008147567510604858e-02
-5.401686206459999084e-02
-4.155580326914787292e-02
-4.345198720693588257e-02
-2.943950518965721130e-02
-1.003452483564615250e-02
-9.999000000000000000e+03
-9.999000000000000000e+03
-9.999000000000000000e+03
-9.999000000000000000e+03
-9.999000000000000000e+03
-9.999000000000000000e+03
-9.999000000000000000e+03
-9.999000000000000000e+03
-9.999000000000000000e+03
-9.999000000000000000e+03
-9.999000000000000000e+03
-9.999000000000000000e+03
-9.999000000000000000e+03
-9.999000000000000000e+03
-9.999000000000000000e+03
-9.999000000000000000e+03
-9.999000000000000000e+03
-3.690951317548751831e-02
-3.347495570778846741e-02
-3.520583733916282654e-02
-2.817988209426403046e-02
-5.403145402669906616e-02
-7.376880198717117310e-02
-7.262904196977615356e-02
-7.153749465942382812e-02
-6.148878484964370728e-02
-6.939151324331760406e-03
2.403225563466548920e-02
-7.773636374622583389e-03
-2.552706748247146606e-03
-3.577708033844828606e-03
-9.999000000000000000e+03
-9.999000000000000000e+03
-9.999000000000000000e+03
-9.999000000000000000e+03
-9.999000000000000000e+03
-9.999000000000000000e+03
-9.999000000000000000e+03
-9.999000000000000000e+03
-9.999000000000000000e+03
-9.999000000000000000e+03
-9.999000000000000000e+03
-9.999000000000000000e+03
-9.999000000000000000e+03
-9.999000000000000000e+03
-9.999000000000000000e+03
-3.055540099740028381e-02
-4.260976612567901611e-02
-6.716660410165786743e-02
-5.592569708824157715e-02
-3.859539702534675598e-02
-2.646600268781185150e-02
-2.430478297173976898e-02
-4.355002194643020630e-02
-6.282122433185577393e-02
-6.954057514667510986e-02
-5.250049754977226257e-02
-3.621369600296020508e-02
-2.917150733992457390e-03
-1.160547882318496704e-02
-9.999000000000000000e+03
-9.999000000000000000e+03
-9.999000000000000000e+03
-9.999000000000000000e+03
-9.999000000000000000e+03
-9.999000000000000000e+03
-9.999000000000000000e+03
-9.999000000000000000e+03
-9.999000000000000000e+03
-9.999000000000000000e+03
-9.999000000000000000e+03
-9.999000000000000000e+03
-9.999000000000000000e+03
-9.999000000000000000e+03
-9.999000000000000000e+03
-9.999000000000000000e+03
-2.280313707888126373e-02
-2.751008048653602600e-02
-4.122550413012504578e-02
-5.627998337149620056e-02
-6.145342439413070679e-02
-4.765545204281806946e-02
-2.694877982139587402e-02
-1.486352737993001938e-02
-1.893112994730472565e-02
-2.489334344863891602e-02
-5.478803068399429321e-02
-8.977027982473373413e-02
-1.016356796026229858e-01
-7.791490107774734497e-02
-9.999000000000000000e+03
-9.999000000000000000e+03
-9.999000000000000000e+03
-9.999000000000000000e+03
-9.999000000000000000e+03
-9.999000000000000000e+03
-9.999000000000000000e+03
-9.999000000000000000e+03
-9.999000000000000000e+03
-9.999000000000000000e+03
-9.999000000000000000e+03
-9.999000000000000000e+03
-9.999000000000000000e+03
-9.999000000000000000e+03
-9.999000000000000000e+03
-9.999000000000000000e+03
-9.999000000000000000e+03
-4.631315916776657104e-02
-5.159961804747581482e-02
-6.498654186725616455e-02
-7.145328074693679810e-02
-6.437709182500839233e-02
-5.226342752575874329e-02
-3.265599533915519714e-02
-8.978267200291156769e-03
2.014366211369633675e-03
2.554728090763092041e-02
1.633446663618087769e-02
-2.974198386073112488e-02
-5.078219249844551086e-02
-7.944764196872711182e-02
-9.999000000000000000e+03
-9.999000000000000000e+03
-9.999000000000000000e+03
-9.999000000000000000e+03
-9.999000000000000000e+03
-9.999000000000000000e+03
-9.999000000000000000e+03
-9.999000000000000000e+03
-9.999000000000000000e+03
-9.999000000000000000e+03
-9.999000000000000000e+03
-9.999000000000000000e+03
-9.999000000000000000e+03
-9.999000000000000000e+03
-9.999000000000000000e+03
-9.999000000000000000e+03
-9.999000000000000000e+03
-6.893814355134963989e-02
-6.942169368267059326e-02
-6.728617846965789795e-02
-6.346566230058670044e-02
-5.091982334852218628e-02
-3.680264949798583984e-02
-1.195247471332550049e-02
7.019157055765390396e-03
2.006766945123672485e-02
2.495171502232551575e-02
1.928326301276683807e-02
1.728789508342742920e-02
-1.100762747228145599e-02
-9.999000000000000000e+03
-9.999000000000000000e+03
-9.999000000000000000e+03
-9.999000000000000000e+03
-9.999000000000000000e+03
-9.999000000000000000e+03
-9.999000000000000000e+03
-9.999000000000000000e+03
-9.999000000000000000e+03
-9.999000000000000000e+03
-9.999000000000000000e+03
-9.999000000000000000e+03
-9.999000000000000000e+03
-9.999000000000000000e+03
-9.999000000000000000e+03
-9.999000000000000000e+03
-9.999000000000000000e+03
-9.999000000000000000e+03
-5.341016128659248352e-02
-4.311813041567802429e-02
-2.905017137527465820e-02
-2.313856221735477448e-02
-2.650500973686575890e-03
3.613447537645697594e-03
8.426513522863388062e-03
2.773177623748779297e-02
4.243369773030281067e-02
6.659931689500808716e-02
3.247972950339317322e-02
3.360452363267540932e-03
-9.999000000000000000e+03
-9.999000000000000000e+03
-9.999000000000000000e+03
-9.999000000000000000e+03
-9.999000000000000000e+03
-9.999000000000000000e+03
-9.999000000000000000e+03
-9.999000000000000000e+03
-9.999000000000000000e+03
-9.999000000000000000e+03
-9.999000000000000000e+03
-9.999000000000000000e+03
-9.999000000000000000e+03
-9.999000000000000000e+03
-9.999000000000000000e+03
-9.999000000000000000e+03
-9.999000000000000000e+03
-9.999000000000000000e+03
-9.999000000000000000e+03
-2.943820878863334656e-02
-1.762611977756023407e-02
3.258677897974848747e-03
1.708548329770565033e-02
8.051323890686035156e-02
8.464886993169784546e-02
7.650857418775558472e-02
5.567885562777519226e-02
4.552421718835830688e-02
3.412285819649696350e-02
-9.999000000000000000e+03
-9.999000000000000000e+03
-9.999000000000000000e+03
-9.999000000000000000e+03
-9.999000000000000000e+03
-9.999000000000000000e+03
-9.999000000000000000e+03
-9.999000000000000000e+03
-9.999000000000000000e+03
-9.999000000000000000e+03
-9.999000000000000000e+03
-9.999000000000000000e+03
-9.999000000000000000e+03
-9.999000000000000000e+03
-9.999000000000000000e+03
-9.999000000000000000e+03
-9.999000000000000000e+03
-9.999000000000000000e+03
-9.999000000000000000e+03
-9.999000000000000000e+03
-9.999000000000000000e+03
-4.297697450965642929e-03
3.143876418471336365e-02
6.991124153137207031e-02
1.062924638390541077e-01
1.304499208927154541e-01
1.082418709993362427e-01
-9.999000000000000000e+03
-9.999000000000000000e+03
-9.999000000000000000e+03
-9.999000000000000000e+03
-9.999000000000000000e+03
-9.999000000000000000e+03
-9.999000000000000000e+03
-9.999000000000000000e+03
-9.999000000000000000e+03
-9.999000000000000000e+03
-9.999000000000000000e+03
-9.999000000000000000e+03
-9.999000000000000000e+03
-9.999000000000000000e+03
-9.999000000000000000e+03
-9.999000000000000000e+03
-9.999000000000000000e+03
-9.999000000000000000e+03
-9.999000000000000000e+03
-9.999000000000000000e+03
-9.999000000000000000e+03
-9.999000000000000000e+03
-9.999000000000000000e+03
-9.999000000000000000e+03
-9.999000000000000000e+03
5.658394657075405121e-03
2.172302640974521637e-02
7.989398390054702759e-02
-9.999000000000000000e+03
-9.999000000000000000e+03
-9.999000000000000000e+03
-9.999000000000000000e+03
-9.999000000000000000e+03
-9.999000000000000000e+03
-9.999000000000000000e+03
-9.999000000000000000e+03
-9.999000000000000000e+03
-9.999000000000000000e+03
-9.999000000000000000e+03
-9.999000000000000000e+03
-9.999000000000000000e+03
-9.999000000000000000e+03
-9.999000000000000000e+03
-9.999000000000000000e+03
-9.999000000000000000e+03
-9.999000000000000000e+03
-9.999000000000000000e+03
-9.999000000000000000e+03
-9.999000000000000000e+03
-9.999000000000000000e+03
-9.999000000000000000e+03
-9.999000000000000000e+03
-9.999000000000000000e+03
-9.999000000000000000e+03
-9.999000000000000000e+03
-9.999000000000000000e+03
