1.334389299154281616e-01
1.376715749502182007e-01
1.205377057194709778e-01
9.992762655019760132e-02
1.142994388937950134e-01
1.030281782150268555e-01
9.833984822034835815e-02
9.046339988708496094e-02
7.004022598266601562e-02
6.357678025960922241e-02
1.047571841627359390e-02
-9.999000000000000000e+03
-9.999000000000000000e+03
-9.999000000000000000e+03
-9.999000000000000000e+03
-9.999000000000000000e+03
-9.999000000000000000e+03
-9.999000000000000000e+03
-9.999000000000000000e+03
-9.999000000000000000e+03
-9.999000000000000000e+03
-9.999000000000000000e+03
-9.999000000000000000e+03
-2.917871251702308655e-02
-4.412136971950531006e-02
3.286770544946193695e-03
4.188670590519905090e-02
7.726555317640304565e-02
1.014934927225112915e-01
1.130839437246322632e-01
1.129473224282264709e-01
5.395349860191345215e-02
5.994981154799461365e-02
4.910531267523765564e-02
3.697492554783821106e-02
4.991962388157844543e-02
4.797960072755813599e-02
4.280797019600868225e-02
4.237287864089012146e-02
3.147049993276596069e-02
3.679639101028442383e-02
3.576076403260231018e-02
2.652111649513244629e-02
-9.999000000000000000e+03
-9.999000000000000000e+03
-9.999000000000000000e+03
-9.999000000000000000e+03
-9.999000000000000000e+03
-9.999000000000000000e+03
-9.999000000000000000e+03
-9.999000000000000000e+03
-9.999000000000000000e+03
1.517654675990343094e-02
2.992803603410720825e-02
1.961457543075084686e-02
2.799469605088233948e-02
3.448944911360740662e-02
5.621478706598281860e-02
8.157493174076080322e-02
9.450878947973251343e-02
9.599313884973526001e-02
1.054955348372459412e-01
-2.303370460867881775e-02
-2.390649169683456421e-02
-3.632612898945808411e-02
-3.747247904539108276e-02
-8.048726245760917664e-03
-3.533671144396066666e-03
1.998722873395308852e-04
7.105391472578048706e-03
-3.488539019599556923e-03
1.664299867115914822e-03
6.605743896216154099e-03
7.060554344207048416e-03
-9.999000000000000000e+03
-9.999000000000000000e+03
-9.999000000000000000e+03
-9.999000000000000000e+03
-9.999000000000000000e+03
-9.999000000000000000e+03
-9.999000000000000000e+03
5.874297022819519043e-02
4.775460809469223022e-02
5.870401859283447266e-02
7.108929008245468140e-02
6.719177961349487305e-02
5.900508910417556763e-02
6.903695315122604370e-02
7.791061699390411377e-02
9.282435476779937744e-02
1.157008185982704163e-01
1.346227675676345825e-01
1.487304717302322388e-01
-1.023760214447975159e-01
-1.046319529414176941e-01
-1.103208586573600769e-01
-1.081167533993721008e-01
-7.338378578424453735e-02
-6.526275724172592163e-02
-6.544436514377593994e-02
-4.834071919322013855e-02
-4.699483141303062439e-02
-2.898964844644069672e-02
-2.406470105051994324e-02
-1.833463087677955627e-02
-2.666048891842365265e-02
-9.999000000000000000e+03
-9.999000000000000000e+03
-9.999000000000000000e+03
4.895265400409698486e-02
7.041320949792861938e-02
8.673930168151855469e-02
5.259019881486892700e-02
2.764697372913360596e-02
1.907453313469886780e-02
6.738133728504180908e-03
4.103013128042221069e-02
5.998716503381729126e-02
5.827041715383529663e-02
9.907224029302597046e-02
1.157101690769195557e-01
1.289728879928588867e-01
1.470205187797546387e-01
1.496025025844573975e-01
-1.663321703672409058e-01
-1.781485676765441895e-01
-1.758350133895874023e-01
-1.711805015802383423e-01
-1.455016434192657471e-01
-1.339906454086303711e-01
-1.211767569184303284e-01
-9.912321716547012329e-02
-8.843557536602020264e-02
-6.874493509531021118e-02
-4.671275988221168518e-02
-3.648064285516738892e-02
-3.604210913181304932e-02
-3.741905838251113892e-02
9.390583261847496033e-03
3.965405747294425964e-02
4.572381451725959778e-02
3.118707798421382904e-02
2.089640498161315918e-02
-2.691366150975227356e-02
-4.863694682717323303e-02
-8.129364997148513794e-02
-9.056396037340164185e-02
-5.082846060395240784e-02
-2.904834039509296417e-02
-4.230591468513011932e-03
3.761858493089675903e-02
6.607409566640853882e-02
9.343384206295013428e-02
1.188970655202865601e-01
1.274736374616622925e-01
-1.996950209140777588e-01
-2.152825593948364258e-01
-2.245863974094390869e-01
-2.165132910013198853e-01
-1.979087889194488525e-01
-1.902483254671096802e-01
-1.710514724254608154e-01
-1.388294547796249390e-01
-1.212383955717086792e-01
-8.766652643680572510e-02
-5.896389856934547424e-02
-2.254941500723361969e-02
-1.665425486862659454e-02
-8.058364503085613251e-03
-1.300773699767887592e-03
9.817994199693202972e-03
-1.080308109521865845e-02
-6.018133834004402161e-02
-9.154800325632095337e-02
-1.379957348108291626e-01
-1.568950414657592773e-01
-1.627147644758224487e-01
-1.799167394638061523e-01
-1.390841454267501831e-01
-1.112130880355834961e-01
-8.920995146036148071e-02
-2.539522200822830200e-02
-1.668299955781549215e-05
3.705183789134025574e-02
7.918763160705566406e-02
9.730771929025650024e-02
-2.145596146583557129e-01
-2.255415022373199463e-01
-2.317842841148376465e-01
-2.267344146966934204e-01
-2.192523926496505737e-01
-2.154685407876968384e-01
-1.934723407030105591e-01
-1.577375233173370361e-01
-1.223355382680892944e-01
-9.083871543407440186e-02
-5.891701206564903259e-02
-3.868610039353370667e-02
-2.089658007025718689e-02
-1.154932752251625061e-02
-4.613855481147766113e-02
-6.851247698068618774e-02
-1.082262322306632996e-01
-1.429906934499740601e-01
-1.568440049886703491e-01
-1.913754343986511230e-01
-2.190024554729461670e-01
-2.510825693607330322e-01
-2.671818435192108154e-01
-2.455462962388992310e-01
-2.258093804121017456e-01
-2.020577192306518555e-01
-1.295424103736877441e-01
-9.101678431034088135e-02
-4.187294095754623413e-02
2.229001559317111969e-02
5.153961107134819031e-02
-1.861813515424728394e-01
-2.067864239215850830e-01
-2.180474698543548584e-01
-2.077297419309616089e-01
-2.036199867725372314e-01
-1.912443786859512329e-01
-1.742923259735107422e-01
-1.532958000898361206e-01
-1.186460107564926147e-01
-9.221769869327545166e-02
-7.039590179920196533e-02
-6.234535574913024902e-02
-6.575445830821990967e-02
-7.639104127883911133e-02
-1.113305538892745972e-01
-1.343955397605895996e-01
-1.772455871105194092e-01
-1.859194934368133545e-01
-1.952664256095886230e-01
-2.057689130306243896e-01
-2.134364694356918335e-01
-2.423709481954574585e-01
-2.387600541114807129e-01
-2.545357048511505127e-01
-2.872675061225891113e-01
-2.964172959327697754e-01
-2.223550230264663696e-01
-1.712200641632080078e-01
-1.195631623268127441e-01
-4.925448819994926453e-02
-2.660044655203819275e-02
-1.444023549556732178e-01
-1.618812531232833862e-01
-1.784541159868240356e-01
-1.728844940662384033e-01
-1.752805709838867188e-01
-1.632183194160461426e-01
-1.532128602266311646e-01
-1.303434073925018311e-01
-1.034279838204383850e-01
-9.283547848463058472e-02
-8.592636883258819580e-02
-8.896864205598831177e-02
-1.166188195347785950e-01
-1.502142399549484253e-01
-1.843977421522140503e-01
-1.866268068552017212e-01
-1.900576353073120117e-01
-1.746066212654113770e-01
-1.717392355203628540e-01
-1.513289511203765869e-01
-1.170829534530639648e-01
-1.246741414070129395e-01
-1.045210435986518860e-01
-1.486707180738449097e-01
-1.345794051885604858e-01
-2.402062118053436279e-01
-2.307498902082443237e-01
-2.140614539384841919e-01
-1.718149334192276001e-01
-1.215357556939125061e-01
-1.025900915265083313e-01
-1.312454342842102051e-01
-1.344427019357681274e-01
-1.443211734294891357e-01
-1.373890042304992676e-01
-1.372308582067489624e-01
-1.327219903469085693e-01
-1.232343912124633789e-01
-1.210999339818954468e-01
-9.476485848426818848e-02
-1.125657111406326294e-01
-1.284795999526977539e-01
-1.580386459827423096e-01
-1.764209866523742676e-01
-1.907104551792144775e-01
-2.002845108509063721e-01
-1.887436509132385254e-01
-1.691296547651290894e-01
-1.112995743751525879e-01
-1.095794662833213806e-01
-6.333483755588531494e-02
-4.515162855386734009e-02
-9.999000000000000000e+03
-9.999000000000000000e+03
-9.999000000000000000e+03
-9.999000000000000000e+03
-9.999000000000000000e+03
-9.999000000000000000e+03
-2.468054890632629395e-01
-2.130539268255233765e-01
-1.726983487606048584e-01
-1.585168987512588501e-01
-1.160895377397537231e-01
-1.120287626981735229e-01
-1.126625612378120422e-01
-1.092234924435615540e-01
-1.133790314197540283e-01
-1.042437255382537842e-01
-1.029541417956352234e-01
-1.053774729371070862e-01
-1.199298873543739319e-01
-1.523076891899108887e-01
-1.683090627193450928e-01
-2.029602974653244019e-01
-2.025796175003051758e-01
-1.920092254877090454e-01
-1.670044958591461182e-01
-1.385739594697952271e-01
-1.117023602128028870e-01
-9.999000000000000000e+03
-9.999000000000000000e+03
-9.999000000000000000e+03
-9.999000000000000000e+03
-9.999000000000000000e+03
-9.999000000000000000e+03
-9.999000000000000000e+03
-9.999000000000000000e+03
-9.999000000000000000e+03
-9.999000000000000000e+03
-1.270692348480224609e-01
-1.819014847278594971e-01
-2.130308598279953003e-01
-2.113425284624099731e-01
-1.169963851571083069e-01
-1.133804246783256531e-01
-9.877976775169372559e-02
-9.352256357669830322e-02
-9.203379601240158081e-02
-9.497425705194473267e-02
-9.926722198724746704e-02
-1.136041805148124695e-01
-1.587865054607391357e-01
-1.898821145296096802e-01
-1.940448880195617676e-01
-1.940219253301620483e-01
-1.802479177713394165e-01
-1.678854674100875854e-01
-8.486705273389816284e-02
-8.266978710889816284e-02
-9.999000000000000000e+03
-9.999000000000000000e+03
-9.999000000000000000e+03
-9.999000000000000000e+03
-9.999000000000000000e+03
-9.999000000000000000e+03
-9.999000000000000000e+03
-9.999000000000000000e+03
-9.999000000000000000e+03
-9.999000000000000000e+03
-9.999000000000000000e+03
-9.999000000000000000e+03
-1.055641397833824158e-01
-2.039271444082260132e-01
-2.364281266927719116e-01
-1.691057384014129639e-01
-1.287917345762252808e-01
-9.534715861082077026e-02
-7.927756756544113159e-02
-6.745968759059906006e-02
-7.244995236396789551e-02
-8.525101840496063232e-02
-1.214119493961334229e-01
-1.613461524248123169e-01
-1.726901978254318237e-01
-1.738490313291549683e-01
-1.680953353643417358e-01
-1.078760400414466858e-01
-1.101272404193878174e-01
-9.999000000000000000e+03
-9.999000000000000000e+03
-9.999000000000000000e+03
-9.999000000000000000e+03
-9.999000000000000000e+03
-9.999000000000000000e+03
-9.999000000000000000e+03
-9.999000000000000000e+03
-9.999000000000000000e+03
-9.999000000000000000e+03
-9.999000000000000000e+03
-9.999000000000000000e+03
-9.999000000000000000e+03
-9.999000000000000000e+03
-9.999000000000000000e+03
-1.655860394239425659e-01
-2.281066626310348511e-01
-9.999000000000000000e+03
-6.949294358491897583e-02
-7.695759832859039307e-02
-6.067984551191329956e-02
-4.895015433430671692e-02
-5.010836198925971985e-02
-6.666052341461181641e-02
-1.150513812899589539e-01
-1.343421787023544312e-01
-1.274050027132034302e-01
-1.295267641544342041e-01
-1.079974174499511719e-01
-8.208552002906799316e-02
-9.999000000000000000e+03
-9.999000000000000000e+03
-9.999000000000000000e+03
-9.999000000000000000e+03
-9.999000000000000000e+03
-9.999000000000000000e+03
-9.999000000000000000e+03
-9.999000000000000000e+03
-9.999000000000000000e+03
-9.999000000000000000e+03
-9.999000000000000000e+03
-9.999000000000000000e+03
-9.999000000000000000e+03
-9.999000000000000000e+03
-9.999000000000000000e+03
-9.999000000000000000e+03
-1.269524097442626953e-01
-1.949556618928909302e-01
-9.999000000000000000e+03
-9.999000000000000000e+03
-5.520333349704742432e-02
-5.050026625394821167e-02
-4.367407038807868958e-02
-4.509200900793075562e-02
-6.614080816507339478e-02
-9.021426737308502197e-02
-9.063245356082916260e-02
-8.259967714548110962e-02
-8.771848678588867188e-02
-3.386021032929420471e-02
-9.999000000000000000e+03
-9.999000000000000000e+03
-9.999000000000000000e+03
-9.999000000000000000e+03
-9.999000000000000000e+03
-9.999000000000000000e+03
-9.999000000000000000e+03
-9.999000000000000000e+03
-9.999000000000000000e+03
-9.999000000000000000e+03
-9.999000000000000000e+03
-9.999000000000000000e+03
-9.999000000000000000e+03
-9.999000000000000000e+03
-9.999000000000000000e+03
-9.999000000000000000e+03
-9.999000000000000000e+03
-7.090323418378829956e-02
-1.311784982681274414e-01
-9.999000000000000000e+03
-9.999000000000000000e+03
-2.551971748471260071e-02
-3.758447989821434021e-02
-4.114053398370742798e-02
-3.921873867511749268e-02
-5.109049007296562195e-02
-4.522867128252983093e-02
-4.867135733366012573e-02
-4.280846938490867615e-02
-4.495562985539436340e-02
-2.036123722791671753e-02
-9.999000000000000000e+03
-9.999000000000000000e+03
-9.999000000000000000e+03
-9.999000000000000000e+03
-9.999000000000000000e+03
-9.999000000000000000e+03
-9.999000000000000000e+03
-9.999000000000000000e+03
-9.999000000000000000e+03
-9.999000000000000000e+03
-9.999000000000000000e+03
-9.999000000000000000e+03
-9.999000000000000000e+03
-9.999000000000000000e+03
-9.999000000000000000e+03
-9.999000000000000000e+03
-9.999000000000000000e+03
-9.999000000000000000e+03
-9.999000000000000000e+03
-9.999000000000000000e+03
-9.999000000000000000e+03
-6.982720457017421722e-03
-1.703387498855590820e-02
-2.834983170032501221e-02
-3.514684364199638367e-02
-1.813437417149543762e-02
-2.403747988864779472e-03
3.480162238702178001e-03
7.442711852490901947e-03
-1.058665197342634201e-02
-1.190222986042499542e-02
-9.999000000000000000e+03
-9.999000000000000000e+03
-9.999000000000000000e+03
-9.999000000000000000e+03
-9.999000000000000000e+03
-9.999000000000000000e+03
-9.999000000000000000e+03
-9.999000000000000000e+03
-9.999000000000000000e+03
-9.999000000000000000e+03
-9.999000000000000000e+03
-9.999000000000000000e+03
-9.999000000000000000e+03
-9.999000000000000000e+03
-9.999000000000000000e+03
-9.999000000000000000e+03
-9.999000000000000000e+03
-9.999000000000000000e+03
-9.999000000000000000e+03
-9.999000000000000000e+03
-9.999000000000000000e+03
-9.999000000000000000e+03
-1.548369973897933960e-02
-3.094559349119663239e-02
-4.562848806381225586e-02
3.153878450393676758e-02
3.717899695038795471e-02
4.512747377157211304e-02
6.569125503301620483e-02
3.339364379644393921e-02
-9.999000000000000000e+03
-9.999000000000000000e+03
-9.999000000000000000e+03
-9.999000000000000000e+03
-9.999000000000000000e+03
-9.999000000000000000e+03
-9.999000000000000000e+03
-9.999000000000000000e+03
-9.999000000000000000e+03
-9.999000000000000000e+03
-9.999000000000000000e+03
-9.999000000000000000e+03
-9.999000000000000000e+03
-9.999000000000000000e+03
-9.999000000000000000e+03
-9.999000000000000000e+03
-9.999000000000000000e+03
-9.999000000000000000e+03
-9.999000000000000000e+03
-9.999000000000000000e+03
-9.999000000000000000e+03
-9.999000000000000000e+03
-9.999000000000000000e+03
-2.656953595578670502e-02
-5.250311642885208130e-02
-4.346556961536407471e-02
-1.251413673162460327e-02
2.247709222137928009e-02
3.271006047725677490e-02
1.227261573076248169e-01
1.697769165039062500e-01
1.219585537910461426e-01
-9.999000000000000000e+03
-9.999000000000000000e+03
-9.999000000000000000e+03
-9.999000000000000000e+03
-9.999000000000000000e+03
-9.999000000000000000e+03
-9.999000000000000000e+03
-9.999000000000000000e+03
-9.999000000000000000e+03
-9.999000000000000000e+03
-9.999000000000000000e+03
-9.999000000000000000e+03
-9.999000000000000000e+03
-9.999000000000000000e+03
-9.999000000000000000e+03
-9.999000000000000000e+03
-9.999000000000000000e+03
-9.999000000000000000e+03
-9.999000000000000000e+03
-9.999000000000000000e+03
-9.999000000000000000e+03
-9.999000000000000000e+03
-9.999000000000000000e+03
-5.921201780438423157e-02
-4.183796793222427368e-02
-5.356220155954360962e-02
-3.827615454792976379e-02
5.607133731245994568e-03
3.179621323943138123e-02
1.703134626150131226e-01
1.865768283605575562e-01
-9.999000000000000000e+03
-9.999000000000000000e+03
-9.999000000000000000e+03
-9.999000000000000000e+03
-9.999000000000000000e+03
-9.999000000000000000e+03
-9.999000000000000000e+03
-9.999000000000000000e+03
-9.999000000000000000e+03
-9.999000000000000000e+03
-9.999000000000000000e+03
-9.999000000000000000e+03
-9.999000000000000000e+03
-9.999000000000000000e+03
-9.999000000000000000e+03
-9.999000000000000000e+03
-9.999000000000000000e+03
-9.999000000000000000e+03
-9.999000000000000000e+03
-9.999000000000000000e+03
-9.999000000000000000e+03
-9.999000000000000000e+03
-9.999000000000000000e+03
-6.161521375179290771e-02
-1.004578247666358948e-01
-1.473914831876754761e-01
-1.285647302865982056e-01
-1.113996505737304688e-01
-8.062114566564559937e-02
-2.694933675229549408e-03
9.066118299961090088e-02
8.866728842258453369e-02
-9.999000000000000000e+03
-9.999000000000000000e+03
-9.999000000000000000e+03
-9.999000000000000000e+03
-9.999000000000000000e+03
-9.999000000000000000e+03
-9.999000000000000000e+03
-9.999000000000000000e+03
-9.999000000000000000e+03
-9.999000000000000000e+03
-9.999000000000000000e+03
-9.999000000000000000e+03
-9.999000000000000000e+03
-9.999000000000000000e+03
-9.999000000000000000e+03
-9.999000000000000000e+03
-9.999000000000000000e+03
-9.999000000000000000e+03
-9.999000000000000000e+03
-9.999000000000000000e+03
-9.999000000000000000e+03
-9.999000000000000000e+03
-9.281317703425884247e-03
-7.962018251419067383e-02
-1.076508536934852600e-01
-1.086055934429168701e-01
-9.654488414525985718e-02
-7.625266164541244507e-02
-6.753620505332946777e-02
-6.430019438266754150e-02
-2.815886214375495911e-02
2.067767083644866943e-02
2.337803505361080170e-02
1.525783073157072067e-02
2.300035767257213593e-02
-9.999000000000000000e+03
-9.999000000000000000e+03
-9.999000000000000000e+03
-9.999000000000000000e+03
-9.999000000000000000e+03
-9.999000000000000000e+03
-9.999000000000000000e+03
-9.999000000000000000e+03
-9.999000000000000000e+03
-9.999000000000000000e+03
-9.999000000000000000e+03
-9.999000000000000000e+03
-9.999000000000000000e+03
-9.999000000000000000e+03
-9.999000000000000000e+03
-9.999000000000000000e+03
-9.999000000000000000e+03
1.709457137621939182e-03
6.505808327347040176e-03
5.794433876872062683e-03
-1.009892486035823822e-02
-5.196090787649154663e-02
-6.645188480615615845e-02
-5.932652205228805542e-02
-5.229284986853599548e-02
-4.321372881531715393e-02
5.608411971479654312e-03
3.543289378285408020e-02
2.326263859868049622e-02
2.650368772447109222e-02
2.152292616665363312e-02
-9.999000000000000000e+03
-9.999000000000000000e+03
-9.999000000000000000e+03
-9.999000000000000000e+03
-9.999000000000000000e+03
-9.999000000000000000e+03
-9.999000000000000000e+03
-9.999000000000000000e+03
-9.999000000000000000e+03
-9.999000000000000000e+03
-9.999000000000000000e+03
-9.999000000000000000e+03
-9.999000000000000000e+03
-9.999000000000000000e+03
-9.999000000000000000e+03
5.843512248247861862e-03
-1.255213283002376556e-03
-1.108854822814464569e-02
-1.960748434066772461e-02
-2.888947492465376854e-03
1.075340318493545055e-03
-8.055964484810829163e-03
-4.043139144778251648e-02
-5.699419602751731873e-02
-4.786249250173568726e-02
-2.236564643681049347e-02
2.149165142327547073e-03
2.851877175271511078e-02
1.851782575249671936e-02
-9.999000000000000000e+03
-9.999000000000000000e+03
-9.999000000000000000e+03
-9.999000000000000000e+03
-9.999000000000000000e+03
-9.999000000000000000e+03
-9.999000000000000000e+03
-9.999000000000000000e+03
-9.999000000000000000e+03
-9.999000000000000000e+03
-9.999000000000000000e+03
-9.999000000000000000e+03
-9.999000000000000000e+03
-9.999000000000000000e+03
-9.999000000000000000e+03
-9.999000000000000000e+03
-3.459940431639552116e-03
5.213920027017593384e-03
-7.144925650209188461e-03
-2.417460456490516663e-02
-4.228169843554496765e-02
-2.746013738214969635e-02
4.239204339683055878e-03
1.098203565925359726e-02
-2.622287487611174583e-03
-1.594439707696437836e-02
-4.288893938064575195e-02
-5.932772532105445862e-02
-6.835709512233734131e-02
-4.887007921934127808e-02
-9.999000000000000000e+03
-9.999000000000000000e+03
-9.999000000000000000e+03
-9.999000000000000000e+03
-9.999000000000000000e+03
-9.999000000000000000e+03
-9.999000000000000000e+03
-9.999000000000000000e+03
-9.999000000000000000e+03
-9.999000000000000000e+03
-9.999000000000000000e+03
-9.999000000000000000e+03
-9.999000000000000000e+03
-9.999000000000000000e+03
-9.999000000000000000e+03
-9.999000000000000000e+03
-9.999000000000000000e+03
-2.443977445363998413e-02
-4.173440486192703247e-02
-6.862713396549224854e-02
-7.695829868316650391e-02
-7.017503678798675537e-02
-4.191608354449272156e-02
-1.334154512733221054e-02
2.798009896650910378e-03
8.468559011816978455e-03
1.525991037487983704e-02
1.244620187208056450e-03
-3.293922170996665955e-02
-3.904843330383300781e-02
-5.497532710433006287e-02
-9.999000000000000000e+03
-9.999000000000000000e+03
-9.999000000000000000e+03
-9.999000000000000000e+03
-9.999000000000000000e+03
-9.999000000000000000e+03
-9.999000000000000000e+03
-9.999000000000000000e+03
-9.999000000000000000e+03
-9.999000000000000000e+03
-9.999000000000000000e+03
-9.999000000000000000e+03
-9.999000000000000000e+03
-9.999000000000000000e+03
-9.999000000000000000e+03
-9.999000000000000000e+03
-9.999000000000000000e+03
-5.212149769067764282e-02
-8.809514343738555908e-02
-1.045961529016494751e-01
-9.831339120864868164e-02
-7.637251168489456177e-02
-3.803953155875205994e-02
-1.783467084169387817e-02
-3.721090499311685562e-03
7.558281067758798599e-03
9.550390765070915222e-03
-1.213242649100720882e-03
-2.876006066799163818e-03
-3.616051748394966125e-03
-9.999000000000000000e+03
-9.999000000000000000e+03
-9.999000000000000000e+03
-9.999000000000000000e+03
-9.999000000000000000e+03
-9.999000000000000000e+03
-9.999000000000000000e+03
-9.999000000000000000e+03
-9.999000000000000000e+03
-9.999000000000000000e+03
-9.999000000000000000e+03
-9.999000000000000000e+03
-9.999000000000000000e+03
-9.999000000000000000e+03
-9.999000000000000000e+03
-9.999000000000000000e+03
-9.999000000000000000e+03
-9.999000000000000000e+03
-5.441694706678390503e-02
-7.654421031475067139e-02
-6.461963802576065063e-02
-5.564222484827041626e-02
-1.785067468881607056e-02
-2.692583017051219940e-03
-3.175982041284441948e-03
1.572537980973720551e-02
2.090507186949253082e-02
4.948205500841140747e-02
1.828031986951828003e-02
-1.531691662967205048e-02
-9.999000000000000000e+03
-9.999000000000000000e+03
-9.999000000000000000e+03
-9.999000000000000000e+03
-9.999000000000000000e+03
-9.999000000000000000e+03
-9.999000000000000000e+03
-9.999000000000000000e+03
-9.999000000000000000e+03
-9.999000000000000000e+03
-9.999000000000000000e+03
-9.999000000000000000e+03
-9.999000000000000000e+03
-9.999000000000000000e+03
-9.999000000000000000e+03
-9.999000000000000000e+03
-9.999000000000000000e+03
-9.999000000000000000e+03
-9.999000000000000000e+03
-4.251659289002418518e-02
-3.615157678723335266e-02
-1.963859610259532928e-02
-9.427444310858845711e-04
7.664466649293899536e-02
7.280595600605010986e-02
6.434221565723419189e-02
4.195848107337951660e-02
3.041068091988563538e-02
2.482517622411251068e-02
-9.999000000000000000e+03
-9.999000000000000000e+03
-9.999000000000000000e+03
-9.999000000000000000e+03
-9.999000000000000000e+03
-9.999000000000000000e+03
-9.999000000000000000e+03
-9.999000000000000000e+03
-9.999000000000000000e+03
-9.999000000000000000e+03
-9.999000000000000000e+03
-9.999000000000000000e+03
-9.999000000000000000e+03
-9.999000000000000000e+03
-9.999000000000000000e+03
-9.999000000000000000e+03
-9.999000000000000000e+03
-9.999000000000000000e+03
-9.999000000000000000e+03
-9.999000000000000000e+03
-9.999000000000000000e+03
-2.169457264244556427e-02
1.440811622887849808e-02
5.096345394849777222e-02
8.272321522235870361e-02
1.081902980804443359e-01
9.060356765985488892e-02
-9.999000000000000000e+03
-9.999000000000000000e+03
-9.999000000000000000e+03
-9.999000000000000000e+03
-9.999000000000000000e+03
-9.999000000000000000e+03
-9.999000000000000000e+03
-9.999000000000000000e+03
-9.999000000000000000e+03
-9.999000000000000000e+03
-9.999000000000000000e+03
-9.999000000000000000e+03
-9.999000000000000000e+03
-9.999000000000000000e+03
-9.999000000000000000e+03
-9.999000000000000000e+03
-9.999000000000000000e+03
-9.999000000000000000e+03
-9.999000000000000000e+03
-9.999000000000000000e+03
-9.999000000000000000e+03
-9.999000000000000000e+03
-9.999000000000000000e+03
-9.999000000000000000e+03
-9.999000000000000000e+03
-4.817560780793428421e-03
1.604022085666656494e-02
6.497494131326675415e-02
-9.999000000000000000e+03
-9.999000000000000000e+03
-9.999000000000000000e+03
-9.999000000000000000e+03
-9.999000000000000000e+03
-9.999000000000000000e+03
-9.999000000000000000e+03
-9.999000000000000000e+03
-9.999000000000000000e+03
-9.999000000000000000e+03
-9.999000000000000000e+03
-9.999000000000000000e+03
-9.999000000000000000e+03
-9.999000000000000000e+03
-9.999000000000000000e+03
-9.999000000000000000e+03
-9.999000000000000000e+03
-9.999000000000000000e+03
-9.999000000000000000e+03
-9.999000000000000000e+03
-9.999000000000000000e+03
-9.999000000000000000e+03
-9.999000000000000000e+03
-9.999000000000000000e+03
-9.999000000000000000e+03
-9.999000000000000000e+03
-9.999000000000000000e+03
-9.999000000000000000e+03
