1.363645792007446289e-01
1.411784440279006958e-01
1.251271963119506836e-01
1.053412109613418579e-01
1.187797188758850098e-01
1.041921749711036682e-01
9.672719985246658325e-02
8.724159747362136841e-02
6.688423454761505127e-02
6.070636585354804993e-02
7.384993135929107666e-03
-9.999000000000000000e+03
-9.999000000000000000e+03
-9.999000000000000000e+03
-9.999000000000000000e+03
-9.999000000000000000e+03
-9.999000000000000000e+03
-9.999000000000000000e+03
-9.999000000000000000e+03
-9.999000000000000000e+03
-9.999000000000000000e+03
-9.999000000000000000e+03
-9.999000000000000000e+03
-3.126467019319534302e-02
-4.888677969574928284e-02
-1.419504173099994659e-03
3.569233044981956482e-02
7.075954228639602661e-02
9.495639055967330933e-02
1.064763367176055908e-01
1.037518382072448730e-01
5.466300249099731445e-02
6.170284003019332886e-02
5.149322003126144409e-02
3.834461420774459839e-02
4.912187531590461731e-02
4.484397172927856445e-02
3.923527523875236511e-02
3.852267190814018250e-02
2.991191111505031586e-02
3.596613928675651550e-02
3.358079865574836731e-02
2.459634840488433838e-02
-9.999000000000000000e+03
-9.999000000000000000e+03
-9.999000000000000000e+03
-9.999000000000000000e+03
-9.999000000000000000e+03
-9.999000000000000000e+03
-9.999000000000000000e+03
-9.999000000000000000e+03
-9.999000000000000000e+03
1.556843798607587814e-02
2.942330762743949890e-02
1.624448969960212708e-02
2.197660878300666809e-02
2.960328757762908936e-02
5.230518803000450134e-02
7.579570263624191284e-02
8.921542763710021973e-02
9.010852873325347900e-02
9.768457710742950439e-02
-2.214204147458076477e-02
-2.228293009102344513e-02
-3.607674688100814819e-02
-4.122034460306167603e-02
-1.356201060116291046e-02
-9.234058670699596405e-03
-3.607364837080240250e-03
3.624694421887397766e-03
-2.735033165663480759e-03
2.907449612393975258e-03
8.204997517168521881e-03
1.099813636392354965e-02
-9.999000000000000000e+03
-9.999000000000000000e+03
-9.999000000000000000e+03
-9.999000000000000000e+03
-9.999000000000000000e+03
-9.999000000000000000e+03
-9.999000000000000000e+03
5.874060839414596558e-02
5.007931590080261230e-02
6.355082988739013672e-02
7.447115331888198853e-02
6.679335981607437134e-02
5.750340968370437622e-02
6.775516271591186523e-02
7.543765753507614136e-02
9.018255770206451416e-02
1.121991127729415894e-01
1.301547288894653320e-01
1.466572284698486328e-01
-1.003573760390281677e-01
-1.031701713800430298e-01
-1.111191958189010620e-01
-1.126735359430313110e-01
-7.971713691949844360e-02
-6.933295726776123047e-02
-6.682698428630828857e-02
-4.885884374380111694e-02
-4.588162153959274292e-02
-2.696160972118377686e-02
-2.140453085303306580e-02
-5.883600097149610519e-03
-1.423786487430334091e-02
-9.999000000000000000e+03
-9.999000000000000000e+03
-9.999000000000000000e+03
4.492473229765892029e-02
6.627562642097473145e-02
8.382746577262878418e-02
5.329551547765731812e-02
3.189301863312721252e-02
2.490369044244289398e-02
1.344966329634189606e-02
4.680911824107170105e-02
6.532200425863265991e-02
6.307818740606307983e-02
1.030962243676185608e-01
1.201449781656265259e-01
1.324025392532348633e-01
1.499453634023666382e-01
1.532560884952545166e-01
-1.656931489706039429e-01
-1.766940653324127197e-01
-1.762869507074356079e-01
-1.723014116287231445e-01
-1.477532833814620972e-01
-1.337986737489700317e-01
-1.182207167148590088e-01
-9.575659781694412231e-02
-8.431926369667053223e-02
-6.314811110496520996e-02
-3.800717741250991821e-02
-2.407448552548885345e-02
-2.364795282483100891e-02
-3.008304163813591003e-02
9.798856452107429504e-03
3.539310395717620850e-02
3.953076899051666260e-02
2.559619583189487457e-02
1.809392496943473816e-02
-2.705504558980464935e-02
-4.411121830344200134e-02
-7.258275151252746582e-02
-8.146460354328155518e-02
-4.335880652070045471e-02
-2.136004343628883362e-02
3.492839168757200241e-03
4.416703432798385620e-02
7.274620234966278076e-02
9.916904568672180176e-02
1.220317110419273376e-01
1.289544999599456787e-01
-1.962073743343353271e-01
-2.113629579544067383e-01
-2.203851640224456787e-01
-2.129457294940948486e-01
-1.951812952756881714e-01
-1.849073618650436401e-01
-1.639668345451354980e-01
-1.318642646074295044e-01
-1.141130775213241577e-01
-7.919631153345108032e-02
-4.511394724249839783e-02
-9.917949326336383820e-03
-8.780044503509998322e-03
-3.973528742790222168e-03
-1.024687779136002064e-03
6.540257949382066727e-03
-1.732039451599121094e-02
-6.593631207942962646e-02
-9.405095875263214111e-02
-1.375618129968643188e-01
-1.544191092252731323e-01
-1.573540866374969482e-01
-1.744217276573181152e-01
-1.332272142171859741e-01
-1.050141379237174988e-01
-8.070632070302963257e-02
-1.630583405494689941e-02
8.799908682703971863e-03
4.341308400034904480e-02
8.175893872976303101e-02
9.592232853174209595e-02
-2.071097642183303833e-01
-2.169736772775650024e-01
-2.238009572029113770e-01
-2.190755903720855713e-01
-2.133017331361770630e-01
-2.079184949398040771e-01
-1.841587126255035400e-01
-1.493931114673614502e-01
-1.143510639667510986e-01
-8.184596151113510132e-02
-4.779861867427825928e-02
-2.803796529769897461e-02
-1.356994826346635818e-02
-9.437705390155315399e-03
-4.753971844911575317e-02
-7.252302765846252441e-02
-1.136867925524711609e-01
-1.474832445383071899e-01
-1.593396663665771484e-01
-1.921376585960388184e-01
-2.186663448810577393e-01
-2.497552186250686646e-01
-2.653813660144805908e-01
-2.431581765413284302e-01
-2.215304523706436157e-01
-1.959205120801925659e-01
-1.214513853192329407e-01
-8.624486625194549561e-02
-4.009358584880828857e-02
2.212147600948810577e-02
4.924638196825981140e-02
-1.734944730997085571e-01
-1.951403617858886719e-01
-2.056027799844741821e-01
-1.956910640001296997e-01
-1.932228654623031616e-01
-1.806740611791610718e-01
-1.639759093523025513e-01
-1.443264782428741455e-01
-1.112687066197395325e-01
-8.560935407876968384e-02
-6.470363587141036987e-02
-5.759793892502784729e-02
-6.212091445922851562e-02
-7.604969292879104614e-02
-1.126648187637329102e-01
-1.367039829492568970e-01
-1.808817684650421143e-01
-1.883016526699066162e-01
-1.963011771440505981e-01
-2.048487216234207153e-01
-2.108384668827056885e-01
-2.400715053081512451e-01
-2.362733185291290283e-01
-2.544534504413604736e-01
-2.893975973129272461e-01
-2.943753600120544434e-01
-2.183353304862976074e-01
-1.684866994619369507e-01
-1.198298484086990356e-01
-5.283351242542266846e-02
-3.002852760255336761e-02
-1.298495531082153320e-01
-1.474917829036712646e-01
-1.651630103588104248e-01
-1.601330041885375977e-01
-1.632752418518066406e-01
-1.520278304815292358e-01
-1.425583213567733765e-01
-1.230016872286796570e-01
-9.667275846004486084e-02
-8.831187337636947632e-02
-8.492542803287506104e-02
-8.847850561141967773e-02
-1.160736083984375000e-01
-1.517335325479507446e-01
-1.852649152278900146e-01
-1.874639987945556641e-01
-1.908620595932006836e-01
-1.735341846942901611e-01
-1.683059930801391602e-01
-1.438548266887664795e-01
-1.085069701075553894e-01
-1.186708733439445496e-01
-1.007888168096542358e-01
-1.469832062721252441e-01
-1.344811320304870605e-01
-2.403511106967926025e-01
-2.303526550531387329e-01
-2.119987457990646362e-01
-1.711852401494979858e-01
-1.228188499808311462e-01
-1.028611883521080017e-01
-1.168680340051651001e-01
-1.182138249278068542e-01
-1.300793886184692383e-01
-1.256250292062759399e-01
-1.262059658765792847e-01
-1.217138692736625671e-01
-1.125336736440658569e-01
-1.127197593450546265e-01
-8.884607255458831787e-02
-1.090808659791946411e-01
-1.289079785346984863e-01
-1.596675664186477661e-01
-1.787534505128860474e-01
-1.936090737581253052e-01
-2.022303640842437744e-01
-1.897020190954208374e-01
-1.682886779308319092e-01
-1.087574064731597900e-01
-1.024592444300651550e-01
-5.443102866411209106e-02
-3.667208179831504822e-02
-9.999000000000000000e+03
-9.999000000000000000e+03
-9.999000000000000000e+03
-9.999000000000000000e+03
-9.999000000000000000e+03
-9.999000000000000000e+03
-2.460084259510040283e-01
-2.110997587442398071e-01
-1.724802255630493164e-01
-1.576260477304458618e-01
-9.965801984071731567e-02
-9.436811506748199463e-02
-9.666436910629272461e-02
-9.572597593069076538e-02
-1.032776385545730591e-01
-9.525939077138900757e-02
-9.386111795902252197e-02
-9.813345968723297119e-02
-1.153924614191055298e-01
-1.508596390485763550e-01
-1.705671995878219604e-01
-2.062847167253494263e-01
-2.067878842353820801e-01
-1.954694539308547974e-01
-1.686258465051651001e-01
-1.391420364379882812e-01
-1.116177365183830261e-01
-9.999000000000000000e+03
-9.999000000000000000e+03
-9.999000000000000000e+03
-9.999000000000000000e+03
-9.999000000000000000e+03
-9.999000000000000000e+03
-9.999000000000000000e+03
-9.999000000000000000e+03
-9.999000000000000000e+03
-9.999000000000000000e+03
-1.238780617713928223e-01
-1.773867011070251465e-01
-2.105707973241806030e-01
-2.098076194524765015e-01
-1.024098247289657593e-01
-9.908669441938400269e-02
-8.566863834857940674e-02
-8.324462920427322388e-02
-8.439524471759796143e-02
-8.918345719575881958e-02
-9.494288265705108643e-02
-1.108242347836494446e-01
-1.599712818861007690e-01
-1.913779526948928833e-01
-1.966072469949722290e-01
-1.973286718130111694e-01
-1.838912367820739746e-01
-1.706525385379791260e-01
-8.494226634502410889e-02
-8.240196853876113892e-02
-9.999000000000000000e+03
-9.999000000000000000e+03
-9.999000000000000000e+03
-9.999000000000000000e+03
-9.999000000000000000e+03
-9.999000000000000000e+03
-9.999000000000000000e+03
-9.999000000000000000e+03
-9.999000000000000000e+03
-9.999000000000000000e+03
-9.999000000000000000e+03
-9.999000000000000000e+03
-1.006834581494331360e-01
-1.993419975042343140e-01
-2.339162975549697876e-01
-1.572873592376708984e-01
-1.214469522237777710e-01
-8.785691112279891968e-02
-7.262092083692550659e-02
-6.392274051904678345e-02
-7.309353351593017578e-02
-8.818584680557250977e-02
-1.235732659697532654e-01
-1.633552163839340210e-01
-1.743578612804412842e-01
-1.764932274818420410e-01
-1.707627475261688232e-01
-1.097448989748954773e-01
-1.119837611913681030e-01
-9.999000000000000000e+03
-9.999000000000000000e+03
-9.999000000000000000e+03
-9.999000000000000000e+03
-9.999000000000000000e+03
-9.999000000000000000e+03
-9.999000000000000000e+03
-9.999000000000000000e+03
-9.999000000000000000e+03
-9.999000000000000000e+03
-9.999000000000000000e+03
-9.999000000000000000e+03
-9.999000000000000000e+03
-9.999000000000000000e+03
-9.999000000000000000e+03
-1.602591872215270996e-01
-2.246005237102508545e-01
-9.999000000000000000e+03
-6.921333819627761841e-02
-7.369852811098098755e-02
-5.593116581439971924e-02
-4.586352780461311340e-02
-5.112875625491142273e-02
-7.036033272743225098e-02
-1.192779690027236938e-01
-1.356806457042694092e-01
-1.292662173509597778e-01
-1.328399628400802612e-01
-1.109530627727508545e-01
-8.392430841922760010e-02
-9.999000000000000000e+03
-9.999000000000000000e+03
-9.999000000000000000e+03
-9.999000000000000000e+03
-9.999000000000000000e+03
-9.999000000000000000e+03
-9.999000000000000000e+03
-9.999000000000000000e+03
-9.999000000000000000e+03
-9.999000000000000000e+03
-9.999000000000000000e+03
-9.999000000000000000e+03
-9.999000000000000000e+03
-9.999000000000000000e+03
-9.999000000000000000e+03
-9.999000000000000000e+03
-1.244278475642204285e-01
-1.938508301973342896e-01
-9.999000000000000000e+03
-9.999000000000000000e+03
-5.449497327208518982e-02
-4.518633708357810974e-02
-3.856925293803215027e-02
-4.457081109285354614e-02
-6.912409514188766479e-02
-9.420719742774963379e-02
-9.353542327880859375e-02
-8.586304634809494019e-02
-9.329072386026382446e-02
-3.901494666934013367e-02
-9.999000000000000000e+03
-9.999000000000000000e+03
-9.999000000000000000e+03
-9.999000000000000000e+03
-9.999000000000000000e+03
-9.999000000000000000e+03
-9.999000000000000000e+03
-9.999000000000000000e+03
-9.999000000000000000e+03
-9.999000000000000000e+03
-9.999000000000000000e+03
-9.999000000000000000e+03
-9.999000000000000000e+03
-9.999000000000000000e+03
-9.999000000000000000e+03
-9.999000000000000000e+03
-9.999000000000000000e+03
-7.054206728935241699e-02
-1.329470127820968628e-01
-9.999000000000000000e+03
-9.999000000000000000e+03
-2.639586851000785828e-02
-3.409383073449134827e-02
-3.408173471689224243e-02
-3.705403953790664673e-02
-5.396052822470664978e-02
-4.834393784403800964e-02
-5.202535912394523621e-02
-4.861983284354209900e-02
-5.144134908914566040e-02
-2.575535327196121216e-02
-9.999000000000000000e+03
-9.999000000000000000e+03
-9.999000000000000000e+03
-9.999000000000000000e+03
-9.999000000000000000e+03
-9.999000000000000000e+03
-9.999000000000000000e+03
-9.999000000000000000e+03
-9.999000000000000000e+03
-9.999000000000000000e+03
-9.999000000000000000e+03
-9.999000000000000000e+03
-9.999000000000000000e+03
-9.999000000000000000e+03
-9.999000000000000000e+03
-9.999000000000000000e+03
-9.999000000000000000e+03
-9.999000000000000000e+03
-9.999000000000000000e+03
-9.999000000000000000e+03
-9.999000000000000000e+03
-9.877441450953483582e-03
-1.673996448516845703e-02
-2.177829854190349579e-02
-2.972771413624286652e-02
-1.793799363076686859e-02
-6.247428711503744125e-03
5.128488410264253616e-04
-1.175648532807826996e-03
-1.871625520288944244e-02
-1.880154013633728027e-02
-9.999000000000000000e+03
-9.999000000000000000e+03
-9.999000000000000000e+03
-9.999000000000000000e+03
-9.999000000000000000e+03
-9.999000000000000000e+03
-9.999000000000000000e+03
-9.999000000000000000e+03
-9.999000000000000000e+03
-9.999000000000000000e+03
-9.999000000000000000e+03
-9.999000000000000000e+03
-9.999000000000000000e+03
-9.999000000000000000e+03
-9.999000000000000000e+03
-9.999000000000000000e+03
-9.999000000000000000e+03
-9.999000000000000000e+03
-9.999000000000000000e+03
-9.999000000000000000e+03
-9.999000000000000000e+03
-9.999000000000000000e+03
-1.646671630442142487e-02
-2.860370278358459473e-02
-4.003163427114486694e-02
3.150539472699165344e-02
3.365835547447204590e-02
3.742258623242378235e-02
5.562483891844749451e-02
2.438629791140556335e-02
-9.999000000000000000e+03
-9.999000000000000000e+03
-9.999000000000000000e+03
-9.999000000000000000e+03
-9.999000000000000000e+03
-9.999000000000000000e+03
-9.999000000000000000e+03
-9.999000000000000000e+03
-9.999000000000000000e+03
-9.999000000000000000e+03
-9.999000000000000000e+03
-9.999000000000000000e+03
-9.999000000000000000e+03
-9.999000000000000000e+03
-9.999000000000000000e+03
-9.999000000000000000e+03
-9.999000000000000000e+03
-9.999000000000000000e+03
-9.999000000000000000e+03
-9.999000000000000000e+03
-9.999000000000000000e+03
-9.999000000000000000e+03
-9.999000000000000000e+03
-3.176581487059593201e-02
-5.601732432842254639e-02
-4.090453684329986572e-02
-9.438637644052505493e-03
2.078035473823547363e-02
2.371753752231597900e-02
1.164217889308929443e-01
1.675508618354797363e-01
1.209268718957901001e-01
-9.999000000000000000e+03
-9.999000000000000000e+03
-9.999000000000000000e+03
-9.999000000000000000e+03
-9.999000000000000000e+03
-9.999000000000000000e+03
-9.999000000000000000e+03
-9.999000000000000000e+03
-9.999000000000000000e+03
-9.999000000000000000e+03
-9.999000000000000000e+03
-9.999000000000000000e+03
-9.999000000000000000e+03
-9.999000000000000000e+03
-9.999000000000000000e+03
-9.999000000000000000e+03
-9.999000000000000000e+03
-9.999000000000000000e+03
-9.999000000000000000e+03
-9.999000000000000000e+03
-9.999000000000000000e+03
-9.999000000000000000e+03
-9.999000000000000000e+03
-6.725522130727767944e-02
-4.713321849703788757e-02
-5.794151499867439270e-02
-4.358506575226783752e-02
-3.612357657402753830e-03
2.105559408664703369e-02
1.666824072599411011e-01
1.875396966934204102e-01
-9.999000000000000000e+03
-9.999000000000000000e+03
-9.999000000000000000e+03
-9.999000000000000000e+03
-9.999000000000000000e+03
-9.999000000000000000e+03
-9.999000000000000000e+03
-9.999000000000000000e+03
-9.999000000000000000e+03
-9.999000000000000000e+03
-9.999000000000000000e+03
-9.999000000000000000e+03
-9.999000000000000000e+03
-9.999000000000000000e+03
-9.999000000000000000e+03
-9.999000000000000000e+03
-9.999000000000000000e+03
-9.999000000000000000e+03
-9.999000000000000000e+03
-9.999000000000000000e+03
-9.999000000000000000e+03
-9.999000000000000000e+03
-9.999000000000000000e+03
-6.848163902759552002e-02
-1.119424924254417419e-01
-1.607439815998077393e-01
-1.377939283847808838e-01
-1.185645163059234619e-01
-8.558447659015655518e-02
-7.448670919984579086e-03
8.822362124919891357e-02
8.499884605407714844e-02
-9.999000000000000000e+03
-9.999000000000000000e+03
-9.999000000000000000e+03
-9.999000000000000000e+03
-9.999000000000000000e+03
-9.999000000000000000e+03
-9.999000000000000000e+03
-9.999000000000000000e+03
-9.999000000000000000e+03
-9.999000000000000000e+03
-9.999000000000000000e+03
-9.999000000000000000e+03
-9.999000000000000000e+03
-9.999000000000000000e+03
-9.999000000000000000e+03
-9.999000000000000000e+03
-9.999000000000000000e+03
-9.999000000000000000e+03
-9.999000000000000000e+03
-9.999000000000000000e+03
-9.999000000000000000e+03
-9.999000000000000000e+03
-7.936443202197551727e-03
-8.437397330999374390e-02
-1.132343858480453491e-01
-1.146024316549301147e-01
-9.998235106468200684e-02
-7.763349264860153198e-02
-6.944173574447631836e-02
-6.496492773294448853e-02
-3.031989187002182007e-02
1.633388735353946686e-02
2.149321883916854858e-02
1.724276505410671234e-02
2.801902219653129578e-02
-9.999000000000000000e+03
-9.999000000000000000e+03
-9.999000000000000000e+03
-9.999000000000000000e+03
-9.999000000000000000e+03
-9.999000000000000000e+03
-9.999000000000000000e+03
-9.999000000000000000e+03
-9.999000000000000000e+03
-9.999000000000000000e+03
-9.999000000000000000e+03
-9.999000000000000000e+03
-9.999000000000000000e+03
-9.999000000000000000e+03
-9.999000000000000000e+03
-9.999000000000000000e+03
-9.999000000000000000e+03
6.361735053360462189e-03
8.370657451450824738e-03
5.585135892033576965e-03
-1.261003874242305756e-02
-5.750799179077148438e-02
-7.281243801116943359e-02
-6.318513303995132446e-02
-5.415700376033782959e-02
-4.624680057168006897e-02
5.551947397179901600e-04
3.511098399758338928e-02
3.219572454690933228e-02
3.322112560272216797e-02
2.773686498403549194e-02
-9.999000000000000000e+03
-9.999000000000000000e+03
-9.999000000000000000e+03
-9.999000000000000000e+03
-9.999000000000000000e+03
-9.999000000000000000e+03
-9.999000000000000000e+03
-9.999000000000000000e+03
-9.999000000000000000e+03
-9.999000000000000000e+03
-9.999000000000000000e+03
-9.999000000000000000e+03
-9.999000000000000000e+03
-9.999000000000000000e+03
-9.999000000000000000e+03
1.619055308401584625e-02
7.620043121278285980e-03
-1.074489206075668335e-03
-1.926264539361000061e-02
-5.384517367929220200e-03
-1.743680564686655998e-03
-1.141270250082015991e-02
-4.305021092295646667e-02
-5.358738824725151062e-02
-4.566494002938270569e-02
-2.230610698461532593e-02
5.956793669611215591e-03
3.499157354235649109e-02
2.779963240027427673e-02
-9.999000000000000000e+03
-9.999000000000000000e+03
-9.999000000000000000e+03
-9.999000000000000000e+03
-9.999000000000000000e+03
-9.999000000000000000e+03
-9.999000000000000000e+03
-9.999000000000000000e+03
-9.999000000000000000e+03
-9.999000000000000000e+03
-9.999000000000000000e+03
-9.999000000000000000e+03
-9.999000000000000000e+03
-9.999000000000000000e+03
-9.999000000000000000e+03
-9.999000000000000000e+03
5.186208523809909821e-03
1.855670846998691559e-02
6.318402010947465897e-03
-1.211489830166101456e-02
-3.723995760083198547e-02
-2.953997626900672913e-02
2.465275814756751060e-03
1.046603824943304062e-02
-2.687804633751511574e-03
-1.388711575418710709e-02
-3.939949348568916321e-02
-5.683699250221252441e-02
-6.783128529787063599e-02
-4.471012204885482788e-02
-9.999000000000000000e+03
-9.999000000000000000e+03
-9.999000000000000000e+03
-9.999000000000000000e+03
-9.999000000000000000e+03
-9.999000000000000000e+03
-9.999000000000000000e+03
-9.999000000000000000e+03
-9.999000000000000000e+03
-9.999000000000000000e+03
-9.999000000000000000e+03
-9.999000000000000000e+03
-9.999000000000000000e+03
-9.999000000000000000e+03
-9.999000000000000000e+03
-9.999000000000000000e+03
-9.999000000000000000e+03
-1.758310757577419281e-02
-3.158608451485633850e-02
-5.791433900594711304e-02
-6.740276515483856201e-02
-6.441403180360794067e-02
-3.954376652836799622e-02
-1.081207580864429474e-02
6.363100837916135788e-03
1.102411840111017227e-02
1.665527746081352234e-02
3.583281300961971283e-03
-2.929471060633659363e-02
-3.550278767943382263e-02
-5.332911014556884766e-02
-9.999000000000000000e+03
-9.999000000000000000e+03
-9.999000000000000000e+03
-9.999000000000000000e+03
-9.999000000000000000e+03
-9.999000000000000000e+03
-9.999000000000000000e+03
-9.999000000000000000e+03
-9.999000000000000000e+03
-9.999000000000000000e+03
-9.999000000000000000e+03
-9.999000000000000000e+03
-9.999000000000000000e+03
-9.999000000000000000e+03
-9.999000000000000000e+03
-9.999000000000000000e+03
-9.999000000000000000e+03
-4.742720350623130798e-02
-8.334320038557052612e-02
-9.833090752363204956e-02
-9.007140249013900757e-02
-6.738481670618057251e-02
-3.072867356240749359e-02
-1.071648113429546356e-02
2.284083748236298561e-03
1.230083033442497253e-02
1.316600013524293900e-02
2.390496898442506790e-03
2.867208560928702354e-03
1.556620583869516850e-03
-9.999000000000000000e+03
-9.999000000000000000e+03
-9.999000000000000000e+03
-9.999000000000000000e+03
-9.999000000000000000e+03
-9.999000000000000000e+03
-9.999000000000000000e+03
-9.999000000000000000e+03
-9.999000000000000000e+03
-9.999000000000000000e+03
-9.999000000000000000e+03
-9.999000000000000000e+03
-9.999000000000000000e+03
-9.999000000000000000e+03
-9.999000000000000000e+03
-9.999000000000000000e+03
-9.999000000000000000e+03
-9.999000000000000000e+03
-5.466919392347335815e-02
-7.766841351985931396e-02
-6.206422299146652222e-02
-4.865958541631698608e-02
-1.027352828532457352e-02
4.821038804948329926e-03
3.602471202611923218e-03
2.349379472434520721e-02
2.692342922091484070e-02
5.454667657613754272e-02
2.223826572299003601e-02
-8.987155742943286896e-03
-9.999000000000000000e+03
-9.999000000000000000e+03
-9.999000000000000000e+03
-9.999000000000000000e+03
-9.999000000000000000e+03
-9.999000000000000000e+03
-9.999000000000000000e+03
-9.999000000000000000e+03
-9.999000000000000000e+03
-9.999000000000000000e+03
-9.999000000000000000e+03
-9.999000000000000000e+03
-9.999000000000000000e+03
-9.999000000000000000e+03
-9.999000000000000000e+03
-9.999000000000000000e+03
-9.999000000000000000e+03
-9.999000000000000000e+03
-9.999000000000000000e+03
-4.541123285889625549e-02
-3.660714626312255859e-02
-1.751254126429557800e-02
4.238698631525039673e-03
8.138773590326309204e-02
7.885672152042388916e-02
7.080951333045959473e-02
4.817579686641693115e-02
3.722731396555900574e-02
2.960182540118694305e-02
-9.999000000000000000e+03
-9.999000000000000000e+03
-9.999000000000000000e+03
-9.999000000000000000e+03
-9.999000000000000000e+03
-9.999000000000000000e+03
-9.999000000000000000e+03
-9.999000000000000000e+03
-9.999000000000000000e+03
-9.999000000000000000e+03
-9.999000000000000000e+03
-9.999000000000000000e+03
-9.999000000000000000e+03
-9.999000000000000000e+03
-9.999000000000000000e+03
-9.999000000000000000e+03
-9.999000000000000000e+03
-9.999000000000000000e+03
-9.999000000000000000e+03
-9.999000000000000000e+03
-9.999000000000000000e+03
-2.351425960659980774e-02
1.923348940908908844e-02
5.911478400230407715e-02
9.134773164987564087e-02
1.160745397210121155e-01
9.653924405574798584e-02
-9.999000000000000000e+03
-9.999000000000000000e+03
-9.999000000000000000e+03
-9.999000000000000000e+03
-9.999000000000000000e+03
-9.999000000000000000e+03
-9.999000000000000000e+03
-9.999000000000000000e+03
-9.999000000000000000e+03
-9.999000000000000000e+03
-9.999000000000000000e+03
-9.999000000000000000e+03
-9.999000000000000000e+03
-9.999000000000000000e+03
-9.999000000000000000e+03
-9.999000000000000000e+03
-9.999000000000000000e+03
-9.999000000000000000e+03
-9.999000000000000000e+03
-9.999000000000000000e+03
-9.999000000000000000e+03
-9.999000000000000000e+03
-9.999000000000000000e+03
-9.999000000000000000e+03
-9.999000000000000000e+03
-4.797661211341619492e-03
1.841366477310657501e-02
7.402356714010238647e-02
-9.999000000000000000e+03
-9.999000000000000000e+03
-9.999000000000000000e+03
-9.999000000000000000e+03
-9.999000000000000000e+03
-9.999000000000000000e+03
-9.999000000000000000e+03
-9.999000000000000000e+03
-9.999000000000000000e+03
-9.999000000000000000e+03
-9.999000000000000000e+03
-9.999000000000000000e+03
-9.999000000000000000e+03
-9.999000000000000000e+03
-9.999000000000000000e+03
-9.999000000000000000e+03
-9.999000000000000000e+03
-9.999000000000000000e+03
-9.999000000000000000e+03
-9.999000000000000000e+03
-9.999000000000000000e+03
-9.999000000000000000e+03
-9.999000000000000000e+03
-9.999000000000000000e+03
-9.999000000000000000e+03
-9.999000000000000000e+03
-9.999000000000000000e+03
-9.999000000000000000e+03
