9.041806310415267944e-02
8.994921296834945679e-02
8.120667934417724609e-02
6.895847618579864502e-02
7.431444525718688965e-02
5.477210134267807007e-02
4.508039727807044983e-02
3.879569843411445618e-02
1.878106035292148590e-02
1.742236688733100891e-02
-3.156222403049468994e-02
-9.999000000000000000e+03
-9.999000000000000000e+03
-9.999000000000000000e+03
-9.999000000000000000e+03
-9.999000000000000000e+03
-9.999000000000000000e+03
-9.999000000000000000e+03
-9.999000000000000000e+03
-9.999000000000000000e+03
-9.999000000000000000e+03
-9.999000000000000000e+03
-9.999000000000000000e+03
1.467714179307222366e-02
5.071112886071205139e-02
7.161051034927368164e-02
1.143020465970039368e-01
1.678304821252822876e-01
1.959291100502014160e-01
2.106460332870483398e-01
1.958715170621871948e-01
2.955445274710655212e-02
3.346698358654975891e-02
2.897822856903076172e-02
2.097206935286521912e-02
1.767085678875446320e-02
-1.330295950174331665e-02
-2.353151701390743256e-02
-1.894310303032398224e-02
-2.077183686196804047e-02
-3.045886289328336716e-03
8.298951201140880585e-03
1.621947064995765686e-02
-9.999000000000000000e+03
-9.999000000000000000e+03
-9.999000000000000000e+03
-9.999000000000000000e+03
-9.999000000000000000e+03
-9.999000000000000000e+03
-9.999000000000000000e+03
-9.999000000000000000e+03
-9.999000000000000000e+03
7.008875906467437744e-02
9.164457768201828003e-02
7.770656049251556396e-02
1.070851758122444153e-01
1.065072342753410339e-01
1.308600157499313354e-01
1.573731303215026855e-01
1.684467345476150513e-01
1.849777698516845703e-01
1.911491602659225464e-01
-1.604043133556842804e-02
-2.025973051786422729e-02
-2.716856449842453003e-02
-4.114695638418197632e-02
-4.157127067446708679e-02
-6.206180155277252197e-02
-6.616842001676559448e-02
-5.494568869471549988e-02
-4.805754870176315308e-02
-2.064379863440990448e-02
1.190692745149135590e-02
2.354655042290687561e-02
-9.999000000000000000e+03
-9.999000000000000000e+03
-9.999000000000000000e+03
-9.999000000000000000e+03
-9.999000000000000000e+03
-9.999000000000000000e+03
-9.999000000000000000e+03
1.045924127101898193e-01
1.040632650256156921e-01
1.254131793975830078e-01
1.258239150047302246e-01
1.194175630807876587e-01
1.055487543344497681e-01
8.724057674407958984e-02
9.696658700704574585e-02
9.376613795757293701e-02
1.135435700416564941e-01
1.525511741638183594e-01
1.712817847728729248e-01
-5.697417631745338440e-02
-6.420492380857467651e-02
-7.409367710351943970e-02
-8.777341991662979126e-02
-9.219777584075927734e-02
-1.009152010083198547e-01
-9.447000175714492798e-02
-8.159510791301727295e-02
-6.888807564973831177e-02
-4.121321067214012146e-02
-1.463766675442457199e-02
1.788299158215522766e-02
3.838198632001876831e-02
-9.999000000000000000e+03
-9.999000000000000000e+03
-9.999000000000000000e+03
6.094829738140106201e-02
9.937205165624618530e-02
1.397919207811355591e-01
1.392598152160644531e-01
1.248498111963272095e-01
1.056749746203422546e-01
7.300742715597152710e-02
7.478917390108108521e-02
4.396496713161468506e-02
-7.837293669581413269e-03
8.537270128726959229e-03
1.021144166588783264e-02
4.189611226320266724e-02
8.819469809532165527e-02
1.176331937313079834e-01
-8.784032613039016724e-02
-9.632230550050735474e-02
-1.112342625856399536e-01
-1.195090711116790771e-01
-1.193739548325538635e-01
-1.162189915776252747e-01
-1.033083572983741760e-01
-9.035007655620574951e-02
-7.476188987493515015e-02
-5.389591678977012634e-02
-1.998757757246494293e-02
1.269986946135759354e-02
4.139301925897598267e-02
5.028509348630905151e-02
6.955050677061080933e-02
8.294711261987686157e-02
9.069490432739257812e-02
8.141221106052398682e-02
8.870082348585128784e-02
6.061038374900817871e-02
5.365200713276863098e-02
1.647211983799934387e-02
-5.559156835079193115e-02
-4.628585278987884521e-02
-7.939226925373077393e-02
-8.848487585783004761e-02
-6.281201541423797607e-02
-3.830235078930854797e-02
7.971045561134815216e-03
5.717535689473152161e-02
8.782054483890533447e-02
-1.032769083976745605e-01
-1.080583408474922180e-01
-1.158058196306228638e-01
-1.230258047580718994e-01
-1.253141164779663086e-01
-1.157862469553947449e-01
-1.013940051198005676e-01
-8.621840924024581909e-02
-7.448378950357437134e-02
-5.540602281689643860e-02
-1.970260590314865112e-02
3.437663987278938293e-02
5.717038363218307495e-02
7.091913372278213501e-02
7.082330435514450073e-02
6.905781477689743042e-02
4.627763852477073669e-02
-6.995315663516521454e-03
-3.911173716187477112e-02
-8.984591811895370483e-02
-9.991661459207534790e-02
-1.069022715091705322e-01
-1.368188261985778809e-01
-1.259150505065917969e-01
-1.257767677307128906e-01
-1.042494922876358032e-01
-7.693108171224594116e-02
-4.824152588844299316e-02
-1.488940417766571045e-02
2.177197858691215515e-02
4.912799224257469177e-02
-1.065900251269340515e-01
-1.145837679505348206e-01
-1.232935637235641479e-01
-1.236130893230438232e-01
-1.189830601215362549e-01
-1.151512190699577332e-01
-1.033348217606544495e-01
-8.730977773666381836e-02
-6.943469494581222534e-02
-3.352812677621841431e-02
9.428083896636962891e-03
4.933905228972434998e-02
6.722094863653182983e-02
6.782796978950500488e-02
2.628116309642791748e-02
7.791548268869519234e-04
-4.331604018807411194e-02
-9.180579334497451782e-02
-1.173055991530418396e-01
-1.601600199937820435e-01
-1.646708101034164429e-01
-1.660232990980148315e-01
-1.588021963834762573e-01
-1.490482389926910400e-01
-1.372658610343933105e-01
-1.228701397776603699e-01
-8.801598846912384033e-02
-5.744652450084686279e-02
-3.436517342925071716e-02
2.016513375565409660e-03
2.382988296449184418e-02
-7.574315369129180908e-02
-1.029807850718498230e-01
-1.354645341634750366e-01
-1.303219944238662720e-01
-1.096448153257369995e-01
-9.762541949748992920e-02
-9.279334545135498047e-02
-8.778070658445358276e-02
-6.572620570659637451e-02
-1.682160049676895142e-02
2.521669864654541016e-02
3.628219664096832275e-02
2.775388769805431366e-02
5.390374921262264252e-03
-3.711427375674247742e-02
-6.053857505321502686e-02
-1.085215285420417786e-01
-1.514195501804351807e-01
-1.720210611820220947e-01
-1.762118637561798096e-01
-1.653589904308319092e-01
-1.570328027009963989e-01
-1.532885730266571045e-01
-1.578611880540847778e-01
-1.684457808732986450e-01
-1.666523516178131104e-01
-1.235242113471031189e-01
-9.495244175195693970e-02
-6.843012571334838867e-02
-3.026087395846843719e-02
-1.931614056229591370e-02
-5.079922825098037720e-02
-8.521244674921035767e-02
-1.165175735950469971e-01
-1.134128868579864502e-01
-1.027736887335777283e-01
-8.294909447431564331e-02
-7.546523958444595337e-02
-5.996186286211013794e-02
-3.090859018266201019e-02
-2.438157331198453903e-03
1.085607428103685379e-02
6.001709029078483582e-03
-3.800550848245620728e-02
-8.220983296632766724e-02
-1.163674890995025635e-01
-1.263725906610488892e-01
-1.501657366752624512e-01
-1.631878316402435303e-01
-1.738346815109252930e-01
-1.618889719247817993e-01
-1.419235020875930786e-01
-1.378674805164337158e-01
-1.146490126848220825e-01
-1.273500770330429077e-01
-1.076155155897140503e-01
-1.408405452966690063e-01
-1.304279416799545288e-01
-1.229380443692207336e-01
-1.047451123595237732e-01
-8.012086153030395508e-02
-7.603753358125686646e-02
-6.868842244148254395e-02
-7.545982301235198975e-02
-8.314637094736099243e-02
-6.994372606277465820e-02
-7.778956741094589233e-02
-6.700477749109268188e-02
-4.854040592908859253e-02
-4.303593561053276062e-02
-2.142590098083019257e-02
1.912641804665327072e-03
-1.249685510993003845e-02
-5.925652757287025452e-02
-1.016213744878768921e-01
-1.272306889295578003e-01
-1.444677859544754028e-01
-1.505642533302307129e-01
-1.563796997070312500e-01
-1.110239923000335693e-01
-1.356438994407653809e-01
-1.127013489603996277e-01
-1.004892140626907349e-01
-9.999000000000000000e+03
-9.999000000000000000e+03
-9.999000000000000000e+03
-9.999000000000000000e+03
-9.999000000000000000e+03
-9.999000000000000000e+03
-1.308034956455230713e-01
-1.220449209213256836e-01
-1.202732026576995850e-01
-1.306588351726531982e-01
-1.074722260236740112e-01
-8.204729110002517700e-02
-6.694425642490386963e-02
-5.668924003839492798e-02
-6.065554916858673096e-02
-4.523513838648796082e-02
-3.131027519702911377e-02
-2.877225354313850403e-02
-1.757963187992572784e-02
-1.264439057558774948e-02
-3.031442873179912567e-02
-9.815586358308792114e-02
-1.277855187654495239e-01
-1.408545225858688354e-01
-1.378853321075439453e-01
-1.210799217224121094e-01
-1.009458303451538086e-01
-9.999000000000000000e+03
-9.999000000000000000e+03
-9.999000000000000000e+03
-9.999000000000000000e+03
-9.999000000000000000e+03
-9.999000000000000000e+03
-9.999000000000000000e+03
-9.999000000000000000e+03
-9.999000000000000000e+03
-9.999000000000000000e+03
-8.518504351377487183e-02
-1.232086941599845886e-01
-1.515957266092300415e-01
-1.686087995767593384e-01
-1.176851838827133179e-01
-9.140762686729431152e-02
-7.203955948352813721e-02
-6.286199390888214111e-02
-5.566909536719322205e-02
-4.800585657358169556e-02
-4.054864495992660522e-02
-2.510707080364227295e-02
-1.621543057262897491e-02
-5.199059098958969116e-02
-8.172302693128585815e-02
-1.093650385737419128e-01
-1.153348386287689209e-01
-1.233564019203186035e-01
-7.194697856903076172e-02
-7.777017354965209961e-02
-9.999000000000000000e+03
-9.999000000000000000e+03
-9.999000000000000000e+03
-9.999000000000000000e+03
-9.999000000000000000e+03
-9.999000000000000000e+03
-9.999000000000000000e+03
-9.999000000000000000e+03
-9.999000000000000000e+03
-9.999000000000000000e+03
-9.999000000000000000e+03
-9.999000000000000000e+03
-8.149920403957366943e-02
-1.531849950551986694e-01
-1.860018074512481689e-01
-1.271092742681503296e-01
-1.135613769292831421e-01
-9.292145073413848877e-02
-7.785432785749435425e-02
-6.871289014816284180e-02
-5.855909734964370728e-02
-4.812189191579818726e-02
-4.234668239951133728e-02
-5.485186725854873657e-02
-8.536126464605331421e-02
-1.007182747125625610e-01
-9.360485523939132690e-02
-6.881689280271530151e-02
-8.010385185480117798e-02
-9.999000000000000000e+03
-9.999000000000000000e+03
-9.999000000000000000e+03
-9.999000000000000000e+03
-9.999000000000000000e+03
-9.999000000000000000e+03
-9.999000000000000000e+03
-9.999000000000000000e+03
-9.999000000000000000e+03
-9.999000000000000000e+03
-9.999000000000000000e+03
-9.999000000000000000e+03
-9.999000000000000000e+03
-9.999000000000000000e+03
-9.999000000000000000e+03
-1.200013384222984314e-01
-1.660745888948440552e-01
-9.999000000000000000e+03
-8.646266162395477295e-02
-1.104900687932968140e-01
-1.045868992805480957e-01
-9.391134977340698242e-02
-9.012465178966522217e-02
-9.472779184579849243e-02
-9.440890699625015259e-02
-1.156151667237281799e-01
-1.019631624221801758e-01
-8.529522269964218140e-02
-6.505446135997772217e-02
-5.013083666563034058e-02
-9.999000000000000000e+03
-9.999000000000000000e+03
-9.999000000000000000e+03
-9.999000000000000000e+03
-9.999000000000000000e+03
-9.999000000000000000e+03
-9.999000000000000000e+03
-9.999000000000000000e+03
-9.999000000000000000e+03
-9.999000000000000000e+03
-9.999000000000000000e+03
-9.999000000000000000e+03
-9.999000000000000000e+03
-9.999000000000000000e+03
-9.999000000000000000e+03
-9.999000000000000000e+03
-7.842785120010375977e-02
-1.199768260121345520e-01
-9.999000000000000000e+03
-9.999000000000000000e+03
-1.007534116506576538e-01
-1.156127080321311951e-01
-1.152382716536521912e-01
-1.136005818843841553e-01
-1.220347508788108826e-01
-1.225819215178489685e-01
-1.127207353711128235e-01
-6.812518835067749023e-02
-4.114200547337532043e-02
-1.691735908389091492e-02
-9.999000000000000000e+03
-9.999000000000000000e+03
-9.999000000000000000e+03
-9.999000000000000000e+03
-9.999000000000000000e+03
-9.999000000000000000e+03
-9.999000000000000000e+03
-9.999000000000000000e+03
-9.999000000000000000e+03
-9.999000000000000000e+03
-9.999000000000000000e+03
-9.999000000000000000e+03
-9.999000000000000000e+03
-9.999000000000000000e+03
-9.999000000000000000e+03
-9.999000000000000000e+03
-9.999000000000000000e+03
-3.617423027753829956e-02
-6.867903470993041992e-02
-9.999000000000000000e+03
-9.999000000000000000e+03
-6.540703773498535156e-02
-9.183142334222793579e-02
-1.055187210440635681e-01
-1.052689626812934875e-01
-9.933420270681381226e-02
-8.751047402620315552e-02
-6.831745803356170654e-02
-4.372527822852134705e-02
-1.695729047060012817e-02
-1.626404747366905212e-02
-9.999000000000000000e+03
-9.999000000000000000e+03
-9.999000000000000000e+03
-9.999000000000000000e+03
-9.999000000000000000e+03
-9.999000000000000000e+03
-9.999000000000000000e+03
-9.999000000000000000e+03
-9.999000000000000000e+03
-9.999000000000000000e+03
-9.999000000000000000e+03
-9.999000000000000000e+03
-9.999000000000000000e+03
-9.999000000000000000e+03
-9.999000000000000000e+03
-9.999000000000000000e+03
-9.999000000000000000e+03
-9.999000000000000000e+03
-9.999000000000000000e+03
-9.999000000000000000e+03
-9.999000000000000000e+03
-3.067889437079429626e-02
-5.162768810987472534e-02
-6.258205324411392212e-02
-6.338803470134735107e-02
-4.591736942529678345e-02
-4.922577738761901855e-02
-5.300136283040046692e-02
-8.588790893554687500e-02
-6.530965864658355713e-02
-5.417671427130699158e-02
-9.999000000000000000e+03
-9.999000000000000000e+03
-9.999000000000000000e+03
-9.999000000000000000e+03
-9.999000000000000000e+03
-9.999000000000000000e+03
-9.999000000000000000e+03
-9.999000000000000000e+03
-9.999000000000000000e+03
-9.999000000000000000e+03
-9.999000000000000000e+03
-9.999000000000000000e+03
-9.999000000000000000e+03
-9.999000000000000000e+03
-9.999000000000000000e+03
-9.999000000000000000e+03
-9.999000000000000000e+03
-9.999000000000000000e+03
-9.999000000000000000e+03
-9.999000000000000000e+03
-9.999000000000000000e+03
-9.999000000000000000e+03
-3.773104399442672729e-02
-5.414407327771186829e-02
-3.168624639511108398e-02
7.884647697210311890e-03
-4.791678802575916052e-04
-3.078792057931423187e-02
-3.670510277152061462e-02
-7.136269658803939819e-02
-9.999000000000000000e+03
-9.999000000000000000e+03
-9.999000000000000000e+03
-9.999000000000000000e+03
-9.999000000000000000e+03
-9.999000000000000000e+03
-9.999000000000000000e+03
-9.999000000000000000e+03
-9.999000000000000000e+03
-9.999000000000000000e+03
-9.999000000000000000e+03
-9.999000000000000000e+03
-9.999000000000000000e+03
-9.999000000000000000e+03
-9.999000000000000000e+03
-9.999000000000000000e+03
-9.999000000000000000e+03
-9.999000000000000000e+03
-9.999000000000000000e+03
-9.999000000000000000e+03
-9.999000000000000000e+03
-9.999000000000000000e+03
-9.999000000000000000e+03
-4.788665845990180969e-02
-7.292760163545608521e-02
-4.455985128879547119e-02
4.882975190412253141e-05
4.250450059771537781e-02
6.240329705178737640e-03
1.083534210920333862e-01
1.342506557703018188e-01
8.789794892072677612e-02
-9.999000000000000000e+03
-9.999000000000000000e+03
-9.999000000000000000e+03
-9.999000000000000000e+03
-9.999000000000000000e+03
-9.999000000000000000e+03
-9.999000000000000000e+03
-9.999000000000000000e+03
-9.999000000000000000e+03
-9.999000000000000000e+03
-9.999000000000000000e+03
-9.999000000000000000e+03
-9.999000000000000000e+03
-9.999000000000000000e+03
-9.999000000000000000e+03
-9.999000000000000000e+03
-9.999000000000000000e+03
-9.999000000000000000e+03
-9.999000000000000000e+03
-9.999000000000000000e+03
-9.999000000000000000e+03
-9.999000000000000000e+03
-9.999000000000000000e+03
-6.609861552715301514e-02
-6.674700975418090820e-02
-3.234387561678886414e-02
2.328709885478019714e-02
6.797636300325393677e-02
6.971534341573715210e-02
1.613209545612335205e-01
1.538550704717636108e-01
-9.999000000000000000e+03
-9.999000000000000000e+03
-9.999000000000000000e+03
-9.999000000000000000e+03
-9.999000000000000000e+03
-9.999000000000000000e+03
-9.999000000000000000e+03
-9.999000000000000000e+03
-9.999000000000000000e+03
-9.999000000000000000e+03
-9.999000000000000000e+03
-9.999000000000000000e+03
-9.999000000000000000e+03
-9.999000000000000000e+03
-9.999000000000000000e+03
-9.999000000000000000e+03
-9.999000000000000000e+03
-9.999000000000000000e+03
-9.999000000000000000e+03
-9.999000000000000000e+03
-9.999000000000000000e+03
-9.999000000000000000e+03
-9.999000000000000000e+03
-7.409116625785827637e-02
-8.915178477764129639e-02
-8.407832682132720947e-02
-1.113162711262702942e-01
-1.091475635766983032e-01
-1.213316321372985840e-01
-5.003947764635086060e-02
5.135376751422882080e-02
7.537712156772613525e-02
-9.999000000000000000e+03
-9.999000000000000000e+03
-9.999000000000000000e+03
-9.999000000000000000e+03
-9.999000000000000000e+03
-9.999000000000000000e+03
-9.999000000000000000e+03
-9.999000000000000000e+03
-9.999000000000000000e+03
-9.999000000000000000e+03
-9.999000000000000000e+03
-9.999000000000000000e+03
-9.999000000000000000e+03
-9.999000000000000000e+03
-9.999000000000000000e+03
-9.999000000000000000e+03
-9.999000000000000000e+03
-9.999000000000000000e+03
-9.999000000000000000e+03
-9.999000000000000000e+03
-9.999000000000000000e+03
-9.999000000000000000e+03
-6.985719501972198486e-02
-1.325044184923171997e-01
-1.498614549636840820e-01
-1.491528898477554321e-01
-1.563406288623809814e-01
-1.439482420682907104e-01
-1.270260661840438843e-01
-1.313849389553070068e-01
-6.715063005685806274e-02
1.018131710588932037e-02
1.817532442510128021e-02
1.274502649903297424e-02
9.632476605474948883e-03
-9.999000000000000000e+03
-9.999000000000000000e+03
-9.999000000000000000e+03
-9.999000000000000000e+03
-9.999000000000000000e+03
-9.999000000000000000e+03
-9.999000000000000000e+03
-9.999000000000000000e+03
-9.999000000000000000e+03
-9.999000000000000000e+03
-9.999000000000000000e+03
-9.999000000000000000e+03
-9.999000000000000000e+03
-9.999000000000000000e+03
-9.999000000000000000e+03
-9.999000000000000000e+03
-9.999000000000000000e+03
-5.444658547639846802e-02
-7.229751348495483398e-02
-1.121735870838165283e-01
-1.223195716738700867e-01
-1.197676584124565125e-01
-1.234740540385246277e-01
-1.059330776333808899e-01
-9.067769348621368408e-02
-9.038104861974716187e-02
-6.184165924787521362e-02
-2.330310642719268799e-02
-1.439874153584241867e-02
-4.592127166688442230e-03
3.389330347999930382e-03
-9.999000000000000000e+03
-9.999000000000000000e+03
-9.999000000000000000e+03
-9.999000000000000000e+03
-9.999000000000000000e+03
-9.999000000000000000e+03
-9.999000000000000000e+03
-9.999000000000000000e+03
-9.999000000000000000e+03
-9.999000000000000000e+03
-9.999000000000000000e+03
-9.999000000000000000e+03
-9.999000000000000000e+03
-9.999000000000000000e+03
-9.999000000000000000e+03
-3.091588616371154785e-02
-3.929543495178222656e-02
-7.653472572565078735e-02
-1.057147979736328125e-01
-1.049304679036140442e-01
-9.673158824443817139e-02
-8.730287104845046997e-02
-8.402931690216064453e-02
-6.943373382091522217e-02
-6.505976617336273193e-02
-5.829928070306777954e-02
-4.347592964768409729e-02
-2.610515430569648743e-02
-3.692159429192543030e-02
-9.999000000000000000e+03
-9.999000000000000000e+03
-9.999000000000000000e+03
-9.999000000000000000e+03
-9.999000000000000000e+03
-9.999000000000000000e+03
-9.999000000000000000e+03
-9.999000000000000000e+03
-9.999000000000000000e+03
-9.999000000000000000e+03
-9.999000000000000000e+03
-9.999000000000000000e+03
-9.999000000000000000e+03
-9.999000000000000000e+03
-9.999000000000000000e+03
-9.999000000000000000e+03
-2.908634021878242493e-02
-4.367434233427047729e-02
-6.748997420072555542e-02
-1.011440530419349670e-01
-1.238745823502540588e-01
-1.199384927749633789e-01
-1.034700497984886169e-01
-8.091264218091964722e-02
-6.720931082963943481e-02
-6.258123368024826050e-02
-7.294758409261703491e-02
-8.538860082626342773e-02
-9.431756287813186646e-02
-4.858821257948875427e-02
-9.999000000000000000e+03
-9.999000000000000000e+03
-9.999000000000000000e+03
-9.999000000000000000e+03
-9.999000000000000000e+03
-9.999000000000000000e+03
-9.999000000000000000e+03
-9.999000000000000000e+03
-9.999000000000000000e+03
-9.999000000000000000e+03
-9.999000000000000000e+03
-9.999000000000000000e+03
-9.999000000000000000e+03
-9.999000000000000000e+03
-9.999000000000000000e+03
-9.999000000000000000e+03
-9.999000000000000000e+03
-4.752146825194358826e-02
-7.729376107454299927e-02
-1.081589832901954651e-01
-1.188348680734634399e-01
-1.125148832798004150e-01
-1.162325441837310791e-01
-1.094817221164703369e-01
-8.646597713232040405e-02
-5.751295760273933411e-02
-2.344935759902000427e-02
-1.924219168722629547e-02
-4.100305587053298950e-02
-3.727021440863609314e-02
-5.404693260788917542e-02
-9.999000000000000000e+03
-9.999000000000000000e+03
-9.999000000000000000e+03
-9.999000000000000000e+03
-9.999000000000000000e+03
-9.999000000000000000e+03
-9.999000000000000000e+03
-9.999000000000000000e+03
-9.999000000000000000e+03
-9.999000000000000000e+03
-9.999000000000000000e+03
-9.999000000000000000e+03
-9.999000000000000000e+03
-9.999000000000000000e+03
-9.999000000000000000e+03
-9.999000000000000000e+03
-9.999000000000000000e+03
-8.472003787755966187e-02
-1.109794974327087402e-01
-1.150837838649749756e-01
-1.055857762694358826e-01
-8.458546549081802368e-02
-8.602523058652877808e-02
-7.994338124990463257e-02
-6.349936127662658691e-02
-4.583914577960968018e-02
-1.659664697945117950e-02
7.298236247152090073e-03
2.755026519298553467e-02
1.404251344501972198e-02
-9.999000000000000000e+03
-9.999000000000000000e+03
-9.999000000000000000e+03
-9.999000000000000000e+03
-9.999000000000000000e+03
-9.999000000000000000e+03
-9.999000000000000000e+03
-9.999000000000000000e+03
-9.999000000000000000e+03
-9.999000000000000000e+03
-9.999000000000000000e+03
-9.999000000000000000e+03
-9.999000000000000000e+03
-9.999000000000000000e+03
-9.999000000000000000e+03
-9.999000000000000000e+03
-9.999000000000000000e+03
-9.999000000000000000e+03
-8.240106701850891113e-02
-9.508173167705535889e-02
-6.987074017524719238e-02
-5.610789358615875244e-02
-3.666694834828376770e-02
-3.681449592113494873e-02
-3.495404124259948730e-02
-1.426804717630147934e-02
-1.566817052662372589e-02
4.329113289713859558e-03
1.146542187780141830e-02
1.437915023416280746e-02
-9.999000000000000000e+03
-9.999000000000000000e+03
-9.999000000000000000e+03
-9.999000000000000000e+03
-9.999000000000000000e+03
-9.999000000000000000e+03
-9.999000000000000000e+03
-9.999000000000000000e+03
-9.999000000000000000e+03
-9.999000000000000000e+03
-9.999000000000000000e+03
-9.999000000000000000e+03
-9.999000000000000000e+03
-9.999000000000000000e+03
-9.999000000000000000e+03
-9.999000000000000000e+03
-9.999000000000000000e+03
-9.999000000000000000e+03
-9.999000000000000000e+03
-6.652569770812988281e-02
-5.369172990322113037e-02
-3.642477467656135559e-02
-1.654120720922946930e-02
2.541079558432102203e-02
2.964344620704650879e-02
3.179197758436203003e-02
2.318819426000118256e-02
1.515156403183937073e-02
9.676418267190456390e-03
-9.999000000000000000e+03
-9.999000000000000000e+03
-9.999000000000000000e+03
-9.999000000000000000e+03
-9.999000000000000000e+03
-9.999000000000000000e+03
-9.999000000000000000e+03
-9.999000000000000000e+03
-9.999000000000000000e+03
-9.999000000000000000e+03
-9.999000000000000000e+03
-9.999000000000000000e+03
-9.999000000000000000e+03
-9.999000000000000000e+03
-9.999000000000000000e+03
-9.999000000000000000e+03
-9.999000000000000000e+03
-9.999000000000000000e+03
-9.999000000000000000e+03
-9.999000000000000000e+03
-9.999000000000000000e+03
-5.537746846675872803e-02
-2.471321634948253632e-02
1.371497008949518204e-02
3.280756622552871704e-02
5.059752613306045532e-02
4.422367736697196960e-02
-9.999000000000000000e+03
-9.999000000000000000e+03
-9.999000000000000000e+03
-9.999000000000000000e+03
-9.999000000000000000e+03
-9.999000000000000000e+03
-9.999000000000000000e+03
-9.999000000000000000e+03
-9.999000000000000000e+03
-9.999000000000000000e+03
-9.999000000000000000e+03
-9.999000000000000000e+03
-9.999000000000000000e+03
-9.999000000000000000e+03
-9.999000000000000000e+03
-9.999000000000000000e+03
-9.999000000000000000e+03
-9.999000000000000000e+03
-9.999000000000000000e+03
-9.999000000000000000e+03
-9.999000000000000000e+03
-9.999000000000000000e+03
-9.999000000000000000e+03
-9.999000000000000000e+03
-9.999000000000000000e+03
-5.073587223887443542e-02
-2.299898117780685425e-02
2.345127426087856293e-02
-9.999000000000000000e+03
-9.999000000000000000e+03
-9.999000000000000000e+03
-9.999000000000000000e+03
-9.999000000000000000e+03
-9.999000000000000000e+03
-9.999000000000000000e+03
-9.999000000000000000e+03
-9.999000000000000000e+03
-9.999000000000000000e+03
-9.999000000000000000e+03
-9.999000000000000000e+03
-9.999000000000000000e+03
-9.999000000000000000e+03
-9.999000000000000000e+03
-9.999000000000000000e+03
-9.999000000000000000e+03
-9.999000000000000000e+03
-9.999000000000000000e+03
-9.999000000000000000e+03
-9.999000000000000000e+03
-9.999000000000000000e+03
-9.999000000000000000e+03
-9.999000000000000000e+03
-9.999000000000000000e+03
-9.999000000000000000e+03
-9.999000000000000000e+03
-9.999000000000000000e+03
