9.456072002649307251e-02
1.017749533057212830e-01
7.649303972721099854e-02
5.885216221213340759e-02
6.819000095129013062e-02
5.833351239562034607e-02
5.135935917496681213e-02
4.425575956702232361e-02
1.556145492941141129e-02
-5.181249231100082397e-03
-4.678968340158462524e-02
-9.999000000000000000e+03
-9.999000000000000000e+03
-9.999000000000000000e+03
-9.999000000000000000e+03
-9.999000000000000000e+03
-9.999000000000000000e+03
-9.999000000000000000e+03
-9.999000000000000000e+03
-9.999000000000000000e+03
-9.999000000000000000e+03
-9.999000000000000000e+03
-9.999000000000000000e+03
-4.415737837553024292e-02
-6.404253840446472168e-02
-2.066898718476295471e-02
1.338026579469442368e-02
5.623726919293403625e-02
9.128224104642868042e-02
1.131689772009849548e-01
1.172809377312660217e-01
3.091029077768325806e-02
3.989860787987709045e-02
2.973396331071853638e-02
1.970078982412815094e-02
2.394501306116580963e-02
1.429018285125494003e-02
-2.525450894609093666e-03
-7.955702021718025208e-03
-2.596698887646198273e-02
-2.899537235498428345e-02
-3.181079030036926270e-02
-1.682742312550544739e-02
-9.999000000000000000e+03
-9.999000000000000000e+03
-9.999000000000000000e+03
-9.999000000000000000e+03
-9.999000000000000000e+03
-9.999000000000000000e+03
-9.999000000000000000e+03
-9.999000000000000000e+03
-9.999000000000000000e+03
7.356732618063688278e-03
1.659059524536132812e-02
4.514395724982023239e-03
1.476724818348884583e-02
2.245296351611614227e-02
5.006692185997962952e-02
7.963641732931137085e-02
9.515406191349029541e-02
1.035228148102760315e-01
1.178706660866737366e-01
-3.504713252186775208e-02
-2.334671467542648315e-02
-2.822466567158699036e-02
-3.917027637362480164e-02
-2.535525709390640259e-02
-3.919314965605735779e-02
-5.133364722132682800e-02
-4.850545525550842285e-02
-6.210453063249588013e-02
-5.298059061169624329e-02
-4.332959279417991638e-02
-2.753552980720996857e-02
-9.999000000000000000e+03
-9.999000000000000000e+03
-9.999000000000000000e+03
-9.999000000000000000e+03
-9.999000000000000000e+03
-9.999000000000000000e+03
-9.999000000000000000e+03
3.410991653800010681e-02
2.866944670677185059e-02
3.534485027194023132e-02
4.937940463423728943e-02
4.454558342695236206e-02
3.852048143744468689e-02
4.855722188949584961e-02
6.648278236389160156e-02
8.072239160537719727e-02
1.012189239263534546e-01
1.213235184550285339e-01
1.416434794664382935e-01
-1.108460202813148499e-01
-9.908271580934524536e-02
-9.913413226604461670e-02
-1.084604933857917786e-01
-1.025295108556747437e-01
-1.233260929584503174e-01
-1.279399245977401733e-01
-1.083045750856399536e-01
-1.024524196982383728e-01
-7.563897967338562012e-02
-5.605137720704078674e-02
-4.307353869080543518e-02
-2.549217268824577332e-02
-9.999000000000000000e+03
-9.999000000000000000e+03
-9.999000000000000000e+03
2.187410369515419006e-02
2.981989830732345581e-02
4.380780830979347229e-02
2.224734984338283539e-02
2.888568211346864700e-03
2.466527977958321571e-03
-1.478808745741844177e-02
7.781561929732561111e-03
1.201707497239112854e-02
5.640289746224880219e-03
5.215511098504066467e-02
6.993243098258972168e-02
9.395522624254226685e-02
1.132520139217376709e-01
1.210217624902725220e-01
-1.784201562404632568e-01
-1.781924664974212646e-01
-1.823567748069763184e-01
-1.919835358858108521e-01
-1.816544085741043091e-01
-1.873522996902465820e-01
-1.809164434671401978e-01
-1.562824845314025879e-01
-1.406304836273193359e-01
-1.072233244776725769e-01
-6.948465108871459961e-02
-4.298108071088790894e-02
-2.236245013773441315e-02
-7.659520953893661499e-03
2.529699355363845825e-02
2.673727646470069885e-02
1.479166559875011444e-02
-1.232604589313268661e-02
-2.493828348815441132e-02
-6.697106361389160156e-02
-8.190950751304626465e-02
-1.140692904591560364e-01
-1.275961697101593018e-01
-9.293907880783081055e-02
-8.362059295177459717e-02
-6.209615245461463928e-02
-1.731815561652183533e-02
2.086363732814788818e-02
6.575823575258255005e-02
9.976680576801300049e-02
1.132221519947052002e-01
-2.150573581457138062e-01
-2.237849831581115723e-01
-2.401025742292404175e-01
-2.520695328712463379e-01
-2.431895136833190918e-01
-2.355644851922988892e-01
-2.146451622247695923e-01
-1.826590746641159058e-01
-1.605183035135269165e-01
-1.210728213191032410e-01
-7.666213810443878174e-02
-2.522219717502593994e-02
-4.843385540880262852e-04
1.286124251782894135e-02
1.088877301663160324e-02
3.038293216377496719e-03
-3.473309800028800964e-02
-1.027680188417434692e-01
-1.403595358133316040e-01
-1.891344040632247925e-01
-1.993109732866287231e-01
-1.965700984001159668e-01
-2.058082222938537598e-01
-1.697958409786224365e-01
-1.477567404508590698e-01
-1.348395049571990967e-01
-6.981470435857772827e-02
-3.324119746685028076e-02
1.439355686306953430e-02
6.789689511060714722e-02
9.316785633563995361e-02
-2.365701943635940552e-01
-2.479313611984252930e-01
-2.644816040992736816e-01
-2.699272930622100830e-01
-2.646197080612182617e-01
-2.561614811420440674e-01
-2.266051024198532104e-01
-1.875972598791122437e-01
-1.438340097665786743e-01
-1.105405688285827637e-01
-7.504529505968093872e-02
-4.585382714867591858e-02
-1.095604803413152695e-02
4.923508968204259872e-03
-3.613012656569480896e-02
-7.897176593542098999e-02
-1.423840671777725220e-01
-1.966038048267364502e-01
-2.178655415773391724e-01
-2.484049946069717407e-01
-2.556813955307006836e-01
-2.671116292476654053e-01
-2.836453616619110107e-01
-2.652086317539215088e-01
-2.518742084503173828e-01
-2.320239096879959106e-01
-1.639520674943923950e-01
-1.220920458436012268e-01
-6.794756650924682617e-02
-1.057412708178162575e-03
3.147274255752563477e-02
-2.306613475084304810e-01
-2.415534853935241699e-01
-2.538458704948425293e-01
-2.499300241470336914e-01
-2.420280724763870239e-01
-2.211835533380508423e-01
-1.950428783893585205e-01
-1.772775352001190186e-01
-1.404127776622772217e-01
-1.069535091519355774e-01
-8.596336096525192261e-02
-7.383683323860168457e-02
-6.143644079566001892e-02
-6.373289972543716431e-02
-1.050802916288375854e-01
-1.454502046108245850e-01
-2.170419543981552124e-01
-2.438769936561584473e-01
-2.542306780815124512e-01
-2.549529671669006348e-01
-2.511670589447021484e-01
-2.675476968288421631e-01
-2.642102837562561035e-01
-2.690778374671936035e-01
-2.945456206798553467e-01
-2.971900403499603271e-01
-2.384442985057830811e-01
-1.928665339946746826e-01
-1.422451883554458618e-01
-7.500004023313522339e-02
-5.140613764524459839e-02
-2.139484733343124390e-01
-2.180676460266113281e-01
-2.199064642190933228e-01
-2.094022929668426514e-01
-2.091473937034606934e-01
-1.779968291521072388e-01
-1.577508300542831421e-01
-1.447017192840576172e-01
-1.240491122007369995e-01
-1.079839691519737244e-01
-9.834794700145721436e-02
-9.828387200832366943e-02
-1.143282353878021240e-01
-1.437565386295318604e-01
-1.905599385499954224e-01
-2.073304951190948486e-01
-2.324439287185668945e-01
-2.322437763214111328e-01
-2.339230328798294067e-01
-2.086872607469558716e-01
-1.684729009866714478e-01
-1.600960493087768555e-01
-1.251887381076812744e-01
-1.565509289503097534e-01
-1.332376301288604736e-01
-2.357587218284606934e-01
-2.325005531311035156e-01
-2.253241389989852905e-01
-1.856421530246734619e-01
-1.376177668571472168e-01
-1.154039427638053894e-01
-1.940858513116836548e-01
-1.892483681440353394e-01
-1.859470903873443604e-01
-1.709212958812713623e-01
-1.690695285797119141e-01
-1.546247452497482300e-01
-1.355388909578323364e-01
-1.286918818950653076e-01
-1.113497242331504822e-01
-1.160007342696189880e-01
-1.282081753015518188e-01
-1.555551439523696899e-01
-1.764190495014190674e-01
-1.953861713409423828e-01
-2.194049656391143799e-01
-2.221929281949996948e-01
-2.228403538465499878e-01
-1.574728339910507202e-01
-1.749272048473358154e-01
-1.246099919080734253e-01
-9.451477229595184326e-02
-9.999000000000000000e+03
-9.999000000000000000e+03
-9.999000000000000000e+03
-9.999000000000000000e+03
-9.999000000000000000e+03
-9.999000000000000000e+03
-2.410151958465576172e-01
-2.163860648870468140e-01
-1.781376600265502930e-01
-1.582869738340377808e-01
-1.531459689140319824e-01
-1.441620290279388428e-01
-1.454227119684219360e-01
-1.376027017831802368e-01
-1.405484825372695923e-01
-1.334904879331588745e-01
-1.220842003822326660e-01
-1.136714965105056763e-01
-1.188916265964508057e-01
-1.414131820201873779e-01
-1.580431312322616577e-01
-1.995780169963836670e-01
-2.094704955816268921e-01
-2.162605971097946167e-01
-2.068085521459579468e-01
-1.768319606781005859e-01
-1.455182880163192749e-01
-9.999000000000000000e+03
-9.999000000000000000e+03
-9.999000000000000000e+03
-9.999000000000000000e+03
-9.999000000000000000e+03
-9.999000000000000000e+03
-9.999000000000000000e+03
-9.999000000000000000e+03
-9.999000000000000000e+03
-9.999000000000000000e+03
-1.353469789028167725e-01
-1.938395351171493530e-01
-2.209310829639434814e-01
-2.124895304441452026e-01
-1.437914222478866577e-01
-1.271379292011260986e-01
-1.175624877214431763e-01
-1.089771687984466553e-01
-1.088620275259017944e-01
-1.146084591746330261e-01
-1.146582588553428650e-01
-1.119256466627120972e-01
-1.403035819530487061e-01
-1.712308675050735474e-01
-1.845708787441253662e-01
-1.929965466260910034e-01
-1.908136904239654541e-01
-1.973555684089660645e-01
-1.120613440871238708e-01
-1.167690157890319824e-01
-9.999000000000000000e+03
-9.999000000000000000e+03
-9.999000000000000000e+03
-9.999000000000000000e+03
-9.999000000000000000e+03
-9.999000000000000000e+03
-9.999000000000000000e+03
-9.999000000000000000e+03
-9.999000000000000000e+03
-9.999000000000000000e+03
-9.999000000000000000e+03
-9.999000000000000000e+03
-1.225331351161003113e-01
-2.230839431285858154e-01
-2.463285923004150391e-01
-1.785476803779602051e-01
-1.458995789289474487e-01
-1.159230321645736694e-01
-9.254998713731765747e-02
-8.685589581727981567e-02
-8.935590833425521851e-02
-8.711589872837066650e-02
-1.088202297687530518e-01
-1.400968879461288452e-01
-1.582173407077789307e-01
-1.678968220949172974e-01
-1.640256643295288086e-01
-1.137789413332939148e-01
-1.284263134002685547e-01
-9.999000000000000000e+03
-9.999000000000000000e+03
-9.999000000000000000e+03
-9.999000000000000000e+03
-9.999000000000000000e+03
-9.999000000000000000e+03
-9.999000000000000000e+03
-9.999000000000000000e+03
-9.999000000000000000e+03
-9.999000000000000000e+03
-9.999000000000000000e+03
-9.999000000000000000e+03
-9.999000000000000000e+03
-9.999000000000000000e+03
-9.999000000000000000e+03
-1.925574988126754761e-01
-2.532600462436676025e-01
-9.999000000000000000e+03
-9.762466698884963989e-02
-1.151960417628288269e-01
-9.758117049932479858e-02
-7.883120328187942505e-02
-7.347165793180465698e-02
-7.420579344034194946e-02
-1.066949740052223206e-01
-1.272795349359512329e-01
-1.251708567142486572e-01
-1.287200152873992920e-01
-1.114365309476852417e-01
-8.451143652200698853e-02
-9.999000000000000000e+03
-9.999000000000000000e+03
-9.999000000000000000e+03
-9.999000000000000000e+03
-9.999000000000000000e+03
-9.999000000000000000e+03
-9.999000000000000000e+03
-9.999000000000000000e+03
-9.999000000000000000e+03
-9.999000000000000000e+03
-9.999000000000000000e+03
-9.999000000000000000e+03
-9.999000000000000000e+03
-9.999000000000000000e+03
-9.999000000000000000e+03
-9.999000000000000000e+03
-1.474240720272064209e-01
-2.121610343456268311e-01
-9.999000000000000000e+03
-9.999000000000000000e+03
-1.048610657453536987e-01
-9.908917546272277832e-02
-7.941914349794387817e-02
-6.887378543615341187e-02
-8.096598833799362183e-02
-9.631324559450149536e-02
-9.544702619314193726e-02
-8.947078138589859009e-02
-8.801598846912384033e-02
-3.989828377962112427e-02
-9.999000000000000000e+03
-9.999000000000000000e+03
-9.999000000000000000e+03
-9.999000000000000000e+03
-9.999000000000000000e+03
-9.999000000000000000e+03
-9.999000000000000000e+03
-9.999000000000000000e+03
-9.999000000000000000e+03
-9.999000000000000000e+03
-9.999000000000000000e+03
-9.999000000000000000e+03
-9.999000000000000000e+03
-9.999000000000000000e+03
-9.999000000000000000e+03
-9.999000000000000000e+03
-9.999000000000000000e+03
-7.923134416341781616e-02
-1.284900158643722534e-01
-9.999000000000000000e+03
-9.999000000000000000e+03
-6.130558997392654419e-02
-7.724256068468093872e-02
-7.649000734090805054e-02
-6.200219318270683289e-02
-6.476595252752304077e-02
-5.922673270106315613e-02
-5.989799648523330688e-02
-4.612744972109794617e-02
-4.364566132426261902e-02
-2.690194919705390930e-02
-9.999000000000000000e+03
-9.999000000000000000e+03
-9.999000000000000000e+03
-9.999000000000000000e+03
-9.999000000000000000e+03
-9.999000000000000000e+03
-9.999000000000000000e+03
-9.999000000000000000e+03
-9.999000000000000000e+03
-9.999000000000000000e+03
-9.999000000000000000e+03
-9.999000000000000000e+03
-9.999000000000000000e+03
-9.999000000000000000e+03
-9.999000000000000000e+03
-9.999000000000000000e+03
-9.999000000000000000e+03
-9.999000000000000000e+03
-9.999000000000000000e+03
-9.999000000000000000e+03
-9.999000000000000000e+03
-3.027870692312717438e-02
-4.499167203903198242e-02
-5.182626098394393921e-02
-5.323003605008125305e-02
-2.972063049674034119e-02
-1.812025532126426697e-02
-1.058919541537761688e-02
6.867076735943555832e-03
-8.427074179053306580e-03
-1.074466202408075333e-02
-9.999000000000000000e+03
-9.999000000000000000e+03
-9.999000000000000000e+03
-9.999000000000000000e+03
-9.999000000000000000e+03
-9.999000000000000000e+03
-9.999000000000000000e+03
-9.999000000000000000e+03
-9.999000000000000000e+03
-9.999000000000000000e+03
-9.999000000000000000e+03
-9.999000000000000000e+03
-9.999000000000000000e+03
-9.999000000000000000e+03
-9.999000000000000000e+03
-9.999000000000000000e+03
-9.999000000000000000e+03
-9.999000000000000000e+03
-9.999000000000000000e+03
-9.999000000000000000e+03
-9.999000000000000000e+03
-9.999000000000000000e+03
-3.027958609163761139e-02
-4.295698925852775574e-02
-4.195371270179748535e-02
3.157886862754821777e-02
2.544744871556758881e-02
3.234631940722465515e-02
6.056839227676391602e-02
3.744092583656311035e-02
-9.999000000000000000e+03
-9.999000000000000000e+03
-9.999000000000000000e+03
-9.999000000000000000e+03
-9.999000000000000000e+03
-9.999000000000000000e+03
-9.999000000000000000e+03
-9.999000000000000000e+03
-9.999000000000000000e+03
-9.999000000000000000e+03
-9.999000000000000000e+03
-9.999000000000000000e+03
-9.999000000000000000e+03
-9.999000000000000000e+03
-9.999000000000000000e+03
-9.999000000000000000e+03
-9.999000000000000000e+03
-9.999000000000000000e+03
-9.999000000000000000e+03
-9.999000000000000000e+03
-9.999000000000000000e+03
-9.999000000000000000e+03
-9.999000000000000000e+03
-1.546448934823274612e-02
-4.458730295300483704e-02
-3.616579249501228333e-02
-3.955723252147436142e-03
1.621150039136409760e-02
2.596206031739711761e-02
1.019477918744087219e-01
1.705901026725769043e-01
1.268049627542495728e-01
-9.999000000000000000e+03
-9.999000000000000000e+03
-9.999000000000000000e+03
-9.999000000000000000e+03
-9.999000000000000000e+03
-9.999000000000000000e+03
-9.999000000000000000e+03
-9.999000000000000000e+03
-9.999000000000000000e+03
-9.999000000000000000e+03
-9.999000000000000000e+03
-9.999000000000000000e+03
-9.999000000000000000e+03
-9.999000000000000000e+03
-9.999000000000000000e+03
-9.999000000000000000e+03
-9.999000000000000000e+03
-9.999000000000000000e+03
-9.999000000000000000e+03
-9.999000000000000000e+03
-9.999000000000000000e+03
-9.999000000000000000e+03
-9.999000000000000000e+03
-4.062846302986145020e-02
-3.054502420127391815e-02
-4.064575955271720886e-02
-4.494568333029747009e-02
1.411087578162550926e-03
3.431769087910652161e-02
1.642661392688751221e-01
1.888862252235412598e-01
-9.999000000000000000e+03
-9.999000000000000000e+03
-9.999000000000000000e+03
-9.999000000000000000e+03
-9.999000000000000000e+03
-9.999000000000000000e+03
-9.999000000000000000e+03
-9.999000000000000000e+03
-9.999000000000000000e+03
-9.999000000000000000e+03
-9.999000000000000000e+03
-9.999000000000000000e+03
-9.999000000000000000e+03
-9.999000000000000000e+03
-9.999000000000000000e+03
-9.999000000000000000e+03
-9.999000000000000000e+03
-9.999000000000000000e+03
-9.999000000000000000e+03
-9.999000000000000000e+03
-9.999000000000000000e+03
-9.999000000000000000e+03
-9.999000000000000000e+03
-6.437534838914871216e-02
-7.948718965053558350e-02
-1.048569455742835999e-01
-1.228271499276161194e-01
-1.188116297125816345e-01
-1.127050220966339111e-01
-4.910747706890106201e-02
3.833697363734245300e-02
3.495541214942932129e-02
-9.999000000000000000e+03
-9.999000000000000000e+03
-9.999000000000000000e+03
-9.999000000000000000e+03
-9.999000000000000000e+03
-9.999000000000000000e+03
-9.999000000000000000e+03
-9.999000000000000000e+03
-9.999000000000000000e+03
-9.999000000000000000e+03
-9.999000000000000000e+03
-9.999000000000000000e+03
-9.999000000000000000e+03
-9.999000000000000000e+03
-9.999000000000000000e+03
-9.999000000000000000e+03
-9.999000000000000000e+03
-9.999000000000000000e+03
-9.999000000000000000e+03
-9.999000000000000000e+03
-9.999000000000000000e+03
-9.999000000000000000e+03
-6.393407285213470459e-02
-1.056150496006011963e-01
-1.184486150741577148e-01
-1.129709556698799133e-01
-1.082712411880493164e-01
-9.551345556974411011e-02
-1.048247814178466797e-01
-9.522051364183425903e-02
-5.557648837566375732e-02
-2.870647422969341278e-02
-4.117627441883087158e-02
-5.269518122076988220e-02
-3.989852964878082275e-02
-9.999000000000000000e+03
-9.999000000000000000e+03
-9.999000000000000000e+03
-9.999000000000000000e+03
-9.999000000000000000e+03
-9.999000000000000000e+03
-9.999000000000000000e+03
-9.999000000000000000e+03
-9.999000000000000000e+03
-9.999000000000000000e+03
-9.999000000000000000e+03
-9.999000000000000000e+03
-9.999000000000000000e+03
-9.999000000000000000e+03
-9.999000000000000000e+03
-9.999000000000000000e+03
-9.999000000000000000e+03
-5.972306802868843079e-02
-5.688504129648208618e-02
-5.547828227281570435e-02
-3.744379431009292603e-02
-5.781357362866401672e-02
-7.499296218156814575e-02
-7.441772520542144775e-02
-7.482533156871795654e-02
-6.884579360485076904e-02
-1.297326665371656418e-02
4.395183641463518143e-03
-4.187110438942909241e-02
-3.196734562516212463e-02
-4.109661653637886047e-02
-9.999000000000000000e+03
-9.999000000000000000e+03
-9.999000000000000000e+03
-9.999000000000000000e+03
-9.999000000000000000e+03
-9.999000000000000000e+03
-9.999000000000000000e+03
-9.999000000000000000e+03
-9.999000000000000000e+03
-9.999000000000000000e+03
-9.999000000000000000e+03
-9.999000000000000000e+03
-9.999000000000000000e+03
-9.999000000000000000e+03
-9.999000000000000000e+03
-4.741064831614494324e-02
-5.396888777613639832e-02
-9.480566531419754028e-02
-8.151835203170776367e-02
-5.217706412076950073e-02
-2.973248437047004700e-02
-2.444431371986865997e-02
-4.661459848284721375e-02
-7.405855506658554077e-02
-7.871701568365097046e-02
-5.558270961046218872e-02
-4.503255710005760193e-02
-1.889816857874393463e-02
-2.936305105686187744e-02
-9.999000000000000000e+03
-9.999000000000000000e+03
-9.999000000000000000e+03
-9.999000000000000000e+03
-9.999000000000000000e+03
-9.999000000000000000e+03
-9.999000000000000000e+03
-9.999000000000000000e+03
-9.999000000000000000e+03
-9.999000000000000000e+03
-9.999000000000000000e+03
-9.999000000000000000e+03
-9.999000000000000000e+03
-9.999000000000000000e+03
-9.999000000000000000e+03
-9.999000000000000000e+03
-5.223843827843666077e-02
-5.892108753323554993e-02
-6.197879463434219360e-02
-8.485448360443115234e-02
-9.543292224407196045e-02
-6.922284513711929321e-02
-3.679230809211730957e-02
-2.130891568958759308e-02
-2.489635348320007324e-02
-3.624672815203666687e-02
-7.023618370294570923e-02
-1.029949784278869629e-01
-1.130341812968254089e-01
-9.262110292911529541e-02
-9.999000000000000000e+03
-9.999000000000000000e+03
-9.999000000000000000e+03
-9.999000000000000000e+03
-9.999000000000000000e+03
-9.999000000000000000e+03
-9.999000000000000000e+03
-9.999000000000000000e+03
-9.999000000000000000e+03
-9.999000000000000000e+03
-9.999000000000000000e+03
-9.999000000000000000e+03
-9.999000000000000000e+03
-9.999000000000000000e+03
-9.999000000000000000e+03
-9.999000000000000000e+03
-9.999000000000000000e+03
-7.829149812459945679e-02
-1.044219508767127991e-01
-1.015666648745536804e-01
-1.037488207221031189e-01
-9.867507219314575195e-02
-8.032312244176864624e-02
-5.517839267849922180e-02
-3.236519545316696167e-02
-1.496645156294107437e-02
5.805712193250656128e-03
-8.533937856554985046e-03
-5.717920511960983276e-02
-7.289949804544448853e-02
-9.360913932323455811e-02
-9.999000000000000000e+03
-9.999000000000000000e+03
-9.999000000000000000e+03
-9.999000000000000000e+03
-9.999000000000000000e+03
-9.999000000000000000e+03
-9.999000000000000000e+03
-9.999000000000000000e+03
-9.999000000000000000e+03
-9.999000000000000000e+03
-9.999000000000000000e+03
-9.999000000000000000e+03
-9.999000000000000000e+03
-9.999000000000000000e+03
-9.999000000000000000e+03
-9.999000000000000000e+03
-9.999000000000000000e+03
-9.843465685844421387e-02
-1.098072379827499390e-01
-1.118266731500625610e-01
-1.047974377870559692e-01
-9.083023667335510254e-02
-7.183001190423965454e-02
-4.886797070503234863e-02
-2.402194030582904816e-02
-5.156146362423896790e-03
1.452248892746865749e-03
-1.058701891452074051e-02
-2.170730754733085632e-02
-3.272626176476478577e-02
-9.999000000000000000e+03
-9.999000000000000000e+03
-9.999000000000000000e+03
-9.999000000000000000e+03
-9.999000000000000000e+03
-9.999000000000000000e+03
-9.999000000000000000e+03
-9.999000000000000000e+03
-9.999000000000000000e+03
-9.999000000000000000e+03
-9.999000000000000000e+03
-9.999000000000000000e+03
-9.999000000000000000e+03
-9.999000000000000000e+03
-9.999000000000000000e+03
-9.999000000000000000e+03
-9.999000000000000000e+03
-9.999000000000000000e+03
-6.629006564617156982e-02
-6.247800961136817932e-02
-6.093737110495567322e-02
-6.329637020826339722e-02
-4.137272015213966370e-02
-3.070606105029582977e-02
-2.361814863979816437e-02
-2.931588329374790192e-03
1.314945612102746964e-02
3.657951205968856812e-02
6.712383124977350235e-03
-2.880493551492691040e-02
-9.999000000000000000e+03
-9.999000000000000000e+03
-9.999000000000000000e+03
-9.999000000000000000e+03
-9.999000000000000000e+03
-9.999000000000000000e+03
-9.999000000000000000e+03
-9.999000000000000000e+03
-9.999000000000000000e+03
-9.999000000000000000e+03
-9.999000000000000000e+03
-9.999000000000000000e+03
-9.999000000000000000e+03
-9.999000000000000000e+03
-9.999000000000000000e+03
-9.999000000000000000e+03
-9.999000000000000000e+03
-9.999000000000000000e+03
-9.999000000000000000e+03
-3.255520015954971313e-02
-2.479984611272811890e-02
-1.705650240182876587e-02
-1.627423800528049469e-02
4.425403475761413574e-02
5.383710935711860657e-02
4.635635390877723694e-02
2.858195267617702484e-02
1.967609673738479614e-02
1.584115810692310333e-02
-9.999000000000000000e+03
-9.999000000000000000e+03
-9.999000000000000000e+03
-9.999000000000000000e+03
-9.999000000000000000e+03
-9.999000000000000000e+03
-9.999000000000000000e+03
-9.999000000000000000e+03
-9.999000000000000000e+03
-9.999000000000000000e+03
-9.999000000000000000e+03
-9.999000000000000000e+03
-9.999000000000000000e+03
-9.999000000000000000e+03
-9.999000000000000000e+03
-9.999000000000000000e+03
-9.999000000000000000e+03
-9.999000000000000000e+03
-9.999000000000000000e+03
-9.999000000000000000e+03
-9.999000000000000000e+03
-7.001527119427919388e-03
2.506168000400066376e-02
5.458440631628036499e-02
7.908301800489425659e-02
9.959870576858520508e-02
8.043134957551956177e-02
-9.999000000000000000e+03
-9.999000000000000000e+03
-9.999000000000000000e+03
-9.999000000000000000e+03
-9.999000000000000000e+03
-9.999000000000000000e+03
-9.999000000000000000e+03
-9.999000000000000000e+03
-9.999000000000000000e+03
-9.999000000000000000e+03
-9.999000000000000000e+03
-9.999000000000000000e+03
-9.999000000000000000e+03
-9.999000000000000000e+03
-9.999000000000000000e+03
-9.999000000000000000e+03
-9.999000000000000000e+03
-9.999000000000000000e+03
-9.999000000000000000e+03
-9.999000000000000000e+03
-9.999000000000000000e+03
-9.999000000000000000e+03
-9.999000000000000000e+03
-9.999000000000000000e+03
-9.999000000000000000e+03
1.680444074736442417e-05
1.693947985768318176e-02
6.909738481044769287e-02
-9.999000000000000000e+03
-9.999000000000000000e+03
-9.999000000000000000e+03
-9.999000000000000000e+03
-9.999000000000000000e+03
-9.999000000000000000e+03
-9.999000000000000000e+03
-9.999000000000000000e+03
-9.999000000000000000e+03
-9.999000000000000000e+03
-9.999000000000000000e+03
-9.999000000000000000e+03
-9.999000000000000000e+03
-9.999000000000000000e+03
-9.999000000000000000e+03
-9.999000000000000000e+03
-9.999000000000000000e+03
-9.999000000000000000e+03
-9.999000000000000000e+03
-9.999000000000000000e+03
-9.999000000000000000e+03
-9.999000000000000000e+03
-9.999000000000000000e+03
-9.999000000000000000e+03
-9.999000000000000000e+03
-9.999000000000000000e+03
-9.999000000000000000e+03
-9.999000000000000000e+03
