-1.611562073230743408e-01
-1.146983727812767029e-01
-7.150362432003021240e-02
-2.368462458252906799e-02
3.508599102497100830e-02
1.074172183871269226e-01
1.786185950040817261e-01
2.335110306739807129e-01
2.818410396575927734e-01
3.120084106922149658e-01
3.078242242336273193e-01
-9.999000000000000000e+03
-9.999000000000000000e+03
-9.999000000000000000e+03
-9.999000000000000000e+03
-9.999000000000000000e+03
-9.999000000000000000e+03
-9.999000000000000000e+03
-9.999000000000000000e+03
-9.999000000000000000e+03
-9.999000000000000000e+03
-9.999000000000000000e+03
-9.999000000000000000e+03
1.386978197842836380e-02
-3.055874956771731377e-03
1.229256764054298401e-02
3.286369889974594116e-02
2.542065829038619995e-02
3.288816288113594055e-02
3.008823469281196594e-02
4.988770559430122375e-02
-1.410782635211944580e-01
-1.045061126351356506e-01
-6.333574652671813965e-02
-1.515532750636339188e-02
5.145176500082015991e-02
1.362223327159881592e-01
2.058648616075515747e-01
2.529285550117492676e-01
2.814474105834960938e-01
3.072769343852996826e-01
3.093990683555603027e-01
1.861088126897811890e-01
-9.999000000000000000e+03
-9.999000000000000000e+03
-9.999000000000000000e+03
-9.999000000000000000e+03
-9.999000000000000000e+03
-9.999000000000000000e+03
-9.999000000000000000e+03
-9.999000000000000000e+03
-9.999000000000000000e+03
8.344239555299282074e-03
1.093987468630075455e-02
1.013753283768892288e-02
-1.074069831520318985e-02
-3.556858748197555542e-03
-8.531481958925724030e-03
-3.001331584528088570e-03
5.357818678021430969e-03
2.098809927701950073e-02
4.082817584276199341e-02
-1.408831477165222168e-01
-9.047531336545944214e-02
-4.443180188536643982e-02
1.942345686256885529e-02
8.352837711572647095e-02
1.490255147218704224e-01
2.042880952358245850e-01
2.486704289913177490e-01
2.667221128940582275e-01
2.926187813282012939e-01
2.898455858230590820e-01
2.028163373470306396e-01
-9.999000000000000000e+03
-9.999000000000000000e+03
-9.999000000000000000e+03
-9.999000000000000000e+03
-9.999000000000000000e+03
-9.999000000000000000e+03
-9.999000000000000000e+03
-7.665189914405345917e-03
5.388425197452306747e-03
1.426026038825511932e-02
7.753490004688501358e-03
5.056840833276510239e-03
3.066601930186152458e-03
3.570101223886013031e-03
-5.998409353196620941e-03
-1.400129869580268860e-02
-1.105234678834676743e-02
5.466270260512828827e-03
2.203978411853313446e-02
-1.192435622215270996e-01
-7.991426438093185425e-02
-4.410592094063758850e-02
1.882378198206424713e-02
9.966366738080978394e-02
1.580458581447601318e-01
1.944619268178939819e-01
2.277558445930480957e-01
2.445203065872192383e-01
2.666750252246856689e-01
2.742395699024200439e-01
2.191819399595260620e-01
1.164604201912879944e-01
-9.999000000000000000e+03
-9.999000000000000000e+03
-9.999000000000000000e+03
-4.243246465921401978e-02
-4.921379685401916504e-02
-3.578462451696395874e-02
-9.066392667591571808e-03
1.442288793623447418e-02
2.108712680637836456e-02
2.747425995767116547e-02
2.170621044933795929e-02
1.574098505079746246e-02
4.556288011372089386e-03
-1.516264583915472031e-02
-3.757382184267044067e-02
-4.674815386533737183e-02
-3.119786083698272705e-02
-1.102328486740589142e-02
-1.028486713767051697e-01
-5.645406991243362427e-02
-8.938859216868877411e-03
4.152030870318412781e-02
9.400901943445205688e-02
1.357123404741287231e-01
1.686158627271652222e-01
2.038960754871368408e-01
2.163348048925399780e-01
2.172310352325439453e-01
2.030429691076278687e-01
1.480985879898071289e-01
8.642707765102386475e-02
3.082889877259731293e-02
-3.228448331356048584e-02
-5.758697167038917542e-02
-6.034335494041442871e-02
-4.986666515469551086e-02
-3.060617484152317047e-02
7.049805484712123871e-03
4.021218046545982361e-02
4.659683629870414734e-02
6.222411990165710449e-02
4.076377674937248230e-02
1.654268056154251099e-02
-1.888945885002613068e-02
-4.519026353955268860e-02
-7.175263762474060059e-02
-8.136187493801116943e-02
-5.950567871332168579e-02
-3.331845998764038086e-02
-7.930796593427658081e-02
-4.144279658794403076e-02
1.620381604880094528e-03
5.907775089144706726e-02
1.008242145180702209e-01
1.295786648988723755e-01
1.447090655565261841e-01
1.686971634626388550e-01
1.785354763269424438e-01
1.777413487434387207e-01
1.381438076496124268e-01
8.614665269851684570e-02
4.736592248082160950e-02
8.368887007236480713e-03
-1.700818538665771484e-02
-3.724339604377746582e-02
-3.203742206096649170e-02
-3.474481869488954544e-03
2.416907623410224915e-02
7.784456759691238403e-02
9.668808430433273315e-02
9.103052318096160889e-02
7.330477982759475708e-02
4.075032845139503479e-02
-4.910034593194723129e-03
-5.518072843551635742e-02
-8.336611092090606689e-02
-1.060447916388511658e-01
-1.087008863687515259e-01
-8.789592236280441284e-02
-6.218223646283149719e-02
-4.889731854200363159e-02
-3.541530109941959381e-03
4.049789160490036011e-02
8.069181442260742188e-02
1.056520715355873108e-01
1.275850385427474976e-01
1.359325200319290161e-01
1.511546522378921509e-01
1.556540876626968384e-01
1.378141194581985474e-01
1.080869510769844055e-01
7.144144922494888306e-02
4.326245933771133423e-02
1.594244688749313354e-02
1.230313442647457123e-02
1.203289162367582321e-02
3.369705006480216980e-02
6.284201890230178833e-02
7.747536152601242065e-02
1.181381717324256897e-01
1.130856648087501526e-01
8.658494055271148682e-02
3.953255340456962585e-02
8.806447498500347137e-03
-3.425965458154678345e-02
-7.364091277122497559e-02
-1.077292561531066895e-01
-1.318389922380447388e-01
-1.337591707706451416e-01
-1.049536168575286865e-01
-8.453217893838882446e-02
-2.137575857341289520e-02
9.174278937280178070e-03
6.059933826327323914e-02
9.431857615709304810e-02
1.144794225692749023e-01
1.322282850742340088e-01
1.426172256469726562e-01
1.461258679628372192e-01
1.495666503906250000e-01
1.101259812712669373e-01
7.151498645544052124e-02
3.419400751590728760e-02
3.473827242851257324e-02
3.785732761025428772e-02
5.182011798024177551e-02
6.098456308245658875e-02
9.284058213233947754e-02
1.077901050448417664e-01
1.120370104908943176e-01
1.065391004085540771e-01
9.233065694570541382e-02
7.311012595891952515e-02
3.946418315172195435e-02
-4.464892670512199402e-03
-6.138802319765090942e-02
-1.095867455005645752e-01
-1.457459777593612671e-01
-1.732946485280990601e-01
-1.764310002326965332e-01
-1.374052613973617554e-01
-1.133795082569122314e-01
6.848676130175590515e-03
2.957201376557350159e-02
5.583807453513145447e-02
7.139933109283447266e-02
9.657645970582962036e-02
1.251510679721832275e-01
1.489936560392379761e-01
1.385241746902465820e-01
1.100680530071258545e-01
6.857573240995407104e-02
4.206368699669837952e-02
2.508582547307014465e-02
4.912105575203895569e-02
7.276069372892379761e-02
9.730325639247894287e-02
1.036024838685989380e-01
1.109687685966491699e-01
1.007460504770278931e-01
9.201803058385848999e-02
7.925460487604141235e-02
6.458432972431182861e-02
5.570616573095321655e-02
3.043776191771030426e-02
4.565338604152202606e-03
-2.509261853992938995e-02
-1.021925508975982666e-01
-1.585245579481124878e-01
-2.153201997280120850e-01
-2.148236036300659180e-01
-1.788304597139358521e-01
-1.330293118953704834e-01
1.082366146147251129e-02
3.481809049844741821e-02
4.910996183753013611e-02
4.632616043090820312e-02
7.975988835096359253e-02
1.170105040073394775e-01
1.298715323209762573e-01
1.201470047235488892e-01
8.338491618633270264e-02
4.096385836601257324e-02
2.997355163097381592e-02
5.360828712582588196e-02
7.532303035259246826e-02
9.135268628597259521e-02
1.060613915324211121e-01
1.138339191675186157e-01
1.003857180476188660e-01
5.489524453878402710e-02
4.261999204754829407e-02
2.322090789675712585e-02
3.879991173744201660e-02
-9.999000000000000000e+03
-9.999000000000000000e+03
-9.999000000000000000e+03
-9.999000000000000000e+03
-9.999000000000000000e+03
-9.999000000000000000e+03
-1.626904010772705078e-01
-2.109135687351226807e-01
-1.953303366899490356e-01
-1.360327899456024170e-01
-8.358112536370754242e-03
1.009583286941051483e-02
2.445636130869388580e-02
3.042948432266712189e-02
7.006489485502243042e-02
1.000539213418960571e-01
1.002022624015808105e-01
9.116275608539581299e-02
6.035943701863288879e-02
4.313620179891586304e-02
4.561598971486091614e-02
9.126700460910797119e-02
8.919179439544677734e-02
9.539335966110229492e-02
9.421571344137191772e-02
9.310398995876312256e-02
1.012000814080238342e-01
-9.999000000000000000e+03
-9.999000000000000000e+03
-9.999000000000000000e+03
-9.999000000000000000e+03
-9.999000000000000000e+03
-9.999000000000000000e+03
-9.999000000000000000e+03
-9.999000000000000000e+03
-9.999000000000000000e+03
-9.999000000000000000e+03
-1.280475854873657227e-01
-1.836261302232742310e-01
-1.938369125127792358e-01
-1.487006992101669312e-01
-4.185036197304725647e-02
-2.564692683517932892e-02
-2.313812030479311943e-03
3.052517026662826538e-02
5.242776125669479370e-02
6.970279663801193237e-02
8.343283832073211670e-02
7.544437050819396973e-02
4.967032745480537415e-02
8.328064531087875366e-02
9.441558271646499634e-02
1.000567525625228882e-01
9.269642829895019531e-02
8.747010678052902222e-02
4.829980805516242981e-02
5.259089544415473938e-02
-9.999000000000000000e+03
-9.999000000000000000e+03
-9.999000000000000000e+03
-9.999000000000000000e+03
-9.999000000000000000e+03
-9.999000000000000000e+03
-9.999000000000000000e+03
-9.999000000000000000e+03
-9.999000000000000000e+03
-9.999000000000000000e+03
-9.999000000000000000e+03
-9.999000000000000000e+03
-1.115236207842826843e-01
-1.531212627887725830e-01
-1.065484210848808289e-01
-7.397612184286117554e-02
-6.954041868448257446e-02
-3.302067145705223083e-02
1.738093793392181396e-02
4.237843304872512817e-02
7.099838554859161377e-02
5.708411335945129395e-02
6.469719856977462769e-02
8.047288656234741211e-02
1.141678988933563232e-01
1.200371980667114258e-01
1.021112650632858276e-01
7.438184320926666260e-02
8.272080868482589722e-02
-9.999000000000000000e+03
-9.999000000000000000e+03
-9.999000000000000000e+03
-9.999000000000000000e+03
-9.999000000000000000e+03
-9.999000000000000000e+03
-9.999000000000000000e+03
-9.999000000000000000e+03
-9.999000000000000000e+03
-9.999000000000000000e+03
-9.999000000000000000e+03
-9.999000000000000000e+03
-9.999000000000000000e+03
-9.999000000000000000e+03
-9.999000000000000000e+03
-1.026738062500953674e-01
-7.652324438095092773e-02
-9.999000000000000000e+03
-7.719057798385620117e-02
-5.708950757980346680e-02
-1.934480108320713043e-02
2.348543889820575714e-02
5.346836894750595093e-02
4.441236704587936401e-02
8.395375311374664307e-02
1.270084530115127563e-01
1.294627636671066284e-01
1.192503273487091064e-01
1.021864041686058044e-01
5.965879559516906738e-02
-9.999000000000000000e+03
-9.999000000000000000e+03
-9.999000000000000000e+03
-9.999000000000000000e+03
-9.999000000000000000e+03
-9.999000000000000000e+03
-9.999000000000000000e+03
-9.999000000000000000e+03
-9.999000000000000000e+03
-9.999000000000000000e+03
-9.999000000000000000e+03
-9.999000000000000000e+03
-9.999000000000000000e+03
-9.999000000000000000e+03
-9.999000000000000000e+03
-9.999000000000000000e+03
-3.479354456067085266e-02
-1.697571203112602234e-02
-9.999000000000000000e+03
-9.999000000000000000e+03
-8.076646924018859863e-02
-4.903389886021614075e-02
3.681351081468164921e-04
3.696352988481521606e-02
7.101143896579742432e-02
1.015191450715065002e-01
1.276953816413879395e-01
1.223932430148124695e-01
9.267752617597579956e-02
3.338496014475822449e-02
-9.999000000000000000e+03
-9.999000000000000000e+03
-9.999000000000000000e+03
-9.999000000000000000e+03
-9.999000000000000000e+03
-9.999000000000000000e+03
-9.999000000000000000e+03
-9.999000000000000000e+03
-9.999000000000000000e+03
-9.999000000000000000e+03
-9.999000000000000000e+03
-9.999000000000000000e+03
-9.999000000000000000e+03
-9.999000000000000000e+03
-9.999000000000000000e+03
-9.999000000000000000e+03
-9.999000000000000000e+03
-6.441415287554264069e-03
2.161666750907897949e-02
-9.999000000000000000e+03
-9.999000000000000000e+03
-5.659792572259902954e-02
-4.790783673524856567e-02
-1.399771962314844131e-02
3.397643566131591797e-02
9.204433858394622803e-02
1.045083552598953247e-01
1.086264029145240784e-01
9.584054350852966309e-02
8.304068446159362793e-02
6.365946680307388306e-02
-9.999000000000000000e+03
-9.999000000000000000e+03
-9.999000000000000000e+03
-9.999000000000000000e+03
-9.999000000000000000e+03
-9.999000000000000000e+03
-9.999000000000000000e+03
-9.999000000000000000e+03
-9.999000000000000000e+03
-9.999000000000000000e+03
-9.999000000000000000e+03
-9.999000000000000000e+03
-9.999000000000000000e+03
-9.999000000000000000e+03
-9.999000000000000000e+03
-9.999000000000000000e+03
-9.999000000000000000e+03
-9.999000000000000000e+03
-9.999000000000000000e+03
-9.999000000000000000e+03
-9.999000000000000000e+03
-3.411800041794776917e-02
-3.571243584156036377e-02
-1.713923364877700806e-02
3.453867882490158081e-02
8.174630254507064819e-02
9.793223440647125244e-02
9.250508248805999756e-02
8.125513046979904175e-02
8.403328061103820801e-02
6.779413670301437378e-02
-9.999000000000000000e+03
-9.999000000000000000e+03
-9.999000000000000000e+03
-9.999000000000000000e+03
-9.999000000000000000e+03
-9.999000000000000000e+03
-9.999000000000000000e+03
-9.999000000000000000e+03
-9.999000000000000000e+03
-9.999000000000000000e+03
-9.999000000000000000e+03
-9.999000000000000000e+03
-9.999000000000000000e+03
-9.999000000000000000e+03
-9.999000000000000000e+03
-9.999000000000000000e+03
-9.999000000000000000e+03
-9.999000000000000000e+03
-9.999000000000000000e+03
-9.999000000000000000e+03
-9.999000000000000000e+03
-9.999000000000000000e+03
-2.294056490063667297e-02
-1.738749258220195770e-02
3.614263236522674561e-02
8.422562479972839355e-02
8.297568559646606445e-02
9.603631496429443359e-02
1.102406010031700134e-01
8.603467047214508057e-02
-9.999000000000000000e+03
-9.999000000000000000e+03
-9.999000000000000000e+03
-9.999000000000000000e+03
-9.999000000000000000e+03
-9.999000000000000000e+03
-9.999000000000000000e+03
-9.999000000000000000e+03
-9.999000000000000000e+03
-9.999000000000000000e+03
-9.999000000000000000e+03
-9.999000000000000000e+03
-9.999000000000000000e+03
-9.999000000000000000e+03
-9.999000000000000000e+03
-9.999000000000000000e+03
-9.999000000000000000e+03
-9.999000000000000000e+03
-9.999000000000000000e+03
-9.999000000000000000e+03
-9.999000000000000000e+03
-9.999000000000000000e+03
-9.999000000000000000e+03
-8.825184777379035950e-03
1.110365614295005798e-03
2.561702206730842590e-02
4.150418564677238464e-02
6.443631649017333984e-02
1.128060445189476013e-01
1.180382519960403442e-01
7.946129888296127319e-02
4.530396685004234314e-02
-9.999000000000000000e+03
-9.999000000000000000e+03
-9.999000000000000000e+03
-9.999000000000000000e+03
-9.999000000000000000e+03
-9.999000000000000000e+03
-9.999000000000000000e+03
-9.999000000000000000e+03
-9.999000000000000000e+03
-9.999000000000000000e+03
-9.999000000000000000e+03
-9.999000000000000000e+03
-9.999000000000000000e+03
-9.999000000000000000e+03
-9.999000000000000000e+03
-9.999000000000000000e+03
-9.999000000000000000e+03
-9.999000000000000000e+03
-9.999000000000000000e+03
-9.999000000000000000e+03
-9.999000000000000000e+03
-9.999000000000000000e+03
-9.999000000000000000e+03
8.896966464817523956e-03
2.938450500369071960e-02
3.204954043030738831e-02
6.805797666311264038e-02
8.225607872009277344e-02
3.734709694981575012e-02
3.760367259383201599e-02
5.194847658276557922e-02
-9.999000000000000000e+03
-9.999000000000000000e+03
-9.999000000000000000e+03
-9.999000000000000000e+03
-9.999000000000000000e+03
-9.999000000000000000e+03
-9.999000000000000000e+03
-9.999000000000000000e+03
-9.999000000000000000e+03
-9.999000000000000000e+03
-9.999000000000000000e+03
-9.999000000000000000e+03
-9.999000000000000000e+03
-9.999000000000000000e+03
-9.999000000000000000e+03
-9.999000000000000000e+03
-9.999000000000000000e+03
-9.999000000000000000e+03
-9.999000000000000000e+03
-9.999000000000000000e+03
-9.999000000000000000e+03
-9.999000000000000000e+03
-9.999000000000000000e+03
2.948991768062114716e-02
2.781220152974128723e-02
2.357286028563976288e-02
5.017274990677833557e-02
-1.122987736016511917e-02
-8.804465085268020630e-02
-7.164156436920166016e-02
-6.418584380298852921e-03
5.220032855868339539e-02
-9.999000000000000000e+03
-9.999000000000000000e+03
-9.999000000000000000e+03
-9.999000000000000000e+03
-9.999000000000000000e+03
-9.999000000000000000e+03
-9.999000000000000000e+03
-9.999000000000000000e+03
-9.999000000000000000e+03
-9.999000000000000000e+03
-9.999000000000000000e+03
-9.999000000000000000e+03
-9.999000000000000000e+03
-9.999000000000000000e+03
-9.999000000000000000e+03
-9.999000000000000000e+03
-9.999000000000000000e+03
-9.999000000000000000e+03
-9.999000000000000000e+03
-9.999000000000000000e+03
-9.999000000000000000e+03
-9.999000000000000000e+03
7.104575634002685547e-02
5.502592027187347412e-02
5.495316162705421448e-02
3.529677167534828186e-02
-1.422633696347475052e-02
-8.780993521213531494e-02
-7.927163690328598022e-02
-4.825696814805269241e-03
7.487475872039794922e-02
6.047329306602478027e-02
2.946587838232517242e-02
2.389807626605033875e-02
2.399537526071071625e-02
-9.999000000000000000e+03
-9.999000000000000000e+03
-9.999000000000000000e+03
-9.999000000000000000e+03
-9.999000000000000000e+03
-9.999000000000000000e+03
-9.999000000000000000e+03
-9.999000000000000000e+03
-9.999000000000000000e+03
-9.999000000000000000e+03
-9.999000000000000000e+03
-9.999000000000000000e+03
-9.999000000000000000e+03
-9.999000000000000000e+03
-9.999000000000000000e+03
-9.999000000000000000e+03
-9.999000000000000000e+03
7.643990963697433472e-02
8.295068144798278809e-02
8.065399527549743652e-02
5.808321759104728699e-02
2.654560655355453491e-02
-1.529946736991405487e-02
-3.192200139164924622e-02
-3.350980952382087708e-02
-9.045114740729331970e-03
3.271611034870147705e-02
5.371573567390441895e-02
6.370159238576889038e-02
3.151983767747879028e-02
2.507826313376426697e-02
-9.999000000000000000e+03
-9.999000000000000000e+03
-9.999000000000000000e+03
-9.999000000000000000e+03
-9.999000000000000000e+03
-9.999000000000000000e+03
-9.999000000000000000e+03
-9.999000000000000000e+03
-9.999000000000000000e+03
-9.999000000000000000e+03
-9.999000000000000000e+03
-9.999000000000000000e+03
-9.999000000000000000e+03
-9.999000000000000000e+03
-9.999000000000000000e+03
7.234326750040054321e-02
7.714065164327621460e-02
7.543207705020904541e-02
7.530808448791503906e-02
6.611975282430648804e-02
4.226881638169288635e-02
1.884997077286243439e-02
1.890856306999921799e-03
-1.102145761251449585e-02
-2.538250200450420380e-02
-2.800623513758182526e-02
6.376863922923803329e-03
6.861944496631622314e-02
9.075873345136642456e-02
-9.999000000000000000e+03
-9.999000000000000000e+03
-9.999000000000000000e+03
-9.999000000000000000e+03
-9.999000000000000000e+03
-9.999000000000000000e+03
-9.999000000000000000e+03
-9.999000000000000000e+03
-9.999000000000000000e+03
-9.999000000000000000e+03
-9.999000000000000000e+03
-9.999000000000000000e+03
-9.999000000000000000e+03
-9.999000000000000000e+03
-9.999000000000000000e+03
-9.999000000000000000e+03
2.253588661551475525e-02
7.032012939453125000e-02
1.051666513085365295e-01
9.089422225952148438e-02
6.846623122692108154e-02
4.011198133230209351e-02
8.882353082299232483e-03
9.301885031163692474e-03
2.030602656304836273e-02
1.796007528901100159e-02
-1.056425180286169052e-02
-4.098410159349441528e-02
-2.476993016898632050e-02
8.575163781642913818e-02
-9.999000000000000000e+03
-9.999000000000000000e+03
-9.999000000000000000e+03
-9.999000000000000000e+03
-9.999000000000000000e+03
-9.999000000000000000e+03
-9.999000000000000000e+03
-9.999000000000000000e+03
-9.999000000000000000e+03
-9.999000000000000000e+03
-9.999000000000000000e+03
-9.999000000000000000e+03
-9.999000000000000000e+03
-9.999000000000000000e+03
-9.999000000000000000e+03
-9.999000000000000000e+03
-9.999000000000000000e+03
4.935861751437187195e-02
7.402123510837554932e-02
1.169235855340957642e-01
9.372195601463317871e-02
4.694323614239692688e-02
1.584991626441478729e-02
-5.741458851844072342e-03
-5.109091944177635014e-05
3.358830884099006653e-02
4.085372388362884521e-02
1.639162562787532806e-02
-1.512449420988559723e-02
3.556149313226342201e-03
5.961192026734352112e-02
-9.999000000000000000e+03
-9.999000000000000000e+03
-9.999000000000000000e+03
-9.999000000000000000e+03
-9.999000000000000000e+03
-9.999000000000000000e+03
-9.999000000000000000e+03
-9.999000000000000000e+03
-9.999000000000000000e+03
-9.999000000000000000e+03
-9.999000000000000000e+03
-9.999000000000000000e+03
-9.999000000000000000e+03
-9.999000000000000000e+03
-9.999000000000000000e+03
-9.999000000000000000e+03
-9.999000000000000000e+03
6.404750049114227295e-02
1.000911518931388855e-01
1.109307035803794861e-01
8.509233593940734863e-02
3.167241066694259644e-02
-5.001857876777648926e-03
-2.864714153110980988e-02
-2.639490924775600433e-02
-5.792859592474997044e-04
1.283389981836080551e-02
1.349001284688711166e-02
-9.964341297745704651e-03
1.029761321842670441e-02
-9.999000000000000000e+03
-9.999000000000000000e+03
-9.999000000000000000e+03
-9.999000000000000000e+03
-9.999000000000000000e+03
-9.999000000000000000e+03
-9.999000000000000000e+03
-9.999000000000000000e+03
-9.999000000000000000e+03
-9.999000000000000000e+03
-9.999000000000000000e+03
-9.999000000000000000e+03
-9.999000000000000000e+03
-9.999000000000000000e+03
-9.999000000000000000e+03
-9.999000000000000000e+03
-9.999000000000000000e+03
-9.999000000000000000e+03
8.709999173879623413e-02
1.161353513598442078e-01
9.563036262989044189e-02
5.762282758951187134e-02
8.391285315155982971e-03
-2.802786976099014282e-02
-5.305112153291702271e-02
-4.003306105732917786e-02
-1.249836105853319168e-02
3.502137959003448486e-02
1.870531216263771057e-02
3.405819647014141083e-03
-9.999000000000000000e+03
-9.999000000000000000e+03
-9.999000000000000000e+03
-9.999000000000000000e+03
-9.999000000000000000e+03
-9.999000000000000000e+03
-9.999000000000000000e+03
-9.999000000000000000e+03
-9.999000000000000000e+03
-9.999000000000000000e+03
-9.999000000000000000e+03
-9.999000000000000000e+03
-9.999000000000000000e+03
-9.999000000000000000e+03
-9.999000000000000000e+03
-9.999000000000000000e+03
-9.999000000000000000e+03
-9.999000000000000000e+03
-9.999000000000000000e+03
8.867418766021728516e-02
1.005997806787490845e-01
8.451366424560546875e-02
4.960092902183532715e-02
-3.599847108125686646e-02
-4.167688265442848206e-02
-2.222747355699539185e-02
-5.635279230773448944e-03
4.145429469645023346e-03
1.631215773522853851e-02
-9.999000000000000000e+03
-9.999000000000000000e+03
-9.999000000000000000e+03
-9.999000000000000000e+03
-9.999000000000000000e+03
-9.999000000000000000e+03
-9.999000000000000000e+03
-9.999000000000000000e+03
-9.999000000000000000e+03
-9.999000000000000000e+03
-9.999000000000000000e+03
-9.999000000000000000e+03
-9.999000000000000000e+03
-9.999000000000000000e+03
-9.999000000000000000e+03
-9.999000000000000000e+03
-9.999000000000000000e+03
-9.999000000000000000e+03
-9.999000000000000000e+03
-9.999000000000000000e+03
-9.999000000000000000e+03
6.364428997039794922e-02
7.224036753177642822e-02
4.035415127873420715e-02
8.810437284409999847e-03
-1.738073676824569702e-02
-2.316371724009513855e-02
-9.999000000000000000e+03
-9.999000000000000000e+03
-9.999000000000000000e+03
-9.999000000000000000e+03
-9.999000000000000000e+03
-9.999000000000000000e+03
-9.999000000000000000e+03
-9.999000000000000000e+03
-9.999000000000000000e+03
-9.999000000000000000e+03
-9.999000000000000000e+03
-9.999000000000000000e+03
-9.999000000000000000e+03
-9.999000000000000000e+03
-9.999000000000000000e+03
-9.999000000000000000e+03
-9.999000000000000000e+03
-9.999000000000000000e+03
-9.999000000000000000e+03
-9.999000000000000000e+03
-9.999000000000000000e+03
-9.999000000000000000e+03
-9.999000000000000000e+03
-9.999000000000000000e+03
-9.999000000000000000e+03
1.417453587055206299e-02
2.954494580626487732e-02
2.319830283522605896e-02
-9.999000000000000000e+03
-9.999000000000000000e+03
-9.999000000000000000e+03
-9.999000000000000000e+03
-9.999000000000000000e+03
-9.999000000000000000e+03
-9.999000000000000000e+03
-9.999000000000000000e+03
-9.999000000000000000e+03
-9.999000000000000000e+03
-9.999000000000000000e+03
-9.999000000000000000e+03
-9.999000000000000000e+03
-9.999000000000000000e+03
-9.999000000000000000e+03
-9.999000000000000000e+03
-9.999000000000000000e+03
-9.999000000000000000e+03
-9.999000000000000000e+03
-9.999000000000000000e+03
-9.999000000000000000e+03
-9.999000000000000000e+03
-9.999000000000000000e+03
-9.999000000000000000e+03
-9.999000000000000000e+03
-9.999000000000000000e+03
-9.999000000000000000e+03
-9.999000000000000000e+03
