-1.678851842880249023e-01
-1.191557347774505615e-01
-6.368990987539291382e-02
1.855215802788734436e-02
9.204606711864471436e-02
1.502360254526138306e-01
1.964412927627563477e-01
2.226926386356353760e-01
2.313027530908584595e-01
2.272718250751495361e-01
1.950168907642364502e-01
-9.999000000000000000e+03
-9.999000000000000000e+03
-9.999000000000000000e+03
-9.999000000000000000e+03
-9.999000000000000000e+03
-9.999000000000000000e+03
-9.999000000000000000e+03
-9.999000000000000000e+03
-9.999000000000000000e+03
-9.999000000000000000e+03
-9.999000000000000000e+03
-9.999000000000000000e+03
8.727012318558990955e-04
-5.761505104601383209e-03
1.586862280964851379e-02
3.442914411425590515e-02
3.407745063304901123e-02
4.756809771060943604e-02
5.048261210322380066e-02
5.655940249562263489e-02
-1.477445811033248901e-01
-1.122783347964286804e-01
-5.982009693980216980e-02
1.105023641139268875e-02
9.253078699111938477e-02
1.599930673837661743e-01
2.020261585712432861e-01
2.205658704042434692e-01
2.222069352865219116e-01
2.220675051212310791e-01
2.051171511411666870e-01
1.071470677852630615e-01
-9.999000000000000000e+03
-9.999000000000000000e+03
-9.999000000000000000e+03
-9.999000000000000000e+03
-9.999000000000000000e+03
-9.999000000000000000e+03
-9.999000000000000000e+03
-9.999000000000000000e+03
-9.999000000000000000e+03
-2.069949917495250702e-02
-2.779250219464302063e-02
-2.109642885625362396e-02
-1.672159694135189056e-02
5.649767816066741943e-03
1.223160419613122940e-02
9.928424842655658722e-03
2.185075357556343079e-02
3.303365781903266907e-02
3.335423767566680908e-02
-1.425313800573348999e-01
-8.682348579168319702e-02
-2.481746487319469452e-02
4.187003895640373230e-02
1.033687144517898560e-01
1.549516469240188599e-01
1.917847543954849243e-01
2.133753895759582520e-01
2.122953385114669800e-01
2.122405022382736206e-01
1.848181188106536865e-01
1.143688410520553589e-01
-9.999000000000000000e+03
-9.999000000000000000e+03
-9.999000000000000000e+03
-9.999000000000000000e+03
-9.999000000000000000e+03
-9.999000000000000000e+03
-9.999000000000000000e+03
-3.493541851639747620e-02
-2.766146324574947357e-02
-3.059087879955768585e-02
-2.620229125022888184e-02
-1.982810720801353455e-02
-7.703341078013181686e-03
-2.254712395370006561e-03
-6.741665769368410110e-03
-1.703646592795848846e-02
-4.932335112243890762e-03
1.365538802929222584e-03
-3.602267475798726082e-03
-1.168325692415237427e-01
-6.326403468847274780e-02
-1.398409344255924225e-02
4.623857513070106506e-02
1.114304140210151672e-01
1.518413424491882324e-01
1.730578392744064331e-01
1.919618248939514160e-01
2.025632262229919434e-01
2.124593704938888550e-01
2.003788948059082031e-01
1.042040586471557617e-01
1.727928966283798218e-02
-9.999000000000000000e+03
-9.999000000000000000e+03
-9.999000000000000000e+03
-6.605581194162368774e-02
-7.550056278705596924e-02
-6.593715399503707886e-02
-3.328892588615417480e-02
-1.737301237881183624e-02
-9.489887394011020660e-03
-3.761243307963013649e-03
-1.160189416259527206e-02
-1.492424868047237396e-02
-8.296250365674495697e-03
-2.114555612206459045e-02
-3.420361503958702087e-02
-4.608314484357833862e-02
-4.016968235373497009e-02
-3.942243009805679321e-02
-1.072572916746139526e-01
-4.036818072199821472e-02
1.805232465267181396e-02
6.247648224234580994e-02
1.038755103945732117e-01
1.313863247632980347e-01
1.477886736392974854e-01
1.660426408052444458e-01
1.954738497734069824e-01
1.855846792459487915e-01
1.343071013689041138e-01
4.009819775819778442e-02
-2.482682280242443085e-02
-4.709254950284957886e-02
-9.324641525745391846e-02
-9.995470941066741943e-02
-9.829039126634597778e-02
-7.664811611175537109e-02
-4.949830472469329834e-02
-1.250957231968641281e-02
7.497367914766073227e-03
2.659574709832668304e-02
3.361859917640686035e-02
1.038130186498165131e-02
2.543496666476130486e-03
-1.212926208972930908e-02
-3.203130513429641724e-02
-5.429951846599578857e-02
-7.926318794488906860e-02
-7.692161202430725098e-02
-7.212593406438827515e-02
-8.700118958950042725e-02
-4.236757382750511169e-02
1.860058680176734924e-02
6.868767738342285156e-02
1.037876680493354797e-01
1.235937178134918213e-01
1.360681354999542236e-01
1.556106060743331909e-01
1.669973582029342651e-01
1.496433317661285400e-01
7.118953019380569458e-02
-2.691410481929779053e-02
-6.439761817455291748e-02
-8.210388571023941040e-02
-8.800029009580612183e-02
-8.988389372825622559e-02
-7.506220042705535889e-02
-3.565720096230506897e-02
-4.817973822355270386e-03
3.535006567835807800e-02
5.173626169562339783e-02
5.837527662515640259e-02
5.782542005181312561e-02
3.257318213582038879e-02
9.168673306703567505e-03
-2.947396598756313324e-02
-5.597029626369476318e-02
-8.800704032182693481e-02
-1.111301258206367493e-01
-1.094884201884269714e-01
-1.001210287213325500e-01
-5.106654763221740723e-02
-2.801174856722354889e-02
2.444674819707870483e-02
6.970191001892089844e-02
1.024165228009223938e-01
1.209118664264678955e-01
1.379372030496597290e-01
1.592472940683364868e-01
1.332318484783172607e-01
8.256054669618606567e-02
2.065761387348175049e-02
-3.521240130066871643e-02
-6.493169814348220825e-02
-7.521244138479232788e-02
-5.608611553907394409e-02
-4.389153420925140381e-02
-1.562518253922462463e-02
1.303076185286045074e-02
2.695957012474536896e-02
5.779887363314628601e-02
6.684419512748718262e-02
6.889831274747848511e-02
4.641425982117652893e-02
2.299214340746402740e-02
-1.248629670590162277e-02
-4.764822870492935181e-02
-7.886893302202224731e-02
-1.160916835069656372e-01
-1.397913992404937744e-01
-1.372464746236801147e-01
-1.223883479833602905e-01
-3.157157078385353088e-02
-1.829354465007781982e-02
2.559345774352550507e-02
6.816832721233367920e-02
9.968221932649612427e-02
1.228436604142189026e-01
1.432050317525863647e-01
1.564368754625320435e-01
1.248827427625656128e-01
5.964924767613410950e-02
-1.043146289885044098e-02
-4.447181522846221924e-02
-4.430894181132316589e-02
-3.724974766373634338e-02
-1.936378143727779388e-02
-4.828593228012323380e-03
3.142599016427993774e-02
4.768143221735954285e-02
5.713190883398056030e-02
5.609440803527832031e-02
4.843831807374954224e-02
4.505933821201324463e-02
2.520642243325710297e-02
-1.222544233314692974e-03
-3.728075698018074036e-02
-6.274476647377014160e-02
-9.699830412864685059e-02
-1.242137476801872253e-01
-1.423855125904083252e-01
-1.537217199802398682e-01
-1.362349689006805420e-01
-2.464340254664421082e-02
1.819835975766181946e-03
3.117179684340953827e-02
5.387525260448455811e-02
8.218421041965484619e-02
1.158106550574302673e-01
1.264690905809402466e-01
1.282878071069717407e-01
1.049843057990074158e-01
5.271837487816810608e-02
2.286356640979647636e-03
-2.592903003096580505e-02
-4.355668090283870697e-03
7.488031871616840363e-03
2.472540177404880524e-02
3.215548023581504822e-02
5.045310780405998230e-02
5.757645517587661743e-02
5.515090376138687134e-02
2.857115678489208221e-02
2.026418782770633698e-02
1.542918570339679718e-02
4.347729030996561050e-03
-7.265640888363122940e-03
-1.807043515145778656e-02
-5.556318908929824829e-02
-8.800762891769409180e-02
-1.180998384952545166e-01
-1.374897062778472900e-01
-1.456104665994644165e-01
-1.318982094526290894e-01
-2.860387228429317474e-02
1.036860980093479156e-02
3.703800588846206665e-02
4.786448925733566284e-02
7.111262530088424683e-02
9.742385149002075195e-02
1.103687211871147156e-01
1.094368770718574524e-01
9.764342010021209717e-02
4.956284910440444946e-02
2.069175802171230316e-02
3.544192388653755188e-02
3.998031839728355408e-02
3.733265027403831482e-02
4.087320342659950256e-02
5.504838377237319946e-02
7.271113991737365723e-02
3.765049576759338379e-02
2.138346619904041290e-02
4.688233602792024612e-04
8.955092169344425201e-03
-9.999000000000000000e+03
-9.999000000000000000e+03
-9.999000000000000000e+03
-9.999000000000000000e+03
-9.999000000000000000e+03
-9.999000000000000000e+03
-8.660497516393661499e-02
-1.179284304380416870e-01
-1.389050632715225220e-01
-1.254580616950988770e-01
-4.972526803612709045e-03
3.756233723834156990e-03
2.630217932164669037e-02
5.389677360653877258e-02
8.056001365184783936e-02
1.003298014402389526e-01
1.131040081381797791e-01
9.770147502422332764e-02
8.072667568922042847e-02
7.577478140592575073e-02
6.737162172794342041e-02
9.385687857866287231e-02
6.621769070625305176e-02
4.512097686529159546e-02
5.276326835155487061e-02
6.186112016439437866e-02
8.430636674165725708e-02
-9.999000000000000000e+03
-9.999000000000000000e+03
-9.999000000000000000e+03
-9.999000000000000000e+03
-9.999000000000000000e+03
-9.999000000000000000e+03
-9.999000000000000000e+03
-9.999000000000000000e+03
-9.999000000000000000e+03
-9.999000000000000000e+03
-6.317985802888870239e-02
-8.657208830118179321e-02
-1.044868081808090210e-01
-9.750021249055862427e-02
-2.145229652523994446e-02
-2.692096680402755737e-02
7.020579185336828232e-03
4.059636220335960388e-02
6.862469017505645752e-02
8.365229517221450806e-02
1.019443348050117493e-01
9.525079280138015747e-02
9.980536997318267822e-02
1.328702718019485474e-01
1.260153353214263916e-01
1.064151003956794739e-01
7.875894010066986084e-02
5.449539795517921448e-02
3.478407487273216248e-02
4.299630224704742432e-02
-9.999000000000000000e+03
-9.999000000000000000e+03
-9.999000000000000000e+03
-9.999000000000000000e+03
-9.999000000000000000e+03
-9.999000000000000000e+03
-9.999000000000000000e+03
-9.999000000000000000e+03
-9.999000000000000000e+03
-9.999000000000000000e+03
-9.999000000000000000e+03
-9.999000000000000000e+03
-3.890148922801017761e-02
-4.961338266730308533e-02
-4.155939444899559021e-02
-5.579125881195068359e-02
-5.273448303341865540e-02
-2.373982593417167664e-02
8.775074966251850128e-03
4.688264429569244385e-02
7.942322641611099243e-02
1.015398502349853516e-01
1.168432012200355530e-01
1.414646506309509277e-01
1.624172031879425049e-01
1.463185399770736694e-01
9.848549216985702515e-02
7.612816244363784790e-02
7.475898414850234985e-02
-9.999000000000000000e+03
-9.999000000000000000e+03
-9.999000000000000000e+03
-9.999000000000000000e+03
-9.999000000000000000e+03
-9.999000000000000000e+03
-9.999000000000000000e+03
-9.999000000000000000e+03
-9.999000000000000000e+03
-9.999000000000000000e+03
-9.999000000000000000e+03
-9.999000000000000000e+03
-9.999000000000000000e+03
-9.999000000000000000e+03
-9.999000000000000000e+03
-1.119616557843983173e-03
1.562411151826381683e-02
-9.999000000000000000e+03
-5.854346230626106262e-02
-4.536506533622741699e-02
-7.386504672467708588e-03
4.156164824962615967e-02
7.937489449977874756e-02
1.163594871759414673e-01
1.477502733469009399e-01
1.768300086259841919e-01
1.597595512866973877e-01
1.353570669889450073e-01
1.048542708158493042e-01
7.055376470088958740e-02
-9.999000000000000000e+03
-9.999000000000000000e+03
-9.999000000000000000e+03
-9.999000000000000000e+03
-9.999000000000000000e+03
-9.999000000000000000e+03
-9.999000000000000000e+03
-9.999000000000000000e+03
-9.999000000000000000e+03
-9.999000000000000000e+03
-9.999000000000000000e+03
-9.999000000000000000e+03
-9.999000000000000000e+03
-9.999000000000000000e+03
-9.999000000000000000e+03
-9.999000000000000000e+03
3.807175159454345703e-02
5.431817844510078430e-02
-9.999000000000000000e+03
-9.999000000000000000e+03
-7.132042199373245239e-02
-1.389329880475997925e-02
5.135684832930564880e-02
1.109424307942390442e-01
1.517454236745834351e-01
1.577555984258651733e-01
1.590498089790344238e-01
1.337023526430130005e-01
1.222318038344383240e-01
8.248291909694671631e-02
-9.999000000000000000e+03
-9.999000000000000000e+03
-9.999000000000000000e+03
-9.999000000000000000e+03
-9.999000000000000000e+03
-9.999000000000000000e+03
-9.999000000000000000e+03
-9.999000000000000000e+03
-9.999000000000000000e+03
-9.999000000000000000e+03
-9.999000000000000000e+03
-9.999000000000000000e+03
-9.999000000000000000e+03
-9.999000000000000000e+03
-9.999000000000000000e+03
-9.999000000000000000e+03
-9.999000000000000000e+03
4.027345404028892517e-02
7.407337427139282227e-02
-9.999000000000000000e+03
-9.999000000000000000e+03
-4.891149699687957764e-02
-1.824232377111911774e-02
4.602958261966705322e-02
1.268560439348220825e-01
2.025226056575775146e-01
1.725198030471801758e-01
1.392947435379028320e-01
1.248018443584442139e-01
1.166929379105567932e-01
1.230055913329124451e-01
-9.999000000000000000e+03
-9.999000000000000000e+03
-9.999000000000000000e+03
-9.999000000000000000e+03
-9.999000000000000000e+03
-9.999000000000000000e+03
-9.999000000000000000e+03
-9.999000000000000000e+03
-9.999000000000000000e+03
-9.999000000000000000e+03
-9.999000000000000000e+03
-9.999000000000000000e+03
-9.999000000000000000e+03
-9.999000000000000000e+03
-9.999000000000000000e+03
-9.999000000000000000e+03
-9.999000000000000000e+03
-9.999000000000000000e+03
-9.999000000000000000e+03
-9.999000000000000000e+03
-9.999000000000000000e+03
-3.633951395750045776e-02
-1.693267002701759338e-02
5.867451056838035583e-02
1.368663311004638672e-01
1.968771368265151978e-01
2.038382142782211304e-01
1.805334687232971191e-01
1.310598105192184448e-01
8.981286734342575073e-02
7.725304365158081055e-02
-9.999000000000000000e+03
-9.999000000000000000e+03
-9.999000000000000000e+03
-9.999000000000000000e+03
-9.999000000000000000e+03
-9.999000000000000000e+03
-9.999000000000000000e+03
-9.999000000000000000e+03
-9.999000000000000000e+03
-9.999000000000000000e+03
-9.999000000000000000e+03
-9.999000000000000000e+03
-9.999000000000000000e+03
-9.999000000000000000e+03
-9.999000000000000000e+03
-9.999000000000000000e+03
-9.999000000000000000e+03
-9.999000000000000000e+03
-9.999000000000000000e+03
-9.999000000000000000e+03
-9.999000000000000000e+03
-9.999000000000000000e+03
-1.688049919903278351e-02
3.911708295345306396e-02
1.163365170359611511e-01
1.959299743175506592e-01
2.162480652332305908e-01
2.092421799898147583e-01
1.714243590831756592e-01
1.007219031453132629e-01
-9.999000000000000000e+03
-9.999000000000000000e+03
-9.999000000000000000e+03
-9.999000000000000000e+03
-9.999000000000000000e+03
-9.999000000000000000e+03
-9.999000000000000000e+03
-9.999000000000000000e+03
-9.999000000000000000e+03
-9.999000000000000000e+03
-9.999000000000000000e+03
-9.999000000000000000e+03
-9.999000000000000000e+03
-9.999000000000000000e+03
-9.999000000000000000e+03
-9.999000000000000000e+03
-9.999000000000000000e+03
-9.999000000000000000e+03
-9.999000000000000000e+03
-9.999000000000000000e+03
-9.999000000000000000e+03
-9.999000000000000000e+03
-9.999000000000000000e+03
4.526661708950996399e-03
3.753301501274108887e-02
8.730527013540267944e-02
1.311792731285095215e-01
1.713551282882690430e-01
2.109760940074920654e-01
1.721879541873931885e-01
1.251116544008255005e-01
8.214144408702850342e-02
-9.999000000000000000e+03
-9.999000000000000000e+03
-9.999000000000000000e+03
-9.999000000000000000e+03
-9.999000000000000000e+03
-9.999000000000000000e+03
-9.999000000000000000e+03
-9.999000000000000000e+03
-9.999000000000000000e+03
-9.999000000000000000e+03
-9.999000000000000000e+03
-9.999000000000000000e+03
-9.999000000000000000e+03
-9.999000000000000000e+03
-9.999000000000000000e+03
-9.999000000000000000e+03
-9.999000000000000000e+03
-9.999000000000000000e+03
-9.999000000000000000e+03
-9.999000000000000000e+03
-9.999000000000000000e+03
-9.999000000000000000e+03
-9.999000000000000000e+03
2.837791293859481812e-02
6.855586171150207520e-02
8.555006980895996094e-02
1.404245942831039429e-01
1.711723506450653076e-01
1.272721588611602783e-01
1.174442470073699951e-01
1.180399358272552490e-01
-9.999000000000000000e+03
-9.999000000000000000e+03
-9.999000000000000000e+03
-9.999000000000000000e+03
-9.999000000000000000e+03
-9.999000000000000000e+03
-9.999000000000000000e+03
-9.999000000000000000e+03
-9.999000000000000000e+03
-9.999000000000000000e+03
-9.999000000000000000e+03
-9.999000000000000000e+03
-9.999000000000000000e+03
-9.999000000000000000e+03
-9.999000000000000000e+03
-9.999000000000000000e+03
-9.999000000000000000e+03
-9.999000000000000000e+03
-9.999000000000000000e+03
-9.999000000000000000e+03
-9.999000000000000000e+03
-9.999000000000000000e+03
-9.999000000000000000e+03
2.990705333650112152e-02
3.966733813285827637e-02
4.160624742507934570e-02
9.493421018123626709e-02
8.871254324913024902e-02
2.430442534387111664e-02
3.697859868407249451e-02
9.695743024349212646e-02
1.464107334613800049e-01
-9.999000000000000000e+03
-9.999000000000000000e+03
-9.999000000000000000e+03
-9.999000000000000000e+03
-9.999000000000000000e+03
-9.999000000000000000e+03
-9.999000000000000000e+03
-9.999000000000000000e+03
-9.999000000000000000e+03
-9.999000000000000000e+03
-9.999000000000000000e+03
-9.999000000000000000e+03
-9.999000000000000000e+03
-9.999000000000000000e+03
-9.999000000000000000e+03
-9.999000000000000000e+03
-9.999000000000000000e+03
-9.999000000000000000e+03
-9.999000000000000000e+03
-9.999000000000000000e+03
-9.999000000000000000e+03
-9.999000000000000000e+03
7.454853504896163940e-02
5.755864083766937256e-02
6.157482415437698364e-02
6.622815877199172974e-02
4.337092489004135132e-02
-1.258467882871627808e-02
1.310112886130809784e-02
8.218453079462051392e-02
1.378979384899139404e-01
9.507969766855239868e-02
4.153490439057350159e-02
2.062459103763103485e-02
-1.450547133572399616e-03
-9.999000000000000000e+03
-9.999000000000000000e+03
-9.999000000000000000e+03
-9.999000000000000000e+03
-9.999000000000000000e+03
-9.999000000000000000e+03
-9.999000000000000000e+03
-9.999000000000000000e+03
-9.999000000000000000e+03
-9.999000000000000000e+03
-9.999000000000000000e+03
-9.999000000000000000e+03
-9.999000000000000000e+03
-9.999000000000000000e+03
-9.999000000000000000e+03
-9.999000000000000000e+03
-9.999000000000000000e+03
8.947615325450897217e-02
9.863993525505065918e-02
8.740859478712081909e-02
4.598023742437362671e-02
5.236275494098663330e-02
3.366936743259429932e-02
3.628958761692047119e-02
4.678399115800857544e-02
6.490941345691680908e-02
7.570777833461761475e-02
4.220833256840705872e-02
2.819438278675079346e-02
-5.318238865584135056e-03
2.491210820153355598e-03
-9.999000000000000000e+03
-9.999000000000000000e+03
-9.999000000000000000e+03
-9.999000000000000000e+03
-9.999000000000000000e+03
-9.999000000000000000e+03
-9.999000000000000000e+03
-9.999000000000000000e+03
-9.999000000000000000e+03
-9.999000000000000000e+03
-9.999000000000000000e+03
-9.999000000000000000e+03
-9.999000000000000000e+03
-9.999000000000000000e+03
-9.999000000000000000e+03
-4.450866952538490295e-03
1.956989243626594543e-02
7.871527969837188721e-02
6.979455053806304932e-02
7.079638540744781494e-02
5.318714305758476257e-02
5.170355364680290222e-02
6.135141104459762573e-02
7.365952432155609131e-02
5.599371343851089478e-02
2.747614681720733643e-02
2.203245460987091064e-02
4.754244908690452576e-02
5.218296870589256287e-02
-9.999000000000000000e+03
-9.999000000000000000e+03
-9.999000000000000000e+03
-9.999000000000000000e+03
-9.999000000000000000e+03
-9.999000000000000000e+03
-9.999000000000000000e+03
-9.999000000000000000e+03
-9.999000000000000000e+03
-9.999000000000000000e+03
-9.999000000000000000e+03
-9.999000000000000000e+03
-9.999000000000000000e+03
-9.999000000000000000e+03
-9.999000000000000000e+03
-9.999000000000000000e+03
-1.236272137612104416e-02
-2.274035476148128510e-02
2.919696643948554993e-02
6.034954637289047241e-02
4.997751489281654358e-02
4.522082954645156860e-02
2.778389304876327515e-02
5.058061704039573669e-02
8.074993640184402466e-02
8.237694948911666870e-02
4.899526759982109070e-02
-1.838226453401148319e-03
-2.073663286864757538e-02
5.336317792534828186e-02
-9.999000000000000000e+03
-9.999000000000000000e+03
-9.999000000000000000e+03
-9.999000000000000000e+03
-9.999000000000000000e+03
-9.999000000000000000e+03
-9.999000000000000000e+03
-9.999000000000000000e+03
-9.999000000000000000e+03
-9.999000000000000000e+03
-9.999000000000000000e+03
-9.999000000000000000e+03
-9.999000000000000000e+03
-9.999000000000000000e+03
-9.999000000000000000e+03
-9.999000000000000000e+03
-9.999000000000000000e+03
-2.020876109600067139e-02
-1.649528183043003082e-02
6.215584278106689453e-02
5.721334367990493774e-02
2.405500411987304688e-02
1.980775967240333557e-02
1.963075995445251465e-02
3.331071138381958008e-02
7.333486527204513550e-02
7.319673150777816772e-02
5.792038515210151672e-02
1.655677892267704010e-02
5.318259820342063904e-03
2.801745384931564331e-02
-9.999000000000000000e+03
-9.999000000000000000e+03
-9.999000000000000000e+03
-9.999000000000000000e+03
-9.999000000000000000e+03
-9.999000000000000000e+03
-9.999000000000000000e+03
-9.999000000000000000e+03
-9.999000000000000000e+03
-9.999000000000000000e+03
-9.999000000000000000e+03
-9.999000000000000000e+03
-9.999000000000000000e+03
-9.999000000000000000e+03
-9.999000000000000000e+03
-9.999000000000000000e+03
-9.999000000000000000e+03
-1.468759775161743164e-02
3.773940727114677429e-02
6.737454980611801147e-02
4.911901429295539856e-02
6.721065845340490341e-03
7.804441265761852264e-03
1.143839117139577866e-02
1.482725515961647034e-02
3.261240199208259583e-02
4.637324437499046326e-02
5.602935701608657837e-02
2.111530490219593048e-02
-2.607125230133533478e-02
-9.999000000000000000e+03
-9.999000000000000000e+03
-9.999000000000000000e+03
-9.999000000000000000e+03
-9.999000000000000000e+03
-9.999000000000000000e+03
-9.999000000000000000e+03
-9.999000000000000000e+03
-9.999000000000000000e+03
-9.999000000000000000e+03
-9.999000000000000000e+03
-9.999000000000000000e+03
-9.999000000000000000e+03
-9.999000000000000000e+03
-9.999000000000000000e+03
-9.999000000000000000e+03
-9.999000000000000000e+03
-9.999000000000000000e+03
8.752081543207168579e-03
7.216396927833557129e-02
5.039830505847930908e-02
1.876596547663211823e-02
-1.099756173789501190e-02
-1.296844705939292908e-02
-7.734638638794422150e-03
-7.044981699436903000e-03
8.533040992915630341e-03
3.507408127188682556e-02
2.939402684569358826e-02
6.326450500637292862e-03
-9.999000000000000000e+03
-9.999000000000000000e+03
-9.999000000000000000e+03
-9.999000000000000000e+03
-9.999000000000000000e+03
-9.999000000000000000e+03
-9.999000000000000000e+03
-9.999000000000000000e+03
-9.999000000000000000e+03
-9.999000000000000000e+03
-9.999000000000000000e+03
-9.999000000000000000e+03
-9.999000000000000000e+03
-9.999000000000000000e+03
-9.999000000000000000e+03
-9.999000000000000000e+03
-9.999000000000000000e+03
-9.999000000000000000e+03
-9.999000000000000000e+03
1.000068988651037216e-02
4.769372940063476562e-02
3.945216909050941467e-02
3.415875136852264404e-03
-4.878077283501625061e-02
-4.293170943856239319e-02
-2.872338332235813141e-02
-1.239183917641639709e-02
1.290288171730935574e-03
1.407562196254730225e-02
-9.999000000000000000e+03
-9.999000000000000000e+03
-9.999000000000000000e+03
-9.999000000000000000e+03
-9.999000000000000000e+03
-9.999000000000000000e+03
-9.999000000000000000e+03
-9.999000000000000000e+03
-9.999000000000000000e+03
-9.999000000000000000e+03
-9.999000000000000000e+03
-9.999000000000000000e+03
-9.999000000000000000e+03
-9.999000000000000000e+03
-9.999000000000000000e+03
-9.999000000000000000e+03
-9.999000000000000000e+03
-9.999000000000000000e+03
-9.999000000000000000e+03
-9.999000000000000000e+03
-9.999000000000000000e+03
-5.750215146690607071e-03
3.891284763813018799e-02
2.425248734652996063e-02
-1.764305867254734039e-02
-4.421947896480560303e-02
-4.440941289067268372e-02
-9.999000000000000000e+03
-9.999000000000000000e+03
-9.999000000000000000e+03
-9.999000000000000000e+03
-9.999000000000000000e+03
-9.999000000000000000e+03
-9.999000000000000000e+03
-9.999000000000000000e+03
-9.999000000000000000e+03
-9.999000000000000000e+03
-9.999000000000000000e+03
-9.999000000000000000e+03
-9.999000000000000000e+03
-9.999000000000000000e+03
-9.999000000000000000e+03
-9.999000000000000000e+03
-9.999000000000000000e+03
-9.999000000000000000e+03
-9.999000000000000000e+03
-9.999000000000000000e+03
-9.999000000000000000e+03
-9.999000000000000000e+03
-9.999000000000000000e+03
-9.999000000000000000e+03
-9.999000000000000000e+03
-1.946336030960083008e-02
1.091885659843683243e-02
1.783478260040283203e-02
-9.999000000000000000e+03
-9.999000000000000000e+03
-9.999000000000000000e+03
-9.999000000000000000e+03
-9.999000000000000000e+03
-9.999000000000000000e+03
-9.999000000000000000e+03
-9.999000000000000000e+03
-9.999000000000000000e+03
-9.999000000000000000e+03
-9.999000000000000000e+03
-9.999000000000000000e+03
-9.999000000000000000e+03
-9.999000000000000000e+03
-9.999000000000000000e+03
-9.999000000000000000e+03
-9.999000000000000000e+03
-9.999000000000000000e+03
-9.999000000000000000e+03
-9.999000000000000000e+03
-9.999000000000000000e+03
-9.999000000000000000e+03
-9.999000000000000000e+03
-9.999000000000000000e+03
-9.999000000000000000e+03
-9.999000000000000000e+03
-9.999000000000000000e+03
-9.999000000000000000e+03
