-1.367821246385574341e-01
-8.122327178716659546e-02
-3.956041857600212097e-02
1.280131191015243530e-02
8.014430105686187744e-02
1.443275809288024902e-01
2.069206684827804565e-01
2.530136704444885254e-01
2.938450574874877930e-01
3.252171874046325684e-01
3.133023381233215332e-01
-9.999000000000000000e+03
-9.999000000000000000e+03
-9.999000000000000000e+03
-9.999000000000000000e+03
-9.999000000000000000e+03
-9.999000000000000000e+03
-9.999000000000000000e+03
-9.999000000000000000e+03
-9.999000000000000000e+03
-9.999000000000000000e+03
-9.999000000000000000e+03
-9.999000000000000000e+03
1.916881464421749115e-02
-1.909962296485900879e-02
3.278164891526103020e-03
2.370910346508026123e-02
1.010029949247837067e-02
5.671213380992412567e-03
-8.125592954456806183e-03
5.460271146148443222e-03
-1.179504767060279846e-01
-7.876560091972351074e-02
-4.311701282858848572e-02
1.612550346180796623e-03
7.588981837034225464e-02
1.529490500688552856e-01
2.195078432559967041e-01
2.643253505229949951e-01
2.900537550449371338e-01
3.137473464012145996e-01
3.078054487705230713e-01
1.677020192146301270e-01
-9.999000000000000000e+03
-9.999000000000000000e+03
-9.999000000000000000e+03
-9.999000000000000000e+03
-9.999000000000000000e+03
-9.999000000000000000e+03
-9.999000000000000000e+03
-9.999000000000000000e+03
-9.999000000000000000e+03
-2.408328838646411896e-02
-2.034767903387546539e-02
-4.348262678831815720e-03
-1.698957011103630066e-02
-3.536561038345098495e-03
-1.097528450191020966e-02
-2.166966721415519714e-02
-2.025328204035758972e-02
-1.151817012578248978e-02
6.111556664109230042e-03
-1.196898594498634338e-01
-6.844421476125717163e-02
-3.025409951806068420e-02
2.686491422355175018e-02
8.919640630483627319e-02
1.543705016374588013e-01
2.115921229124069214e-01
2.551572024822235107e-01
2.693203985691070557e-01
2.819612324237823486e-01
2.605604529380798340e-01
1.706149578094482422e-01
-9.999000000000000000e+03
-9.999000000000000000e+03
-9.999000000000000000e+03
-9.999000000000000000e+03
-9.999000000000000000e+03
-9.999000000000000000e+03
-9.999000000000000000e+03
-3.146820515394210815e-02
-2.627757377922534943e-02
-3.190793842077255249e-02
-2.611394040286540985e-02
-2.203641086816787720e-02
-5.423306021839380264e-03
3.192178555764257908e-04
-1.101135462522506714e-02
-1.918500848114490509e-02
-1.938047632575035095e-02
-9.851941838860511780e-03
-1.411460153758525848e-02
-9.195083379745483398e-02
-4.980182647705078125e-02
-1.330064330250024796e-02
4.274990409612655640e-02
1.112535893917083740e-01
1.729836016893386841e-01
2.073161154985427856e-01
2.317001968622207642e-01
2.384855747222900391e-01
2.520619034767150879e-01
2.451798915863037109e-01
1.715578138828277588e-01
8.770789206027984619e-02
-9.999000000000000000e+03
-9.999000000000000000e+03
-9.999000000000000000e+03
-3.327568992972373962e-02
-5.704483017325401306e-02
-5.914733558893203735e-02
-3.686264157295227051e-02
-1.589011400938034058e-02
-8.157979696989059448e-03
-1.161514199338853359e-03
-9.115341119468212128e-03
-7.844128645956516266e-03
-2.407892374321818352e-03
-1.722154766321182251e-02
-3.671717271208763123e-02
-4.874076321721076965e-02
-4.269792139530181885e-02
-4.296798631548881531e-02
-7.158295810222625732e-02
-1.823521032929420471e-02
2.945790067315101624e-02
7.415068149566650391e-02
1.221921518445014954e-01
1.620222628116607666e-01
1.872661113739013672e-01
2.012323886156082153e-01
2.047655284404754639e-01
2.062031626701354980e-01
1.801184713840484619e-01
1.167671829462051392e-01
6.123656779527664185e-02
2.239763736724853516e-02
-3.300384432077407837e-02
-5.940398573875427246e-02
-7.926044613122940063e-02
-7.251226156949996948e-02
-5.820608139038085938e-02
-2.663681283593177795e-02
2.731017768383026123e-03
1.884300075471401215e-02
3.661367669701576233e-02
1.613043621182441711e-02
2.044894034042954445e-03
-2.155886031687259674e-02
-4.441120103001594543e-02
-7.572176307439804077e-02
-9.487243741750717163e-02
-8.563190698623657227e-02
-7.723776251077651978e-02
-5.608275905251502991e-02
-8.517310954630374908e-03
3.964498266577720642e-02
8.368663489818572998e-02
1.293406933546066284e-01
1.539307683706283569e-01
1.602860242128372192e-01
1.704618483781814575e-01
1.728143990039825439e-01
1.722241193056106567e-01
1.272975504398345947e-01
4.210294038057327271e-02
2.959675621241331100e-03
-3.494754433631896973e-02
-6.164279580116271973e-02
-7.293764501810073853e-02
-7.093641161918640137e-02
-3.953575342893600464e-02
-1.463003549724817276e-02
2.470948733389377594e-02
4.250697419047355652e-02
5.008362606167793274e-02
4.824371635913848877e-02
2.404259704053401947e-02
-6.926657166332006454e-03
-5.091010406613349915e-02
-8.259259909391403198e-02
-1.162902489304542542e-01
-1.363653689622879028e-01
-1.298591494560241699e-01
-1.218601539731025696e-01
-5.492632091045379639e-02
-2.306178444996476173e-03
5.184864625334739685e-02
8.464784920215606689e-02
1.131122186779975891e-01
1.296098381280899048e-01
1.361220628023147583e-01
1.454859226942062378e-01
1.415869891643524170e-01
1.000345870852470398e-01
5.286254361271858215e-02
-4.796940367668867111e-03
-3.207252919673919678e-02
-5.793405324220657349e-02
-4.989886283874511719e-02
-4.018792510032653809e-02
-1.626596599817276001e-02
1.185659412294626236e-02
2.389627881348133087e-02
5.484327301383018494e-02
6.140905246138572693e-02
5.534788593649864197e-02
3.125057369470596313e-02
2.796230604872107506e-03
-3.273929283022880554e-02
-6.406243145465850830e-02
-1.051874160766601562e-01
-1.483774930238723755e-01
-1.760426312685012817e-01
-1.710743904113769531e-01
-1.612165123224258423e-01
-5.693988129496574402e-02
-1.303035393357276917e-02
5.629578605294227600e-02
7.257331162691116333e-02
8.982946723699569702e-02
1.064038127660751343e-01
1.219892203807830811e-01
1.284786611795425415e-01
1.125504001975059509e-01
4.645876586437225342e-02
-8.944137953221797943e-03
-4.316708445549011230e-02
-3.754701092839241028e-02
-2.725046314299106598e-02
-7.474071811884641647e-03
4.726684186607599258e-03
3.560382127761840820e-02
5.539106205105781555e-02
6.020838022232055664e-02
6.518000364303588867e-02
6.215942278504371643e-02
5.256655067205429077e-02
3.461072221398353577e-02
-6.477277725934982300e-03
-5.306465923786163330e-02
-9.865933656692504883e-02
-1.450530141592025757e-01
-1.854144930839538574e-01
-2.079541683197021484e-01
-2.008853703737258911e-01
-1.838901489973068237e-01
-3.981796279549598694e-02
-7.371162646450102329e-04
3.542745113372802734e-02
4.750742390751838684e-02
6.862837821245193481e-02
9.030923992395401001e-02
1.128488108515739441e-01
1.014833003282546997e-01
6.524838507175445557e-02
1.442091353237628937e-02
-2.102387696504592896e-02
-4.133488610386848450e-02
-5.628708284348249435e-03
2.240530773997306824e-02
4.413106665015220642e-02
5.150644853711128235e-02
6.578610837459564209e-02
6.901085376739501953e-02
6.405229121446609497e-02
6.278023868799209595e-02
6.031427159905433655e-02
5.323523655533790588e-02
3.160867840051651001e-02
1.292501692660152912e-03
-3.308712318539619446e-02
-1.011153236031532288e-01
-1.678654998540878296e-01
-2.271587252616882324e-01
-2.399780303239822388e-01
-2.267599105834960938e-01
-2.021258026361465454e-01
-1.211249828338623047e-02
1.674751378595829010e-02
2.653995528817176819e-02
3.862692415714263916e-02
7.066416740417480469e-02
9.771187603473663330e-02
1.046362519264221191e-01
8.792645484209060669e-02
6.065592914819717407e-02
1.111848279833793640e-02
-1.368819270282983780e-02
1.486440002918243408e-02
3.915272280573844910e-02
5.260431021451950073e-02
6.565457582473754883e-02
7.547350227832794189e-02
8.150027692317962646e-02
4.752729833126068115e-02
3.824078291654586792e-02
3.079903870820999146e-02
4.907570779323577881e-02
-9.999000000000000000e+03
-9.999000000000000000e+03
-9.999000000000000000e+03
-9.999000000000000000e+03
-9.999000000000000000e+03
-9.999000000000000000e+03
-1.640100926160812378e-01
-2.259847670793533325e-01
-2.341694682836532593e-01
-2.001121044158935547e-01
-1.523690018802881241e-02
3.221262944862246513e-03
2.269976399838924408e-02
3.956319764256477356e-02
7.698262482881546021e-02
1.006654724478721619e-01
9.318339079618453979e-02
7.970450073480606079e-02
5.604719370603561401e-02
3.516686335206031799e-02
2.200544811785221100e-02
7.159863412380218506e-02
7.061430811882019043e-02
6.948430091142654419e-02
7.012528181076049805e-02
6.876428425312042236e-02
7.720271497964859009e-02
-9.999000000000000000e+03
-9.999000000000000000e+03
-9.999000000000000000e+03
-9.999000000000000000e+03
-9.999000000000000000e+03
-9.999000000000000000e+03
-9.999000000000000000e+03
-9.999000000000000000e+03
-9.999000000000000000e+03
-9.999000000000000000e+03
-1.314241141080856323e-01
-1.861502677202224731e-01
-2.142334878444671631e-01
-1.939534693956375122e-01
-8.178430795669555664e-02
-4.289034381508827209e-02
-8.325150120072066784e-04
3.133624792098999023e-02
5.752241611480712891e-02
7.584341615438461304e-02
8.858534693717956543e-02
7.477407157421112061e-02
5.778679624199867249e-02
8.157008141279220581e-02
8.718389272689819336e-02
9.308633953332901001e-02
8.306871354579925537e-02
7.077328115701675415e-02
3.740825876593589783e-02
4.106581211090087891e-02
-9.999000000000000000e+03
-9.999000000000000000e+03
-9.999000000000000000e+03
-9.999000000000000000e+03
-9.999000000000000000e+03
-9.999000000000000000e+03
-9.999000000000000000e+03
-9.999000000000000000e+03
-9.999000000000000000e+03
-9.999000000000000000e+03
-9.999000000000000000e+03
-9.999000000000000000e+03
-1.149062141776084900e-01
-1.701700836420059204e-01
-1.400272399187088013e-01
-8.100886642932891846e-02
-6.764148920774459839e-02
-3.157097473740577698e-02
3.270414890721440315e-03
3.797825798392295837e-02
7.500267028808593750e-02
8.110585808753967285e-02
8.332175761461257935e-02
9.199087321758270264e-02
1.162509694695472717e-01
1.177648156881332397e-01
9.211567789316177368e-02
7.147426903247833252e-02
7.339299470186233521e-02
-9.999000000000000000e+03
-9.999000000000000000e+03
-9.999000000000000000e+03
-9.999000000000000000e+03
-9.999000000000000000e+03
-9.999000000000000000e+03
-9.999000000000000000e+03
-9.999000000000000000e+03
-9.999000000000000000e+03
-9.999000000000000000e+03
-9.999000000000000000e+03
-9.999000000000000000e+03
-9.999000000000000000e+03
-9.999000000000000000e+03
-9.999000000000000000e+03
-1.181126534938812256e-01
-9.913547337055206299e-02
-9.999000000000000000e+03
-6.377824395895004272e-02
-5.174089595675468445e-02
-1.671655289828777313e-02
2.645955793559551239e-02
6.004446744918823242e-02
7.565862685441970825e-02
1.098877713084220886e-01
1.367072314023971558e-01
1.292062997817993164e-01
1.066308468580245972e-01
8.314789086580276489e-02
5.900067463517189026e-02
-9.999000000000000000e+03
-9.999000000000000000e+03
-9.999000000000000000e+03
-9.999000000000000000e+03
-9.999000000000000000e+03
-9.999000000000000000e+03
-9.999000000000000000e+03
-9.999000000000000000e+03
-9.999000000000000000e+03
-9.999000000000000000e+03
-9.999000000000000000e+03
-9.999000000000000000e+03
-9.999000000000000000e+03
-9.999000000000000000e+03
-9.999000000000000000e+03
-9.999000000000000000e+03
-6.118042021989822388e-02
-4.111513495445251465e-02
-9.999000000000000000e+03
-9.999000000000000000e+03
-7.198563963174819946e-02
-2.172185480594635010e-02
3.095999173820018768e-02
6.349483132362365723e-02
1.012142971158027649e-01
1.263062655925750732e-01
1.366042792797088623e-01
1.202258840203285217e-01
8.100727945566177368e-02
3.970052301883697510e-02
-9.999000000000000000e+03
-9.999000000000000000e+03
-9.999000000000000000e+03
-9.999000000000000000e+03
-9.999000000000000000e+03
-9.999000000000000000e+03
-9.999000000000000000e+03
-9.999000000000000000e+03
-9.999000000000000000e+03
-9.999000000000000000e+03
-9.999000000000000000e+03
-9.999000000000000000e+03
-9.999000000000000000e+03
-9.999000000000000000e+03
-9.999000000000000000e+03
-9.999000000000000000e+03
-9.999000000000000000e+03
-2.837438136339187622e-02
-9.536694735288619995e-03
-9.999000000000000000e+03
-9.999000000000000000e+03
-5.280342325568199158e-02
-2.534809149801731110e-02
2.925218828022480011e-02
7.339718192815780640e-02
1.180364787578582764e-01
1.232843026518821716e-01
1.159185767173767090e-01
1.019587367773056030e-01
8.220541477203369141e-02
7.418229430913925171e-02
-9.999000000000000000e+03
-9.999000000000000000e+03
-9.999000000000000000e+03
-9.999000000000000000e+03
-9.999000000000000000e+03
-9.999000000000000000e+03
-9.999000000000000000e+03
-9.999000000000000000e+03
-9.999000000000000000e+03
-9.999000000000000000e+03
-9.999000000000000000e+03
-9.999000000000000000e+03
-9.999000000000000000e+03
-9.999000000000000000e+03
-9.999000000000000000e+03
-9.999000000000000000e+03
-9.999000000000000000e+03
-9.999000000000000000e+03
-9.999000000000000000e+03
-9.999000000000000000e+03
-9.999000000000000000e+03
-3.941454738378524780e-02
-2.570715360343456268e-02
2.361292950809001923e-02
7.472405582666397095e-02
1.055732145905494690e-01
1.150286123156547546e-01
1.076871305704116821e-01
1.064253672957420349e-01
7.930242270231246948e-02
6.482191383838653564e-02
-9.999000000000000000e+03
-9.999000000000000000e+03
-9.999000000000000000e+03
-9.999000000000000000e+03
-9.999000000000000000e+03
-9.999000000000000000e+03
-9.999000000000000000e+03
-9.999000000000000000e+03
-9.999000000000000000e+03
-9.999000000000000000e+03
-9.999000000000000000e+03
-9.999000000000000000e+03
-9.999000000000000000e+03
-9.999000000000000000e+03
-9.999000000000000000e+03
-9.999000000000000000e+03
-9.999000000000000000e+03
-9.999000000000000000e+03
-9.999000000000000000e+03
-9.999000000000000000e+03
-9.999000000000000000e+03
-9.999000000000000000e+03
-2.733381465077400208e-02
2.083663595840334892e-03
5.815059691667556763e-02
8.695317059755325317e-02
9.914754331111907959e-02
1.281844079494476318e-01
1.438409984111785889e-01
8.702284842729568481e-02
-9.999000000000000000e+03
-9.999000000000000000e+03
-9.999000000000000000e+03
-9.999000000000000000e+03
-9.999000000000000000e+03
-9.999000000000000000e+03
-9.999000000000000000e+03
-9.999000000000000000e+03
-9.999000000000000000e+03
-9.999000000000000000e+03
-9.999000000000000000e+03
-9.999000000000000000e+03
-9.999000000000000000e+03
-9.999000000000000000e+03
-9.999000000000000000e+03
-9.999000000000000000e+03
-9.999000000000000000e+03
-9.999000000000000000e+03
-9.999000000000000000e+03
-9.999000000000000000e+03
-9.999000000000000000e+03
-9.999000000000000000e+03
-9.999000000000000000e+03
-1.529680285602807999e-02
2.554122591391205788e-03
2.932189404964447021e-02
4.829709604382514954e-02
8.618745207786560059e-02
1.436973661184310913e-01
1.710768193006515503e-01
1.142703369259834290e-01
6.858991831541061401e-02
-9.999000000000000000e+03
-9.999000000000000000e+03
-9.999000000000000000e+03
-9.999000000000000000e+03
-9.999000000000000000e+03
-9.999000000000000000e+03
-9.999000000000000000e+03
-9.999000000000000000e+03
-9.999000000000000000e+03
-9.999000000000000000e+03
-9.999000000000000000e+03
-9.999000000000000000e+03
-9.999000000000000000e+03
-9.999000000000000000e+03
-9.999000000000000000e+03
-9.999000000000000000e+03
-9.999000000000000000e+03
-9.999000000000000000e+03
-9.999000000000000000e+03
-9.999000000000000000e+03
-9.999000000000000000e+03
-9.999000000000000000e+03
-9.999000000000000000e+03
9.451970458030700684e-03
2.286271937191486359e-02
2.609468065202236176e-02
4.012943059206008911e-02
8.071263134479522705e-02
5.058027431368827820e-02
6.123056635260581970e-02
7.884301245212554932e-02
-9.999000000000000000e+03
-9.999000000000000000e+03
-9.999000000000000000e+03
-9.999000000000000000e+03
-9.999000000000000000e+03
-9.999000000000000000e+03
-9.999000000000000000e+03
-9.999000000000000000e+03
-9.999000000000000000e+03
-9.999000000000000000e+03
-9.999000000000000000e+03
-9.999000000000000000e+03
-9.999000000000000000e+03
-9.999000000000000000e+03
-9.999000000000000000e+03
-9.999000000000000000e+03
-9.999000000000000000e+03
-9.999000000000000000e+03
-9.999000000000000000e+03
-9.999000000000000000e+03
-9.999000000000000000e+03
-9.999000000000000000e+03
-9.999000000000000000e+03
5.884709302335977554e-03
7.297493517398834229e-03
1.888635335490107536e-03
-1.707457937300205231e-02
-3.978486359119415283e-02
-9.760478883981704712e-02
-8.362292498350143433e-02
-5.771773867309093475e-04
6.138569861650466919e-02
-9.999000000000000000e+03
-9.999000000000000000e+03
-9.999000000000000000e+03
-9.999000000000000000e+03
-9.999000000000000000e+03
-9.999000000000000000e+03
-9.999000000000000000e+03
-9.999000000000000000e+03
-9.999000000000000000e+03
-9.999000000000000000e+03
-9.999000000000000000e+03
-9.999000000000000000e+03
-9.999000000000000000e+03
-9.999000000000000000e+03
-9.999000000000000000e+03
-9.999000000000000000e+03
-9.999000000000000000e+03
-9.999000000000000000e+03
-9.999000000000000000e+03
-9.999000000000000000e+03
-9.999000000000000000e+03
-9.999000000000000000e+03
2.300565317273139954e-02
5.775352474302053452e-03
-1.447292743250727654e-03
-1.618879288434982300e-02
-3.578834980726242065e-02
-7.885252684354782104e-02
-9.503813832998275757e-02
-2.679749205708503723e-02
4.984188824892044067e-02
4.463542625308036804e-02
2.468964457511901855e-02
1.798523962497711182e-02
1.302321814000606537e-02
-9.999000000000000000e+03
-9.999000000000000000e+03
-9.999000000000000000e+03
-9.999000000000000000e+03
-9.999000000000000000e+03
-9.999000000000000000e+03
-9.999000000000000000e+03
-9.999000000000000000e+03
-9.999000000000000000e+03
-9.999000000000000000e+03
-9.999000000000000000e+03
-9.999000000000000000e+03
-9.999000000000000000e+03
-9.999000000000000000e+03
-9.999000000000000000e+03
-9.999000000000000000e+03
-9.999000000000000000e+03
4.691449180245399475e-02
4.324636608362197876e-02
2.325979433953762054e-02
6.313314661383628845e-03
-1.192304398864507675e-02
-2.469093166291713715e-02
-3.477031365036964417e-02
-4.985914006829261780e-02
-3.416675329208374023e-02
1.223418116569519043e-02
1.713939756155014038e-02
3.231807425618171692e-02
1.108793541789054871e-02
1.691339910030364990e-02
-9.999000000000000000e+03
-9.999000000000000000e+03
-9.999000000000000000e+03
-9.999000000000000000e+03
-9.999000000000000000e+03
-9.999000000000000000e+03
-9.999000000000000000e+03
-9.999000000000000000e+03
-9.999000000000000000e+03
-9.999000000000000000e+03
-9.999000000000000000e+03
-9.999000000000000000e+03
-9.999000000000000000e+03
-9.999000000000000000e+03
-9.999000000000000000e+03
3.275375813245773315e-02
3.878299519419670105e-02
5.385534837841987610e-02
4.634473845362663269e-02
1.868591085076332092e-02
3.539463737979531288e-03
-1.435127924196422100e-03
-2.355977630941197276e-04
-3.867093939334154129e-03
-2.507155202329158783e-02
-3.722757846117019653e-02
-2.529170177876949310e-02
2.513214945793151855e-02
5.205176398158073425e-02
-9.999000000000000000e+03
-9.999000000000000000e+03
-9.999000000000000000e+03
-9.999000000000000000e+03
-9.999000000000000000e+03
-9.999000000000000000e+03
-9.999000000000000000e+03
-9.999000000000000000e+03
-9.999000000000000000e+03
-9.999000000000000000e+03
-9.999000000000000000e+03
-9.999000000000000000e+03
-9.999000000000000000e+03
-9.999000000000000000e+03
-9.999000000000000000e+03
-9.999000000000000000e+03
1.830298826098442078e-02
3.337254747748374939e-02
6.412877142429351807e-02
6.431735306978225708e-02
4.044863581657409668e-02
2.142495475709438324e-03
-4.885107744485139847e-03
-6.350590381771326065e-03
1.100603863596916199e-02
1.188526116311550140e-02
-5.762098357081413269e-03
-3.495328873395919800e-02
-7.433577626943588257e-02
3.206060081720352173e-02
-9.999000000000000000e+03
-9.999000000000000000e+03
-9.999000000000000000e+03
-9.999000000000000000e+03
-9.999000000000000000e+03
-9.999000000000000000e+03
-9.999000000000000000e+03
-9.999000000000000000e+03
-9.999000000000000000e+03
-9.999000000000000000e+03
-9.999000000000000000e+03
-9.999000000000000000e+03
-9.999000000000000000e+03
-9.999000000000000000e+03
-9.999000000000000000e+03
-9.999000000000000000e+03
-9.999000000000000000e+03
3.557006642222404480e-02
5.503696948289871216e-02
9.326845407485961914e-02
6.213778629899024963e-02
1.457291468977928162e-02
-1.131165027618408203e-02
-1.983480900526046753e-02
-2.193178236484527588e-02
5.523348692804574966e-03
1.621530391275882721e-02
4.417987074702978134e-03
-4.673114791512489319e-02
-4.834455251693725586e-02
5.514592863619327545e-03
-9.999000000000000000e+03
-9.999000000000000000e+03
-9.999000000000000000e+03
-9.999000000000000000e+03
-9.999000000000000000e+03
-9.999000000000000000e+03
-9.999000000000000000e+03
-9.999000000000000000e+03
-9.999000000000000000e+03
-9.999000000000000000e+03
-9.999000000000000000e+03
-9.999000000000000000e+03
-9.999000000000000000e+03
-9.999000000000000000e+03
-9.999000000000000000e+03
-9.999000000000000000e+03
-9.999000000000000000e+03
8.387993276119232178e-02
1.014925092458724976e-01
9.376027435064315796e-02
5.741191655397415161e-02
5.752041470259428024e-03
-2.151813171803951263e-02
-3.762930259108543396e-02
-3.217534720897674561e-02
-1.252411678433418274e-02
-7.307239575311541557e-04
-1.658160053193569183e-02
-7.177735865116119385e-02
-6.428325921297073364e-02
-9.999000000000000000e+03
-9.999000000000000000e+03
-9.999000000000000000e+03
-9.999000000000000000e+03
-9.999000000000000000e+03
-9.999000000000000000e+03
-9.999000000000000000e+03
-9.999000000000000000e+03
-9.999000000000000000e+03
-9.999000000000000000e+03
-9.999000000000000000e+03
-9.999000000000000000e+03
-9.999000000000000000e+03
-9.999000000000000000e+03
-9.999000000000000000e+03
-9.999000000000000000e+03
-9.999000000000000000e+03
-9.999000000000000000e+03
1.152842342853546143e-01
1.214932501316070557e-01
7.270602881908416748e-02
1.941414363682270050e-02
-2.394786477088928223e-02
-4.339841008186340332e-02
-5.064413696527481079e-02
-5.184645205736160278e-02
-3.298398107290267944e-02
-3.301696106791496277e-02
-3.793127089738845825e-02
-6.145476177334785461e-02
-9.999000000000000000e+03
-9.999000000000000000e+03
-9.999000000000000000e+03
-9.999000000000000000e+03
-9.999000000000000000e+03
-9.999000000000000000e+03
-9.999000000000000000e+03
-9.999000000000000000e+03
-9.999000000000000000e+03
-9.999000000000000000e+03
-9.999000000000000000e+03
-9.999000000000000000e+03
-9.999000000000000000e+03
-9.999000000000000000e+03
-9.999000000000000000e+03
-9.999000000000000000e+03
-9.999000000000000000e+03
-9.999000000000000000e+03
-9.999000000000000000e+03
1.111792549490928650e-01
1.091435700654983521e-01
6.980445981025695801e-02
5.968855228275060654e-03
-7.375127077102661133e-02
-8.397880941629409790e-02
-7.321444153785705566e-02
-5.592329800128936768e-02
-4.687266424298286438e-02
-2.954217977821826935e-02
-9.999000000000000000e+03
-9.999000000000000000e+03
-9.999000000000000000e+03
-9.999000000000000000e+03
-9.999000000000000000e+03
-9.999000000000000000e+03
-9.999000000000000000e+03
-9.999000000000000000e+03
-9.999000000000000000e+03
-9.999000000000000000e+03
-9.999000000000000000e+03
-9.999000000000000000e+03
-9.999000000000000000e+03
-9.999000000000000000e+03
-9.999000000000000000e+03
-9.999000000000000000e+03
-9.999000000000000000e+03
-9.999000000000000000e+03
-9.999000000000000000e+03
-9.999000000000000000e+03
-9.999000000000000000e+03
9.944471716880798340e-02
9.572925418615341187e-02
5.055464431643486023e-02
-1.691431924700737000e-02
-6.371533125638961792e-02
-8.009200543165206909e-02
-9.999000000000000000e+03
-9.999000000000000000e+03
-9.999000000000000000e+03
-9.999000000000000000e+03
-9.999000000000000000e+03
-9.999000000000000000e+03
-9.999000000000000000e+03
-9.999000000000000000e+03
-9.999000000000000000e+03
-9.999000000000000000e+03
-9.999000000000000000e+03
-9.999000000000000000e+03
-9.999000000000000000e+03
-9.999000000000000000e+03
-9.999000000000000000e+03
-9.999000000000000000e+03
-9.999000000000000000e+03
-9.999000000000000000e+03
-9.999000000000000000e+03
-9.999000000000000000e+03
-9.999000000000000000e+03
-9.999000000000000000e+03
-9.999000000000000000e+03
-9.999000000000000000e+03
-9.999000000000000000e+03
5.018322169780731201e-02
4.617389291524887085e-02
3.897573053836822510e-02
-9.999000000000000000e+03
-9.999000000000000000e+03
-9.999000000000000000e+03
-9.999000000000000000e+03
-9.999000000000000000e+03
-9.999000000000000000e+03
-9.999000000000000000e+03
-9.999000000000000000e+03
-9.999000000000000000e+03
-9.999000000000000000e+03
-9.999000000000000000e+03
-9.999000000000000000e+03
-9.999000000000000000e+03
-9.999000000000000000e+03
-9.999000000000000000e+03
-9.999000000000000000e+03
-9.999000000000000000e+03
-9.999000000000000000e+03
-9.999000000000000000e+03
-9.999000000000000000e+03
-9.999000000000000000e+03
-9.999000000000000000e+03
-9.999000000000000000e+03
-9.999000000000000000e+03
-9.999000000000000000e+03
-9.999000000000000000e+03
-9.999000000000000000e+03
-9.999000000000000000e+03
