5.472402647137641907e-02
5.535181611776351929e-02
4.357815906405448914e-02
2.905851416289806366e-02
4.089220613241195679e-02
2.337713539600372314e-02
1.503800135105848312e-02
1.309237536042928696e-02
7.539669051766395569e-03
1.600098237395286560e-02
-2.092492766678333282e-02
-9.999000000000000000e+03
-9.999000000000000000e+03
-9.999000000000000000e+03
-9.999000000000000000e+03
-9.999000000000000000e+03
-9.999000000000000000e+03
-9.999000000000000000e+03
-9.999000000000000000e+03
-9.999000000000000000e+03
-9.999000000000000000e+03
-9.999000000000000000e+03
-9.999000000000000000e+03
2.724297903478145599e-02
7.258035987615585327e-02
7.607431709766387939e-02
9.809265285730361938e-02
1.311202645301818848e-01
1.536021977663040161e-01
1.659843772649765015e-01
1.647524982690811157e-01
-2.749339211732149124e-03
-2.598495455458760262e-03
-1.564048603177070618e-02
-2.946636453270912170e-02
-2.511381171643733978e-02
-4.770176112651824951e-02
-5.344542488455772400e-02
-4.016243666410446167e-02
-3.050183504819869995e-02
-8.063857443630695343e-03
-3.439251333475112915e-03
-1.952722785063087940e-03
-9.999000000000000000e+03
-9.999000000000000000e+03
-9.999000000000000000e+03
-9.999000000000000000e+03
-9.999000000000000000e+03
-9.999000000000000000e+03
-9.999000000000000000e+03
-9.999000000000000000e+03
-9.999000000000000000e+03
6.172501668334007263e-02
7.893352210521697998e-02
6.982257217168807983e-02
9.899463504552841187e-02
9.561464190483093262e-02
1.033433899283409119e-01
1.155901700258255005e-01
1.234003677964210510e-01
1.396342217922210693e-01
1.481163054704666138e-01
-4.253948852419853210e-02
-5.188458785414695740e-02
-7.002367079257965088e-02
-8.962409198284149170e-02
-8.619795739650726318e-02
-9.719343483448028564e-02
-9.412454068660736084e-02
-7.290948927402496338e-02
-5.244733020663261414e-02
-3.437867388129234314e-02
-3.265858441591262817e-02
-2.217567525804042816e-02
-9.999000000000000000e+03
-9.999000000000000000e+03
-9.999000000000000000e+03
-9.999000000000000000e+03
-9.999000000000000000e+03
-9.999000000000000000e+03
-9.999000000000000000e+03
1.272986233234405518e-01
1.185103431344032288e-01
1.266463547945022583e-01
1.064367145299911499e-01
8.230462670326232910e-02
7.079085707664489746e-02
6.168128177523612976e-02
7.453069090843200684e-02
7.014420628547668457e-02
8.078633993864059448e-02
1.098221316933631897e-01
1.157532110810279846e-01
-7.300598174333572388e-02
-8.813665807247161865e-02
-1.061824262142181396e-01
-1.236744448542594910e-01
-1.292253732681274414e-01
-1.360078603029251099e-01
-1.199280917644500732e-01
-9.199189394712448120e-02
-7.198709994554519653e-02
-5.334228649735450745e-02
-5.195169523358345032e-02
-2.402506768703460693e-02
2.129482105374336243e-02
-9.999000000000000000e+03
-9.999000000000000000e+03
-9.999000000000000000e+03
1.060263887047767639e-01
1.474911123514175415e-01
1.840998232364654541e-01
1.627185642719268799e-01
1.375490427017211914e-01
1.156284958124160767e-01
6.415423750877380371e-02
3.226834908127784729e-02
-4.916724283248186111e-03
-3.460693359375000000e-02
-4.367869812995195389e-03
-4.543664865195751190e-03
2.129134535789489746e-02
5.934355780482292175e-02
8.441824465990066528e-02
-9.410426765680313110e-02
-1.108714491128921509e-01
-1.304963529109954834e-01
-1.378991305828094482e-01
-1.415159255266189575e-01
-1.404660195112228394e-01
-1.218226030468940735e-01
-9.675692021846771240e-02
-8.786243945360183716e-02
-7.581862807273864746e-02
-4.049663618206977844e-02
2.564517781138420105e-03
4.108938202261924744e-02
6.798609346151351929e-02
8.265276998281478882e-02
1.177629008889198303e-01
1.224656701087951660e-01
1.127879843115806580e-01
1.132644340395927429e-01
7.376220822334289551e-02
5.197020247578620911e-02
1.061041187494993210e-02
-6.580855697393417358e-02
-7.908620685338973999e-02
-1.089071556925773621e-01
-1.049424633383750916e-01
-7.073479145765304565e-02
-4.304809868335723877e-02
-2.964973682537674904e-03
3.752620518207550049e-02
6.813476234674453735e-02
-1.080660447478294373e-01
-1.175865754485130310e-01
-1.243114843964576721e-01
-1.338230520486831665e-01
-1.334823518991470337e-01
-1.219786033034324646e-01
-1.096221655607223511e-01
-9.869369864463806152e-02
-9.363573789596557617e-02
-7.898860424757003784e-02
-2.999667823314666748e-02
2.841861359775066376e-02
4.950103908777236938e-02
6.033138185739517212e-02
5.870518833398818970e-02
6.930334120988845825e-02
4.663619771599769592e-02
-2.246178220957517624e-03
-3.085667453706264496e-02
-8.889916539192199707e-02
-1.108269169926643372e-01
-1.242385953664779663e-01
-1.521735340356826782e-01
-1.510108411312103271e-01
-1.472980082035064697e-01
-1.090073809027671814e-01
-7.716105878353118896e-02
-4.843841493129730225e-02
-1.876276358962059021e-02
1.162349618971347809e-02
3.402535989880561829e-02
-1.116135269403457642e-01
-1.242817640304565430e-01
-1.268934160470962524e-01
-1.259837150573730469e-01
-1.223479062318801880e-01
-1.112200245261192322e-01
-1.011761873960494995e-01
-1.031738743185997009e-01
-8.991487324237823486e-02
-5.555363371968269348e-02
-1.145516056567430496e-02
2.181489393115043640e-02
4.060363769531250000e-02
3.727291151881217957e-02
1.724614063277840614e-03
-1.700178720057010651e-02
-5.900134518742561340e-02
-1.005199998617172241e-01
-1.161835938692092896e-01
-1.582268476486206055e-01
-1.730415374040603638e-01
-1.767635792493820190e-01
-1.672081798315048218e-01
-1.596320271492004395e-01
-1.421948522329330444e-01
-1.164997965097427368e-01
-7.673429697751998901e-02
-5.173927545547485352e-02
-3.490557521581649780e-02
-8.595363236963748932e-03
1.986114308238029480e-03
-8.163532614707946777e-02
-1.158576682209968567e-01
-1.380596160888671875e-01
-1.247965618968009949e-01
-1.051969751715660095e-01
-8.894601464271545410e-02
-8.395811170339584351e-02
-8.844551444053649902e-02
-7.682914286851882935e-02
-4.407761245965957642e-02
-1.258721947669982910e-02
-6.084487307816743851e-03
-9.763170033693313599e-03
-2.567950636148452759e-02
-6.235418841242790222e-02
-8.187013119459152222e-02
-1.326300054788589478e-01
-1.636765152215957642e-01
-1.702455729246139526e-01
-1.715493947267532349e-01
-1.643127501010894775e-01
-1.623316854238510132e-01
-1.474025249481201172e-01
-1.458884030580520630e-01
-1.411343067884445190e-01
-1.382037699222564697e-01
-1.063799783587455750e-01
-8.795543760061264038e-02
-7.048066705465316772e-02
-3.925080969929695129e-02
-4.244427755475044250e-02
-6.743385642766952515e-02
-9.875598549842834473e-02
-1.184584349393844604e-01
-1.012320518493652344e-01
-8.633358776569366455e-02
-7.867899537086486816e-02
-7.317955046892166138e-02
-5.960156768560409546e-02
-4.396508634090423584e-02
-3.111788630485534668e-02
-2.781321294605731964e-02
-3.816078603267669678e-02
-7.574139535427093506e-02
-1.122428849339485168e-01
-1.349372416734695435e-01
-1.420423537492752075e-01
-1.662652343511581421e-01
-1.733476072549819946e-01
-1.699708849191665649e-01
-1.453969180583953857e-01
-1.227564066648483276e-01
-1.204694807529449463e-01
-9.987442940473556519e-02
-1.093299910426139832e-01
-8.746074885129928589e-02
-1.247177198529243469e-01
-1.297643184661865234e-01
-1.318061649799346924e-01
-1.145656034350395203e-01
-8.929248154163360596e-02
-8.825234323740005493e-02
-1.023287624120712280e-01
-8.829330652952194214e-02
-6.757995486259460449e-02
-4.677654430270195007e-02
-4.200298711657524109e-02
-3.638035804033279419e-02
-3.717431053519248962e-02
-3.914035111665725708e-02
-2.204606309533119202e-02
-2.042146399617195129e-02
-5.156256631016731262e-02
-9.600634872913360596e-02
-1.260074079036712646e-01
-1.424819231033325195e-01
-1.517647206783294678e-01
-1.592437475919723511e-01
-1.721387803554534912e-01
-1.176797822117805481e-01
-1.293697506189346313e-01
-9.554107487201690674e-02
-7.914571464061737061e-02
-9.999000000000000000e+03
-9.999000000000000000e+03
-9.999000000000000000e+03
-9.999000000000000000e+03
-9.999000000000000000e+03
-9.999000000000000000e+03
-1.518625766038894653e-01
-1.268001943826675415e-01
-1.269745677709579468e-01
-1.358674913644790649e-01
-1.025591045618057251e-01
-7.316185534000396729e-02
-5.492952093482017517e-02
-4.304507002234458923e-02
-3.618394955992698669e-02
-1.695879176259040833e-02
-1.327157858759164810e-02
-1.596667617559432983e-02
-1.101410016417503357e-02
-2.839583158493041992e-02
-6.772061437368392944e-02
-1.299138665199279785e-01
-1.419293731451034546e-01
-1.444272696971893311e-01
-1.425139456987380981e-01
-1.278795599937438965e-01
-1.121527403593063354e-01
-9.999000000000000000e+03
-9.999000000000000000e+03
-9.999000000000000000e+03
-9.999000000000000000e+03
-9.999000000000000000e+03
-9.999000000000000000e+03
-9.999000000000000000e+03
-9.999000000000000000e+03
-9.999000000000000000e+03
-9.999000000000000000e+03
-7.450224459171295166e-02
-1.048495918512344360e-01
-1.329390555620193481e-01
-1.517694890499114990e-01
-8.162274211645126343e-02
-7.484775036573410034e-02
-5.770108848810195923e-02
-4.936103895306587219e-02
-3.834347426891326904e-02
-2.676958031952381134e-02
-1.949073001742362976e-02
-1.109757740050554276e-02
-2.227532863616943359e-02
-7.263932377099990845e-02
-1.049528121948242188e-01
-1.289196163415908813e-01
-1.312382668256759644e-01
-1.347446441650390625e-01
-8.138612657785415649e-02
-8.476019650697708130e-02
-9.999000000000000000e+03
-9.999000000000000000e+03
-9.999000000000000000e+03
-9.999000000000000000e+03
-9.999000000000000000e+03
-9.999000000000000000e+03
-9.999000000000000000e+03
-9.999000000000000000e+03
-9.999000000000000000e+03
-9.999000000000000000e+03
-9.999000000000000000e+03
-9.999000000000000000e+03
-5.222756788134574890e-02
-1.166672632098197937e-01
-1.580174416303634644e-01
-1.258766353130340576e-01
-1.135094240307807922e-01
-8.885002881288528442e-02
-7.026847451925277710e-02
-4.920287430286407471e-02
-4.376501217484474182e-02
-4.210720956325531006e-02
-4.347593337297439575e-02
-7.043662667274475098e-02
-1.049524545669555664e-01
-1.202737763524055481e-01
-1.165528893470764160e-01
-8.623144775629043579e-02
-9.477291256189346313e-02
-9.999000000000000000e+03
-9.999000000000000000e+03
-9.999000000000000000e+03
-9.999000000000000000e+03
-9.999000000000000000e+03
-9.999000000000000000e+03
-9.999000000000000000e+03
-9.999000000000000000e+03
-9.999000000000000000e+03
-9.999000000000000000e+03
-9.999000000000000000e+03
-9.999000000000000000e+03
-9.999000000000000000e+03
-9.999000000000000000e+03
-9.999000000000000000e+03
-7.267669588327407837e-02
-1.196650043129920959e-01
-9.999000000000000000e+03
-8.884578943252563477e-02
-9.550842642784118652e-02
-7.855032384395599365e-02
-6.815544515848159790e-02
-6.978277117013931274e-02
-9.036204218864440918e-02
-9.736289829015731812e-02
-1.131954044103622437e-01
-1.081252843141555786e-01
-1.025407835841178894e-01
-8.043190091848373413e-02
-6.671188026666641235e-02
-9.999000000000000000e+03
-9.999000000000000000e+03
-9.999000000000000000e+03
-9.999000000000000000e+03
-9.999000000000000000e+03
-9.999000000000000000e+03
-9.999000000000000000e+03
-9.999000000000000000e+03
-9.999000000000000000e+03
-9.999000000000000000e+03
-9.999000000000000000e+03
-9.999000000000000000e+03
-9.999000000000000000e+03
-9.999000000000000000e+03
-9.999000000000000000e+03
-9.999000000000000000e+03
-3.345547616481781006e-02
-6.849694997072219849e-02
-9.999000000000000000e+03
-9.999000000000000000e+03
-8.820055425167083740e-02
-7.423736900091171265e-02
-7.192789763212203979e-02
-8.142074197530746460e-02
-9.736284613609313965e-02
-1.100055426359176636e-01
-9.812694787979125977e-02
-6.551965326070785522e-02
-5.797579139471054077e-02
-3.105899505317211151e-02
-9.999000000000000000e+03
-9.999000000000000000e+03
-9.999000000000000000e+03
-9.999000000000000000e+03
-9.999000000000000000e+03
-9.999000000000000000e+03
-9.999000000000000000e+03
-9.999000000000000000e+03
-9.999000000000000000e+03
-9.999000000000000000e+03
-9.999000000000000000e+03
-9.999000000000000000e+03
-9.999000000000000000e+03
-9.999000000000000000e+03
-9.999000000000000000e+03
-9.999000000000000000e+03
-9.999000000000000000e+03
-8.010499179363250732e-03
-1.520443707704544067e-02
-9.999000000000000000e+03
-9.999000000000000000e+03
-5.699410662055015564e-02
-6.334315985441207886e-02
-5.433453992009162903e-02
-5.539299920201301575e-02
-6.282034516334533691e-02
-7.752485573291778564e-02
-8.280387520790100098e-02
-8.165469020605087280e-02
-5.381631106138229370e-02
-3.777750581502914429e-02
-9.999000000000000000e+03
-9.999000000000000000e+03
-9.999000000000000000e+03
-9.999000000000000000e+03
-9.999000000000000000e+03
-9.999000000000000000e+03
-9.999000000000000000e+03
-9.999000000000000000e+03
-9.999000000000000000e+03
-9.999000000000000000e+03
-9.999000000000000000e+03
-9.999000000000000000e+03
-9.999000000000000000e+03
-9.999000000000000000e+03
-9.999000000000000000e+03
-9.999000000000000000e+03
-9.999000000000000000e+03
-9.999000000000000000e+03
-9.999000000000000000e+03
-9.999000000000000000e+03
-9.999000000000000000e+03
-2.367155253887176514e-02
-2.121689170598983765e-02
-1.945069804787635803e-02
-1.891191676259040833e-02
-1.611412316560745239e-02
-3.992084041237831116e-02
-7.568303495645523071e-02
-1.068120598793029785e-01
-9.914842993021011353e-02
-8.215518295764923096e-02
-9.999000000000000000e+03
-9.999000000000000000e+03
-9.999000000000000000e+03
-9.999000000000000000e+03
-9.999000000000000000e+03
-9.999000000000000000e+03
-9.999000000000000000e+03
-9.999000000000000000e+03
-9.999000000000000000e+03
-9.999000000000000000e+03
-9.999000000000000000e+03
-9.999000000000000000e+03
-9.999000000000000000e+03
-9.999000000000000000e+03
-9.999000000000000000e+03
-9.999000000000000000e+03
-9.999000000000000000e+03
-9.999000000000000000e+03
-9.999000000000000000e+03
-9.999000000000000000e+03
-9.999000000000000000e+03
-9.999000000000000000e+03
-2.910923585295677185e-02
-3.288806974887847900e-02
-4.782180301845073700e-03
2.838720194995403290e-02
2.461033873260021210e-02
5.394624313339591026e-04
2.799947105813771486e-04
-6.714847683906555176e-02
-9.999000000000000000e+03
-9.999000000000000000e+03
-9.999000000000000000e+03
-9.999000000000000000e+03
-9.999000000000000000e+03
-9.999000000000000000e+03
-9.999000000000000000e+03
-9.999000000000000000e+03
-9.999000000000000000e+03
-9.999000000000000000e+03
-9.999000000000000000e+03
-9.999000000000000000e+03
-9.999000000000000000e+03
-9.999000000000000000e+03
-9.999000000000000000e+03
-9.999000000000000000e+03
-9.999000000000000000e+03
-9.999000000000000000e+03
-9.999000000000000000e+03
-9.999000000000000000e+03
-9.999000000000000000e+03
-9.999000000000000000e+03
-9.999000000000000000e+03
-2.940263412892818451e-02
-5.404492095112800598e-02
-3.396951034665107727e-02
-3.526126674842089415e-04
5.476877093315124512e-02
4.915283992886543274e-02
1.298384070396423340e-01
1.501330733299255371e-01
9.188945591449737549e-02
-9.999000000000000000e+03
-9.999000000000000000e+03
-9.999000000000000000e+03
-9.999000000000000000e+03
-9.999000000000000000e+03
-9.999000000000000000e+03
-9.999000000000000000e+03
-9.999000000000000000e+03
-9.999000000000000000e+03
-9.999000000000000000e+03
-9.999000000000000000e+03
-9.999000000000000000e+03
-9.999000000000000000e+03
-9.999000000000000000e+03
-9.999000000000000000e+03
-9.999000000000000000e+03
-9.999000000000000000e+03
-9.999000000000000000e+03
-9.999000000000000000e+03
-9.999000000000000000e+03
-9.999000000000000000e+03
-9.999000000000000000e+03
-9.999000000000000000e+03
-6.313814967870712280e-02
-5.260185152292251587e-02
-2.274503931403160095e-02
3.976671397686004639e-02
9.310427308082580566e-02
1.005068942904472351e-01
1.648504436016082764e-01
1.510762721300125122e-01
-9.999000000000000000e+03
-9.999000000000000000e+03
-9.999000000000000000e+03
-9.999000000000000000e+03
-9.999000000000000000e+03
-9.999000000000000000e+03
-9.999000000000000000e+03
-9.999000000000000000e+03
-9.999000000000000000e+03
-9.999000000000000000e+03
-9.999000000000000000e+03
-9.999000000000000000e+03
-9.999000000000000000e+03
-9.999000000000000000e+03
-9.999000000000000000e+03
-9.999000000000000000e+03
-9.999000000000000000e+03
-9.999000000000000000e+03
-9.999000000000000000e+03
-9.999000000000000000e+03
-9.999000000000000000e+03
-9.999000000000000000e+03
-9.999000000000000000e+03
-6.180621683597564697e-02
-7.719931006431579590e-02
-6.263660639524459839e-02
-7.334057241678237915e-02
-4.907000064849853516e-02
-9.698844701051712036e-02
-4.577466100454330444e-02
4.256106913089752197e-02
7.018199563026428223e-02
-9.999000000000000000e+03
-9.999000000000000000e+03
-9.999000000000000000e+03
-9.999000000000000000e+03
-9.999000000000000000e+03
-9.999000000000000000e+03
-9.999000000000000000e+03
-9.999000000000000000e+03
-9.999000000000000000e+03
-9.999000000000000000e+03
-9.999000000000000000e+03
-9.999000000000000000e+03
-9.999000000000000000e+03
-9.999000000000000000e+03
-9.999000000000000000e+03
-9.999000000000000000e+03
-9.999000000000000000e+03
-9.999000000000000000e+03
-9.999000000000000000e+03
-9.999000000000000000e+03
-9.999000000000000000e+03
-9.999000000000000000e+03
-5.005229637026786804e-02
-9.957748651504516602e-02
-1.066710278391838074e-01
-1.078364849090576172e-01
-1.303401887416839600e-01
-1.416584849357604980e-01
-1.264462023973464966e-01
-1.289073526859283447e-01
-6.279004365205764771e-02
2.718068659305572510e-02
4.190782830119132996e-02
2.135230461135506630e-03
-1.028554327785968781e-02
-9.999000000000000000e+03
-9.999000000000000000e+03
-9.999000000000000000e+03
-9.999000000000000000e+03
-9.999000000000000000e+03
-9.999000000000000000e+03
-9.999000000000000000e+03
-9.999000000000000000e+03
-9.999000000000000000e+03
-9.999000000000000000e+03
-9.999000000000000000e+03
-9.999000000000000000e+03
-9.999000000000000000e+03
-9.999000000000000000e+03
-9.999000000000000000e+03
-9.999000000000000000e+03
-9.999000000000000000e+03
-5.798786878585815430e-02
-6.116374954581260681e-02
-7.956252992153167725e-02
-5.843150243163108826e-02
-5.751468241214752197e-02
-7.746226340532302856e-02
-7.812900096178054810e-02
-7.908476144075393677e-02
-8.173140883445739746e-02
-5.504909157752990723e-02
-2.154158800840377808e-02
-9.738326072692871094e-03
-2.406855672597885132e-02
-3.235374763607978821e-02
-9.999000000000000000e+03
-9.999000000000000000e+03
-9.999000000000000000e+03
-9.999000000000000000e+03
-9.999000000000000000e+03
-9.999000000000000000e+03
-9.999000000000000000e+03
-9.999000000000000000e+03
-9.999000000000000000e+03
-9.999000000000000000e+03
-9.999000000000000000e+03
-9.999000000000000000e+03
-9.999000000000000000e+03
-9.999000000000000000e+03
-9.999000000000000000e+03
-5.634532496333122253e-02
-5.534176155924797058e-02
-9.918725490570068359e-02
-8.302190899848937988e-02
-5.574654787778854370e-02
-2.983448468148708344e-02
-2.012948133051395416e-02
-2.456638030707836151e-02
-3.514085710048675537e-02
-5.083893612027168274e-02
-4.902483895421028137e-02
-3.264691680669784546e-02
-1.952949166297912598e-02
-3.131416812539100647e-02
-9.999000000000000000e+03
-9.999000000000000000e+03
-9.999000000000000000e+03
-9.999000000000000000e+03
-9.999000000000000000e+03
-9.999000000000000000e+03
-9.999000000000000000e+03
-9.999000000000000000e+03
-9.999000000000000000e+03
-9.999000000000000000e+03
-9.999000000000000000e+03
-9.999000000000000000e+03
-9.999000000000000000e+03
-9.999000000000000000e+03
-9.999000000000000000e+03
-9.999000000000000000e+03
-6.071451306343078613e-02
-8.974909782409667969e-02
-9.734170138835906982e-02
-1.155460178852081299e-01
-1.057826131582260132e-01
-6.255029886960983276e-02
-3.348126634955406189e-02
-2.759706787765026093e-02
-2.803035452961921692e-02
-4.285625740885734558e-02
-7.097559422254562378e-02
-8.306036144495010376e-02
-6.867800652980804443e-02
-3.424751013517379761e-02
-9.999000000000000000e+03
-9.999000000000000000e+03
-9.999000000000000000e+03
-9.999000000000000000e+03
-9.999000000000000000e+03
-9.999000000000000000e+03
-9.999000000000000000e+03
-9.999000000000000000e+03
-9.999000000000000000e+03
-9.999000000000000000e+03
-9.999000000000000000e+03
-9.999000000000000000e+03
-9.999000000000000000e+03
-9.999000000000000000e+03
-9.999000000000000000e+03
-9.999000000000000000e+03
-9.999000000000000000e+03
-7.167293876409530640e-02
-1.104074791073799133e-01
-1.292268782854080200e-01
-1.209203079342842102e-01
-9.620280563831329346e-02
-7.291063666343688965e-02
-5.557561665773391724e-02
-5.115134641528129578e-02
-4.545471817255020142e-02
-2.907472662627696991e-02
-5.021241307258605957e-02
-7.119421660900115967e-02
-5.086040124297142029e-02
-4.323026910424232483e-02
-9.999000000000000000e+03
-9.999000000000000000e+03
-9.999000000000000000e+03
-9.999000000000000000e+03
-9.999000000000000000e+03
-9.999000000000000000e+03
-9.999000000000000000e+03
-9.999000000000000000e+03
-9.999000000000000000e+03
-9.999000000000000000e+03
-9.999000000000000000e+03
-9.999000000000000000e+03
-9.999000000000000000e+03
-9.999000000000000000e+03
-9.999000000000000000e+03
-9.999000000000000000e+03
-9.999000000000000000e+03
-1.140008494257926941e-01
-1.259807348251342773e-01
-1.245808228850364685e-01
-1.099571436643600464e-01
-8.559876680374145508e-02
-6.258895993232727051e-02
-4.985931515693664551e-02
-4.779101535677909851e-02
-4.846851900219917297e-02
-3.870065137743949890e-02
-4.424039274454116821e-02
-3.446211293339729309e-02
-1.610583998262882233e-02
-9.999000000000000000e+03
-9.999000000000000000e+03
-9.999000000000000000e+03
-9.999000000000000000e+03
-9.999000000000000000e+03
-9.999000000000000000e+03
-9.999000000000000000e+03
-9.999000000000000000e+03
-9.999000000000000000e+03
-9.999000000000000000e+03
-9.999000000000000000e+03
-9.999000000000000000e+03
-9.999000000000000000e+03
-9.999000000000000000e+03
-9.999000000000000000e+03
-9.999000000000000000e+03
-9.999000000000000000e+03
-9.999000000000000000e+03
-9.518339484930038452e-02
-9.437670558691024780e-02
-9.087749570608139038e-02
-8.246502280235290527e-02
-5.960402637720108032e-02
-3.725783526897430420e-02
-1.841924153268337250e-02
-6.268018390983343124e-03
-3.087832964956760406e-02
-4.315330460667610168e-02
-4.060745984315872192e-02
-4.132043197751045227e-02
-9.999000000000000000e+03
-9.999000000000000000e+03
-9.999000000000000000e+03
-9.999000000000000000e+03
-9.999000000000000000e+03
-9.999000000000000000e+03
-9.999000000000000000e+03
-9.999000000000000000e+03
-9.999000000000000000e+03
-9.999000000000000000e+03
-9.999000000000000000e+03
-9.999000000000000000e+03
-9.999000000000000000e+03
-9.999000000000000000e+03
-9.999000000000000000e+03
-9.999000000000000000e+03
-9.999000000000000000e+03
-9.999000000000000000e+03
-9.999000000000000000e+03
-5.819103494286537170e-02
-4.959898814558982849e-02
-5.299833044409751892e-02
-5.966151505708694458e-02
-1.252646464854478836e-02
1.217179745435714722e-02
2.451728470623493195e-02
1.504806987941265106e-02
-4.446233622729778290e-03
-1.235158089548349380e-02
-9.999000000000000000e+03
-9.999000000000000000e+03
-9.999000000000000000e+03
-9.999000000000000000e+03
-9.999000000000000000e+03
-9.999000000000000000e+03
-9.999000000000000000e+03
-9.999000000000000000e+03
-9.999000000000000000e+03
-9.999000000000000000e+03
-9.999000000000000000e+03
-9.999000000000000000e+03
-9.999000000000000000e+03
-9.999000000000000000e+03
-9.999000000000000000e+03
-9.999000000000000000e+03
-9.999000000000000000e+03
-9.999000000000000000e+03
-9.999000000000000000e+03
-9.999000000000000000e+03
-9.999000000000000000e+03
-4.645112529397010803e-02
-1.580516248941421509e-02
-9.949991945177316666e-04
4.337151534855365753e-03
1.940200291574001312e-02
2.170192450284957886e-02
-9.999000000000000000e+03
-9.999000000000000000e+03
-9.999000000000000000e+03
-9.999000000000000000e+03
-9.999000000000000000e+03
-9.999000000000000000e+03
-9.999000000000000000e+03
-9.999000000000000000e+03
-9.999000000000000000e+03
-9.999000000000000000e+03
-9.999000000000000000e+03
-9.999000000000000000e+03
-9.999000000000000000e+03
-9.999000000000000000e+03
-9.999000000000000000e+03
-9.999000000000000000e+03
-9.999000000000000000e+03
-9.999000000000000000e+03
-9.999000000000000000e+03
-9.999000000000000000e+03
-9.999000000000000000e+03
-9.999000000000000000e+03
-9.999000000000000000e+03
-9.999000000000000000e+03
-9.999000000000000000e+03
-4.878849536180496216e-02
-2.320858277380466461e-02
8.925340138375759125e-03
-9.999000000000000000e+03
-9.999000000000000000e+03
-9.999000000000000000e+03
-9.999000000000000000e+03
-9.999000000000000000e+03
-9.999000000000000000e+03
-9.999000000000000000e+03
-9.999000000000000000e+03
-9.999000000000000000e+03
-9.999000000000000000e+03
-9.999000000000000000e+03
-9.999000000000000000e+03
-9.999000000000000000e+03
-9.999000000000000000e+03
-9.999000000000000000e+03
-9.999000000000000000e+03
-9.999000000000000000e+03
-9.999000000000000000e+03
-9.999000000000000000e+03
-9.999000000000000000e+03
-9.999000000000000000e+03
-9.999000000000000000e+03
-9.999000000000000000e+03
-9.999000000000000000e+03
-9.999000000000000000e+03
-9.999000000000000000e+03
-9.999000000000000000e+03
-9.999000000000000000e+03
