-1.440214216709136963e-01
-9.808449447154998779e-02
-3.949088975787162781e-02
2.384405210614204407e-02
7.292174547910690308e-02
1.134328991174697876e-01
1.521764099597930908e-01
1.855861395597457886e-01
2.092310935258865356e-01
2.304501235485076904e-01
2.455087602138519287e-01
-9.999000000000000000e+03
-9.999000000000000000e+03
-9.999000000000000000e+03
-9.999000000000000000e+03
-9.999000000000000000e+03
-9.999000000000000000e+03
-9.999000000000000000e+03
-9.999000000000000000e+03
-9.999000000000000000e+03
-9.999000000000000000e+03
-9.999000000000000000e+03
-9.999000000000000000e+03
3.092334233224391937e-02
8.445877581834793091e-02
1.215259283781051636e-01
1.485703140497207642e-01
1.469618678092956543e-01
1.387269347906112671e-01
1.270472556352615356e-01
1.274943202733993530e-01
-1.337918192148208618e-01
-8.658909052610397339e-02
-2.571289800107479095e-02
2.915258146822452545e-02
7.739218324422836304e-02
1.184336692094802856e-01
1.595041304826736450e-01
1.894970238208770752e-01
2.057583779096603394e-01
2.254957854747772217e-01
2.359131425619125366e-01
1.436146944761276245e-01
-9.999000000000000000e+03
-9.999000000000000000e+03
-9.999000000000000000e+03
-9.999000000000000000e+03
-9.999000000000000000e+03
-9.999000000000000000e+03
-9.999000000000000000e+03
-9.999000000000000000e+03
-9.999000000000000000e+03
3.489507734775543213e-02
3.476706147193908691e-02
3.983741626143455505e-02
4.989691078662872314e-02
9.721508622169494629e-02
1.300928592681884766e-01
1.251760274171829224e-01
1.178622767329216003e-01
1.166579052805900574e-01
1.263971775770187378e-01
-1.421245038509368896e-01
-7.251580059528350830e-02
-1.710858661681413651e-03
4.403546825051307678e-02
8.251000195741653442e-02
1.156306192278862000e-01
1.515752822160720825e-01
1.842492222785949707e-01
2.005453854799270630e-01
2.211298793554306030e-01
2.226956635713577271e-01
1.596038341522216797e-01
-9.999000000000000000e+03
-9.999000000000000000e+03
-9.999000000000000000e+03
-9.999000000000000000e+03
-9.999000000000000000e+03
-9.999000000000000000e+03
-9.999000000000000000e+03
2.182319946587085724e-02
2.552164159715175629e-02
5.226296186447143555e-02
1.742546632885932922e-02
2.860970422625541687e-02
6.198015436530113220e-02
7.562959939241409302e-02
9.171931445598602295e-02
9.122400730848312378e-02
1.091664731502532959e-01
1.139496341347694397e-01
1.178406402468681335e-01
-1.453463286161422729e-01
-8.765016496181488037e-02
-2.937245555222034454e-02
2.149822749197483063e-02
7.437878102064132690e-02
1.131310015916824341e-01
1.429912596940994263e-01
1.740489006042480469e-01
1.945288777351379395e-01
2.142805457115173340e-01
2.239087074995040894e-01
1.847792565822601318e-01
9.412800520658493042e-02
-9.999000000000000000e+03
-9.999000000000000000e+03
-9.999000000000000000e+03
3.220801299903541803e-04
1.348290871828794479e-02
2.645090222358703613e-02
3.160484507679939270e-02
2.570308186113834381e-02
2.037007175385951996e-02
1.426759082823991776e-02
3.179486468434333801e-02
7.169800251722335815e-02
5.221427232027053833e-02
7.331152260303497314e-02
8.769291639328002930e-02
9.909664839506149292e-02
1.088514328002929688e-01
1.174225732684135437e-01
-1.560069024562835693e-01
-9.848960489034652710e-02
-4.132590815424919128e-02
1.916917040944099426e-03
5.237772688269615173e-02
8.939884603023529053e-02
1.208231374621391296e-01
1.581149250268936157e-01
1.882717460393905640e-01
1.970583796501159668e-01
1.915064752101898193e-01
1.450585871934890747e-01
7.627522945404052734e-02
3.557406738400459290e-02
-6.431660149246454239e-03
-4.520962014794349670e-03
1.478429418057203293e-02
2.968397550284862518e-02
3.264686092734336853e-02
3.090730309486389160e-02
1.724229380488395691e-02
9.757649153470993042e-03
9.025066159665584564e-03
2.172784879803657532e-02
2.443236857652664185e-02
1.814141683280467987e-02
4.392502456903457642e-02
5.397328361868858337e-02
7.633345574140548706e-02
1.108599007129669189e-01
1.320856660604476929e-01
-1.367564052343368530e-01
-1.069203093647956848e-01
-6.378436088562011719e-02
-1.515046041458845139e-02
3.895519301295280457e-02
7.487366348505020142e-02
1.002201661467552185e-01
1.334821432828903198e-01
1.567676067352294922e-01
1.690719574689865112e-01
1.519804298877716064e-01
1.029848158359527588e-01
5.449382215738296509e-02
1.093339733779430389e-02
2.055808668956160545e-03
1.171436533331871033e-02
4.460366442799568176e-02
6.009796634316444397e-02
4.809281602501869202e-02
2.938451245427131653e-02
8.227195590734481812e-03
-1.104402728378772736e-02
-2.957735769450664520e-02
-2.676382660865783691e-02
-2.875562943518161774e-02
-4.585859924554824829e-02
-8.290586061775684357e-03
1.088843587785959244e-02
4.279652610421180725e-02
8.906225115060806274e-02
1.231188699603080750e-01
-1.144490018486976624e-01
-9.623461216688156128e-02
-6.082746759057044983e-02
-2.246558852493762970e-02
1.939512044191360474e-02
5.096064135432243347e-02
7.776248455047607422e-02
1.119883060455322266e-01
1.284247040748596191e-01
1.285095959901809692e-01
1.166807040572166443e-01
9.038989990949630737e-02
5.388503894209861755e-02
2.474355697631835938e-02
4.898564890027046204e-02
6.992715597152709961e-02
9.373664855957031250e-02
1.015782579779624939e-01
8.217512816190719604e-02
6.144832819700241089e-02
1.724871248006820679e-02
-3.491163253784179688e-02
-7.511427998542785645e-02
-9.098941087722778320e-02
-1.034513115882873535e-01
-1.112709864974021912e-01
-8.267045021057128906e-02
-6.416028738021850586e-02
-2.225506119430065155e-02
6.236407160758972168e-02
9.832333773374557495e-02
-8.565498143434524536e-02
-8.197591453790664673e-02
-6.060053780674934387e-02
-3.628780320286750793e-02
-1.372775994241237640e-03
2.367184869945049286e-02
4.903534054756164551e-02
8.220862597227096558e-02
9.952030330896377563e-02
1.086559668183326721e-01
1.043486446142196655e-01
7.926470041275024414e-02
6.371646374464035034e-02
6.684350967407226562e-02
9.630449861288070679e-02
1.147232875227928162e-01
1.352970600128173828e-01
1.401809453964233398e-01
1.157266348600387573e-01
7.758395373821258545e-02
2.102436684072017670e-02
-2.112533524632453918e-02
-5.672179907560348511e-02
-1.101708710193634033e-01
-1.617064177989959717e-01
-1.774712949991226196e-01
-1.715225577354431152e-01
-1.599573194980621338e-01
-1.103596612811088562e-01
-5.488520488142967224e-03
4.832657799124717712e-02
-5.017311498522758484e-02
-5.316230654716491699e-02
-5.112419649958610535e-02
-3.935992717742919922e-02
-1.929204352200031281e-02
-3.276695962995290756e-03
3.520401939749717712e-02
7.506715506315231323e-02
9.541287273168563843e-02
1.016907766461372375e-01
9.645999222993850708e-02
8.685161173343658447e-02
9.234674274921417236e-02
1.201643943786621094e-01
1.435771286487579346e-01
1.466924250125885010e-01
1.518816947937011719e-01
1.429409980773925781e-01
1.235379353165626526e-01
6.438218802213668823e-02
-8.016418665647506714e-03
-2.004966326057910919e-02
-2.836262248456478119e-02
-6.771627068519592285e-02
-8.507456630468368530e-02
-1.683648526668548584e-01
-2.158603668212890625e-01
-2.290094941854476929e-01
-1.712440103292465210e-01
-8.017693459987640381e-02
-7.674760650843381882e-03
-5.931688100099563599e-02
-5.396539717912673950e-02
-5.484877899289131165e-02
-5.022149905562400818e-02
-3.526143357157707214e-02
-7.173717953264713287e-03
2.931862697005271912e-02
7.300890982151031494e-02
9.300442785024642944e-02
1.037606522440910339e-01
1.044683530926704407e-01
1.220581308007240295e-01
1.355894058942794800e-01
1.484711319208145142e-01
1.556142419576644897e-01
1.512652039527893066e-01
1.402830034494400024e-01
8.242566138505935669e-02
6.865301728248596191e-02
9.488511830568313599e-03
-2.027684077620506287e-02
-9.999000000000000000e+03
-9.999000000000000000e+03
-9.999000000000000000e+03
-9.999000000000000000e+03
-9.999000000000000000e+03
-9.999000000000000000e+03
-2.051652967929840088e-01
-2.175211459398269653e-01
-1.180106699466705322e-01
-2.972750738263130188e-02
-6.216739863157272339e-02
-5.395538359880447388e-02
-5.638509616255760193e-02
-5.710354819893836975e-02
-5.365270003676414490e-02
-1.964705437421798706e-02
2.859235368669033051e-02
6.453086435794830322e-02
9.253481030464172363e-02
1.194582432508468628e-01
1.282459795475006104e-01
1.669052690267562866e-01
1.675241738557815552e-01
1.630698293447494507e-01
1.427131295204162598e-01
1.226185038685798645e-01
1.215771734714508057e-01
-9.999000000000000000e+03
-9.999000000000000000e+03
-9.999000000000000000e+03
-9.999000000000000000e+03
-9.999000000000000000e+03
-9.999000000000000000e+03
-9.999000000000000000e+03
-9.999000000000000000e+03
-9.999000000000000000e+03
-9.999000000000000000e+03
-1.580433100461959839e-01
-2.018522620201110840e-01
-1.606053113937377930e-01
-7.282359153032302856e-02
-6.209493055939674377e-02
-4.219634458422660828e-02
-3.209620341658592224e-02
-4.145361855626106262e-02
-5.136717110872268677e-02
-2.910361811518669128e-02
1.975892856717109680e-02
6.570343673229217529e-02
1.144827529788017273e-01
1.494053453207015991e-01
1.618850678205490112e-01
1.828405261039733887e-01
1.799731254577636719e-01
1.575995683670043945e-01
7.138451188802719116e-02
6.989003717899322510e-02
-9.999000000000000000e+03
-9.999000000000000000e+03
-9.999000000000000000e+03
-9.999000000000000000e+03
-9.999000000000000000e+03
-9.999000000000000000e+03
-9.999000000000000000e+03
-9.999000000000000000e+03
-9.999000000000000000e+03
-9.999000000000000000e+03
-9.999000000000000000e+03
-9.999000000000000000e+03
-1.345239728689193726e-01
-1.405227780342102051e-01
-4.515038803219795227e-02
-5.728019401431083679e-02
-5.599605664610862732e-02
-3.953418135643005371e-02
-3.383887931704521179e-02
-3.134040534496307373e-02
2.917191246524453163e-03
6.106388196349143982e-02
9.886189550161361694e-02
1.337731927633285522e-01
1.487419754266738892e-01
1.650573313236236572e-01
2.029739022254943848e-01
1.308646202087402344e-01
1.359619945287704468e-01
-9.999000000000000000e+03
-9.999000000000000000e+03
-9.999000000000000000e+03
-9.999000000000000000e+03
-9.999000000000000000e+03
-9.999000000000000000e+03
-9.999000000000000000e+03
-9.999000000000000000e+03
-9.999000000000000000e+03
-9.999000000000000000e+03
-9.999000000000000000e+03
-9.999000000000000000e+03
-9.999000000000000000e+03
-9.999000000000000000e+03
-9.999000000000000000e+03
-1.075201407074928284e-01
-4.405783116817474365e-02
-9.999000000000000000e+03
-5.349967256188392639e-02
-5.816355720162391663e-02
-3.941966965794563293e-02
-9.791547432541847229e-03
2.117310650646686554e-02
9.526157379150390625e-02
1.331156492233276367e-01
1.242609396576881409e-01
1.543158739805221558e-01
1.756227016448974609e-01
1.778042018413543701e-01
1.028280183672904968e-01
-9.999000000000000000e+03
-9.999000000000000000e+03
-9.999000000000000000e+03
-9.999000000000000000e+03
-9.999000000000000000e+03
-9.999000000000000000e+03
-9.999000000000000000e+03
-9.999000000000000000e+03
-9.999000000000000000e+03
-9.999000000000000000e+03
-9.999000000000000000e+03
-9.999000000000000000e+03
-9.999000000000000000e+03
-9.999000000000000000e+03
-9.999000000000000000e+03
-9.999000000000000000e+03
-2.919748052954673767e-02
1.425599679350852966e-02
-9.999000000000000000e+03
-9.999000000000000000e+03
-6.523615866899490356e-02
-5.292310938239097595e-02
-2.070021437248215079e-04
6.238941848278045654e-02
1.275566816329956055e-01
1.430019885301589966e-01
1.241443753242492676e-01
1.648036539554595947e-01
1.634061783552169800e-01
6.179809570312500000e-02
-9.999000000000000000e+03
-9.999000000000000000e+03
-9.999000000000000000e+03
-9.999000000000000000e+03
-9.999000000000000000e+03
-9.999000000000000000e+03
-9.999000000000000000e+03
-9.999000000000000000e+03
-9.999000000000000000e+03
-9.999000000000000000e+03
-9.999000000000000000e+03
-9.999000000000000000e+03
-9.999000000000000000e+03
-9.999000000000000000e+03
-9.999000000000000000e+03
-9.999000000000000000e+03
-9.999000000000000000e+03
9.562074206769466400e-03
6.143106520175933838e-02
-9.999000000000000000e+03
-9.999000000000000000e+03
-4.556784406304359436e-02
-4.869414120912551880e-02
-1.830634288489818573e-02
5.479129031300544739e-02
1.458820551633834839e-01
1.271923035383224487e-01
1.536276191473007202e-01
1.718595474958419800e-01
1.422258317470550537e-01
8.873193711042404175e-02
-9.999000000000000000e+03
-9.999000000000000000e+03
-9.999000000000000000e+03
-9.999000000000000000e+03
-9.999000000000000000e+03
-9.999000000000000000e+03
-9.999000000000000000e+03
-9.999000000000000000e+03
-9.999000000000000000e+03
-9.999000000000000000e+03
-9.999000000000000000e+03
-9.999000000000000000e+03
-9.999000000000000000e+03
-9.999000000000000000e+03
-9.999000000000000000e+03
-9.999000000000000000e+03
-9.999000000000000000e+03
-9.999000000000000000e+03
-9.999000000000000000e+03
-9.999000000000000000e+03
-9.999000000000000000e+03
-2.494689449667930603e-02
-4.089851304888725281e-02
-1.908778585493564606e-02
4.809608682990074158e-02
8.481630682945251465e-02
1.100612357258796692e-01
1.652291864156723022e-01
1.802939921617507935e-01
1.031608283519744873e-01
6.968951225280761719e-02
-9.999000000000000000e+03
-9.999000000000000000e+03
-9.999000000000000000e+03
-9.999000000000000000e+03
-9.999000000000000000e+03
-9.999000000000000000e+03
-9.999000000000000000e+03
-9.999000000000000000e+03
-9.999000000000000000e+03
-9.999000000000000000e+03
-9.999000000000000000e+03
-9.999000000000000000e+03
-9.999000000000000000e+03
-9.999000000000000000e+03
-9.999000000000000000e+03
-9.999000000000000000e+03
-9.999000000000000000e+03
-9.999000000000000000e+03
-9.999000000000000000e+03
-9.999000000000000000e+03
-9.999000000000000000e+03
-9.999000000000000000e+03
-2.240305207669734955e-02
-2.296822518110275269e-02
2.341668680310249329e-02
-1.657024770975112915e-02
8.021090179681777954e-02
1.645426452159881592e-01
2.071102559566497803e-01
1.376082599163055420e-01
-9.999000000000000000e+03
-9.999000000000000000e+03
-9.999000000000000000e+03
-9.999000000000000000e+03
-9.999000000000000000e+03
-9.999000000000000000e+03
-9.999000000000000000e+03
-9.999000000000000000e+03
-9.999000000000000000e+03
-9.999000000000000000e+03
-9.999000000000000000e+03
-9.999000000000000000e+03
-9.999000000000000000e+03
-9.999000000000000000e+03
-9.999000000000000000e+03
-9.999000000000000000e+03
-9.999000000000000000e+03
-9.999000000000000000e+03
-9.999000000000000000e+03
-9.999000000000000000e+03
-9.999000000000000000e+03
-9.999000000000000000e+03
-9.999000000000000000e+03
-2.504922263324260712e-02
-1.498517487198114395e-02
-2.405106276273727417e-02
-6.240277737379074097e-02
5.539752915501594543e-02
1.969674229621887207e-01
2.624280750751495361e-01
1.899150311946868896e-01
1.150500923395156860e-01
-9.999000000000000000e+03
-9.999000000000000000e+03
-9.999000000000000000e+03
-9.999000000000000000e+03
-9.999000000000000000e+03
-9.999000000000000000e+03
-9.999000000000000000e+03
-9.999000000000000000e+03
-9.999000000000000000e+03
-9.999000000000000000e+03
-9.999000000000000000e+03
-9.999000000000000000e+03
-9.999000000000000000e+03
-9.999000000000000000e+03
-9.999000000000000000e+03
-9.999000000000000000e+03
-9.999000000000000000e+03
-9.999000000000000000e+03
-9.999000000000000000e+03
-9.999000000000000000e+03
-9.999000000000000000e+03
-9.999000000000000000e+03
-9.999000000000000000e+03
-2.666989574208855629e-03
-4.573583602905273438e-03
-1.600304432213306427e-02
9.053646028041839600e-02
1.536445170640945435e-01
1.061526089906692505e-01
1.329094767570495605e-01
1.122524514794349670e-01
-9.999000000000000000e+03
-9.999000000000000000e+03
-9.999000000000000000e+03
-9.999000000000000000e+03
-9.999000000000000000e+03
-9.999000000000000000e+03
-9.999000000000000000e+03
-9.999000000000000000e+03
-9.999000000000000000e+03
-9.999000000000000000e+03
-9.999000000000000000e+03
-9.999000000000000000e+03
-9.999000000000000000e+03
-9.999000000000000000e+03
-9.999000000000000000e+03
-9.999000000000000000e+03
-9.999000000000000000e+03
-9.999000000000000000e+03
-9.999000000000000000e+03
-9.999000000000000000e+03
-9.999000000000000000e+03
-9.999000000000000000e+03
-9.999000000000000000e+03
1.487958338111639023e-02
-1.222578715533018112e-02
-4.901646822690963745e-02
-1.050754636526107788e-02
-2.805266529321670532e-02
-6.428562849760055542e-02
-2.716791629791259766e-02
4.024228453636169434e-02
7.052884995937347412e-02
-9.999000000000000000e+03
-9.999000000000000000e+03
-9.999000000000000000e+03
-9.999000000000000000e+03
-9.999000000000000000e+03
-9.999000000000000000e+03
-9.999000000000000000e+03
-9.999000000000000000e+03
-9.999000000000000000e+03
-9.999000000000000000e+03
-9.999000000000000000e+03
-9.999000000000000000e+03
-9.999000000000000000e+03
-9.999000000000000000e+03
-9.999000000000000000e+03
-9.999000000000000000e+03
-9.999000000000000000e+03
-9.999000000000000000e+03
-9.999000000000000000e+03
-9.999000000000000000e+03
-9.999000000000000000e+03
-9.999000000000000000e+03
7.068923115730285645e-02
-4.059550352394580841e-03
-4.577573388814926147e-02
-6.772658973932266235e-02
-8.030905574560165405e-02
-1.267346143722534180e-01
-8.139635622501373291e-02
1.345309801399707794e-02
8.741104602813720703e-02
9.207054972648620605e-02
5.024183541536331177e-02
1.660902239382266998e-02
3.534359112381935120e-02
-9.999000000000000000e+03
-9.999000000000000000e+03
-9.999000000000000000e+03
-9.999000000000000000e+03
-9.999000000000000000e+03
-9.999000000000000000e+03
-9.999000000000000000e+03
-9.999000000000000000e+03
-9.999000000000000000e+03
-9.999000000000000000e+03
-9.999000000000000000e+03
-9.999000000000000000e+03
-9.999000000000000000e+03
-9.999000000000000000e+03
-9.999000000000000000e+03
-9.999000000000000000e+03
-9.999000000000000000e+03
5.345486849546432495e-02
6.323577463626861572e-02
3.880272805690765381e-02
-8.975195698440074921e-03
-6.209934502840042114e-02
-1.113492771983146667e-01
-1.132665798068046570e-01
-5.547031387686729431e-02
2.186682634055614471e-02
8.047293871641159058e-02
9.400092810392379761e-02
2.571021206676959991e-02
2.947107329964637756e-02
3.473364561796188354e-02
-9.999000000000000000e+03
-9.999000000000000000e+03
-9.999000000000000000e+03
-9.999000000000000000e+03
-9.999000000000000000e+03
-9.999000000000000000e+03
-9.999000000000000000e+03
-9.999000000000000000e+03
-9.999000000000000000e+03
-9.999000000000000000e+03
-9.999000000000000000e+03
-9.999000000000000000e+03
-9.999000000000000000e+03
-9.999000000000000000e+03
-9.999000000000000000e+03
6.264760741032660007e-04
1.208910811692476273e-02
2.998297102749347687e-02
5.061201006174087524e-02
4.497997090220451355e-02
1.567276567220687866e-02
-2.854776009917259216e-02
-7.978005707263946533e-02
-1.043690815567970276e-01
-4.554272815585136414e-02
3.909732773900032043e-02
6.548614054918289185e-02
1.026604771614074707e-01
7.866752147674560547e-02
-9.999000000000000000e+03
-9.999000000000000000e+03
-9.999000000000000000e+03
-9.999000000000000000e+03
-9.999000000000000000e+03
-9.999000000000000000e+03
-9.999000000000000000e+03
-9.999000000000000000e+03
-9.999000000000000000e+03
-9.999000000000000000e+03
-9.999000000000000000e+03
-9.999000000000000000e+03
-9.999000000000000000e+03
-9.999000000000000000e+03
-9.999000000000000000e+03
-9.999000000000000000e+03
-1.088236644864082336e-02
-7.631356827914714813e-03
3.313111141324043274e-02
5.591387674212455750e-02
6.099341437220573425e-02
4.197483137249946594e-02
8.445408893749117851e-04
-2.422701939940452576e-02
-4.770873859524726868e-02
-6.240183115005493164e-02
-5.016444995999336243e-02
1.117867883294820786e-02
3.449309617280960083e-02
1.282331943511962891e-01
-9.999000000000000000e+03
-9.999000000000000000e+03
-9.999000000000000000e+03
-9.999000000000000000e+03
-9.999000000000000000e+03
-9.999000000000000000e+03
-9.999000000000000000e+03
-9.999000000000000000e+03
-9.999000000000000000e+03
-9.999000000000000000e+03
-9.999000000000000000e+03
-9.999000000000000000e+03
-9.999000000000000000e+03
-9.999000000000000000e+03
-9.999000000000000000e+03
-9.999000000000000000e+03
-9.999000000000000000e+03
-1.912541314959526062e-02
1.893959939479827881e-03
8.373977988958358765e-02
9.471653401851654053e-02
7.137403637170791626e-02
2.397716417908668518e-02
-1.546690985560417175e-02
-3.159247711300849915e-02
-2.997457236051559448e-02
-3.554453700780868530e-02
-3.246936947107315063e-02
-1.183445914648473263e-03
2.875587530434131622e-02
9.341309219598770142e-02
-9.999000000000000000e+03
-9.999000000000000000e+03
-9.999000000000000000e+03
-9.999000000000000000e+03
-9.999000000000000000e+03
-9.999000000000000000e+03
-9.999000000000000000e+03
-9.999000000000000000e+03
-9.999000000000000000e+03
-9.999000000000000000e+03
-9.999000000000000000e+03
-9.999000000000000000e+03
-9.999000000000000000e+03
-9.999000000000000000e+03
-9.999000000000000000e+03
-9.999000000000000000e+03
-9.999000000000000000e+03
2.711734175682067871e-02
8.706375211477279663e-02
1.253243386745452881e-01
1.161622852087020874e-01
7.720272988080978394e-02
-8.517151698470115662e-03
-4.008687287569046021e-02
-4.314199090003967285e-02
-2.560308761894702911e-02
-1.361192017793655396e-02
-1.467529870569705963e-02
6.393966265022754669e-03
-1.337245851755142212e-02
-9.999000000000000000e+03
-9.999000000000000000e+03
-9.999000000000000000e+03
-9.999000000000000000e+03
-9.999000000000000000e+03
-9.999000000000000000e+03
-9.999000000000000000e+03
-9.999000000000000000e+03
-9.999000000000000000e+03
-9.999000000000000000e+03
-9.999000000000000000e+03
-9.999000000000000000e+03
-9.999000000000000000e+03
-9.999000000000000000e+03
-9.999000000000000000e+03
-9.999000000000000000e+03
-9.999000000000000000e+03
-9.999000000000000000e+03
7.615014910697937012e-02
1.357638239860534668e-01
1.392271220684051514e-01
9.886724501848220825e-02
1.724364608526229858e-02
-4.439323768019676208e-02
-6.019002199172973633e-02
-5.230112746357917786e-02
-1.528431195765733719e-02
1.859863474965095520e-02
1.389025710523128510e-02
4.101855214685201645e-03
-9.999000000000000000e+03
-9.999000000000000000e+03
-9.999000000000000000e+03
-9.999000000000000000e+03
-9.999000000000000000e+03
-9.999000000000000000e+03
-9.999000000000000000e+03
-9.999000000000000000e+03
-9.999000000000000000e+03
-9.999000000000000000e+03
-9.999000000000000000e+03
-9.999000000000000000e+03
-9.999000000000000000e+03
-9.999000000000000000e+03
-9.999000000000000000e+03
-9.999000000000000000e+03
-9.999000000000000000e+03
-9.999000000000000000e+03
-9.999000000000000000e+03
1.026757284998893738e-01
1.266762018203735352e-01
1.127811893820762634e-01
6.781440228223800659e-02
-4.734146967530250549e-02
-7.495241612195968628e-02
-6.407352536916732788e-02
-3.514092788100242615e-02
-1.216625794768333435e-02
8.877982385456562042e-03
-9.999000000000000000e+03
-9.999000000000000000e+03
-9.999000000000000000e+03
-9.999000000000000000e+03
-9.999000000000000000e+03
-9.999000000000000000e+03
-9.999000000000000000e+03
-9.999000000000000000e+03
-9.999000000000000000e+03
-9.999000000000000000e+03
-9.999000000000000000e+03
-9.999000000000000000e+03
-9.999000000000000000e+03
-9.999000000000000000e+03
-9.999000000000000000e+03
-9.999000000000000000e+03
-9.999000000000000000e+03
-9.999000000000000000e+03
-9.999000000000000000e+03
-9.999000000000000000e+03
-9.999000000000000000e+03
9.361886233091354370e-02
8.301036804914474487e-02
5.993525311350822449e-02
-2.241536276414990425e-03
-5.106662213802337646e-02
-6.179834529757499695e-02
-9.999000000000000000e+03
-9.999000000000000000e+03
-9.999000000000000000e+03
-9.999000000000000000e+03
-9.999000000000000000e+03
-9.999000000000000000e+03
-9.999000000000000000e+03
-9.999000000000000000e+03
-9.999000000000000000e+03
-9.999000000000000000e+03
-9.999000000000000000e+03
-9.999000000000000000e+03
-9.999000000000000000e+03
-9.999000000000000000e+03
-9.999000000000000000e+03
-9.999000000000000000e+03
-9.999000000000000000e+03
-9.999000000000000000e+03
-9.999000000000000000e+03
-9.999000000000000000e+03
-9.999000000000000000e+03
-9.999000000000000000e+03
-9.999000000000000000e+03
-9.999000000000000000e+03
-9.999000000000000000e+03
4.239898547530174255e-02
3.954113647341728210e-02
3.993659839034080505e-02
-9.999000000000000000e+03
-9.999000000000000000e+03
-9.999000000000000000e+03
-9.999000000000000000e+03
-9.999000000000000000e+03
-9.999000000000000000e+03
-9.999000000000000000e+03
-9.999000000000000000e+03
-9.999000000000000000e+03
-9.999000000000000000e+03
-9.999000000000000000e+03
-9.999000000000000000e+03
-9.999000000000000000e+03
-9.999000000000000000e+03
-9.999000000000000000e+03
-9.999000000000000000e+03
-9.999000000000000000e+03
-9.999000000000000000e+03
-9.999000000000000000e+03
-9.999000000000000000e+03
-9.999000000000000000e+03
-9.999000000000000000e+03
-9.999000000000000000e+03
-9.999000000000000000e+03
-9.999000000000000000e+03
-9.999000000000000000e+03
-9.999000000000000000e+03
-9.999000000000000000e+03
