-1.298004686832427979e-01
-9.262025356292724609e-02
-4.817849770188331604e-02
1.288308762013912201e-02
6.463878601789474487e-02
1.066499650478363037e-01
1.400475203990936279e-01
1.701241880655288696e-01
2.044525444507598877e-01
2.333764880895614624e-01
2.484547048807144165e-01
-9.999000000000000000e+03
-9.999000000000000000e+03
-9.999000000000000000e+03
-9.999000000000000000e+03
-9.999000000000000000e+03
-9.999000000000000000e+03
-9.999000000000000000e+03
-9.999000000000000000e+03
-9.999000000000000000e+03
-9.999000000000000000e+03
-9.999000000000000000e+03
-9.999000000000000000e+03
5.259014293551445007e-02
1.460622847080230713e-01
1.597281247377395630e-01
1.723597794771194458e-01
1.636664420366287231e-01
1.567978411912918091e-01
1.509598344564437866e-01
1.434242278337478638e-01
-1.141295284032821655e-01
-7.734160870313644409e-02
-2.538459375500679016e-02
3.267772868275642395e-02
8.716213703155517578e-02
1.268448084592819214e-01
1.600593328475952148e-01
1.886726468801498413e-01
2.125142961740493774e-01
2.330804467201232910e-01
2.385770529508590698e-01
1.425728350877761841e-01
-9.999000000000000000e+03
-9.999000000000000000e+03
-9.999000000000000000e+03
-9.999000000000000000e+03
-9.999000000000000000e+03
-9.999000000000000000e+03
-9.999000000000000000e+03
-9.999000000000000000e+03
-9.999000000000000000e+03
2.505332976579666138e-02
3.738141432404518127e-02
6.553809344768524170e-02
1.043936386704444885e-01
1.363219916820526123e-01
1.597109138965606689e-01
1.470134109258651733e-01
1.316324323415756226e-01
1.309113800525665283e-01
1.341797411441802979e-01
-1.154799237847328186e-01
-5.790571123361587524e-02
1.095429342240095139e-02
6.776785850524902344e-02
1.081152707338333130e-01
1.369029581546783447e-01
1.631750166416168213e-01
1.948553323745727539e-01
2.139627635478973389e-01
2.279911637306213379e-01
2.184894382953643799e-01
1.404987871646881104e-01
-9.999000000000000000e+03
-9.999000000000000000e+03
-9.999000000000000000e+03
-9.999000000000000000e+03
-9.999000000000000000e+03
-9.999000000000000000e+03
-9.999000000000000000e+03
8.899593725800514221e-03
1.730374433100223541e-02
4.255851358175277710e-02
2.532107383012771606e-02
4.778329655528068542e-02
8.600136637687683105e-02
9.408175200223922729e-02
1.132002249360084534e-01
1.105284690856933594e-01
1.149231493473052979e-01
1.179660931229591370e-01
1.114478334784507751e-01
-1.046864986419677734e-01
-5.388481542468070984e-02
8.289919933304190636e-04
5.487171187996864319e-02
1.095504239201545715e-01
1.412106603384017944e-01
1.667411476373672485e-01
1.924312263727188110e-01
2.095647007226943970e-01
2.204690277576446533e-01
2.151811569929122925e-01
1.428048759698867798e-01
6.464114040136337280e-02
-9.999000000000000000e+03
-9.999000000000000000e+03
-9.999000000000000000e+03
1.219654921442270279e-03
1.768410293152555823e-04
2.827226649969816208e-03
1.502297725528478622e-02
1.450576726347208023e-02
1.601196825504302979e-02
1.089480053633451462e-02
3.187707811594009399e-02
7.801994681358337402e-02
5.064127966761589050e-02
8.078317344188690186e-02
8.015489578247070312e-02
8.479366451501846313e-02
9.362272918224334717e-02
9.895198792219161987e-02
-1.051722690463066101e-01
-4.996655881404876709e-02
-2.060487866401672363e-03
3.513913229107856750e-02
8.616543561220169067e-02
1.213684976100921631e-01
1.506729274988174438e-01
1.847217082977294922e-01
2.056028246879577637e-01
2.078917026519775391e-01
1.823529303073883057e-01
1.298043131828308105e-01
6.009018793702125549e-02
6.860402412712574005e-03
-1.864167861640453339e-04
-3.978183493018150330e-03
5.101183895021677017e-03
1.846563257277011871e-02
2.113144285976886749e-02
2.716556563973426819e-02
1.496975962072610855e-02
-4.522594099398702383e-04
-2.455444540828466415e-03
1.282379683107137680e-02
1.915615797042846680e-02
7.286927197128534317e-03
2.606279775500297546e-02
3.348814696073532104e-02
5.086246132850646973e-02
7.742680609226226807e-02
9.496646374464035034e-02
-8.943607658147811890e-02
-5.704537406563758850e-02
-2.625573612749576569e-02
8.022631518542766571e-03
6.435763090848922729e-02
9.992975741624832153e-02
1.222730726003646851e-01
1.512223929166793823e-01
1.691456139087677002e-01
1.856904029846191406e-01
1.640321761369705200e-01
1.139967516064643860e-01
5.912441760301589966e-02
1.213022787123918533e-02
8.986751199699938297e-04
4.409576766192913055e-03
3.307038918137550354e-02
6.061656773090362549e-02
5.882825329899787903e-02
4.656578972935676575e-02
2.313160523772239685e-02
-4.213080275803804398e-03
-2.313048578798770905e-02
-2.775464579463005066e-02
-3.448845446109771729e-02
-5.121412873268127441e-02
-2.340268902480602264e-02
-1.115771755576133728e-02
1.547891367226839066e-02
5.963253229856491089e-02
9.196336567401885986e-02
-7.404357194900512695e-02
-6.018184870481491089e-02
-3.417094051837921143e-02
-4.096146672964096069e-03
3.837987780570983887e-02
7.265768200159072876e-02
9.884818643331527710e-02
1.221525147557258606e-01
1.368456631898880005e-01
1.472393572330474854e-01
1.369668692350387573e-01
1.028011068701744080e-01
6.518596410751342773e-02
2.886440977454185486e-02
3.980113565921783447e-02
5.883152410387992859e-02
8.949217200279235840e-02
1.046076640486717224e-01
9.291023015975952148e-02
7.700840383768081665e-02
4.293721169233322144e-02
-6.775639019906520844e-03
-5.427790805697441101e-02
-7.915335148572921753e-02
-9.821698814630508423e-02
-1.105332300066947937e-01
-8.824753016233444214e-02
-8.376533538103103638e-02
-4.775185883045196533e-02
3.403704240918159485e-02
5.971845611929893494e-02
-7.048958539962768555e-02
-5.838259309530258179e-02
-3.753354772925376892e-02
-1.930398680269718170e-02
1.756294816732406616e-02
5.201373249292373657e-02
7.176847755908966064e-02
9.348974376916885376e-02
1.039517968893051147e-01
1.199958473443984985e-01
1.175437346100807190e-01
9.262140095233917236e-02
7.531335949897766113e-02
6.960508972406387329e-02
9.120911359786987305e-02
1.060789972543716431e-01
1.352660655975341797e-01
1.339622437953948975e-01
1.165938526391983032e-01
9.804560244083404541e-02
6.066707894206047058e-02
1.761955581605434418e-02
-3.459258005023002625e-02
-9.912669658660888672e-02
-1.617290228605270386e-01
-1.763829886913299561e-01
-1.791062951087951660e-01
-1.747149527072906494e-01
-1.285706311464309692e-01
-3.093373216688632965e-02
-3.854855196550488472e-03
-5.174436792731285095e-02
-3.669302910566329956e-02
-2.868867293000221252e-02
-1.846953108906745911e-02
3.701221139635890722e-04
2.653879299759864807e-02
3.950420767068862915e-02
6.395395845174789429e-02
8.516654372215270996e-02
1.073463112115859985e-01
1.133869513869285583e-01
1.055944338440895081e-01
1.095456928014755249e-01
1.266385316848754883e-01
1.453591436147689819e-01
1.444655060768127441e-01
1.470475792884826660e-01
1.346156746149063110e-01
1.239515766501426697e-01
1.003243848681449890e-01
4.288528487086296082e-02
1.698582549579441547e-03
-2.282563224434852600e-02
-6.397058814764022827e-02
-8.167075365781784058e-02
-1.694895774126052856e-01
-2.245727330446243286e-01
-2.435737848281860352e-01
-1.849090903997421265e-01
-9.853665530681610107e-02
-3.581745550036430359e-02
-5.823159217834472656e-02
-4.072903469204902649e-02
-2.727289870381355286e-02
-2.525090053677558899e-02
-1.696827821433544159e-02
-3.658819943666458130e-03
5.984661169350147247e-03
3.380867838859558105e-02
6.273553520441055298e-02
1.055335476994514465e-01
1.273526102304458618e-01
1.479341536760330200e-01
1.592289358377456665e-01
1.642153412103652954e-01
1.641864627599716187e-01
1.522979140281677246e-01
1.367455571889877319e-01
8.481868356466293335e-02
7.768558710813522339e-02
3.479871526360511780e-02
2.001969143748283386e-02
-9.999000000000000000e+03
-9.999000000000000000e+03
-9.999000000000000000e+03
-9.999000000000000000e+03
-9.999000000000000000e+03
-9.999000000000000000e+03
-2.117356359958648682e-01
-2.353620678186416626e-01
-1.332290470600128174e-01
-4.937353730201721191e-02
-5.958518758416175842e-02
-4.637758433818817139e-02
-3.979442641139030457e-02
-3.303565829992294312e-02
-3.266054019331932068e-02
-2.949147298932075500e-02
-1.660694368183612823e-03
2.813983894884586334e-02
7.530365884304046631e-02
1.254768520593643188e-01
1.510214209556579590e-01
1.881285905838012695e-01
1.868805140256881714e-01
1.761464774608612061e-01
1.507022529840469360e-01
1.291575580835342407e-01
1.328329145908355713e-01
-9.999000000000000000e+03
-9.999000000000000000e+03
-9.999000000000000000e+03
-9.999000000000000000e+03
-9.999000000000000000e+03
-9.999000000000000000e+03
-9.999000000000000000e+03
-9.999000000000000000e+03
-9.999000000000000000e+03
-9.999000000000000000e+03
-1.715346127748489380e-01
-2.228987663984298706e-01
-1.794000416994094849e-01
-9.140256792306900024e-02
-4.620842635631561279e-02
-2.957024984061717987e-02
-9.914215654134750366e-03
4.673493967857211828e-04
-1.010764762759208679e-02
-1.395397819578647614e-02
6.853913422673940659e-03
4.492056742310523987e-02
1.185593605041503906e-01
1.596617102622985840e-01
1.769009828567504883e-01
1.933662295341491699e-01
1.904628574848175049e-01
1.684843599796295166e-01
7.787200063467025757e-02
7.783346623182296753e-02
-9.999000000000000000e+03
-9.999000000000000000e+03
-9.999000000000000000e+03
-9.999000000000000000e+03
-9.999000000000000000e+03
-9.999000000000000000e+03
-9.999000000000000000e+03
-9.999000000000000000e+03
-9.999000000000000000e+03
-9.999000000000000000e+03
-9.999000000000000000e+03
-9.999000000000000000e+03
-1.508283764123916626e-01
-1.582953035831451416e-01
-7.029204815626144409e-02
-5.314284190535545349e-02
-4.615525901317596436e-02
-1.736870966851711273e-02
5.972684361040592194e-03
6.190901622176170349e-03
1.033088099211454391e-02
4.391148686408996582e-02
9.046961367130279541e-02
1.445441693067550659e-01
1.603349447250366211e-01
1.726089268922805786e-01
1.988627463579177856e-01
1.369613409042358398e-01
1.451746672391891479e-01
-9.999000000000000000e+03
-9.999000000000000000e+03
-9.999000000000000000e+03
-9.999000000000000000e+03
-9.999000000000000000e+03
-9.999000000000000000e+03
-9.999000000000000000e+03
-9.999000000000000000e+03
-9.999000000000000000e+03
-9.999000000000000000e+03
-9.999000000000000000e+03
-9.999000000000000000e+03
-9.999000000000000000e+03
-9.999000000000000000e+03
-9.999000000000000000e+03
-1.280932724475860596e-01
-6.748987734317779541e-02
-9.999000000000000000e+03
-5.251890420913696289e-02
-4.540069401264190674e-02
-2.151634171605110168e-02
5.766720045357942581e-03
2.063541486859321594e-02
6.409326195716857910e-02
1.358754336833953857e-01
1.428036689758300781e-01
1.487798541784286499e-01
1.653317064046859741e-01
1.652158945798873901e-01
1.040025427937507629e-01
-9.999000000000000000e+03
-9.999000000000000000e+03
-9.999000000000000000e+03
-9.999000000000000000e+03
-9.999000000000000000e+03
-9.999000000000000000e+03
-9.999000000000000000e+03
-9.999000000000000000e+03
-9.999000000000000000e+03
-9.999000000000000000e+03
-9.999000000000000000e+03
-9.999000000000000000e+03
-9.999000000000000000e+03
-9.999000000000000000e+03
-9.999000000000000000e+03
-9.999000000000000000e+03
-5.361914634704589844e-02
-1.865963637828826904e-02
-9.999000000000000000e+03
-9.999000000000000000e+03
-6.327237933874130249e-02
-5.231394618749618530e-02
-1.061738841235637665e-02
3.429130092263221741e-02
1.008024215698242188e-01
1.444646865129470825e-01
1.339980959892272949e-01
1.433827280998229980e-01
1.456115692853927612e-01
5.281693860888481140e-02
-9.999000000000000000e+03
-9.999000000000000000e+03
-9.999000000000000000e+03
-9.999000000000000000e+03
-9.999000000000000000e+03
-9.999000000000000000e+03
-9.999000000000000000e+03
-9.999000000000000000e+03
-9.999000000000000000e+03
-9.999000000000000000e+03
-9.999000000000000000e+03
-9.999000000000000000e+03
-9.999000000000000000e+03
-9.999000000000000000e+03
-9.999000000000000000e+03
-9.999000000000000000e+03
-9.999000000000000000e+03
-1.535767689347267151e-02
1.531242765486240387e-02
-9.999000000000000000e+03
-9.999000000000000000e+03
-4.468195140361785889e-02
-5.079183354973793030e-02
-2.873489819467067719e-02
2.860947698354721069e-02
1.104651540517807007e-01
1.276032030582427979e-01
1.410912573337554932e-01
1.457990109920501709e-01
1.259060800075531006e-01
7.899966090917587280e-02
-9.999000000000000000e+03
-9.999000000000000000e+03
-9.999000000000000000e+03
-9.999000000000000000e+03
-9.999000000000000000e+03
-9.999000000000000000e+03
-9.999000000000000000e+03
-9.999000000000000000e+03
-9.999000000000000000e+03
-9.999000000000000000e+03
-9.999000000000000000e+03
-9.999000000000000000e+03
-9.999000000000000000e+03
-9.999000000000000000e+03
-9.999000000000000000e+03
-9.999000000000000000e+03
-9.999000000000000000e+03
-9.999000000000000000e+03
-9.999000000000000000e+03
-9.999000000000000000e+03
-9.999000000000000000e+03
-2.642812393605709076e-02
-4.900864139199256897e-02
-2.660459280014038086e-02
2.947315201163291931e-02
6.215245649218559265e-02
1.045214608311653137e-01
1.501391828060150146e-01
1.532020419836044312e-01
9.672351926565170288e-02
7.292777299880981445e-02
-9.999000000000000000e+03
-9.999000000000000000e+03
-9.999000000000000000e+03
-9.999000000000000000e+03
-9.999000000000000000e+03
-9.999000000000000000e+03
-9.999000000000000000e+03
-9.999000000000000000e+03
-9.999000000000000000e+03
-9.999000000000000000e+03
-9.999000000000000000e+03
-9.999000000000000000e+03
-9.999000000000000000e+03
-9.999000000000000000e+03
-9.999000000000000000e+03
-9.999000000000000000e+03
-9.999000000000000000e+03
-9.999000000000000000e+03
-9.999000000000000000e+03
-9.999000000000000000e+03
-9.999000000000000000e+03
-9.999000000000000000e+03
-3.247326612472534180e-02
-3.235625475645065308e-02
9.044438600540161133e-03
-3.724614530801773071e-02
7.118795812129974365e-02
1.504551023244857788e-01
1.800563186407089233e-01
1.196101903915405273e-01
-9.999000000000000000e+03
-9.999000000000000000e+03
-9.999000000000000000e+03
-9.999000000000000000e+03
-9.999000000000000000e+03
-9.999000000000000000e+03
-9.999000000000000000e+03
-9.999000000000000000e+03
-9.999000000000000000e+03
-9.999000000000000000e+03
-9.999000000000000000e+03
-9.999000000000000000e+03
-9.999000000000000000e+03
-9.999000000000000000e+03
-9.999000000000000000e+03
-9.999000000000000000e+03
-9.999000000000000000e+03
-9.999000000000000000e+03
-9.999000000000000000e+03
-9.999000000000000000e+03
-9.999000000000000000e+03
-9.999000000000000000e+03
-9.999000000000000000e+03
-3.207783028483390808e-02
-1.230369787663221359e-02
-3.178812935948371887e-02
-7.749084383249282837e-02
4.789682477712631226e-02
1.621687561273574829e-01
2.228792607784271240e-01
1.666645109653472900e-01
1.090253740549087524e-01
-9.999000000000000000e+03
-9.999000000000000000e+03
-9.999000000000000000e+03
-9.999000000000000000e+03
-9.999000000000000000e+03
-9.999000000000000000e+03
-9.999000000000000000e+03
-9.999000000000000000e+03
-9.999000000000000000e+03
-9.999000000000000000e+03
-9.999000000000000000e+03
-9.999000000000000000e+03
-9.999000000000000000e+03
-9.999000000000000000e+03
-9.999000000000000000e+03
-9.999000000000000000e+03
-9.999000000000000000e+03
-9.999000000000000000e+03
-9.999000000000000000e+03
-9.999000000000000000e+03
-9.999000000000000000e+03
-9.999000000000000000e+03
-9.999000000000000000e+03
-6.327256560325622559e-04
-2.877947129309177399e-02
-3.549839183688163757e-02
4.825584217905998230e-02
9.542893618345260620e-02
7.091648876667022705e-02
1.135870143771171570e-01
1.091237515211105347e-01
-9.999000000000000000e+03
-9.999000000000000000e+03
-9.999000000000000000e+03
-9.999000000000000000e+03
-9.999000000000000000e+03
-9.999000000000000000e+03
-9.999000000000000000e+03
-9.999000000000000000e+03
-9.999000000000000000e+03
-9.999000000000000000e+03
-9.999000000000000000e+03
-9.999000000000000000e+03
-9.999000000000000000e+03
-9.999000000000000000e+03
-9.999000000000000000e+03
-9.999000000000000000e+03
-9.999000000000000000e+03
-9.999000000000000000e+03
-9.999000000000000000e+03
-9.999000000000000000e+03
-9.999000000000000000e+03
-9.999000000000000000e+03
-9.999000000000000000e+03
-8.072996279224753380e-04
-3.035408630967140198e-02
-6.244079396128654480e-02
-4.697298631072044373e-02
-7.610988616943359375e-02
-1.068545505404472351e-01
-4.581115767359733582e-02
4.192178323864936829e-02
8.561774343252182007e-02
-9.999000000000000000e+03
-9.999000000000000000e+03
-9.999000000000000000e+03
-9.999000000000000000e+03
-9.999000000000000000e+03
-9.999000000000000000e+03
-9.999000000000000000e+03
-9.999000000000000000e+03
-9.999000000000000000e+03
-9.999000000000000000e+03
-9.999000000000000000e+03
-9.999000000000000000e+03
-9.999000000000000000e+03
-9.999000000000000000e+03
-9.999000000000000000e+03
-9.999000000000000000e+03
-9.999000000000000000e+03
-9.999000000000000000e+03
-9.999000000000000000e+03
-9.999000000000000000e+03
-9.999000000000000000e+03
-9.999000000000000000e+03
3.414143249392509460e-02
-1.920288056135177612e-02
-6.245464459061622620e-02
-9.277535974979400635e-02
-1.148542389273643494e-01
-1.403485834598541260e-01
-9.509643912315368652e-02
8.896018378436565399e-03
1.089543551206588745e-01
6.607253104448318481e-02
1.378229074180126190e-02
9.097536094486713409e-03
3.267862275242805481e-02
-9.999000000000000000e+03
-9.999000000000000000e+03
-9.999000000000000000e+03
-9.999000000000000000e+03
-9.999000000000000000e+03
-9.999000000000000000e+03
-9.999000000000000000e+03
-9.999000000000000000e+03
-9.999000000000000000e+03
-9.999000000000000000e+03
-9.999000000000000000e+03
-9.999000000000000000e+03
-9.999000000000000000e+03
-9.999000000000000000e+03
-9.999000000000000000e+03
-9.999000000000000000e+03
-9.999000000000000000e+03
2.640502527356147766e-02
3.148645535111427307e-02
1.588891074061393738e-02
-3.006520122289657593e-02
-7.171321660280227661e-02
-1.085987687110900879e-01
-1.097787171602249146e-01
-8.001416176557540894e-02
-9.005638770759105682e-03
8.805179595947265625e-02
5.178675428032875061e-02
6.970403250306844711e-03
1.301061362028121948e-02
2.392697148025035858e-02
-9.999000000000000000e+03
-9.999000000000000000e+03
-9.999000000000000000e+03
-9.999000000000000000e+03
-9.999000000000000000e+03
-9.999000000000000000e+03
-9.999000000000000000e+03
-9.999000000000000000e+03
-9.999000000000000000e+03
-9.999000000000000000e+03
-9.999000000000000000e+03
-9.999000000000000000e+03
-9.999000000000000000e+03
-9.999000000000000000e+03
-9.999000000000000000e+03
2.260235324501991272e-02
2.383266016840934753e-02
1.010184548795223236e-02
2.621038258075714111e-02
2.008169703185558319e-02
-5.089065525680780411e-03
-3.515995293855667114e-02
-7.245568186044692993e-02
-9.870286285877227783e-02
-7.792101800441741943e-02
-5.209457129240036011e-03
3.326242417097091675e-02
7.209215313196182251e-02
5.709999427199363708e-02
-9.999000000000000000e+03
-9.999000000000000000e+03
-9.999000000000000000e+03
-9.999000000000000000e+03
-9.999000000000000000e+03
-9.999000000000000000e+03
-9.999000000000000000e+03
-9.999000000000000000e+03
-9.999000000000000000e+03
-9.999000000000000000e+03
-9.999000000000000000e+03
-9.999000000000000000e+03
-9.999000000000000000e+03
-9.999000000000000000e+03
-9.999000000000000000e+03
-9.999000000000000000e+03
1.428795326501131058e-02
2.180135622620582581e-02
5.140990018844604492e-02
5.240361392498016357e-02
4.182739183306694031e-02
1.876243390142917633e-02
-1.777106709778308868e-02
-2.635296061635017395e-02
-3.819769620895385742e-02
-6.049528345465660095e-02
-7.323089987039566040e-02
-3.683595359325408936e-02
2.098480705171823502e-03
9.765782207250595093e-02
-9.999000000000000000e+03
-9.999000000000000000e+03
-9.999000000000000000e+03
-9.999000000000000000e+03
-9.999000000000000000e+03
-9.999000000000000000e+03
-9.999000000000000000e+03
-9.999000000000000000e+03
-9.999000000000000000e+03
-9.999000000000000000e+03
-9.999000000000000000e+03
-9.999000000000000000e+03
-9.999000000000000000e+03
-9.999000000000000000e+03
-9.999000000000000000e+03
-9.999000000000000000e+03
-9.999000000000000000e+03
2.785012684762477875e-02
3.754588216543197632e-02
9.154887497425079346e-02
8.121966570615768433e-02
4.551544412970542908e-02
2.306055277585983276e-03
-3.152201324701309204e-02
-3.682067617774009705e-02
-1.877888292074203491e-02
-3.677025809884071350e-02
-4.692697525024414062e-02
-3.082180023193359375e-02
3.736833110451698303e-03
6.748313456773757935e-02
-9.999000000000000000e+03
-9.999000000000000000e+03
-9.999000000000000000e+03
-9.999000000000000000e+03
-9.999000000000000000e+03
-9.999000000000000000e+03
-9.999000000000000000e+03
-9.999000000000000000e+03
-9.999000000000000000e+03
-9.999000000000000000e+03
-9.999000000000000000e+03
-9.999000000000000000e+03
-9.999000000000000000e+03
-9.999000000000000000e+03
-9.999000000000000000e+03
-9.999000000000000000e+03
-9.999000000000000000e+03
5.623345077037811279e-02
1.014938056468963623e-01
1.180851459503173828e-01
9.836006164550781250e-02
5.195121839642524719e-02
-2.205502241849899292e-02
-5.304199829697608948e-02
-5.211350321769714355e-02
-2.493385970592498779e-02
-2.202751860022544861e-02
-3.590223193168640137e-02
-2.522321790456771851e-02
-2.030304074287414551e-02
-9.999000000000000000e+03
-9.999000000000000000e+03
-9.999000000000000000e+03
-9.999000000000000000e+03
-9.999000000000000000e+03
-9.999000000000000000e+03
-9.999000000000000000e+03
-9.999000000000000000e+03
-9.999000000000000000e+03
-9.999000000000000000e+03
-9.999000000000000000e+03
-9.999000000000000000e+03
-9.999000000000000000e+03
-9.999000000000000000e+03
-9.999000000000000000e+03
-9.999000000000000000e+03
-9.999000000000000000e+03
-9.999000000000000000e+03
1.020126044750213623e-01
1.490354090929031372e-01
1.311005055904388428e-01
8.315082639455795288e-02
8.040257729589939117e-03
-4.868201538920402527e-02
-6.739124655723571777e-02
-7.582398504018783569e-02
-3.178467601537704468e-02
-1.228823419660329819e-02
-1.248550694435834885e-02
-2.098255790770053864e-02
-9.999000000000000000e+03
-9.999000000000000000e+03
-9.999000000000000000e+03
-9.999000000000000000e+03
-9.999000000000000000e+03
-9.999000000000000000e+03
-9.999000000000000000e+03
-9.999000000000000000e+03
-9.999000000000000000e+03
-9.999000000000000000e+03
-9.999000000000000000e+03
-9.999000000000000000e+03
-9.999000000000000000e+03
-9.999000000000000000e+03
-9.999000000000000000e+03
-9.999000000000000000e+03
-9.999000000000000000e+03
-9.999000000000000000e+03
-9.999000000000000000e+03
1.385968625545501709e-01
1.553685814142227173e-01
1.257832944393157959e-01
7.586573809385299683e-02
-4.371461644768714905e-02
-7.578661292791366577e-02
-7.630434632301330566e-02
-5.134215950965881348e-02
-3.112856857478618622e-02
-1.743467152118682861e-02
-9.999000000000000000e+03
-9.999000000000000000e+03
-9.999000000000000000e+03
-9.999000000000000000e+03
-9.999000000000000000e+03
-9.999000000000000000e+03
-9.999000000000000000e+03
-9.999000000000000000e+03
-9.999000000000000000e+03
-9.999000000000000000e+03
-9.999000000000000000e+03
-9.999000000000000000e+03
-9.999000000000000000e+03
-9.999000000000000000e+03
-9.999000000000000000e+03
-9.999000000000000000e+03
-9.999000000000000000e+03
-9.999000000000000000e+03
-9.999000000000000000e+03
-9.999000000000000000e+03
-9.999000000000000000e+03
1.300501078367233276e-01
1.070692315697669983e-01
7.863005250692367554e-02
8.797531016170978546e-03
-4.985392093658447266e-02
-6.499584019184112549e-02
-9.999000000000000000e+03
-9.999000000000000000e+03
-9.999000000000000000e+03
-9.999000000000000000e+03
-9.999000000000000000e+03
-9.999000000000000000e+03
-9.999000000000000000e+03
-9.999000000000000000e+03
-9.999000000000000000e+03
-9.999000000000000000e+03
-9.999000000000000000e+03
-9.999000000000000000e+03
-9.999000000000000000e+03
-9.999000000000000000e+03
-9.999000000000000000e+03
-9.999000000000000000e+03
-9.999000000000000000e+03
-9.999000000000000000e+03
-9.999000000000000000e+03
-9.999000000000000000e+03
-9.999000000000000000e+03
-9.999000000000000000e+03
-9.999000000000000000e+03
-9.999000000000000000e+03
-9.999000000000000000e+03
5.824782699346542358e-02
5.208217725157737732e-02
5.245224758982658386e-02
-9.999000000000000000e+03
-9.999000000000000000e+03
-9.999000000000000000e+03
-9.999000000000000000e+03
-9.999000000000000000e+03
-9.999000000000000000e+03
-9.999000000000000000e+03
-9.999000000000000000e+03
-9.999000000000000000e+03
-9.999000000000000000e+03
-9.999000000000000000e+03
-9.999000000000000000e+03
-9.999000000000000000e+03
-9.999000000000000000e+03
-9.999000000000000000e+03
-9.999000000000000000e+03
-9.999000000000000000e+03
-9.999000000000000000e+03
-9.999000000000000000e+03
-9.999000000000000000e+03
-9.999000000000000000e+03
-9.999000000000000000e+03
-9.999000000000000000e+03
-9.999000000000000000e+03
-9.999000000000000000e+03
-9.999000000000000000e+03
-9.999000000000000000e+03
-9.999000000000000000e+03
