1.138736009597778320e-01
1.213121563196182251e-01
9.847342967987060547e-02
7.553280889987945557e-02
8.982045203447341919e-02
8.422594517469406128e-02
8.458479493856430054e-02
8.157743513584136963e-02
5.890639498829841614e-02
4.563122987747192383e-02
-4.147317260503768921e-03
-9.999000000000000000e+03
-9.999000000000000000e+03
-9.999000000000000000e+03
-9.999000000000000000e+03
-9.999000000000000000e+03
-9.999000000000000000e+03
-9.999000000000000000e+03
-9.999000000000000000e+03
-9.999000000000000000e+03
-9.999000000000000000e+03
-9.999000000000000000e+03
-9.999000000000000000e+03
-3.377781808376312256e-02
-4.783606901764869690e-02
1.100200694054365158e-03
4.202123731374740601e-02
8.043617755174636841e-02
1.076119914650917053e-01
1.227360293269157410e-01
1.252412796020507812e-01
4.343982785940170288e-02
5.045347288250923157e-02
3.611726686358451843e-02
2.213046886026859283e-02
3.484992682933807373e-02
3.536879643797874451e-02
3.032240271568298340e-02
3.105122968554496765e-02
1.668967306613922119e-02
1.762646622955799103e-02
1.516590639948844910e-02
1.245601288974285126e-02
-9.999000000000000000e+03
-9.999000000000000000e+03
-9.999000000000000000e+03
-9.999000000000000000e+03
-9.999000000000000000e+03
-9.999000000000000000e+03
-9.999000000000000000e+03
-9.999000000000000000e+03
-9.999000000000000000e+03
6.874667480587959290e-03
1.906358450651168823e-02
1.249859202653169632e-02
2.505936846137046814e-02
3.452065587043762207e-02
5.925091728568077087e-02
8.617688715457916260e-02
9.825076907873153687e-02
1.016105487942695618e-01
1.150048747658729553e-01
-3.194183856248855591e-02
-2.750848419964313507e-02
-3.979743644595146179e-02
-4.403089359402656555e-02
-1.607478410005569458e-02
-1.298506837338209152e-02
-1.368584204465150833e-02
-6.930534262210130692e-03
-2.040572836995124817e-02
-1.603665575385093689e-02
-1.756855286657810211e-02
-1.586767472326755524e-02
-9.999000000000000000e+03
-9.999000000000000000e+03
-9.999000000000000000e+03
-9.999000000000000000e+03
-9.999000000000000000e+03
-9.999000000000000000e+03
-9.999000000000000000e+03
4.646792635321617126e-02
3.472370281815528870e-02
3.982567787170410156e-02
5.440080165863037109e-02
5.512729659676551819e-02
5.127113312482833862e-02
6.332083046436309814e-02
7.703636586666107178e-02
9.217340499162673950e-02
1.135471388697624207e-01
1.308836936950683594e-01
1.461298465728759766e-01
-1.113718077540397644e-01
-1.069681197404861450e-01
-1.094061061739921570e-01
-1.112416759133338928e-01
-8.312240988016128540e-02
-8.266867697238922119e-02
-8.475145697593688965e-02
-6.546651571989059448e-02
-6.288152188062667847e-02
-4.460991173982620239e-02
-4.053469374775886536e-02
-4.763110727071762085e-02
-4.955942556262016296e-02
-9.999000000000000000e+03
-9.999000000000000000e+03
-9.999000000000000000e+03
4.423526301980018616e-02
6.048867851495742798e-02
7.071593403816223145e-02
3.491409868001937866e-02
9.287624619901180267e-03
2.702034544199705124e-03
-1.107021886855363846e-02
2.163480967283248901e-02
3.789889067411422729e-02
3.731778264045715332e-02
8.128407597541809082e-02
9.749062359333038330e-02
1.154624074697494507e-01
1.345396339893341064e-01
1.376223266124725342e-01
-1.735150963068008423e-01
-1.829254180192947388e-01
-1.838408261537551880e-01
-1.845892220735549927e-01
-1.613834798336029053e-01
-1.553389281034469604e-01
-1.452162265777587891e-01
-1.205453574657440186e-01
-1.082401648163795471e-01
-8.985666930675506592e-02
-6.985703110694885254e-02
-6.054349616169929504e-02
-5.543799325823783875e-02
-4.690086469054222107e-02
7.198028732091188431e-03
3.601809218525886536e-02
3.888669237494468689e-02
1.994948834180831909e-02
4.318817984312772751e-03
-4.569000750780105591e-02
-6.974714994430541992e-02
-1.043203622102737427e-01
-1.140056699514389038e-01
-7.324334979057312012e-02
-5.450217425823211670e-02
-2.989474125206470490e-02
1.479806937277317047e-02
4.552916809916496277e-02
8.001751452684402466e-02
1.118739247322082520e-01
1.216464191675186157e-01
-2.115974575281143188e-01
-2.262560576200485229e-01
-2.426219582557678223e-01
-2.411261498928070068e-01
-2.213417142629623413e-01
-2.135991901159286499e-01
-1.947773247957229614e-01
-1.617643833160400391e-01
-1.432836353778839111e-01
-1.114569455385208130e-01
-8.593755960464477539e-02
-4.325832054018974304e-02
-2.837810665369033813e-02
-1.431867852807044983e-02
-5.445358343422412872e-03
4.854331724345684052e-03
-1.739450730383396149e-02
-7.249251008033752441e-02
-1.085277572274208069e-01
-1.597130894660949707e-01
-1.784035712480545044e-01
-1.836650073528289795e-01
-1.977545320987701416e-01
-1.562035977840423584e-01
-1.289666444063186646e-01
-1.114760711789131165e-01
-4.856101423501968384e-02
-1.900936104357242584e-02
2.528949454426765442e-02
7.494823634624481201e-02
9.713682532310485840e-02
-2.342307865619659424e-01
-2.485417574644088745e-01
-2.596040666103363037e-01
-2.578786313533782959e-01
-2.469160258769989014e-01
-2.402949929237365723e-01
-2.154917120933532715e-01
-1.781626194715499878e-01
-1.413392424583435059e-01
-1.125335395336151123e-01
-8.266758918762207031e-02
-5.757022276520729065e-02
-3.130746632814407349e-02
-1.546668447554111481e-02
-4.894990101456642151e-02
-7.425090670585632324e-02
-1.188848838210105896e-01
-1.599906086921691895e-01
-1.777076721191406250e-01
-2.137238085269927979e-01
-2.373333871364593506e-01
-2.641339898109436035e-01
-2.798619866371154785e-01
-2.577381134033203125e-01
-2.400624454021453857e-01
-2.185333669185638428e-01
-1.483702957630157471e-01
-1.056363359093666077e-01
-5.111961811780929565e-02
1.699958741664886475e-02
4.870687052607536316e-02
-2.177190184593200684e-01
-2.378066480159759521e-01
-2.507377266883850098e-01
-2.421942651271820068e-01
-2.335234582424163818e-01
-2.156832963228225708e-01
-1.938179880380630493e-01
-1.717737168073654175e-01
-1.363791227340698242e-01
-1.080510765314102173e-01
-8.641906082630157471e-02
-7.590673863887786865e-02
-7.316911965608596802e-02
-7.887879759073257446e-02
-1.140834465622901917e-01
-1.413263082504272461e-01
-1.918522119522094727e-01
-2.066825926303863525e-01
-2.180499583482742310e-01
-2.279972136020660400e-01
-2.342562079429626465e-01
-2.593618631362915039e-01
-2.547417879104614258e-01
-2.636315524578094482e-01
-2.907623052597045898e-01
-3.013683259487152100e-01
-2.324961274862289429e-01
-1.809546202421188354e-01
-1.261784732341766357e-01
-5.345509201288223267e-02
-2.985390275716781616e-02
-1.859211921691894531e-01
-2.025895118713378906e-01
-2.143777161836624146e-01
-2.054601758718490601e-01
-2.057508975267410278e-01
-1.856682747602462769e-01
-1.685359477996826172e-01
-1.456790715456008911e-01
-1.206419244408607483e-01
-1.050077453255653381e-01
-9.321705996990203857e-02
-9.749697148799896240e-02
-1.215879470109939575e-01
-1.507839113473892212e-01
-1.889124810695648193e-01
-1.953078508377075195e-01
-2.055223286151885986e-01
-1.974162906408309937e-01
-1.995722055435180664e-01
-1.808095723390579224e-01
-1.453233361244201660e-01
-1.444992721080780029e-01
-1.165112480521202087e-01
-1.550799310207366943e-01
-1.351530402898788452e-01
-2.408290952444076538e-01
-2.337022572755813599e-01
-2.219266444444656372e-01
-1.769746541976928711e-01
-1.238278001546859741e-01
-1.052085235714912415e-01
-1.723283380270004272e-01
-1.769808679819107056e-01
-1.789545863866806030e-01
-1.664066910743713379e-01
-1.636568307876586914e-01
-1.531215459108352661e-01
-1.386008113622665405e-01
-1.339385062456130981e-01
-1.081983670592308044e-01
-1.191069111227989197e-01
-1.310002952814102173e-01
-1.590977907180786133e-01
-1.776672601699829102e-01
-1.917175203561782837e-01
-2.057003378868103027e-01
-1.992779970169067383e-01
-1.886053085327148438e-01
-1.304375380277633667e-01
-1.404400318861007690e-01
-9.372496604919433594e-02
-7.076874375343322754e-02
-9.999000000000000000e+03
-9.999000000000000000e+03
-9.999000000000000000e+03
-9.999000000000000000e+03
-9.999000000000000000e+03
-9.999000000000000000e+03
-2.492280751466751099e-01
-2.187197953462600708e-01
-1.738799363374710083e-01
-1.575260460376739502e-01
-1.519502997398376465e-01
-1.482106000185012817e-01
-1.467453986406326294e-01
-1.381469666957855225e-01
-1.377663612365722656e-01
-1.230679526925086975e-01
-1.180899143218994141e-01
-1.169150471687316895e-01
-1.264495551586151123e-01
-1.515066474676132202e-01
-1.648039817810058594e-01
-2.005199491977691650e-01
-2.021091729402542114e-01
-1.977667063474655151e-01
-1.784147918224334717e-01
-1.498530656099319458e-01
-1.225592270493507385e-01
-9.999000000000000000e+03
-9.999000000000000000e+03
-9.999000000000000000e+03
-9.999000000000000000e+03
-9.999000000000000000e+03
-9.999000000000000000e+03
-9.999000000000000000e+03
-9.999000000000000000e+03
-9.999000000000000000e+03
-9.999000000000000000e+03
-1.357672363519668579e-01
-1.931690126657485962e-01
-2.193247377872467041e-01
-2.130399495363235474e-01
-1.428097337484359741e-01
-1.365261226892471313e-01
-1.247872486710548401e-01
-1.157942935824394226e-01
-1.112667769193649292e-01
-1.117747277021408081e-01
-1.121434345841407776e-01
-1.187455728650093079e-01
-1.544045209884643555e-01
-1.820808053016662598e-01
-1.889848560094833374e-01
-1.918971091508865356e-01
-1.814004182815551758e-01
-1.760018616914749146e-01
-9.372410923242568970e-02
-9.342083334922790527e-02
-9.999000000000000000e+03
-9.999000000000000000e+03
-9.999000000000000000e+03
-9.999000000000000000e+03
-9.999000000000000000e+03
-9.999000000000000000e+03
-9.999000000000000000e+03
-9.999000000000000000e+03
-9.999000000000000000e+03
-9.999000000000000000e+03
-9.999000000000000000e+03
-9.999000000000000000e+03
-1.175448596477508545e-01
-2.169673144817352295e-01
-2.438984066247940063e-01
-1.871505826711654663e-01
-1.443474292755126953e-01
-1.129719391465187073e-01
-9.477625042200088501e-02
-8.061727136373519897e-02
-8.104658871889114380e-02
-8.655996620655059814e-02
-1.185079962015151978e-01
-1.550227403640747070e-01
-1.671758443117141724e-01
-1.699326485395431519e-01
-1.657328009605407715e-01
-1.088406890630722046e-01
-1.152866929769515991e-01
-9.999000000000000000e+03
-9.999000000000000000e+03
-9.999000000000000000e+03
-9.999000000000000000e+03
-9.999000000000000000e+03
-9.999000000000000000e+03
-9.999000000000000000e+03
-9.999000000000000000e+03
-9.999000000000000000e+03
-9.999000000000000000e+03
-9.999000000000000000e+03
-9.999000000000000000e+03
-9.999000000000000000e+03
-9.999000000000000000e+03
-9.999000000000000000e+03
-1.825867742300033569e-01
-2.431412935256958008e-01
-9.999000000000000000e+03
-8.153497427701950073e-02
-9.319937229156494141e-02
-7.810763269662857056e-02
-6.289838999509811401e-02
-5.761059001088142395e-02
-6.740739941596984863e-02
-1.105099320411682129e-01
-1.319813281297683716e-01
-1.258354634046554565e-01
-1.265717446804046631e-01
-1.070106551051139832e-01
-8.136553317308425903e-02
-9.999000000000000000e+03
-9.999000000000000000e+03
-9.999000000000000000e+03
-9.999000000000000000e+03
-9.999000000000000000e+03
-9.999000000000000000e+03
-9.999000000000000000e+03
-9.999000000000000000e+03
-9.999000000000000000e+03
-9.999000000000000000e+03
-9.999000000000000000e+03
-9.999000000000000000e+03
-9.999000000000000000e+03
-9.999000000000000000e+03
-9.999000000000000000e+03
-9.999000000000000000e+03
-1.393047571182250977e-01
-2.056939303874969482e-01
-9.999000000000000000e+03
-9.999000000000000000e+03
-7.379446178674697876e-02
-7.192304730415344238e-02
-6.106374412775039673e-02
-5.444528907537460327e-02
-6.872230768203735352e-02
-8.868601173162460327e-02
-8.933240175247192383e-02
-8.267787843942642212e-02
-8.286557346582412720e-02
-2.987169846892356873e-02
-9.999000000000000000e+03
-9.999000000000000000e+03
-9.999000000000000000e+03
-9.999000000000000000e+03
-9.999000000000000000e+03
-9.999000000000000000e+03
-9.999000000000000000e+03
-9.999000000000000000e+03
-9.999000000000000000e+03
-9.999000000000000000e+03
-9.999000000000000000e+03
-9.999000000000000000e+03
-9.999000000000000000e+03
-9.999000000000000000e+03
-9.999000000000000000e+03
-9.999000000000000000e+03
-9.999000000000000000e+03
-7.640157639980316162e-02
-1.340466737747192383e-01
-9.999000000000000000e+03
-9.999000000000000000e+03
-3.614084422588348389e-02
-5.454739555716514587e-02
-6.044458597898483276e-02
-4.917133972048759460e-02
-5.272604152560234070e-02
-4.607605561614036560e-02
-4.968883842229843140e-02
-4.014690592885017395e-02
-3.898392990231513977e-02
-1.597668975591659546e-02
-9.999000000000000000e+03
-9.999000000000000000e+03
-9.999000000000000000e+03
-9.999000000000000000e+03
-9.999000000000000000e+03
-9.999000000000000000e+03
-9.999000000000000000e+03
-9.999000000000000000e+03
-9.999000000000000000e+03
-9.999000000000000000e+03
-9.999000000000000000e+03
-9.999000000000000000e+03
-9.999000000000000000e+03
-9.999000000000000000e+03
-9.999000000000000000e+03
-9.999000000000000000e+03
-9.999000000000000000e+03
-9.999000000000000000e+03
-9.999000000000000000e+03
-9.999000000000000000e+03
-9.999000000000000000e+03
-9.060677140951156616e-03
-2.368388883769512177e-02
-4.352001845836639404e-02
-4.782062768936157227e-02
-2.223057486116886139e-02
-3.122174181044101715e-03
-4.404266073834151030e-04
1.282334420830011368e-02
-2.058612182736396790e-03
-4.268579185009002686e-03
-9.999000000000000000e+03
-9.999000000000000000e+03
-9.999000000000000000e+03
-9.999000000000000000e+03
-9.999000000000000000e+03
-9.999000000000000000e+03
-9.999000000000000000e+03
-9.999000000000000000e+03
-9.999000000000000000e+03
-9.999000000000000000e+03
-9.999000000000000000e+03
-9.999000000000000000e+03
-9.999000000000000000e+03
-9.999000000000000000e+03
-9.999000000000000000e+03
-9.999000000000000000e+03
-9.999000000000000000e+03
-9.999000000000000000e+03
-9.999000000000000000e+03
-9.999000000000000000e+03
-9.999000000000000000e+03
-9.999000000000000000e+03
-1.873903349041938782e-02
-3.815530613064765930e-02
-5.597606301307678223e-02
3.173150867223739624e-02
3.741841390728950500e-02
4.717216640710830688e-02
7.083716988563537598e-02
4.168646410107612610e-02
-9.999000000000000000e+03
-9.999000000000000000e+03
-9.999000000000000000e+03
-9.999000000000000000e+03
-9.999000000000000000e+03
-9.999000000000000000e+03
-9.999000000000000000e+03
-9.999000000000000000e+03
-9.999000000000000000e+03
-9.999000000000000000e+03
-9.999000000000000000e+03
-9.999000000000000000e+03
-9.999000000000000000e+03
-9.999000000000000000e+03
-9.999000000000000000e+03
-9.999000000000000000e+03
-9.999000000000000000e+03
-9.999000000000000000e+03
-9.999000000000000000e+03
-9.999000000000000000e+03
-9.999000000000000000e+03
-9.999000000000000000e+03
-9.999000000000000000e+03
-1.834644563496112823e-02
-4.735631868243217468e-02
-4.598533734679222107e-02
-1.398993469774723053e-02
2.297182194888591766e-02
3.760818019509315491e-02
1.187785863876342773e-01
1.674514859914779663e-01
1.209530904889106750e-01
-9.999000000000000000e+03
-9.999000000000000000e+03
-9.999000000000000000e+03
-9.999000000000000000e+03
-9.999000000000000000e+03
-9.999000000000000000e+03
-9.999000000000000000e+03
-9.999000000000000000e+03
-9.999000000000000000e+03
-9.999000000000000000e+03
-9.999000000000000000e+03
-9.999000000000000000e+03
-9.999000000000000000e+03
-9.999000000000000000e+03
-9.999000000000000000e+03
-9.999000000000000000e+03
-9.999000000000000000e+03
-9.999000000000000000e+03
-9.999000000000000000e+03
-9.999000000000000000e+03
-9.999000000000000000e+03
-9.999000000000000000e+03
-9.999000000000000000e+03
-4.428740963339805603e-02
-3.247847780585289001e-02
-4.449164867401123047e-02
-3.294999897480010986e-02
1.504837069660425186e-02
4.317845031619071960e-02
1.700491160154342651e-01
1.840361505746841431e-01
-9.999000000000000000e+03
-9.999000000000000000e+03
-9.999000000000000000e+03
-9.999000000000000000e+03
-9.999000000000000000e+03
-9.999000000000000000e+03
-9.999000000000000000e+03
-9.999000000000000000e+03
-9.999000000000000000e+03
-9.999000000000000000e+03
-9.999000000000000000e+03
-9.999000000000000000e+03
-9.999000000000000000e+03
-9.999000000000000000e+03
-9.999000000000000000e+03
-9.999000000000000000e+03
-9.999000000000000000e+03
-9.999000000000000000e+03
-9.999000000000000000e+03
-9.999000000000000000e+03
-9.999000000000000000e+03
-9.999000000000000000e+03
-9.999000000000000000e+03
-5.496484786272048950e-02
-8.105622977018356323e-02
-1.190363541245460510e-01
-1.154782697558403015e-01
-1.066808402538299561e-01
-8.540055155754089355e-02
-1.064862962812185287e-02
8.119521290063858032e-02
8.292553573846817017e-02
-9.999000000000000000e+03
-9.999000000000000000e+03
-9.999000000000000000e+03
-9.999000000000000000e+03
-9.999000000000000000e+03
-9.999000000000000000e+03
-9.999000000000000000e+03
-9.999000000000000000e+03
-9.999000000000000000e+03
-9.999000000000000000e+03
-9.999000000000000000e+03
-9.999000000000000000e+03
-9.999000000000000000e+03
-9.999000000000000000e+03
-9.999000000000000000e+03
-9.999000000000000000e+03
-9.999000000000000000e+03
-9.999000000000000000e+03
-9.999000000000000000e+03
-9.999000000000000000e+03
-9.999000000000000000e+03
-9.999000000000000000e+03
-3.167573362588882446e-02
-8.439632505178451538e-02
-1.056626439094543457e-01
-1.037080660462379456e-01
-9.832197427749633789e-02
-8.291195333003997803e-02
-7.960313558578491211e-02
-7.804722338914871216e-02
-3.558341786265373230e-02
1.179756410419940948e-02
5.282136145979166031e-03
-1.210939511656761169e-02
-6.474670022726058960e-03
-9.999000000000000000e+03
-9.999000000000000000e+03
-9.999000000000000000e+03
-9.999000000000000000e+03
-9.999000000000000000e+03
-9.999000000000000000e+03
-9.999000000000000000e+03
-9.999000000000000000e+03
-9.999000000000000000e+03
-9.999000000000000000e+03
-9.999000000000000000e+03
-9.999000000000000000e+03
-9.999000000000000000e+03
-9.999000000000000000e+03
-9.999000000000000000e+03
-9.999000000000000000e+03
-9.999000000000000000e+03
-2.562634274363517761e-02
-1.909342035651206970e-02
-1.756311394274234772e-02
-1.977105066180229187e-02
-5.074970424175262451e-02
-6.588881462812423706e-02
-6.415642052888870239e-02
-6.147010996937751770e-02
-5.229024589061737061e-02
1.847265171818435192e-03
2.207278087735176086e-02
-1.184236537665128708e-02
-3.246713196858763695e-03
-1.102328673005104065e-02
-9.999000000000000000e+03
-9.999000000000000000e+03
-9.999000000000000000e+03
-9.999000000000000000e+03
-9.999000000000000000e+03
-9.999000000000000000e+03
-9.999000000000000000e+03
-9.999000000000000000e+03
-9.999000000000000000e+03
-9.999000000000000000e+03
-9.999000000000000000e+03
-9.999000000000000000e+03
-9.999000000000000000e+03
-9.999000000000000000e+03
-9.999000000000000000e+03
-2.127451449632644653e-02
-2.804893627762794495e-02
-5.165313929319381714e-02
-4.241918772459030151e-02
-1.805455610156059265e-02
-7.232398260384798050e-03
-1.121519505977630615e-02
-3.970901668071746826e-02
-6.537266075611114502e-02
-6.240075826644897461e-02
-3.529544547200202942e-02
-1.766202971339225769e-02
6.218805443495512009e-03
-7.165244780480861664e-03
-9.999000000000000000e+03
-9.999000000000000000e+03
-9.999000000000000000e+03
-9.999000000000000000e+03
-9.999000000000000000e+03
-9.999000000000000000e+03
-9.999000000000000000e+03
-9.999000000000000000e+03
-9.999000000000000000e+03
-9.999000000000000000e+03
-9.999000000000000000e+03
-9.999000000000000000e+03
-9.999000000000000000e+03
-9.999000000000000000e+03
-9.999000000000000000e+03
-9.999000000000000000e+03
-2.838976681232452393e-02
-2.727068774402141571e-02
-3.814497962594032288e-02
-5.799450352787971497e-02
-6.753572821617126465e-02
-3.970396146178245544e-02
-6.910259369760751724e-03
2.025470457738265395e-04
-1.152332406491041183e-02
-2.687849290668964386e-02
-5.816260725259780884e-02
-7.902070879936218262e-02
-8.440018445253372192e-02
-6.695014238357543945e-02
-9.999000000000000000e+03
-9.999000000000000000e+03
-9.999000000000000000e+03
-9.999000000000000000e+03
-9.999000000000000000e+03
-9.999000000000000000e+03
-9.999000000000000000e+03
-9.999000000000000000e+03
-9.999000000000000000e+03
-9.999000000000000000e+03
-9.999000000000000000e+03
-9.999000000000000000e+03
-9.999000000000000000e+03
-9.999000000000000000e+03
-9.999000000000000000e+03
-9.999000000000000000e+03
-9.999000000000000000e+03
-5.292004346847534180e-02
-7.588117569684982300e-02
-9.242259711027145386e-02
-9.802858531475067139e-02
-8.724772930145263672e-02
-5.775952339172363281e-02
-3.008440509438514709e-02
-1.425999402999877930e-02
-4.445389378815889359e-03
6.350286770612001419e-03
-8.939703926444053650e-03
-4.872580990195274353e-02
-5.574243888258934021e-02
-6.918006390333175659e-02
-9.999000000000000000e+03
-9.999000000000000000e+03
-9.999000000000000000e+03
-9.999000000000000000e+03
-9.999000000000000000e+03
-9.999000000000000000e+03
-9.999000000000000000e+03
-9.999000000000000000e+03
-9.999000000000000000e+03
-9.999000000000000000e+03
-9.999000000000000000e+03
-9.999000000000000000e+03
-9.999000000000000000e+03
-9.999000000000000000e+03
-9.999000000000000000e+03
-9.999000000000000000e+03
-9.999000000000000000e+03
-7.753510773181915283e-02
-1.048774868249893188e-01
-1.170484721660614014e-01
-1.123489439487457275e-01
-9.090122580528259277e-02
-5.511061474680900574e-02
-3.562987223267555237e-02
-2.025561407208442688e-02
-6.950472947210073471e-03
-2.153473673388361931e-03
-1.304129045456647873e-02
-2.070565149188041687e-02
-2.112674899399280548e-02
-9.999000000000000000e+03
-9.999000000000000000e+03
-9.999000000000000000e+03
-9.999000000000000000e+03
-9.999000000000000000e+03
-9.999000000000000000e+03
-9.999000000000000000e+03
-9.999000000000000000e+03
-9.999000000000000000e+03
-9.999000000000000000e+03
-9.999000000000000000e+03
-9.999000000000000000e+03
-9.999000000000000000e+03
-9.999000000000000000e+03
-9.999000000000000000e+03
-9.999000000000000000e+03
-9.999000000000000000e+03
-9.999000000000000000e+03
-6.360285729169845581e-02
-7.730367034673690796e-02
-7.177203148603439331e-02
-6.952192634344100952e-02
-3.529473021626472473e-02
-1.874542608857154846e-02
-1.605217345058917999e-02
-9.417250985279679298e-04
5.044551100581884384e-03
3.322337940335273743e-02
6.157077848911285400e-03
-3.069869987666606903e-02
-9.999000000000000000e+03
-9.999000000000000000e+03
-9.999000000000000000e+03
-9.999000000000000000e+03
-9.999000000000000000e+03
-9.999000000000000000e+03
-9.999000000000000000e+03
-9.999000000000000000e+03
-9.999000000000000000e+03
-9.999000000000000000e+03
-9.999000000000000000e+03
-9.999000000000000000e+03
-9.999000000000000000e+03
-9.999000000000000000e+03
-9.999000000000000000e+03
-9.999000000000000000e+03
-9.999000000000000000e+03
-9.999000000000000000e+03
-9.999000000000000000e+03
-4.031422734260559082e-02
-3.725807368755340576e-02
-2.704198285937309265e-02
-1.643810048699378967e-02
6.073187664151191711e-02
5.915763974189758301e-02
4.946394264698028564e-02
2.784362621605396271e-02
1.411486044526100159e-02
1.201210077852010727e-02
-9.999000000000000000e+03
-9.999000000000000000e+03
-9.999000000000000000e+03
-9.999000000000000000e+03
-9.999000000000000000e+03
-9.999000000000000000e+03
-9.999000000000000000e+03
-9.999000000000000000e+03
-9.999000000000000000e+03
-9.999000000000000000e+03
-9.999000000000000000e+03
-9.999000000000000000e+03
-9.999000000000000000e+03
-9.999000000000000000e+03
-9.999000000000000000e+03
-9.999000000000000000e+03
-9.999000000000000000e+03
-9.999000000000000000e+03
-9.999000000000000000e+03
-9.999000000000000000e+03
-9.999000000000000000e+03
-1.919201575219631195e-02
8.530548773705959320e-03
4.112796112895011902e-02
6.936334073543548584e-02
9.469494223594665527e-02
7.955176383256912231e-02
-9.999000000000000000e+03
-9.999000000000000000e+03
-9.999000000000000000e+03
-9.999000000000000000e+03
-9.999000000000000000e+03
-9.999000000000000000e+03
-9.999000000000000000e+03
-9.999000000000000000e+03
-9.999000000000000000e+03
-9.999000000000000000e+03
-9.999000000000000000e+03
-9.999000000000000000e+03
-9.999000000000000000e+03
-9.999000000000000000e+03
-9.999000000000000000e+03
-9.999000000000000000e+03
-9.999000000000000000e+03
-9.999000000000000000e+03
-9.999000000000000000e+03
-9.999000000000000000e+03
-9.999000000000000000e+03
-9.999000000000000000e+03
-9.999000000000000000e+03
-9.999000000000000000e+03
-9.999000000000000000e+03
-6.683784537017345428e-03
1.009104680269956589e-02
5.579480156302452087e-02
-9.999000000000000000e+03
-9.999000000000000000e+03
-9.999000000000000000e+03
-9.999000000000000000e+03
-9.999000000000000000e+03
-9.999000000000000000e+03
-9.999000000000000000e+03
-9.999000000000000000e+03
-9.999000000000000000e+03
-9.999000000000000000e+03
-9.999000000000000000e+03
-9.999000000000000000e+03
-9.999000000000000000e+03
-9.999000000000000000e+03
-9.999000000000000000e+03
-9.999000000000000000e+03
-9.999000000000000000e+03
-9.999000000000000000e+03
-9.999000000000000000e+03
-9.999000000000000000e+03
-9.999000000000000000e+03
-9.999000000000000000e+03
-9.999000000000000000e+03
-9.999000000000000000e+03
-9.999000000000000000e+03
-9.999000000000000000e+03
-9.999000000000000000e+03
-9.999000000000000000e+03
