1.213231235742568970e-01
1.249385103583335876e-01
1.046797856688499451e-01
9.066096693277359009e-02
1.004924029111862183e-01
8.606117963790893555e-02
7.441386580467224121e-02
6.374628841876983643e-02
3.411131724715232849e-02
2.046305313706398010e-02
-2.918567880988121033e-02
-9.999000000000000000e+03
-9.999000000000000000e+03
-9.999000000000000000e+03
-9.999000000000000000e+03
-9.999000000000000000e+03
-9.999000000000000000e+03
-9.999000000000000000e+03
-9.999000000000000000e+03
-9.999000000000000000e+03
-9.999000000000000000e+03
-9.999000000000000000e+03
-9.999000000000000000e+03
-2.576264552772045135e-02
-2.624801918864250183e-02
1.671815849840641022e-02
5.555078759789466858e-02
1.031827256083488464e-01
1.298485696315765381e-01
1.546693891286849976e-01
1.610987633466720581e-01
5.534953251481056213e-02
5.966144055128097534e-02
5.177270993590354919e-02
4.520155861973762512e-02
5.192783102393150330e-02
2.891475521028041840e-02
2.328963018953800201e-03
-1.744185457937419415e-03
-1.448551472276449203e-02
-5.469679832458496094e-03
-4.192791413515806198e-03
2.453091321513056755e-03
-9.999000000000000000e+03
-9.999000000000000000e+03
-9.999000000000000000e+03
-9.999000000000000000e+03
-9.999000000000000000e+03
-9.999000000000000000e+03
-9.999000000000000000e+03
-9.999000000000000000e+03
-9.999000000000000000e+03
3.529844060540199280e-02
4.711351543664932251e-02
3.477310016751289368e-02
6.282851099967956543e-02
7.274775952100753784e-02
9.435492008924484253e-02
1.183602809906005859e-01
1.323560029268264771e-01
1.454388499259948730e-01
1.543968468904495239e-01
-8.038396015763282776e-03
-1.060639228671789169e-02
-1.606728136539459229e-02
-2.791466750204563141e-02
-1.599992997944355011e-02
-4.044502973556518555e-02
-5.691025033593177795e-02
-5.535751208662986755e-02
-6.024730205535888672e-02
-3.615638241171836853e-02
-1.366912946105003357e-02
6.634255405515432358e-04
-9.999000000000000000e+03
-9.999000000000000000e+03
-9.999000000000000000e+03
-9.999000000000000000e+03
-9.999000000000000000e+03
-9.999000000000000000e+03
-9.999000000000000000e+03
6.935270875692367554e-02
6.611407548189163208e-02
7.979092746973037720e-02
8.062722533941268921e-02
8.633302897214889526e-02
8.581531792879104614e-02
9.139575064182281494e-02
1.048141568899154663e-01
1.042070910334587097e-01
1.122064217925071716e-01
1.287118941545486450e-01
1.326460838317871094e-01
-7.898928225040435791e-02
-8.675352483987808228e-02
-9.595270454883575439e-02
-1.057459488511085510e-01
-9.562411904335021973e-02
-1.178160905838012695e-01
-1.213701292872428894e-01
-1.058296859264373779e-01
-9.512367844581604004e-02
-6.319800764322280884e-02
-3.821026161313056946e-02
-1.463346765376627445e-03
2.694691531360149384e-02
-9.999000000000000000e+03
-9.999000000000000000e+03
-9.999000000000000000e+03
3.632593154907226562e-02
5.829445645213127136e-02
8.874017000198364258e-02
6.971071660518646240e-02
4.787669703364372253e-02
4.042625427246093750e-02
1.411897502839565277e-02
3.800996765494346619e-02
4.124780371785163879e-02
1.871121674776077271e-02
5.608666688203811646e-02
5.573578551411628723e-02
6.724426895380020142e-02
8.698986470699310303e-02
1.019005700945854187e-01
-1.311411857604980469e-01
-1.512075215578079224e-01
-1.652344465255737305e-01
-1.735799312591552734e-01
-1.615548133850097656e-01
-1.640905141830444336e-01
-1.587987244129180908e-01
-1.356252878904342651e-01
-1.160046756267547607e-01
-8.602821081876754761e-02
-4.299436882138252258e-02
-6.060314830392599106e-03
2.972143143415451050e-02
4.240053892135620117e-02
4.093776270747184753e-02
3.734160214662551880e-02
3.558635711669921875e-02
2.031563036143779755e-02
1.648113504052162170e-02
-2.541278861463069916e-02
-4.401196166872978210e-02
-8.710856735706329346e-02
-1.152002885937690735e-01
-8.063143491744995117e-02
-7.667437195777893066e-02
-6.048089638352394104e-02
-2.269829437136650085e-02
5.359760485589504242e-03
2.989674732089042664e-02
6.196395307779312134e-02
8.843339979648590088e-02
-1.535022258758544922e-01
-1.775578260421752930e-01
-2.002610266208648682e-01
-2.154505550861358643e-01
-2.059759944677352905e-01
-1.970739811658859253e-01
-1.807183772325515747e-01
-1.575279086828231812e-01
-1.408452540636062622e-01
-1.037710160017013550e-01
-5.275793746113777161e-02
-9.513948112726211548e-03
2.095155231654644012e-02
3.065329045057296753e-02
2.120632678270339966e-02
1.305236294865608215e-02
-1.845892518758773804e-02
-7.799294590950012207e-02
-1.136073023080825806e-01
-1.725734770298004150e-01
-1.814276129007339478e-01
-1.755306273698806763e-01
-1.793003231287002563e-01
-1.463468819856643677e-01
-1.195647120475769043e-01
-1.144621521234512329e-01
-7.201498746871948242e-02
-5.134982243180274963e-02
-1.945923268795013428e-02
2.322904579341411591e-02
5.006388202309608459e-02
-1.644207686185836792e-01
-1.893064528703689575e-01
-2.125199884176254272e-01
-2.188424170017242432e-01
-2.154819071292877197e-01
-2.057528346776962280e-01
-1.850061714649200439e-01
-1.627577096223831177e-01
-1.352205872535705566e-01
-1.041411682963371277e-01
-6.102063134312629700e-02
-2.647473663091659546e-02
6.617561914026737213e-03
1.523256115615367889e-02
-3.176441416144371033e-02
-7.063306868076324463e-02
-1.302622407674789429e-01
-1.851221621036529541e-01
-2.073996365070343018e-01
-2.461849004030227661e-01
-2.397136539220809937e-01
-2.298820912837982178e-01
-2.367250472307205200e-01
-2.198636382818222046e-01
-2.060840576887130737e-01
-1.961796879768371582e-01
-1.487144678831100464e-01
-1.217483952641487122e-01
-8.442284911870956421e-02
-3.005276992917060852e-02
2.842542948201298714e-03
-1.617456078529357910e-01
-1.830778867006301880e-01
-2.041573226451873779e-01
-1.974399983882904053e-01
-1.894861310720443726e-01
-1.772243380546569824e-01
-1.632767468690872192e-01
-1.548716425895690918e-01
-1.309286803007125854e-01
-9.908992797136306763e-02
-6.387767940759658813e-02
-4.335405305027961731e-02
-3.675831481814384460e-02
-5.076429620385169983e-02
-1.010712236166000366e-01
-1.445093005895614624e-01
-2.165717482566833496e-01
-2.418998032808303833e-01
-2.491331249475479126e-01
-2.469292432069778442e-01
-2.389772385358810425e-01
-2.411611676216125488e-01
-2.438358813524246216e-01
-2.542644143104553223e-01
-2.734080255031585693e-01
-2.673579454421997070e-01
-2.177397310733795166e-01
-1.832705885171890259e-01
-1.423985660076141357e-01
-8.857107162475585938e-02
-6.689460575580596924e-02
-1.546388417482376099e-01
-1.654951274394989014e-01
-1.784996390342712402e-01
-1.725525408983230591e-01
-1.648220121860504150e-01
-1.459598392248153687e-01
-1.403367966413497925e-01
-1.357916295528411865e-01
-1.181537881493568420e-01
-9.643357992172241211e-02
-7.877071946859359741e-02
-7.604367285966873169e-02
-9.769307821989059448e-02
-1.360332965850830078e-01
-1.892347484827041626e-01
-2.099245339632034302e-01
-2.334456890821456909e-01
-2.296371757984161377e-01
-2.318502217531204224e-01
-2.181357145309448242e-01
-1.856472045183181763e-01
-1.788540482521057129e-01
-1.443622708320617676e-01
-1.729268282651901245e-01
-1.442446857690811157e-01
-2.168976813554763794e-01
-2.111228108406066895e-01
-2.104980200529098511e-01
-1.799551248550415039e-01
-1.400762796401977539e-01
-1.225278824567794800e-01
-1.391417384147644043e-01
-1.435843408107757568e-01
-1.507114470005035400e-01
-1.446199119091033936e-01
-1.420717537403106689e-01
-1.317434459924697876e-01
-1.220581755042076111e-01
-1.228595525026321411e-01
-1.154912412166595459e-01
-1.029733940958976746e-01
-1.143007725477218628e-01
-1.414419114589691162e-01
-1.625383347272872925e-01
-1.847237050533294678e-01
-2.125303149223327637e-01
-2.184116691350936890e-01
-2.166348099708557129e-01
-1.543553024530410767e-01
-1.817535907030105591e-01
-1.432700753211975098e-01
-1.183764040470123291e-01
-9.999000000000000000e+03
-9.999000000000000000e+03
-9.999000000000000000e+03
-9.999000000000000000e+03
-9.999000000000000000e+03
-9.999000000000000000e+03
-2.094618380069732666e-01
-1.949660331010818481e-01
-1.759294569492340088e-01
-1.693906933069229126e-01
-1.227288022637367249e-01
-1.132438629865646362e-01
-1.217597872018814087e-01
-1.190444231033325195e-01
-1.202495694160461426e-01
-1.028025373816490173e-01
-9.691762179136276245e-02
-1.025367304682731628e-01
-1.011302545666694641e-01
-1.125675663352012634e-01
-1.380887776613235474e-01
-1.801242828369140625e-01
-1.902381777763366699e-01
-2.014591842889785767e-01
-1.939272284507751465e-01
-1.689016520977020264e-01
-1.400471329689025879e-01
-9.999000000000000000e+03
-9.999000000000000000e+03
-9.999000000000000000e+03
-9.999000000000000000e+03
-9.999000000000000000e+03
-9.999000000000000000e+03
-9.999000000000000000e+03
-9.999000000000000000e+03
-9.999000000000000000e+03
-9.999000000000000000e+03
-1.204481124877929688e-01
-1.759106367826461792e-01
-2.098789811134338379e-01
-2.170020192861557007e-01
-1.137262508273124695e-01
-9.240674227476119995e-02
-8.545362949371337891e-02
-8.387237787246704102e-02
-8.531855791807174683e-02
-8.711244910955429077e-02
-8.626699447631835938e-02
-8.605615049600601196e-02
-9.647485613822937012e-02
-1.321243941783905029e-01
-1.583943814039230347e-01
-1.712444573640823364e-01
-1.712904870510101318e-01
-1.804168522357940674e-01
-1.004195436835289001e-01
-1.089637875556945801e-01
-9.999000000000000000e+03
-9.999000000000000000e+03
-9.999000000000000000e+03
-9.999000000000000000e+03
-9.999000000000000000e+03
-9.999000000000000000e+03
-9.999000000000000000e+03
-9.999000000000000000e+03
-9.999000000000000000e+03
-9.999000000000000000e+03
-9.999000000000000000e+03
-9.999000000000000000e+03
-1.103380247950553894e-01
-2.128280252218246460e-01
-2.554447054862976074e-01
-1.559629738330841064e-01
-1.226378828287124634e-01
-8.740968257188796997e-02
-7.193381339311599731e-02
-6.212641671299934387e-02
-6.358619779348373413e-02
-6.217575073242187500e-02
-7.441885024309158325e-02
-9.540247917175292969e-02
-1.222300082445144653e-01
-1.433512270450592041e-01
-1.412792056798934937e-01
-1.045700982213020325e-01
-1.190586984157562256e-01
-9.999000000000000000e+03
-9.999000000000000000e+03
-9.999000000000000000e+03
-9.999000000000000000e+03
-9.999000000000000000e+03
-9.999000000000000000e+03
-9.999000000000000000e+03
-9.999000000000000000e+03
-9.999000000000000000e+03
-9.999000000000000000e+03
-9.999000000000000000e+03
-9.999000000000000000e+03
-9.999000000000000000e+03
-9.999000000000000000e+03
-9.999000000000000000e+03
-1.770863682031631470e-01
-2.474771589040756226e-01
-9.999000000000000000e+03
-8.807814121246337891e-02
-1.011927500367164612e-01
-8.559659868478775024e-02
-6.634766608476638794e-02
-6.042863428592681885e-02
-7.046092301607131958e-02
-8.917777985334396362e-02
-1.055106669664382935e-01
-1.064805313944816589e-01
-1.085055470466613770e-01
-9.212306141853332520e-02
-7.743500173091888428e-02
-9.999000000000000000e+03
-9.999000000000000000e+03
-9.999000000000000000e+03
-9.999000000000000000e+03
-9.999000000000000000e+03
-9.999000000000000000e+03
-9.999000000000000000e+03
-9.999000000000000000e+03
-9.999000000000000000e+03
-9.999000000000000000e+03
-9.999000000000000000e+03
-9.999000000000000000e+03
-9.999000000000000000e+03
-9.999000000000000000e+03
-9.999000000000000000e+03
-9.999000000000000000e+03
-1.271191537380218506e-01
-1.928473412990570068e-01
-9.999000000000000000e+03
-9.999000000000000000e+03
-9.188605099916458130e-02
-8.487092703580856323e-02
-7.418986409902572632e-02
-7.396990805864334106e-02
-9.293144196271896362e-02
-1.046561151742935181e-01
-1.000708639621734619e-01
-8.803481608629226685e-02
-8.443643897771835327e-02
-4.365469515323638916e-02
-9.999000000000000000e+03
-9.999000000000000000e+03
-9.999000000000000000e+03
-9.999000000000000000e+03
-9.999000000000000000e+03
-9.999000000000000000e+03
-9.999000000000000000e+03
-9.999000000000000000e+03
-9.999000000000000000e+03
-9.999000000000000000e+03
-9.999000000000000000e+03
-9.999000000000000000e+03
-9.999000000000000000e+03
-9.999000000000000000e+03
-9.999000000000000000e+03
-9.999000000000000000e+03
-9.999000000000000000e+03
-6.351252645254135132e-02
-1.012885048985481262e-01
-9.999000000000000000e+03
-9.999000000000000000e+03
-5.262945592403411865e-02
-6.061280518770217896e-02
-5.891605466604232788e-02
-6.076019629836082458e-02
-6.998798251152038574e-02
-6.995784491300582886e-02
-6.531621515750885010e-02
-5.171475186944007874e-02
-4.973078891634941101e-02
-3.694413602352142334e-02
-9.999000000000000000e+03
-9.999000000000000000e+03
-9.999000000000000000e+03
-9.999000000000000000e+03
-9.999000000000000000e+03
-9.999000000000000000e+03
-9.999000000000000000e+03
-9.999000000000000000e+03
-9.999000000000000000e+03
-9.999000000000000000e+03
-9.999000000000000000e+03
-9.999000000000000000e+03
-9.999000000000000000e+03
-9.999000000000000000e+03
-9.999000000000000000e+03
-9.999000000000000000e+03
-9.999000000000000000e+03
-9.999000000000000000e+03
-9.999000000000000000e+03
-9.999000000000000000e+03
-9.999000000000000000e+03
-2.185793593525886536e-02
-2.896440029144287109e-02
-2.817132323980331421e-02
-3.603370487689971924e-02
-3.032964095473289490e-02
-2.679632790386676788e-02
-1.410475280135869980e-02
-3.190016001462936401e-02
-3.982059285044670105e-02
-3.645467758178710938e-02
-9.999000000000000000e+03
-9.999000000000000000e+03
-9.999000000000000000e+03
-9.999000000000000000e+03
-9.999000000000000000e+03
-9.999000000000000000e+03
-9.999000000000000000e+03
-9.999000000000000000e+03
-9.999000000000000000e+03
-9.999000000000000000e+03
-9.999000000000000000e+03
-9.999000000000000000e+03
-9.999000000000000000e+03
-9.999000000000000000e+03
-9.999000000000000000e+03
-9.999000000000000000e+03
-9.999000000000000000e+03
-9.999000000000000000e+03
-9.999000000000000000e+03
-9.999000000000000000e+03
-9.999000000000000000e+03
-9.999000000000000000e+03
-2.020701393485069275e-02
-2.810995839536190033e-02
-2.232115529477596283e-02
5.934530403465032578e-03
6.602721288800239563e-03
-1.036147587001323700e-03
3.760796971619129181e-03
-2.128005214035511017e-02
-9.999000000000000000e+03
-9.999000000000000000e+03
-9.999000000000000000e+03
-9.999000000000000000e+03
-9.999000000000000000e+03
-9.999000000000000000e+03
-9.999000000000000000e+03
-9.999000000000000000e+03
-9.999000000000000000e+03
-9.999000000000000000e+03
-9.999000000000000000e+03
-9.999000000000000000e+03
-9.999000000000000000e+03
-9.999000000000000000e+03
-9.999000000000000000e+03
-9.999000000000000000e+03
-9.999000000000000000e+03
-9.999000000000000000e+03
-9.999000000000000000e+03
-9.999000000000000000e+03
-9.999000000000000000e+03
-9.999000000000000000e+03
-9.999000000000000000e+03
-1.756907999515533447e-02
-4.655917361378669739e-02
-4.135138168931007385e-02
-2.525928243994712830e-02
1.282869372516870499e-03
-9.794188663363456726e-03
7.260107994079589844e-02
1.424804627895355225e-01
1.066071912646293640e-01
-9.999000000000000000e+03
-9.999000000000000000e+03
-9.999000000000000000e+03
-9.999000000000000000e+03
-9.999000000000000000e+03
-9.999000000000000000e+03
-9.999000000000000000e+03
-9.999000000000000000e+03
-9.999000000000000000e+03
-9.999000000000000000e+03
-9.999000000000000000e+03
-9.999000000000000000e+03
-9.999000000000000000e+03
-9.999000000000000000e+03
-9.999000000000000000e+03
-9.999000000000000000e+03
-9.999000000000000000e+03
-9.999000000000000000e+03
-9.999000000000000000e+03
-9.999000000000000000e+03
-9.999000000000000000e+03
-9.999000000000000000e+03
-9.999000000000000000e+03
-6.541274487972259521e-02
-5.187595263123512268e-02
-5.615767091512680054e-02
-5.243495106697082520e-02
-2.167205698788166046e-02
-8.396359160542488098e-03
1.246586218476295471e-01
1.464845687150955200e-01
-9.999000000000000000e+03
-9.999000000000000000e+03
-9.999000000000000000e+03
-9.999000000000000000e+03
-9.999000000000000000e+03
-9.999000000000000000e+03
-9.999000000000000000e+03
-9.999000000000000000e+03
-9.999000000000000000e+03
-9.999000000000000000e+03
-9.999000000000000000e+03
-9.999000000000000000e+03
-9.999000000000000000e+03
-9.999000000000000000e+03
-9.999000000000000000e+03
-9.999000000000000000e+03
-9.999000000000000000e+03
-9.999000000000000000e+03
-9.999000000000000000e+03
-9.999000000000000000e+03
-9.999000000000000000e+03
-9.999000000000000000e+03
-9.999000000000000000e+03
-7.157674431800842285e-02
-1.000561937689781189e-01
-1.154000237584114075e-01
-1.528791934251785278e-01
-1.642141640186309814e-01
-1.671191006898880005e-01
-9.459065645933151245e-02
-5.520510487258434296e-03
-1.958173327147960663e-02
-9.999000000000000000e+03
-9.999000000000000000e+03
-9.999000000000000000e+03
-9.999000000000000000e+03
-9.999000000000000000e+03
-9.999000000000000000e+03
-9.999000000000000000e+03
-9.999000000000000000e+03
-9.999000000000000000e+03
-9.999000000000000000e+03
-9.999000000000000000e+03
-9.999000000000000000e+03
-9.999000000000000000e+03
-9.999000000000000000e+03
-9.999000000000000000e+03
-9.999000000000000000e+03
-9.999000000000000000e+03
-9.999000000000000000e+03
-9.999000000000000000e+03
-9.999000000000000000e+03
-9.999000000000000000e+03
-9.999000000000000000e+03
-4.349267482757568359e-02
-1.038768291473388672e-01
-1.350150555372238159e-01
-1.545191407203674316e-01
-1.724121719598770142e-01
-1.601456254720687866e-01
-1.457389295101165771e-01
-1.259063035249710083e-01
-8.496554195880889893e-02
-6.137355789542198181e-02
-7.209959626197814941e-02
-6.973892450332641602e-02
-4.044757410883903503e-02
-9.999000000000000000e+03
-9.999000000000000000e+03
-9.999000000000000000e+03
-9.999000000000000000e+03
-9.999000000000000000e+03
-9.999000000000000000e+03
-9.999000000000000000e+03
-9.999000000000000000e+03
-9.999000000000000000e+03
-9.999000000000000000e+03
-9.999000000000000000e+03
-9.999000000000000000e+03
-9.999000000000000000e+03
-9.999000000000000000e+03
-9.999000000000000000e+03
-9.999000000000000000e+03
-9.999000000000000000e+03
-5.615938082337379456e-02
-5.576088652014732361e-02
-6.465692818164825439e-02
-6.991283595561981201e-02
-9.653962403535842896e-02
-1.229980215430259705e-01
-1.109713912010192871e-01
-1.001939848065376282e-01
-9.560143947601318359e-02
-3.931799530982971191e-02
-1.160953659564256668e-02
-6.534874439239501953e-02
-5.717027187347412109e-02
-4.423117637634277344e-02
-9.999000000000000000e+03
-9.999000000000000000e+03
-9.999000000000000000e+03
-9.999000000000000000e+03
-9.999000000000000000e+03
-9.999000000000000000e+03
-9.999000000000000000e+03
-9.999000000000000000e+03
-9.999000000000000000e+03
-9.999000000000000000e+03
-9.999000000000000000e+03
-9.999000000000000000e+03
-9.999000000000000000e+03
-9.999000000000000000e+03
-9.999000000000000000e+03
-6.354717910289764404e-02
-6.736140698194503784e-02
-9.690966457128524780e-02
-8.704232424497604370e-02
-6.318524479866027832e-02
-4.899760335683822632e-02
-5.357015505433082581e-02
-8.024600148200988770e-02
-8.785381913185119629e-02
-8.935151249170303345e-02
-7.067841291427612305e-02
-6.913708895444869995e-02
-4.453301802277565002e-02
-6.391400843858718872e-02
-9.999000000000000000e+03
-9.999000000000000000e+03
-9.999000000000000000e+03
-9.999000000000000000e+03
-9.999000000000000000e+03
-9.999000000000000000e+03
-9.999000000000000000e+03
-9.999000000000000000e+03
-9.999000000000000000e+03
-9.999000000000000000e+03
-9.999000000000000000e+03
-9.999000000000000000e+03
-9.999000000000000000e+03
-9.999000000000000000e+03
-9.999000000000000000e+03
-9.999000000000000000e+03
-5.710712447762489319e-02
-7.310853153467178345e-02
-8.343309909105300903e-02
-9.873218834400177002e-02
-9.446132183074951172e-02
-5.930034816265106201e-02
-2.920251525938510895e-02
-3.825921192765235901e-02
-5.970218032598495483e-02
-7.638251781463623047e-02
-1.057027131319046021e-01
-1.286263912916183472e-01
-1.325894147157669067e-01
-9.320416301488876343e-02
-9.999000000000000000e+03
-9.999000000000000000e+03
-9.999000000000000000e+03
-9.999000000000000000e+03
-9.999000000000000000e+03
-9.999000000000000000e+03
-9.999000000000000000e+03
-9.999000000000000000e+03
-9.999000000000000000e+03
-9.999000000000000000e+03
-9.999000000000000000e+03
-9.999000000000000000e+03
-9.999000000000000000e+03
-9.999000000000000000e+03
-9.999000000000000000e+03
-9.999000000000000000e+03
-9.999000000000000000e+03
-8.840020745992660522e-02
-1.005317941308021545e-01
-1.056001856923103333e-01
-1.005348935723304749e-01
-8.746530115604400635e-02
-6.338084489107131958e-02
-4.358719661831855774e-02
-4.252184554934501648e-02
-5.173717811703681946e-02
-4.492536187171936035e-02
-5.227075517177581787e-02
-7.776653766632080078e-02
-7.251632213592529297e-02
-8.619089424610137939e-02
-9.999000000000000000e+03
-9.999000000000000000e+03
-9.999000000000000000e+03
-9.999000000000000000e+03
-9.999000000000000000e+03
-9.999000000000000000e+03
-9.999000000000000000e+03
-9.999000000000000000e+03
-9.999000000000000000e+03
-9.999000000000000000e+03
-9.999000000000000000e+03
-9.999000000000000000e+03
-9.999000000000000000e+03
-9.999000000000000000e+03
-9.999000000000000000e+03
-9.999000000000000000e+03
-9.999000000000000000e+03
-1.253075003623962402e-01
-1.363850831985473633e-01
-1.247498244047164917e-01
-1.023205593228340149e-01
-8.660418540239334106e-02
-6.319733709096908569e-02
-4.998989403247833252e-02
-4.865638911724090576e-02
-4.712437465786933899e-02
-4.378312826156616211e-02
-4.646150767803192139e-02
-3.224122524261474609e-02
-3.608276322484016418e-02
-9.999000000000000000e+03
-9.999000000000000000e+03
-9.999000000000000000e+03
-9.999000000000000000e+03
-9.999000000000000000e+03
-9.999000000000000000e+03
-9.999000000000000000e+03
-9.999000000000000000e+03
-9.999000000000000000e+03
-9.999000000000000000e+03
-9.999000000000000000e+03
-9.999000000000000000e+03
-9.999000000000000000e+03
-9.999000000000000000e+03
-9.999000000000000000e+03
-9.999000000000000000e+03
-9.999000000000000000e+03
-9.999000000000000000e+03
-1.197250932455062866e-01
-1.247296631336212158e-01
-9.917270392179489136e-02
-8.441192656755447388e-02
-5.632012709975242615e-02
-4.041021689772605896e-02
-3.400465473532676697e-02
-3.003462590277194977e-02
-2.816692180931568146e-02
-6.879853550344705582e-03
-2.133845351636409760e-02
-4.926915839314460754e-02
-9.999000000000000000e+03
-9.999000000000000000e+03
-9.999000000000000000e+03
-9.999000000000000000e+03
-9.999000000000000000e+03
-9.999000000000000000e+03
-9.999000000000000000e+03
-9.999000000000000000e+03
-9.999000000000000000e+03
-9.999000000000000000e+03
-9.999000000000000000e+03
-9.999000000000000000e+03
-9.999000000000000000e+03
-9.999000000000000000e+03
-9.999000000000000000e+03
-9.999000000000000000e+03
-9.999000000000000000e+03
-9.999000000000000000e+03
-9.999000000000000000e+03
-9.077019989490509033e-02
-7.576459646224975586e-02
-5.706362053751945496e-02
-4.613232985138893127e-02
1.010783761739730835e-02
1.304953452199697495e-02
5.780084524303674698e-03
-2.170623978599905968e-03
-1.137507800012826920e-02
-5.852132104337215424e-03
-9.999000000000000000e+03
-9.999000000000000000e+03
-9.999000000000000000e+03
-9.999000000000000000e+03
-9.999000000000000000e+03
-9.999000000000000000e+03
-9.999000000000000000e+03
-9.999000000000000000e+03
-9.999000000000000000e+03
-9.999000000000000000e+03
-9.999000000000000000e+03
-9.999000000000000000e+03
-9.999000000000000000e+03
-9.999000000000000000e+03
-9.999000000000000000e+03
-9.999000000000000000e+03
-9.999000000000000000e+03
-9.999000000000000000e+03
-9.999000000000000000e+03
-9.999000000000000000e+03
-9.999000000000000000e+03
-5.316563323140144348e-02
-2.022549510002136230e-02
1.236828509718179703e-02
3.914078697562217712e-02
5.778400972485542297e-02
3.502725809812545776e-02
-9.999000000000000000e+03
-9.999000000000000000e+03
-9.999000000000000000e+03
-9.999000000000000000e+03
-9.999000000000000000e+03
-9.999000000000000000e+03
-9.999000000000000000e+03
-9.999000000000000000e+03
-9.999000000000000000e+03
-9.999000000000000000e+03
-9.999000000000000000e+03
-9.999000000000000000e+03
-9.999000000000000000e+03
-9.999000000000000000e+03
-9.999000000000000000e+03
-9.999000000000000000e+03
-9.999000000000000000e+03
-9.999000000000000000e+03
-9.999000000000000000e+03
-9.999000000000000000e+03
-9.999000000000000000e+03
-9.999000000000000000e+03
-9.999000000000000000e+03
-9.999000000000000000e+03
-9.999000000000000000e+03
-4.226468503475189209e-02
-1.293986942619085312e-02
2.834442444145679474e-02
-9.999000000000000000e+03
-9.999000000000000000e+03
-9.999000000000000000e+03
-9.999000000000000000e+03
-9.999000000000000000e+03
-9.999000000000000000e+03
-9.999000000000000000e+03
-9.999000000000000000e+03
-9.999000000000000000e+03
-9.999000000000000000e+03
-9.999000000000000000e+03
-9.999000000000000000e+03
-9.999000000000000000e+03
-9.999000000000000000e+03
-9.999000000000000000e+03
-9.999000000000000000e+03
-9.999000000000000000e+03
-9.999000000000000000e+03
-9.999000000000000000e+03
-9.999000000000000000e+03
-9.999000000000000000e+03
-9.999000000000000000e+03
-9.999000000000000000e+03
-9.999000000000000000e+03
-9.999000000000000000e+03
-9.999000000000000000e+03
-9.999000000000000000e+03
-9.999000000000000000e+03
