9.109554439783096313e-02
1.024097502231597900e-01
8.674941211938858032e-02
6.239460781216621399e-02
5.795361474156379700e-02
3.388915210962295532e-02
2.412940375506877899e-02
1.890371181070804596e-02
-8.381173829548060894e-04
-1.329997926950454712e-02
-5.096208676695823669e-02
-9.999000000000000000e+03
-9.999000000000000000e+03
-9.999000000000000000e+03
-9.999000000000000000e+03
-9.999000000000000000e+03
-9.999000000000000000e+03
-9.999000000000000000e+03
-9.999000000000000000e+03
-9.999000000000000000e+03
-9.999000000000000000e+03
-9.999000000000000000e+03
-9.999000000000000000e+03
-3.719145059585571289e-02
-6.634803861379623413e-02
-2.337568067014217377e-02
1.164245419204235077e-02
5.393655970692634583e-02
8.367932587862014771e-02
1.065589562058448792e-01
1.033139154314994812e-01
1.494771428406238556e-02
2.943119965493679047e-02
2.427523769438266754e-02
7.111129816621541977e-03
-3.973715007305145264e-03
-2.531826309859752655e-02
-3.051492571830749512e-02
-2.794707007706165314e-02
-3.856412693858146667e-02
-3.504305332899093628e-02
-3.385928273200988770e-02
-1.782820560038089752e-02
-9.999000000000000000e+03
-9.999000000000000000e+03
-9.999000000000000000e+03
-9.999000000000000000e+03
-9.999000000000000000e+03
-9.999000000000000000e+03
-9.999000000000000000e+03
-9.999000000000000000e+03
-9.999000000000000000e+03
4.458841402083635330e-03
1.010852027684450150e-02
-1.092622149735689163e-02
-9.434959851205348969e-03
1.470546331256628036e-02
4.674763232469558716e-02
6.748123466968536377e-02
8.126443624496459961e-02
8.565188944339752197e-02
9.193779528141021729e-02
-6.346476078033447266e-02
-4.840648174285888672e-02
-5.261360481381416321e-02
-7.359638810157775879e-02
-6.745150685310363770e-02
-7.962576299905776978e-02
-7.606732100248336792e-02
-6.124926730990409851e-02
-7.022905349731445312e-02
-6.051493063569068909e-02
-4.551132395863533020e-02
-2.336430363357067108e-02
-9.999000000000000000e+03
-9.999000000000000000e+03
-9.999000000000000000e+03
-9.999000000000000000e+03
-9.999000000000000000e+03
-9.999000000000000000e+03
-9.999000000000000000e+03
3.403984010219573975e-02
4.145449399948120117e-02
5.609913170337677002e-02
6.234814599156379700e-02
4.646192863583564758e-02
3.616363927721977234e-02
5.296689271926879883e-02
6.419204920530319214e-02
7.275778055191040039e-02
9.115560352802276611e-02
1.064688116312026978e-01
1.390831917524337769e-01
-1.453527361154556274e-01
-1.338094025850296021e-01
-1.334234178066253662e-01
-1.451928168535232544e-01
-1.401766240596771240e-01
-1.481114476919174194e-01
-1.367721408605575562e-01
-1.116319075226783752e-01
-1.038289368152618408e-01
-8.079554140567779541e-02
-6.115461885929107666e-02
-2.920103073120117188e-02
-2.418089099228382111e-02
-9.999000000000000000e+03
-9.999000000000000000e+03
-9.999000000000000000e+03
-2.935008844360709190e-03
4.417633172124624252e-03
2.518330328166484833e-02
1.646033115684986115e-02
1.654121652245521545e-02
2.554249577224254608e-02
1.487454492598772049e-02
4.177781939506530762e-02
5.468695983290672302e-02
5.260585620999336243e-02
8.788008987903594971e-02
1.135789602994918823e-01
1.265166997909545898e-01
1.409837603569030762e-01
1.565236449241638184e-01
-2.109435796737670898e-01
-2.150780111551284790e-01
-2.175395637750625610e-01
-2.198942303657531738e-01
-2.033226937055587769e-01
-1.972195208072662354e-01
-1.762681156396865845e-01
-1.432529389858245850e-01
-1.221789270639419556e-01
-9.068629890680313110e-02
-5.742714181542396545e-02
-3.872174397110939026e-02
-3.407292813062667847e-02
-4.419455677270889282e-02
-3.106390126049518585e-02
-2.061397582292556763e-02
-3.019452653825283051e-02
-4.982563108205795288e-02
-4.984401166439056396e-02
-8.029846847057342529e-02
-7.242861390113830566e-02
-7.650176435708999634e-02
-8.291177451610565186e-02
-5.017352104187011719e-02
-2.924032695591449738e-02
1.057523186318576336e-03
4.614352434873580933e-02
8.163356781005859375e-02
1.124244630336761475e-01
1.348046362400054932e-01
1.433490067720413208e-01
-2.332145720720291138e-01
-2.520270347595214844e-01
-2.716967463493347168e-01
-2.669012248516082764e-01
-2.449764311313629150e-01
-2.264905124902725220e-01
-1.954419463872909546e-01
-1.562016308307647705e-01
-1.306540220975875854e-01
-9.390104562044143677e-02
-4.749920964241027832e-02
-1.499319728463888168e-02
-2.001430653035640717e-02
-2.610329538583755493e-02
-3.892517089843750000e-02
-4.804820567369461060e-02
-8.164124190807342529e-02
-1.370550841093063354e-01
-1.639579981565475464e-01
-2.019552290439605713e-01
-2.083865553140640259e-01
-1.906304359436035156e-01
-1.951375603675842285e-01
-1.383198201656341553e-01
-1.027940735220909119e-01
-8.182090520858764648e-02
-9.628391824662685394e-03
2.467888407409191132e-02
6.469018012285232544e-02
1.036010980606079102e-01
1.129257306456565857e-01
-2.406629174947738647e-01
-2.559924125671386719e-01
-2.730264067649841309e-01
-2.643634378910064697e-01
-2.504330873489379883e-01
-2.344025224447250366e-01
-1.977255791425704956e-01
-1.491516083478927612e-01
-1.110015586018562317e-01
-8.417651802301406860e-02
-4.853190109133720398e-02
-2.609962411224842072e-02
-1.383890211582183838e-02
-2.337032929062843323e-02
-8.385822176933288574e-02
-1.220613643527030945e-01
-1.740499138832092285e-01
-2.190688699483871460e-01
-2.371817529201507568e-01
-2.730735242366790771e-01
-2.876125276088714600e-01
-2.970427274703979492e-01
-2.980676889419555664e-01
-2.632973492145538330e-01
-2.317171096801757812e-01
-2.034655660390853882e-01
-1.246355697512626648e-01
-8.406273275613784790e-02
-3.080644644796848297e-02
3.470084071159362793e-02
5.273013189435005188e-02
-2.105638980865478516e-01
-2.370019108057022095e-01
-2.520085573196411133e-01
-2.334881424903869629e-01
-2.137318551540374756e-01
-1.906704455614089966e-01
-1.586269736289978027e-01
-1.309948712587356567e-01
-9.530095010995864868e-02
-8.296471089124679565e-02
-6.761872023344039917e-02
-6.689037382602691650e-02
-7.077125459909439087e-02
-9.521060436964035034e-02
-1.457075923681259155e-01
-1.815556585788726807e-01
-2.385945022106170654e-01
-2.620786130428314209e-01
-2.787870466709136963e-01
-2.799097001552581787e-01
-2.713797986507415771e-01
-2.887598872184753418e-01
-2.755569219589233398e-01
-2.934743762016296387e-01
-3.293853104114532471e-01
-3.175571858882904053e-01
-2.292111665010452271e-01
-1.738490462303161621e-01
-1.232510358095169067e-01
-6.148361414670944214e-02
-3.942533954977989197e-02
-1.790380477905273438e-01
-2.020311653614044189e-01
-2.136889696121215820e-01
-1.956612914800643921e-01
-1.813270300626754761e-01
-1.540754586458206177e-01
-1.215588077902793884e-01
-1.007182076573371887e-01
-8.751171827316284180e-02
-8.421777188777923584e-02
-8.707204461097717285e-02
-1.001155152916908264e-01
-1.322265118360519409e-01
-1.752979755401611328e-01
-2.152212262153625488e-01
-2.268305122852325439e-01
-2.422622889280319214e-01
-2.358517646789550781e-01
-2.397050112485885620e-01
-1.962367743253707886e-01
-1.412321478128433228e-01
-1.438413709402084351e-01
-1.190032884478569031e-01
-1.729594469070434570e-01
-1.570728868246078491e-01
-2.628369331359863281e-01
-2.452120631933212280e-01
-2.155481725931167603e-01
-1.655438244342803955e-01
-1.246036514639854431e-01
-1.072473973035812378e-01
-1.542566269636154175e-01
-1.689812391996383667e-01
-1.778466999530792236e-01
-1.680312901735305786e-01
-1.486525833606719971e-01
-1.248646602034568787e-01
-9.957429021596908569e-02
-8.461289852857589722e-02
-7.938241213560104370e-02
-9.347587823867797852e-02
-1.216268390417098999e-01
-1.636974960565567017e-01
-1.961804926395416260e-01
-2.194974124431610107e-01
-2.336507737636566162e-01
-2.283116132020950317e-01
-2.165380716323852539e-01
-1.474951058626174927e-01
-1.498139500617980957e-01
-8.374124765396118164e-02
-5.306596308946609497e-02
-9.999000000000000000e+03
-9.999000000000000000e+03
-9.999000000000000000e+03
-9.999000000000000000e+03
-9.999000000000000000e+03
-9.999000000000000000e+03
-2.561621963977813721e-01
-2.062705755233764648e-01
-1.525351405143737793e-01
-1.336245983839035034e-01
-1.205335184931755066e-01
-1.210008338093757629e-01
-1.408792734146118164e-01
-1.381792426109313965e-01
-1.314766854047775269e-01
-1.037165746092796326e-01
-8.099960535764694214e-02
-7.676509767770767212e-02
-9.396840631961822510e-02
-1.273352056741714478e-01
-1.518574953079223633e-01
-2.077040672302246094e-01
-2.221607565879821777e-01
-2.274655848741531372e-01
-2.066767960786819458e-01
-1.735953986644744873e-01
-1.417772173881530762e-01
-9.999000000000000000e+03
-9.999000000000000000e+03
-9.999000000000000000e+03
-9.999000000000000000e+03
-9.999000000000000000e+03
-9.999000000000000000e+03
-9.999000000000000000e+03
-9.999000000000000000e+03
-9.999000000000000000e+03
-9.999000000000000000e+03
-1.299782991409301758e-01
-1.756686419248580933e-01
-1.924591362476348877e-01
-1.806017160415649414e-01
-1.168960779905319214e-01
-1.006016880273818970e-01
-1.035282984375953674e-01
-1.027684286236763000e-01
-1.050810068845748901e-01
-1.009224504232406616e-01
-9.537446498870849609e-02
-9.713982045650482178e-02
-1.440683752298355103e-01
-1.710241585969924927e-01
-1.843329071998596191e-01
-1.977987587451934814e-01
-1.975142955780029297e-01
-1.999855190515518188e-01
-1.073727458715438843e-01
-1.085826158523559570e-01
-9.999000000000000000e+03
-9.999000000000000000e+03
-9.999000000000000000e+03
-9.999000000000000000e+03
-9.999000000000000000e+03
-9.999000000000000000e+03
-9.999000000000000000e+03
-9.999000000000000000e+03
-9.999000000000000000e+03
-9.999000000000000000e+03
-9.999000000000000000e+03
-9.999000000000000000e+03
-1.042639985680580139e-01
-1.883072853088378906e-01
-2.104261219501495361e-01
-1.490602046251296997e-01
-1.287021934986114502e-01
-1.048211380839347839e-01
-8.970793336629867554e-02
-8.715379983186721802e-02
-9.439718723297119141e-02
-1.052826642990112305e-01
-1.273469924926757812e-01
-1.583201140165328979e-01
-1.643145978450775146e-01
-1.682012975215911865e-01
-1.661124080419540405e-01
-1.155550256371498108e-01
-1.295365095138549805e-01
-9.999000000000000000e+03
-9.999000000000000000e+03
-9.999000000000000000e+03
-9.999000000000000000e+03
-9.999000000000000000e+03
-9.999000000000000000e+03
-9.999000000000000000e+03
-9.999000000000000000e+03
-9.999000000000000000e+03
-9.999000000000000000e+03
-9.999000000000000000e+03
-9.999000000000000000e+03
-9.999000000000000000e+03
-9.999000000000000000e+03
-9.999000000000000000e+03
-1.634525060653686523e-01
-2.171889245510101318e-01
-9.999000000000000000e+03
-9.012483060359954834e-02
-1.012020632624626160e-01
-8.358184993267059326e-02
-7.348220795392990112e-02
-8.030568808317184448e-02
-9.741220623254776001e-02
-1.333218067884445190e-01
-1.389607787132263184e-01
-1.336609721183776855e-01
-1.315791010856628418e-01
-1.117906644940376282e-01
-8.414708822965621948e-02
-9.999000000000000000e+03
-9.999000000000000000e+03
-9.999000000000000000e+03
-9.999000000000000000e+03
-9.999000000000000000e+03
-9.999000000000000000e+03
-9.999000000000000000e+03
-9.999000000000000000e+03
-9.999000000000000000e+03
-9.999000000000000000e+03
-9.999000000000000000e+03
-9.999000000000000000e+03
-9.999000000000000000e+03
-9.999000000000000000e+03
-9.999000000000000000e+03
-9.999000000000000000e+03
-1.387359499931335449e-01
-2.082678228616714478e-01
-9.999000000000000000e+03
-9.999000000000000000e+03
-9.258539229631423950e-02
-7.954099029302597046e-02
-6.700454652309417725e-02
-7.084537297487258911e-02
-9.206332266330718994e-02
-1.104541048407554626e-01
-1.037772297859191895e-01
-1.014273092150688171e-01
-9.224826097488403320e-02
-3.504335880279541016e-02
-9.999000000000000000e+03
-9.999000000000000000e+03
-9.999000000000000000e+03
-9.999000000000000000e+03
-9.999000000000000000e+03
-9.999000000000000000e+03
-9.999000000000000000e+03
-9.999000000000000000e+03
-9.999000000000000000e+03
-9.999000000000000000e+03
-9.999000000000000000e+03
-9.999000000000000000e+03
-9.999000000000000000e+03
-9.999000000000000000e+03
-9.999000000000000000e+03
-9.999000000000000000e+03
-9.999000000000000000e+03
-8.509168773889541626e-02
-1.608316153287887573e-01
-9.999000000000000000e+03
-9.999000000000000000e+03
-6.228386983275413513e-02
-7.188593596220016479e-02
-6.537533551454544067e-02
-5.970304831862449646e-02
-6.774070858955383301e-02
-6.392796337604522705e-02
-7.293626666069030762e-02
-6.933391094207763672e-02
-5.754221230745315552e-02
-2.677689492702484131e-02
-9.999000000000000000e+03
-9.999000000000000000e+03
-9.999000000000000000e+03
-9.999000000000000000e+03
-9.999000000000000000e+03
-9.999000000000000000e+03
-9.999000000000000000e+03
-9.999000000000000000e+03
-9.999000000000000000e+03
-9.999000000000000000e+03
-9.999000000000000000e+03
-9.999000000000000000e+03
-9.999000000000000000e+03
-9.999000000000000000e+03
-9.999000000000000000e+03
-9.999000000000000000e+03
-9.999000000000000000e+03
-9.999000000000000000e+03
-9.999000000000000000e+03
-9.999000000000000000e+03
-9.999000000000000000e+03
-4.401634261012077332e-02
-5.444880947470664978e-02
-4.996376112103462219e-02
-5.352942273020744324e-02
-3.397503867745399475e-02
-2.500456012785434723e-02
-2.886952459812164307e-02
-3.864038363099098206e-02
-4.131855070590972900e-02
-3.568942099809646606e-02
-9.999000000000000000e+03
-9.999000000000000000e+03
-9.999000000000000000e+03
-9.999000000000000000e+03
-9.999000000000000000e+03
-9.999000000000000000e+03
-9.999000000000000000e+03
-9.999000000000000000e+03
-9.999000000000000000e+03
-9.999000000000000000e+03
-9.999000000000000000e+03
-9.999000000000000000e+03
-9.999000000000000000e+03
-9.999000000000000000e+03
-9.999000000000000000e+03
-9.999000000000000000e+03
-9.999000000000000000e+03
-9.999000000000000000e+03
-9.999000000000000000e+03
-9.999000000000000000e+03
-9.999000000000000000e+03
-9.999000000000000000e+03
-3.649464622139930725e-02
-4.584836214780807495e-02
-5.303408578038215637e-02
2.590033225715160370e-02
1.087418571114540100e-02
1.214680742123164237e-04
1.016356516629457474e-02
-1.656644046306610107e-02
-9.999000000000000000e+03
-9.999000000000000000e+03
-9.999000000000000000e+03
-9.999000000000000000e+03
-9.999000000000000000e+03
-9.999000000000000000e+03
-9.999000000000000000e+03
-9.999000000000000000e+03
-9.999000000000000000e+03
-9.999000000000000000e+03
-9.999000000000000000e+03
-9.999000000000000000e+03
-9.999000000000000000e+03
-9.999000000000000000e+03
-9.999000000000000000e+03
-9.999000000000000000e+03
-9.999000000000000000e+03
-9.999000000000000000e+03
-9.999000000000000000e+03
-9.999000000000000000e+03
-9.999000000000000000e+03
-9.999000000000000000e+03
-9.999000000000000000e+03
-3.387964144349098206e-02
-5.546908453106880188e-02
-3.235364705324172974e-02
-2.767776371911168098e-03
1.340153510682284832e-03
-1.195810735225677490e-02
8.297342807054519653e-02
1.403178423643112183e-01
9.776991605758666992e-02
-9.999000000000000000e+03
-9.999000000000000000e+03
-9.999000000000000000e+03
-9.999000000000000000e+03
-9.999000000000000000e+03
-9.999000000000000000e+03
-9.999000000000000000e+03
-9.999000000000000000e+03
-9.999000000000000000e+03
-9.999000000000000000e+03
-9.999000000000000000e+03
-9.999000000000000000e+03
-9.999000000000000000e+03
-9.999000000000000000e+03
-9.999000000000000000e+03
-9.999000000000000000e+03
-9.999000000000000000e+03
-9.999000000000000000e+03
-9.999000000000000000e+03
-9.999000000000000000e+03
-9.999000000000000000e+03
-9.999000000000000000e+03
-9.999000000000000000e+03
-7.612337917089462280e-02
-4.829365760087966919e-02
-6.631229072809219360e-02
-6.394959241151809692e-02
-2.770006097853183746e-02
-8.846424520015716553e-03
1.414709985256195068e-01
1.788284182548522949e-01
-9.999000000000000000e+03
-9.999000000000000000e+03
-9.999000000000000000e+03
-9.999000000000000000e+03
-9.999000000000000000e+03
-9.999000000000000000e+03
-9.999000000000000000e+03
-9.999000000000000000e+03
-9.999000000000000000e+03
-9.999000000000000000e+03
-9.999000000000000000e+03
-9.999000000000000000e+03
-9.999000000000000000e+03
-9.999000000000000000e+03
-9.999000000000000000e+03
-9.999000000000000000e+03
-9.999000000000000000e+03
-9.999000000000000000e+03
-9.999000000000000000e+03
-9.999000000000000000e+03
-9.999000000000000000e+03
-9.999000000000000000e+03
-9.999000000000000000e+03
-1.012002602219581604e-01
-1.417576819658279419e-01
-1.827517598867416382e-01
-1.637144833803176880e-01
-1.446394622325897217e-01
-1.232986897230148315e-01
-4.887508973479270935e-02
6.010842695832252502e-02
7.039567828178405762e-02
-9.999000000000000000e+03
-9.999000000000000000e+03
-9.999000000000000000e+03
-9.999000000000000000e+03
-9.999000000000000000e+03
-9.999000000000000000e+03
-9.999000000000000000e+03
-9.999000000000000000e+03
-9.999000000000000000e+03
-9.999000000000000000e+03
-9.999000000000000000e+03
-9.999000000000000000e+03
-9.999000000000000000e+03
-9.999000000000000000e+03
-9.999000000000000000e+03
-9.999000000000000000e+03
-9.999000000000000000e+03
-9.999000000000000000e+03
-9.999000000000000000e+03
-9.999000000000000000e+03
-9.999000000000000000e+03
-9.999000000000000000e+03
-6.111475080251693726e-02
-1.296244114637374878e-01
-1.470755785703659058e-01
-1.516546308994293213e-01
-1.380724161863327026e-01
-1.284761577844619751e-01
-1.173415705561637878e-01
-9.299446642398834229e-02
-7.249478995800018311e-02
-2.653351239860057831e-02
-2.600354328751564026e-02
-4.831390082836151123e-02
-3.118529729545116425e-02
-9.999000000000000000e+03
-9.999000000000000000e+03
-9.999000000000000000e+03
-9.999000000000000000e+03
-9.999000000000000000e+03
-9.999000000000000000e+03
-9.999000000000000000e+03
-9.999000000000000000e+03
-9.999000000000000000e+03
-9.999000000000000000e+03
-9.999000000000000000e+03
-9.999000000000000000e+03
-9.999000000000000000e+03
-9.999000000000000000e+03
-9.999000000000000000e+03
-9.999000000000000000e+03
-9.999000000000000000e+03
-3.638336807489395142e-02
-3.937175124883651733e-02
-5.727886781096458435e-02
-6.539725512266159058e-02
-1.100721955299377441e-01
-1.312640309333801270e-01
-1.202620714902877808e-01
-1.109365150332450867e-01
-1.017523482441902161e-01
-5.637867748737335205e-02
-2.530880458652973175e-02
-2.608188614249229431e-02
-2.954871952533721924e-02
-3.889800980687141418e-02
-9.999000000000000000e+03
-9.999000000000000000e+03
-9.999000000000000000e+03
-9.999000000000000000e+03
-9.999000000000000000e+03
-9.999000000000000000e+03
-9.999000000000000000e+03
-9.999000000000000000e+03
-9.999000000000000000e+03
-9.999000000000000000e+03
-9.999000000000000000e+03
-9.999000000000000000e+03
-9.999000000000000000e+03
-9.999000000000000000e+03
-9.999000000000000000e+03
-1.134478487074375153e-02
-2.544649317860603333e-02
-5.983098223805427551e-02
-6.600610166788101196e-02
-6.106928363442420959e-02
-5.928250402212142944e-02
-6.217015907168388367e-02
-9.186208248138427734e-02
-1.029103770852088928e-01
-8.910305798053741455e-02
-6.262250989675521851e-02
-2.557858079671859741e-02
7.141113746911287308e-03
8.235194720327854156e-03
-9.999000000000000000e+03
-9.999000000000000000e+03
-9.999000000000000000e+03
-9.999000000000000000e+03
-9.999000000000000000e+03
-9.999000000000000000e+03
-9.999000000000000000e+03
-9.999000000000000000e+03
-9.999000000000000000e+03
-9.999000000000000000e+03
-9.999000000000000000e+03
-9.999000000000000000e+03
-9.999000000000000000e+03
-9.999000000000000000e+03
-9.999000000000000000e+03
-9.999000000000000000e+03
-1.665787026286125183e-02
-1.529928296804428101e-02
-2.419712767004966736e-02
-4.858526960015296936e-02
-7.621750980615615845e-02
-7.658094167709350586e-02
-5.059621110558509827e-02
-2.807524800300598145e-02
-3.917871788144111633e-02
-4.873130843043327332e-02
-7.526823878288269043e-02
-9.949314594268798828e-02
-1.109584942460060120e-01
-6.610312312841415405e-02
-9.999000000000000000e+03
-9.999000000000000000e+03
-9.999000000000000000e+03
-9.999000000000000000e+03
-9.999000000000000000e+03
-9.999000000000000000e+03
-9.999000000000000000e+03
-9.999000000000000000e+03
-9.999000000000000000e+03
-9.999000000000000000e+03
-9.999000000000000000e+03
-9.999000000000000000e+03
-9.999000000000000000e+03
-9.999000000000000000e+03
-9.999000000000000000e+03
-9.999000000000000000e+03
-9.999000000000000000e+03
-4.697244986891746521e-02
-6.670907884836196899e-02
-8.063554763793945312e-02
-9.006725996732711792e-02
-8.646182715892791748e-02
-7.019663602113723755e-02
-4.528264701366424561e-02
-2.226277440786361694e-02
-1.271599624305963516e-02
-6.620799191296100616e-03
-2.900210581719875336e-02
-7.713256776332855225e-02
-8.238232135772705078e-02
-8.814903348684310913e-02
-9.999000000000000000e+03
-9.999000000000000000e+03
-9.999000000000000000e+03
-9.999000000000000000e+03
-9.999000000000000000e+03
-9.999000000000000000e+03
-9.999000000000000000e+03
-9.999000000000000000e+03
-9.999000000000000000e+03
-9.999000000000000000e+03
-9.999000000000000000e+03
-9.999000000000000000e+03
-9.999000000000000000e+03
-9.999000000000000000e+03
-9.999000000000000000e+03
-9.999000000000000000e+03
-9.999000000000000000e+03
-9.480206668376922607e-02
-1.082011386752128601e-01
-1.062871292233467102e-01
-9.570571035146713257e-02
-7.610511034727096558e-02
-4.250367358326911926e-02
-2.181509509682655334e-02
-8.865677751600742340e-03
-3.503155428916215897e-03
-6.720641162246465683e-03
-2.237552590668201447e-02
-3.700057417154312134e-02
-2.591951936483383179e-02
-9.999000000000000000e+03
-9.999000000000000000e+03
-9.999000000000000000e+03
-9.999000000000000000e+03
-9.999000000000000000e+03
-9.999000000000000000e+03
-9.999000000000000000e+03
-9.999000000000000000e+03
-9.999000000000000000e+03
-9.999000000000000000e+03
-9.999000000000000000e+03
-9.999000000000000000e+03
-9.999000000000000000e+03
-9.999000000000000000e+03
-9.999000000000000000e+03
-9.999000000000000000e+03
-9.999000000000000000e+03
-9.999000000000000000e+03
-9.417080134153366089e-02
-9.360393136739730835e-02
-6.711161136627197266e-02
-4.922954365611076355e-02
-1.228508353233337402e-02
4.751280881464481354e-03
8.336747996509075165e-03
2.212844975292682648e-02
1.291963830590248108e-02
3.427907824516296387e-02
7.433122023940086365e-03
-2.334034442901611328e-02
-9.999000000000000000e+03
-9.999000000000000000e+03
-9.999000000000000000e+03
-9.999000000000000000e+03
-9.999000000000000000e+03
-9.999000000000000000e+03
-9.999000000000000000e+03
-9.999000000000000000e+03
-9.999000000000000000e+03
-9.999000000000000000e+03
-9.999000000000000000e+03
-9.999000000000000000e+03
-9.999000000000000000e+03
-9.999000000000000000e+03
-9.999000000000000000e+03
-9.999000000000000000e+03
-9.999000000000000000e+03
-9.999000000000000000e+03
-9.999000000000000000e+03
-7.810531556606292725e-02
-5.846643447875976562e-02
-2.895617857575416565e-02
7.339987903833389282e-03
7.902744412422180176e-02
7.957445830106735229e-02
6.710791587829589844e-02
4.073349386453628540e-02
2.485939301550388336e-02
1.819496788084506989e-02
-9.999000000000000000e+03
-9.999000000000000000e+03
-9.999000000000000000e+03
-9.999000000000000000e+03
-9.999000000000000000e+03
-9.999000000000000000e+03
-9.999000000000000000e+03
-9.999000000000000000e+03
-9.999000000000000000e+03
-9.999000000000000000e+03
-9.999000000000000000e+03
-9.999000000000000000e+03
-9.999000000000000000e+03
-9.999000000000000000e+03
-9.999000000000000000e+03
-9.999000000000000000e+03
-9.999000000000000000e+03
-9.999000000000000000e+03
-9.999000000000000000e+03
-9.999000000000000000e+03
-9.999000000000000000e+03
-5.111146718263626099e-02
-4.092851188033819199e-03
4.796541482210159302e-02
8.960968255996704102e-02
1.171421259641647339e-01
9.639078378677368164e-02
-9.999000000000000000e+03
-9.999000000000000000e+03
-9.999000000000000000e+03
-9.999000000000000000e+03
-9.999000000000000000e+03
-9.999000000000000000e+03
-9.999000000000000000e+03
-9.999000000000000000e+03
-9.999000000000000000e+03
-9.999000000000000000e+03
-9.999000000000000000e+03
-9.999000000000000000e+03
-9.999000000000000000e+03
-9.999000000000000000e+03
-9.999000000000000000e+03
-9.999000000000000000e+03
-9.999000000000000000e+03
-9.999000000000000000e+03
-9.999000000000000000e+03
-9.999000000000000000e+03
-9.999000000000000000e+03
-9.999000000000000000e+03
-9.999000000000000000e+03
-9.999000000000000000e+03
-9.999000000000000000e+03
-2.356628887355327606e-02
9.363624849356710911e-04
6.608166545629501343e-02
-9.999000000000000000e+03
-9.999000000000000000e+03
-9.999000000000000000e+03
-9.999000000000000000e+03
-9.999000000000000000e+03
-9.999000000000000000e+03
-9.999000000000000000e+03
-9.999000000000000000e+03
-9.999000000000000000e+03
-9.999000000000000000e+03
-9.999000000000000000e+03
-9.999000000000000000e+03
-9.999000000000000000e+03
-9.999000000000000000e+03
-9.999000000000000000e+03
-9.999000000000000000e+03
-9.999000000000000000e+03
-9.999000000000000000e+03
-9.999000000000000000e+03
-9.999000000000000000e+03
-9.999000000000000000e+03
-9.999000000000000000e+03
-9.999000000000000000e+03
-9.999000000000000000e+03
-9.999000000000000000e+03
-9.999000000000000000e+03
-9.999000000000000000e+03
-9.999000000000000000e+03
