8.660416305065155029e-02
8.366827666759490967e-02
6.489366292953491211e-02
5.826971679925918579e-02
7.904215902090072632e-02
7.335566729307174683e-02
6.761336326599121094e-02
6.341742724180221558e-02
4.208077862858772278e-02
2.859261259436607361e-02
-2.551626227796077728e-02
-9.999000000000000000e+03
-9.999000000000000000e+03
-9.999000000000000000e+03
-9.999000000000000000e+03
-9.999000000000000000e+03
-9.999000000000000000e+03
-9.999000000000000000e+03
-9.999000000000000000e+03
-9.999000000000000000e+03
-9.999000000000000000e+03
-9.999000000000000000e+03
-9.999000000000000000e+03
8.237895555794239044e-03
4.582259804010391235e-02
6.601107865571975708e-02
9.757602959871292114e-02
1.324871331453323364e-01
1.405030339956283569e-01
1.479555070400238037e-01
1.577177643775939941e-01
2.631902322173118591e-02
2.159050479531288147e-02
7.850296795368194580e-03
2.350433031097054482e-03
2.047022618353366852e-02
8.774081245064735413e-03
-4.570299759507179260e-03
-4.279908025637269020e-04
-9.570451453328132629e-03
-8.488458115607500076e-04
2.627738751471042633e-03
9.040065109729766846e-03
-9.999000000000000000e+03
-9.999000000000000000e+03
-9.999000000000000000e+03
-9.999000000000000000e+03
-9.999000000000000000e+03
-9.999000000000000000e+03
-9.999000000000000000e+03
-9.999000000000000000e+03
-9.999000000000000000e+03
5.308742821216583252e-02
7.123033702373504639e-02
6.585904955863952637e-02
1.069662049412727356e-01
1.105075478553771973e-01
1.115652397274971008e-01
1.204253435134887695e-01
1.286399811506271362e-01
1.400867849588394165e-01
1.495706140995025635e-01
-2.414477802813053131e-02
-4.076653346419334412e-02
-6.125553697347640991e-02
-7.098519057035446167e-02
-5.194721370935440063e-02
-6.157614663243293762e-02
-6.227488070726394653e-02
-5.073172971606254578e-02
-4.954542964696884155e-02
-2.566108293831348419e-02
2.236746717244386673e-03
1.667949184775352478e-02
-9.999000000000000000e+03
-9.999000000000000000e+03
-9.999000000000000000e+03
-9.999000000000000000e+03
-9.999000000000000000e+03
-9.999000000000000000e+03
-9.999000000000000000e+03
1.021432504057884216e-01
9.439539909362792969e-02
1.046632230281829834e-01
1.037375107407569885e-01
1.072007492184638977e-01
1.043402776122093201e-01
9.662178158760070801e-02
1.026519536972045898e-01
9.021613746881484985e-02
9.558720886707305908e-02
1.176873221993446350e-01
1.368662714958190918e-01
-8.169506490230560303e-02
-9.676754474639892578e-02
-1.180133074522018433e-01
-1.322385817766189575e-01
-1.209823489189147949e-01
-1.259996294975280762e-01
-1.185928434133529663e-01
-9.790116548538208008e-02
-8.492765575647354126e-02
-4.911154136061668396e-02
-1.506787631660699844e-02
3.332384675741195679e-02
7.316742837429046631e-02
-9.999000000000000000e+03
-9.999000000000000000e+03
-9.999000000000000000e+03
7.551745325326919556e-02
1.082470640540122986e-01
1.392695456743240356e-01
1.217918172478675842e-01
9.931980818510055542e-02
7.927017658948898315e-02
4.195487126708030701e-02
5.067035928368568420e-02
3.316498175263404846e-02
-4.608603194355964661e-03
2.599542215466499329e-02
2.739828824996948242e-02
5.300820618867874146e-02
8.590549975633621216e-02
1.145259886980056763e-01
-1.257649362087249756e-01
-1.443656086921691895e-01
-1.660647839307785034e-01
-1.785091012716293335e-01
-1.738964617252349854e-01
-1.695729345083236694e-01
-1.538976281881332397e-01
-1.299983561038970947e-01
-1.178415417671203613e-01
-8.437359333038330078e-02
-3.481374680995941162e-02
1.166642736643552780e-02
7.424025237560272217e-02
9.387994557619094849e-02
8.898851275444030762e-02
9.951539337635040283e-02
9.839058667421340942e-02
8.332269638776779175e-02
8.221825957298278809e-02
4.577931389212608337e-02
1.986567489802837372e-02
-3.480402007699012756e-02
-9.647177904844284058e-02
-7.388580590486526489e-02
-8.661373704671859741e-02
-8.040716499090194702e-02
-4.988329857587814331e-02
-1.740314811468124390e-02
3.183793649077415466e-02
7.840270549058914185e-02
1.159824952483177185e-01
-1.436620950698852539e-01
-1.573806554079055786e-01
-1.779309660196304321e-01
-1.987091749906539917e-01
-2.063931971788406372e-01
-2.013186663389205933e-01
-1.782401800155639648e-01
-1.491952240467071533e-01
-1.330061256885528564e-01
-1.013954356312751770e-01
-5.883449316024780273e-02
5.160812288522720337e-04
4.915688931941986084e-02
7.436984032392501831e-02
7.516902685165405273e-02
7.568855583667755127e-02
4.389503598213195801e-02
-1.643245294690132141e-02
-4.818265140056610107e-02
-1.093256697058677673e-01
-1.287239193916320801e-01
-1.424792706966400146e-01
-1.665893197059631348e-01
-1.405333280563354492e-01
-1.179901733994483948e-01
-1.039609089493751526e-01
-6.844234466552734375e-02
-3.366776183247566223e-02
1.281541213393211365e-02
5.971654132008552551e-02
9.566388279199600220e-02
-1.588094830513000488e-01
-1.671913415193557739e-01
-1.777905970811843872e-01
-1.892973333597183228e-01
-2.028527557849884033e-01
-2.060340046882629395e-01
-1.807704269886016846e-01
-1.484381854534149170e-01
-1.168218851089477539e-01
-8.403146266937255859e-02
-4.029991850256919861e-02
4.294149111956357956e-03
4.178693518042564392e-02
5.989615619182586670e-02
1.638086512684822083e-02
-1.410107407718896866e-02
-6.867908686399459839e-02
-1.191935837268829346e-01
-1.401032358407974243e-01
-1.848993301391601562e-01
-1.923764050006866455e-01
-1.984601318836212158e-01
-2.015634477138519287e-01
-1.859292238950729370e-01
-1.701371520757675171e-01
-1.616642773151397705e-01
-1.134844347834587097e-01
-7.391880452632904053e-02
-2.320735156536102295e-02
3.910082206130027771e-02
6.661992520093917847e-02
-1.677472591400146484e-01
-1.785197854042053223e-01
-1.787593215703964233e-01
-1.739867031574249268e-01
-1.713563650846481323e-01
-1.659953296184539795e-01
-1.560861915349960327e-01
-1.426397413015365601e-01
-1.151370331645011902e-01
-7.119888067245483398e-02
-2.474616654217243195e-02
-7.018211763352155685e-03
-3.153393976390361786e-03
-1.596423983573913574e-02
-6.092843413352966309e-02
-8.981270343065261841e-02
-1.506506949663162231e-01
-1.846701204776763916e-01
-1.926950812339782715e-01
-1.953662186861038208e-01
-1.933577656745910645e-01
-1.970111131668090820e-01
-2.047542482614517212e-01
-2.136326283216476440e-01
-2.281039208173751831e-01
-2.308060377836227417e-01
-1.763952672481536865e-01
-1.334256827831268311e-01
-8.173875510692596436e-02
-1.359613146632909775e-02
1.383281312882900238e-03
-1.625052541494369507e-01
-1.776313185691833496e-01
-1.802072077989578247e-01
-1.649107486009597778e-01
-1.518575698137283325e-01
-1.405800431966781616e-01
-1.340453773736953735e-01
-1.206097081303596497e-01
-9.204724431037902832e-02
-6.165204197168350220e-02
-4.152958840131759644e-02
-4.540607705712318420e-02
-7.640929520130157471e-02
-1.103801727294921875e-01
-1.542430371046066284e-01
-1.668846458196640015e-01
-1.905019432306289673e-01
-1.949330270290374756e-01
-1.936821490526199341e-01
-1.824568510055541992e-01
-1.664994359016418457e-01
-1.680130064487457275e-01
-1.406035125255584717e-01
-1.586048305034637451e-01
-1.276839971542358398e-01
-1.868132799863815308e-01
-1.759762912988662720e-01
-1.734910011291503906e-01
-1.352878212928771973e-01
-8.495013415813446045e-02
-7.365862280130386353e-02
-1.517921984195709229e-01
-1.546954065561294556e-01
-1.587969064712524414e-01
-1.451139897108078003e-01
-1.353258490562438965e-01
-1.237763911485671997e-01
-1.100275889039039612e-01
-1.042528599500656128e-01
-7.262036204338073730e-02
-6.201567128300666809e-02
-8.380848169326782227e-02
-1.254826039075851440e-01
-1.512648761272430420e-01
-1.675562560558319092e-01
-1.913584172725677490e-01
-1.963309496641159058e-01
-2.027561068534851074e-01
-1.416004896163940430e-01
-1.638112515211105347e-01
-1.342845857143402100e-01
-1.150951012969017029e-01
-9.999000000000000000e+03
-9.999000000000000000e+03
-9.999000000000000000e+03
-9.999000000000000000e+03
-9.999000000000000000e+03
-9.999000000000000000e+03
-1.710170209407806396e-01
-1.513545066118240356e-01
-1.377072930335998535e-01
-1.341327726840972900e-01
-1.515547633171081543e-01
-1.381163448095321655e-01
-1.332498788833618164e-01
-1.248830854892730713e-01
-1.205382794141769409e-01
-8.990737795829772949e-02
-8.507525920867919922e-02
-8.034133911132812500e-02
-6.940010190010070801e-02
-7.852053642272949219e-02
-1.109782531857490540e-01
-1.671055406332015991e-01
-1.790744960308074951e-01
-1.921984106302261353e-01
-1.878483742475509644e-01
-1.626544594764709473e-01
-1.366526186466217041e-01
-9.999000000000000000e+03
-9.999000000000000000e+03
-9.999000000000000000e+03
-9.999000000000000000e+03
-9.999000000000000000e+03
-9.999000000000000000e+03
-9.999000000000000000e+03
-9.999000000000000000e+03
-9.999000000000000000e+03
-9.999000000000000000e+03
-9.297781437635421753e-02
-1.358768939971923828e-01
-1.676179617643356323e-01
-1.766747087240219116e-01
-1.771314740180969238e-01
-1.548932641744613647e-01
-1.222152337431907654e-01
-1.063207462430000305e-01
-1.012716293334960938e-01
-9.513895958662033081e-02
-8.604462444782257080e-02
-6.815528869628906250e-02
-6.561998277902603149e-02
-1.035105288028717041e-01
-1.345192044973373413e-01
-1.511337906122207642e-01
-1.563431769609451294e-01
-1.687805354595184326e-01
-1.010120287537574768e-01
-1.087739989161491394e-01
-9.999000000000000000e+03
-9.999000000000000000e+03
-9.999000000000000000e+03
-9.999000000000000000e+03
-9.999000000000000000e+03
-9.999000000000000000e+03
-9.999000000000000000e+03
-9.999000000000000000e+03
-9.999000000000000000e+03
-9.999000000000000000e+03
-9.999000000000000000e+03
-9.999000000000000000e+03
-8.200293034315109253e-02
-1.651477515697479248e-01
-1.991733163595199585e-01
-2.401823848485946655e-01
-1.908287256956100464e-01
-1.390819847583770752e-01
-1.060160398483276367e-01
-8.846434950828552246e-02
-8.206232637166976929e-02
-6.853055208921432495e-02
-6.401944905519485474e-02
-7.438569515943527222e-02
-1.037501096725463867e-01
-1.193001866340637207e-01
-1.043278872966766357e-01
-8.646561205387115479e-02
-1.077936440706253052e-01
-9.999000000000000000e+03
-9.999000000000000000e+03
-9.999000000000000000e+03
-9.999000000000000000e+03
-9.999000000000000000e+03
-9.999000000000000000e+03
-9.999000000000000000e+03
-9.999000000000000000e+03
-9.999000000000000000e+03
-9.999000000000000000e+03
-9.999000000000000000e+03
-9.999000000000000000e+03
-9.999000000000000000e+03
-9.999000000000000000e+03
-9.999000000000000000e+03
-1.259424835443496704e-01
-1.797111630439758301e-01
-9.999000000000000000e+03
-1.148773506283760071e-01
-1.384327858686447144e-01
-1.192395836114883423e-01
-9.633693844079971313e-02
-8.571334183216094971e-02
-8.859461545944213867e-02
-9.045428037643432617e-02
-1.114177927374839783e-01
-1.032396033406257629e-01
-8.867624402046203613e-02
-6.617545336484909058e-02
-5.655718222260475159e-02
-9.999000000000000000e+03
-9.999000000000000000e+03
-9.999000000000000000e+03
-9.999000000000000000e+03
-9.999000000000000000e+03
-9.999000000000000000e+03
-9.999000000000000000e+03
-9.999000000000000000e+03
-9.999000000000000000e+03
-9.999000000000000000e+03
-9.999000000000000000e+03
-9.999000000000000000e+03
-9.999000000000000000e+03
-9.999000000000000000e+03
-9.999000000000000000e+03
-9.999000000000000000e+03
-7.513411343097686768e-02
-1.214370802044868469e-01
-9.999000000000000000e+03
-9.999000000000000000e+03
-1.161222532391548157e-01
-1.241313964128494263e-01
-1.063978075981140137e-01
-1.015579625964164734e-01
-1.081445887684822083e-01
-1.104448810219764709e-01
-1.053872555494308472e-01
-8.474501222372055054e-02
-6.180361658334732056e-02
-1.915751583874225616e-02
-9.999000000000000000e+03
-9.999000000000000000e+03
-9.999000000000000000e+03
-9.999000000000000000e+03
-9.999000000000000000e+03
-9.999000000000000000e+03
-9.999000000000000000e+03
-9.999000000000000000e+03
-9.999000000000000000e+03
-9.999000000000000000e+03
-9.999000000000000000e+03
-9.999000000000000000e+03
-9.999000000000000000e+03
-9.999000000000000000e+03
-9.999000000000000000e+03
-9.999000000000000000e+03
-9.999000000000000000e+03
-2.604310587048530579e-02
-3.837127611041069031e-02
-9.999000000000000000e+03
-9.999000000000000000e+03
-6.544099748134613037e-02
-9.032201021909713745e-02
-9.283459186553955078e-02
-8.157446980476379395e-02
-7.084548473358154297e-02
-6.813558191061019897e-02
-6.047487631440162659e-02
-3.851647302508354187e-02
-2.937468141317367554e-02
-1.309406384825706482e-02
-9.999000000000000000e+03
-9.999000000000000000e+03
-9.999000000000000000e+03
-9.999000000000000000e+03
-9.999000000000000000e+03
-9.999000000000000000e+03
-9.999000000000000000e+03
-9.999000000000000000e+03
-9.999000000000000000e+03
-9.999000000000000000e+03
-9.999000000000000000e+03
-9.999000000000000000e+03
-9.999000000000000000e+03
-9.999000000000000000e+03
-9.999000000000000000e+03
-9.999000000000000000e+03
-9.999000000000000000e+03
-9.999000000000000000e+03
-9.999000000000000000e+03
-9.999000000000000000e+03
-9.999000000000000000e+03
-1.993579603731632233e-02
-3.939323499798774719e-02
-4.227285459637641907e-02
-4.111192747950553894e-02
-2.570655010640621185e-02
-2.351212687790393829e-02
-1.309839822351932526e-02
-2.531181089580059052e-02
-2.900000847876071930e-02
-2.573487535119056702e-02
-9.999000000000000000e+03
-9.999000000000000000e+03
-9.999000000000000000e+03
-9.999000000000000000e+03
-9.999000000000000000e+03
-9.999000000000000000e+03
-9.999000000000000000e+03
-9.999000000000000000e+03
-9.999000000000000000e+03
-9.999000000000000000e+03
-9.999000000000000000e+03
-9.999000000000000000e+03
-9.999000000000000000e+03
-9.999000000000000000e+03
-9.999000000000000000e+03
-9.999000000000000000e+03
-9.999000000000000000e+03
-9.999000000000000000e+03
-9.999000000000000000e+03
-9.999000000000000000e+03
-9.999000000000000000e+03
-9.999000000000000000e+03
-1.335709914565086365e-02
-2.137685008347034454e-02
-1.239227503538131714e-02
1.049064565449953079e-02
2.674718154594302177e-03
-1.247362885624170303e-02
-6.751500535756349564e-03
-2.019256539642810822e-02
-9.999000000000000000e+03
-9.999000000000000000e+03
-9.999000000000000000e+03
-9.999000000000000000e+03
-9.999000000000000000e+03
-9.999000000000000000e+03
-9.999000000000000000e+03
-9.999000000000000000e+03
-9.999000000000000000e+03
-9.999000000000000000e+03
-9.999000000000000000e+03
-9.999000000000000000e+03
-9.999000000000000000e+03
-9.999000000000000000e+03
-9.999000000000000000e+03
-9.999000000000000000e+03
-9.999000000000000000e+03
-9.999000000000000000e+03
-9.999000000000000000e+03
-9.999000000000000000e+03
-9.999000000000000000e+03
-9.999000000000000000e+03
-9.999000000000000000e+03
-7.371025159955024719e-03
-1.899732649326324463e-02
-2.065502107143402100e-02
-1.210458111017942429e-02
9.440923109650611877e-03
-2.205283939838409424e-02
6.521949172019958496e-02
1.301828324794769287e-01
1.009822934865951538e-01
-9.999000000000000000e+03
-9.999000000000000000e+03
-9.999000000000000000e+03
-9.999000000000000000e+03
-9.999000000000000000e+03
-9.999000000000000000e+03
-9.999000000000000000e+03
-9.999000000000000000e+03
-9.999000000000000000e+03
-9.999000000000000000e+03
-9.999000000000000000e+03
-9.999000000000000000e+03
-9.999000000000000000e+03
-9.999000000000000000e+03
-9.999000000000000000e+03
-9.999000000000000000e+03
-9.999000000000000000e+03
-9.999000000000000000e+03
-9.999000000000000000e+03
-9.999000000000000000e+03
-9.999000000000000000e+03
-9.999000000000000000e+03
-9.999000000000000000e+03
-1.425664313137531281e-02
-1.433939859271049500e-02
-1.540073007345199585e-02
-1.753321848809719086e-02
4.577754531055688858e-03
1.180361490696668625e-02
1.150395944714546204e-01
1.160371676087379456e-01
-9.999000000000000000e+03
-9.999000000000000000e+03
-9.999000000000000000e+03
-9.999000000000000000e+03
-9.999000000000000000e+03
-9.999000000000000000e+03
-9.999000000000000000e+03
-9.999000000000000000e+03
-9.999000000000000000e+03
-9.999000000000000000e+03
-9.999000000000000000e+03
-9.999000000000000000e+03
-9.999000000000000000e+03
-9.999000000000000000e+03
-9.999000000000000000e+03
-9.999000000000000000e+03
-9.999000000000000000e+03
-9.999000000000000000e+03
-9.999000000000000000e+03
-9.999000000000000000e+03
-9.999000000000000000e+03
-9.999000000000000000e+03
-9.999000000000000000e+03
-2.281978912651538849e-02
-2.690778858959674835e-02
-2.714929357171058655e-02
-8.683411031961441040e-02
-1.331751048564910889e-01
-1.581871509552001953e-01
-9.087025374174118042e-02
-8.103027939796447754e-03
-2.483157068490982056e-02
-9.999000000000000000e+03
-9.999000000000000000e+03
-9.999000000000000000e+03
-9.999000000000000000e+03
-9.999000000000000000e+03
-9.999000000000000000e+03
-9.999000000000000000e+03
-9.999000000000000000e+03
-9.999000000000000000e+03
-9.999000000000000000e+03
-9.999000000000000000e+03
-9.999000000000000000e+03
-9.999000000000000000e+03
-9.999000000000000000e+03
-9.999000000000000000e+03
-9.999000000000000000e+03
-9.999000000000000000e+03
-9.999000000000000000e+03
-9.999000000000000000e+03
-9.999000000000000000e+03
-9.999000000000000000e+03
-9.999000000000000000e+03
-2.957159653306007385e-02
-6.264568865299224854e-02
-9.118722379207611084e-02
-1.117970794439315796e-01
-1.479466706514358521e-01
-1.572070866823196411e-01
-1.434510946273803711e-01
-1.454465985298156738e-01
-9.934334456920623779e-02
-6.801328063011169434e-02
-6.654809415340423584e-02
-6.776943057775497437e-02
-5.204799771308898926e-02
-9.999000000000000000e+03
-9.999000000000000000e+03
-9.999000000000000000e+03
-9.999000000000000000e+03
-9.999000000000000000e+03
-9.999000000000000000e+03
-9.999000000000000000e+03
-9.999000000000000000e+03
-9.999000000000000000e+03
-9.999000000000000000e+03
-9.999000000000000000e+03
-9.999000000000000000e+03
-9.999000000000000000e+03
-9.999000000000000000e+03
-9.999000000000000000e+03
-9.999000000000000000e+03
-9.999000000000000000e+03
-5.362262204289436340e-02
-4.880333319306373596e-02
-5.119013413786888123e-02
-6.649929285049438477e-02
-7.588294893503189087e-02
-8.620388060808181763e-02
-7.283023744821548462e-02
-8.108573406934738159e-02
-9.301532804965972900e-02
-5.527924001216888428e-02
-4.380268231034278870e-02
-6.037854030728340149e-02
-6.118562817573547363e-02
-6.536049395799636841e-02
-9.999000000000000000e+03
-9.999000000000000000e+03
-9.999000000000000000e+03
-9.999000000000000000e+03
-9.999000000000000000e+03
-9.999000000000000000e+03
-9.999000000000000000e+03
-9.999000000000000000e+03
-9.999000000000000000e+03
-9.999000000000000000e+03
-9.999000000000000000e+03
-9.999000000000000000e+03
-9.999000000000000000e+03
-9.999000000000000000e+03
-9.999000000000000000e+03
-6.067962199449539185e-02
-6.565476953983306885e-02
-9.972823411226272583e-02
-8.476757258176803589e-02
-6.236413866281509399e-02
-4.753801971673965454e-02
-3.525323420763015747e-02
-3.997616097331047058e-02
-4.620427265763282776e-02
-7.360944896936416626e-02
-6.603706628084182739e-02
-6.396568566560745239e-02
-5.743143334984779358e-02
-7.745178788900375366e-02
-9.999000000000000000e+03
-9.999000000000000000e+03
-9.999000000000000000e+03
-9.999000000000000000e+03
-9.999000000000000000e+03
-9.999000000000000000e+03
-9.999000000000000000e+03
-9.999000000000000000e+03
-9.999000000000000000e+03
-9.999000000000000000e+03
-9.999000000000000000e+03
-9.999000000000000000e+03
-9.999000000000000000e+03
-9.999000000000000000e+03
-9.999000000000000000e+03
-9.999000000000000000e+03
-4.975979030132293701e-02
-7.206538319587707520e-02
-7.955939322710037231e-02
-9.522062540054321289e-02
-9.372255206108093262e-02
-6.643559038639068604e-02
-3.969923779368400574e-02
-3.059282712638378143e-02
-2.609918825328350067e-02
-4.277798160910606384e-02
-8.663552999496459961e-02
-1.171349883079528809e-01
-1.169635578989982605e-01
-8.163675665855407715e-02
-9.999000000000000000e+03
-9.999000000000000000e+03
-9.999000000000000000e+03
-9.999000000000000000e+03
-9.999000000000000000e+03
-9.999000000000000000e+03
-9.999000000000000000e+03
-9.999000000000000000e+03
-9.999000000000000000e+03
-9.999000000000000000e+03
-9.999000000000000000e+03
-9.999000000000000000e+03
-9.999000000000000000e+03
-9.999000000000000000e+03
-9.999000000000000000e+03
-9.999000000000000000e+03
-9.999000000000000000e+03
-6.196241080760955811e-02
-8.381336927413940430e-02
-9.751197695732116699e-02
-9.410180151462554932e-02
-8.854087442159652710e-02
-7.884754985570907593e-02
-6.398852169513702393e-02
-4.596779868006706238e-02
-2.560773305594921112e-02
-1.698708627372980118e-03
-2.240884862840175629e-02
-5.851512774825096130e-02
-5.322439596056938171e-02
-7.000768929719924927e-02
-9.999000000000000000e+03
-9.999000000000000000e+03
-9.999000000000000000e+03
-9.999000000000000000e+03
-9.999000000000000000e+03
-9.999000000000000000e+03
-9.999000000000000000e+03
-9.999000000000000000e+03
-9.999000000000000000e+03
-9.999000000000000000e+03
-9.999000000000000000e+03
-9.999000000000000000e+03
-9.999000000000000000e+03
-9.999000000000000000e+03
-9.999000000000000000e+03
-9.999000000000000000e+03
-9.999000000000000000e+03
-1.084170788526535034e-01
-1.126329749822616577e-01
-1.042513176798820496e-01
-9.279410541057586670e-02
-7.840552181005477905e-02
-7.340580970048904419e-02
-5.747235193848609924e-02
-3.781970590353012085e-02
-2.199863828718662262e-02
-4.073165822774171829e-03
-3.270936664193868637e-03
5.407769349403679371e-04
-5.627695471048355103e-03
-9.999000000000000000e+03
-9.999000000000000000e+03
-9.999000000000000000e+03
-9.999000000000000000e+03
-9.999000000000000000e+03
-9.999000000000000000e+03
-9.999000000000000000e+03
-9.999000000000000000e+03
-9.999000000000000000e+03
-9.999000000000000000e+03
-9.999000000000000000e+03
-9.999000000000000000e+03
-9.999000000000000000e+03
-9.999000000000000000e+03
-9.999000000000000000e+03
-9.999000000000000000e+03
-9.999000000000000000e+03
-9.999000000000000000e+03
-9.308069944381713867e-02
-8.830294758081436157e-02
-7.187893986701965332e-02
-6.191409379243850708e-02
-3.975575417280197144e-02
-3.327063098549842834e-02
-2.532741799950599670e-02
-9.949941188097000122e-03
-6.697847042232751846e-03
1.202418468892574310e-02
3.118278458714485168e-03
-1.978868991136550903e-02
-9.999000000000000000e+03
-9.999000000000000000e+03
-9.999000000000000000e+03
-9.999000000000000000e+03
-9.999000000000000000e+03
-9.999000000000000000e+03
-9.999000000000000000e+03
-9.999000000000000000e+03
-9.999000000000000000e+03
-9.999000000000000000e+03
-9.999000000000000000e+03
-9.999000000000000000e+03
-9.999000000000000000e+03
-9.999000000000000000e+03
-9.999000000000000000e+03
-9.999000000000000000e+03
-9.999000000000000000e+03
-9.999000000000000000e+03
-9.999000000000000000e+03
-6.007849797606468201e-02
-5.118193849921226501e-02
-3.879333660006523132e-02
-2.784001827239990234e-02
2.403941564261913300e-02
2.845523133873939514e-02
1.303580217063426971e-02
4.811601247638463974e-03
4.123555030673742294e-03
4.935459233820438385e-03
-9.999000000000000000e+03
-9.999000000000000000e+03
-9.999000000000000000e+03
-9.999000000000000000e+03
-9.999000000000000000e+03
-9.999000000000000000e+03
-9.999000000000000000e+03
-9.999000000000000000e+03
-9.999000000000000000e+03
-9.999000000000000000e+03
-9.999000000000000000e+03
-9.999000000000000000e+03
-9.999000000000000000e+03
-9.999000000000000000e+03
-9.999000000000000000e+03
-9.999000000000000000e+03
-9.999000000000000000e+03
-9.999000000000000000e+03
-9.999000000000000000e+03
-9.999000000000000000e+03
-9.999000000000000000e+03
-3.348886221647262573e-02
1.796247670426964760e-03
2.830696292221546173e-02
4.973715543746948242e-02
7.356926798820495605e-02
5.267715826630592346e-02
-9.999000000000000000e+03
-9.999000000000000000e+03
-9.999000000000000000e+03
-9.999000000000000000e+03
-9.999000000000000000e+03
-9.999000000000000000e+03
-9.999000000000000000e+03
-9.999000000000000000e+03
-9.999000000000000000e+03
-9.999000000000000000e+03
-9.999000000000000000e+03
-9.999000000000000000e+03
-9.999000000000000000e+03
-9.999000000000000000e+03
-9.999000000000000000e+03
-9.999000000000000000e+03
-9.999000000000000000e+03
-9.999000000000000000e+03
-9.999000000000000000e+03
-9.999000000000000000e+03
-9.999000000000000000e+03
-9.999000000000000000e+03
-9.999000000000000000e+03
-9.999000000000000000e+03
-9.999000000000000000e+03
-3.038787096738815308e-02
-5.049517843872308731e-03
4.339455813169479370e-02
-9.999000000000000000e+03
-9.999000000000000000e+03
-9.999000000000000000e+03
-9.999000000000000000e+03
-9.999000000000000000e+03
-9.999000000000000000e+03
-9.999000000000000000e+03
-9.999000000000000000e+03
-9.999000000000000000e+03
-9.999000000000000000e+03
-9.999000000000000000e+03
-9.999000000000000000e+03
-9.999000000000000000e+03
-9.999000000000000000e+03
-9.999000000000000000e+03
-9.999000000000000000e+03
-9.999000000000000000e+03
-9.999000000000000000e+03
-9.999000000000000000e+03
-9.999000000000000000e+03
-9.999000000000000000e+03
-9.999000000000000000e+03
-9.999000000000000000e+03
-9.999000000000000000e+03
-9.999000000000000000e+03
-9.999000000000000000e+03
-9.999000000000000000e+03
-9.999000000000000000e+03
