1.269850730895996094e-01
1.336555927991867065e-01
1.219865605235099792e-01
1.138273924589157104e-01
1.256090700626373291e-01
1.107403859496116638e-01
1.010245978832244873e-01
8.944223821163177490e-02
5.942783132195472717e-02
4.576312750577926636e-02
-6.044616922736167908e-03
-9.999000000000000000e+03
-9.999000000000000000e+03
-9.999000000000000000e+03
-9.999000000000000000e+03
-9.999000000000000000e+03
-9.999000000000000000e+03
-9.999000000000000000e+03
-9.999000000000000000e+03
-9.999000000000000000e+03
-9.999000000000000000e+03
-9.999000000000000000e+03
-9.999000000000000000e+03
-2.220495045185089111e-02
-1.548652909696102142e-02
2.018887922167778015e-02
5.318550392985343933e-02
9.800378978252410889e-02
1.197763383388519287e-01
1.300608515739440918e-01
1.362794041633605957e-01
5.976508557796478271e-02
6.961843371391296387e-02
6.723909825086593628e-02
5.883147194981575012e-02
6.552745401859283447e-02
3.972065821290016174e-02
2.238628827035427094e-02
2.638884261250495911e-02
1.542736496776342392e-02
2.521818503737449646e-02
2.866908535361289978e-02
2.252119779586791992e-02
-9.999000000000000000e+03
-9.999000000000000000e+03
-9.999000000000000000e+03
-9.999000000000000000e+03
-9.999000000000000000e+03
-9.999000000000000000e+03
-9.999000000000000000e+03
-9.999000000000000000e+03
-9.999000000000000000e+03
3.164611011743545532e-02
4.235932230949401855e-02
3.509203344583511353e-02
6.823928654193878174e-02
7.469110935926437378e-02
8.673659712076187134e-02
1.077707931399345398e-01
1.222108304500579834e-01
1.342339366674423218e-01
1.410307139158248901e-01
2.989231143146753311e-03
1.020925398916006088e-02
9.632962755858898163e-03
-2.240585908293724060e-02
-2.297614514827728271e-02
-4.539887979626655579e-02
-4.454726353287696838e-02
-2.664450369775295258e-02
-2.466967515647411346e-02
3.859613789245486259e-03
2.307037822902202606e-02
2.736536599695682526e-02
-9.999000000000000000e+03
-9.999000000000000000e+03
-9.999000000000000000e+03
-9.999000000000000000e+03
-9.999000000000000000e+03
-9.999000000000000000e+03
-9.999000000000000000e+03
8.016657829284667969e-02
7.381641864776611328e-02
8.819845318794250488e-02
8.189876377582550049e-02
7.992166280746459961e-02
8.359003067016601562e-02
8.455057442188262939e-02
9.407916665077209473e-02
9.236116707324981689e-02
1.043205857276916504e-01
1.232423931360244751e-01
1.302582025527954102e-01
-5.570888519287109375e-02
-5.555629730224609375e-02
-5.844423919916152954e-02
-8.705212175846099854e-02
-1.085636615753173828e-01
-1.295688897371292114e-01
-1.170722395181655884e-01
-8.079015463590621948e-02
-5.584798008203506470e-02
-1.426499336957931519e-02
1.581106893718242645e-02
4.685153439640998840e-02
6.758319586515426636e-02
-9.999000000000000000e+03
-9.999000000000000000e+03
-9.999000000000000000e+03
6.455507129430770874e-02
8.829399943351745605e-02
1.065455675125122070e-01
9.068256616592407227e-02
6.330148875713348389e-02
4.856017604470252991e-02
1.847204566001892090e-02
3.480627387762069702e-02
3.317550569772720337e-02
6.617943290621042252e-03
4.342668130993843079e-02
5.326545611023902893e-02
7.748416811227798462e-02
9.866305440664291382e-02
1.083756685256958008e-01
-1.093193963170051575e-01
-1.216040179133415222e-01
-1.334385424852371216e-01
-1.518594324588775635e-01
-1.598991006612777710e-01
-1.671044230461120605e-01
-1.538947224617004395e-01
-1.169048994779586792e-01
-7.992594689130783081e-02
-3.623938187956809998e-02
1.292686536908149719e-02
4.396066442131996155e-02
7.457540929317474365e-02
8.298291265964508057e-02
7.912366092205047607e-02
8.633789420127868652e-02
8.290945738554000854e-02
6.199058145284652710e-02
4.957227408885955811e-02
3.352043684571981430e-03
-2.181480079889297485e-02
-6.744932383298873901e-02
-1.122286096215248108e-01
-8.501666039228439331e-02
-8.434956520795822144e-02
-6.325240433216094971e-02
-2.070826664566993713e-02
1.990662701427936554e-02
5.868656188249588013e-02
9.069420397281646729e-02
9.682256728410720825e-02
-1.382560431957244873e-01
-1.573212891817092896e-01
-1.721162348985671997e-01
-1.853347122669219971e-01
-1.875950247049331665e-01
-1.836302578449249268e-01
-1.648882776498794556e-01
-1.332151591777801514e-01
-1.076345667243003845e-01
-6.365064531564712524e-02
-9.814240969717502594e-03
1.369238458573818207e-02
4.678778722882270813e-02
5.761420726776123047e-02
5.046182125806808472e-02
5.487009510397911072e-02
2.667425945401191711e-02
-4.023582115769386292e-02
-8.431272208690643311e-02
-1.539881527423858643e-01
-1.682647615671157837e-01
-1.683458089828491211e-01
-1.774676740169525146e-01
-1.499203145503997803e-01
-1.240879073739051819e-01
-1.008359119296073914e-01
-4.515261948108673096e-02
-1.322375517338514328e-02
1.736075617372989655e-02
5.362627655267715454e-02
6.012386083602905273e-02
-1.593683958053588867e-01
-1.757499277591705322e-01
-1.855983734130859375e-01
-1.863583624362945557e-01
-1.868002712726593018e-01
-1.847698539495468140e-01
-1.638573557138442993e-01
-1.342236250638961792e-01
-1.110495701432228088e-01
-8.171668648719787598e-02
-3.837952762842178345e-02
-1.151568163186311722e-02
1.816323213279247284e-02
2.435786277055740356e-02
-1.481008529663085938e-02
-3.985117003321647644e-02
-9.444581717252731323e-02
-1.517934948205947876e-01
-1.808026582002639771e-01
-2.270619422197341919e-01
-2.229032367467880249e-01
-2.191369831562042236e-01
-2.222251445055007935e-01
-2.086630016565322876e-01
-1.933420747518539429e-01
-1.792997568845748901e-01
-1.206049099564552307e-01
-9.338025003671646118e-02
-6.688382476568222046e-02
-1.973943412303924561e-02
-3.775512101128697395e-03
-1.668758839368820190e-01
-1.752305775880813599e-01
-1.789069622755050659e-01
-1.676266938447952271e-01
-1.599633395671844482e-01
-1.511368155479431152e-01
-1.430578827857971191e-01
-1.333959400653839111e-01
-1.170345097780227661e-01
-8.660864084959030151e-02
-4.240676388144493103e-02
-2.540350332856178284e-02
-2.678940258920192719e-02
-4.351777583360671997e-02
-8.992754667997360229e-02
-1.185030117630958557e-01
-1.849077790975570679e-01
-2.132913768291473389e-01
-2.213193029165267944e-01
-2.169069349765777588e-01
-2.101041376590728760e-01
-2.168965041637420654e-01
-2.244493216276168823e-01
-2.410489767789840698e-01
-2.624433338642120361e-01
-2.610567808151245117e-01
-2.063159942626953125e-01
-1.749471575021743774e-01
-1.418422907590866089e-01
-9.481731057167053223e-02
-7.364101707935333252e-02
-1.636151224374771118e-01
-1.650000214576721191e-01
-1.630180329084396362e-01
-1.464516818523406982e-01
-1.385799646377563477e-01
-1.315179765224456787e-01
-1.249860599637031555e-01
-1.172153949737548828e-01
-1.012139171361923218e-01
-8.065710216760635376e-02
-6.110658496618270874e-02
-5.774619430303573608e-02
-9.016628563404083252e-02
-1.382256299257278442e-01
-1.799028068780899048e-01
-1.900637447834014893e-01
-2.082594782114028931e-01
-2.024371623992919922e-01
-1.994411647319793701e-01
-1.789874285459518433e-01
-1.592507362365722656e-01
-1.624733060598373413e-01
-1.374404728412628174e-01
-1.692814826965332031e-01
-1.444451659917831421e-01
-2.196453660726547241e-01
-2.179986387491226196e-01
-2.147361785173416138e-01
-1.848566681146621704e-01
-1.462897807359695435e-01
-1.252177953720092773e-01
-1.413695216178894043e-01
-1.403578221797943115e-01
-1.381488144397735596e-01
-1.182339712977409363e-01
-1.128246411681175232e-01
-1.146223619580268860e-01
-1.037924364209175110e-01
-9.392395615577697754e-02
-7.990988343954086304e-02
-7.729737460613250732e-02
-9.676289558410644531e-02
-1.308595836162567139e-01
-1.569194942712783813e-01
-1.819691956043243408e-01
-2.024196386337280273e-01
-2.020869851112365723e-01
-1.949112266302108765e-01
-1.351684927940368652e-01
-1.522957831621170044e-01
-1.186251342296600342e-01
-1.013055890798568726e-01
-9.999000000000000000e+03
-9.999000000000000000e+03
-9.999000000000000000e+03
-9.999000000000000000e+03
-9.999000000000000000e+03
-9.999000000000000000e+03
-2.318693101406097412e-01
-2.044430673122406006e-01
-1.824108064174652100e-01
-1.760998219251632690e-01
-1.275584250688552856e-01
-1.112436950206756592e-01
-1.086535751819610596e-01
-9.396371245384216309e-02
-8.287972211837768555e-02
-6.482579559087753296e-02
-6.783142685890197754e-02
-6.847671419382095337e-02
-6.606049835681915283e-02
-8.839632570743560791e-02
-1.244336366653442383e-01
-1.753543019294738770e-01
-1.788312643766403198e-01
-1.865953654050827026e-01
-1.738267093896865845e-01
-1.514079272747039795e-01
-1.244094744324684143e-01
-9.999000000000000000e+03
-9.999000000000000000e+03
-9.999000000000000000e+03
-9.999000000000000000e+03
-9.999000000000000000e+03
-9.999000000000000000e+03
-9.999000000000000000e+03
-9.999000000000000000e+03
-9.999000000000000000e+03
-9.999000000000000000e+03
-1.192259564995765686e-01
-1.719980686902999878e-01
-2.047846317291259766e-01
-2.126234173774719238e-01
-1.410488188266754150e-01
-1.204660385847091675e-01
-8.639895170927047729e-02
-7.027119398117065430e-02
-5.776003375649452209e-02
-5.323485657572746277e-02
-5.407087877392768860e-02
-5.869898572564125061e-02
-7.293622195720672607e-02
-1.193252503871917725e-01
-1.521936506032943726e-01
-1.654018461704254150e-01
-1.559922844171524048e-01
-1.556910127401351929e-01
-8.532796055078506470e-02
-9.179770201444625854e-02
-9.999000000000000000e+03
-9.999000000000000000e+03
-9.999000000000000000e+03
-9.999000000000000000e+03
-9.999000000000000000e+03
-9.999000000000000000e+03
-9.999000000000000000e+03
-9.999000000000000000e+03
-9.999000000000000000e+03
-9.999000000000000000e+03
-9.999000000000000000e+03
-9.999000000000000000e+03
-1.042534485459327698e-01
-1.936355233192443848e-01
-2.298800945281982422e-01
-1.998220235109329224e-01
-1.658401042222976685e-01
-1.222547441720962524e-01
-9.209666401147842407e-02
-6.122037768363952637e-02
-4.697041586041450500e-02
-3.393823653459548950e-02
-4.775477200746536255e-02
-8.029194176197052002e-02
-1.188243702054023743e-01
-1.413543373346328735e-01
-1.390346884727478027e-01
-9.858202189207077026e-02
-1.040001437067985535e-01
-9.999000000000000000e+03
-9.999000000000000000e+03
-9.999000000000000000e+03
-9.999000000000000000e+03
-9.999000000000000000e+03
-9.999000000000000000e+03
-9.999000000000000000e+03
-9.999000000000000000e+03
-9.999000000000000000e+03
-9.999000000000000000e+03
-9.999000000000000000e+03
-9.999000000000000000e+03
-9.999000000000000000e+03
-9.999000000000000000e+03
-9.999000000000000000e+03
-1.575434356927871704e-01
-2.144592106342315674e-01
-9.999000000000000000e+03
-1.074319258332252502e-01
-1.325242370367050171e-01
-1.091964542865753174e-01
-7.609293609857559204e-02
-5.480449274182319641e-02
-4.836555570363998413e-02
-6.497143208980560303e-02
-1.043932959437370300e-01
-1.137039735913276672e-01
-1.107384562492370605e-01
-8.803130686283111572e-02
-7.656244188547134399e-02
-9.999000000000000000e+03
-9.999000000000000000e+03
-9.999000000000000000e+03
-9.999000000000000000e+03
-9.999000000000000000e+03
-9.999000000000000000e+03
-9.999000000000000000e+03
-9.999000000000000000e+03
-9.999000000000000000e+03
-9.999000000000000000e+03
-9.999000000000000000e+03
-9.999000000000000000e+03
-9.999000000000000000e+03
-9.999000000000000000e+03
-9.999000000000000000e+03
-9.999000000000000000e+03
-1.100657358765602112e-01
-1.684862673282623291e-01
-9.999000000000000000e+03
-9.999000000000000000e+03
-1.054059043526649475e-01
-1.008201241493225098e-01
-7.809808850288391113e-02
-6.355320662260055542e-02
-7.451936602592468262e-02
-8.737459033727645874e-02
-9.429510682821273804e-02
-8.655153959989547729e-02
-8.346132189035415649e-02
-4.308332875370979309e-02
-9.999000000000000000e+03
-9.999000000000000000e+03
-9.999000000000000000e+03
-9.999000000000000000e+03
-9.999000000000000000e+03
-9.999000000000000000e+03
-9.999000000000000000e+03
-9.999000000000000000e+03
-9.999000000000000000e+03
-9.999000000000000000e+03
-9.999000000000000000e+03
-9.999000000000000000e+03
-9.999000000000000000e+03
-9.999000000000000000e+03
-9.999000000000000000e+03
-9.999000000000000000e+03
-9.999000000000000000e+03
-5.343410745263099670e-02
-8.866696059703826904e-02
-9.999000000000000000e+03
-9.999000000000000000e+03
-5.320700630545616150e-02
-6.248450279235839844e-02
-5.832941830158233643e-02
-5.224659293889999390e-02
-5.839405208826065063e-02
-6.238368526101112366e-02
-5.505384504795074463e-02
-3.994581475853919983e-02
-3.885642439126968384e-02
-2.747872471809387207e-02
-9.999000000000000000e+03
-9.999000000000000000e+03
-9.999000000000000000e+03
-9.999000000000000000e+03
-9.999000000000000000e+03
-9.999000000000000000e+03
-9.999000000000000000e+03
-9.999000000000000000e+03
-9.999000000000000000e+03
-9.999000000000000000e+03
-9.999000000000000000e+03
-9.999000000000000000e+03
-9.999000000000000000e+03
-9.999000000000000000e+03
-9.999000000000000000e+03
-9.999000000000000000e+03
-9.999000000000000000e+03
-9.999000000000000000e+03
-9.999000000000000000e+03
-9.999000000000000000e+03
-9.999000000000000000e+03
-1.868960447609424591e-02
-2.514111809432506561e-02
-2.169703133404254913e-02
-2.585777454078197479e-02
-2.438165619969367981e-02
-2.435043826699256897e-02
-6.085613742470741272e-03
-1.920073479413986206e-02
-2.385113015770912170e-02
-2.179335616528987885e-02
-9.999000000000000000e+03
-9.999000000000000000e+03
-9.999000000000000000e+03
-9.999000000000000000e+03
-9.999000000000000000e+03
-9.999000000000000000e+03
-9.999000000000000000e+03
-9.999000000000000000e+03
-9.999000000000000000e+03
-9.999000000000000000e+03
-9.999000000000000000e+03
-9.999000000000000000e+03
-9.999000000000000000e+03
-9.999000000000000000e+03
-9.999000000000000000e+03
-9.999000000000000000e+03
-9.999000000000000000e+03
-9.999000000000000000e+03
-9.999000000000000000e+03
-9.999000000000000000e+03
-9.999000000000000000e+03
-9.999000000000000000e+03
-2.286667190492153168e-02
-2.923119068145751953e-02
-1.462952326983213425e-02
6.934461649507284164e-03
7.775209378451108932e-03
4.356972407549619675e-03
1.523242238909006119e-02
-3.068957244977355003e-03
-9.999000000000000000e+03
-9.999000000000000000e+03
-9.999000000000000000e+03
-9.999000000000000000e+03
-9.999000000000000000e+03
-9.999000000000000000e+03
-9.999000000000000000e+03
-9.999000000000000000e+03
-9.999000000000000000e+03
-9.999000000000000000e+03
-9.999000000000000000e+03
-9.999000000000000000e+03
-9.999000000000000000e+03
-9.999000000000000000e+03
-9.999000000000000000e+03
-9.999000000000000000e+03
-9.999000000000000000e+03
-9.999000000000000000e+03
-9.999000000000000000e+03
-9.999000000000000000e+03
-9.999000000000000000e+03
-9.999000000000000000e+03
-9.999000000000000000e+03
-2.440501190721988678e-02
-5.179470032453536987e-02
-4.868428781628608704e-02
-3.395493328571319580e-02
6.885759066790342331e-03
-9.179787593893706799e-04
8.759880810976028442e-02
1.571243107318878174e-01
1.220432296395301819e-01
-9.999000000000000000e+03
-9.999000000000000000e+03
-9.999000000000000000e+03
-9.999000000000000000e+03
-9.999000000000000000e+03
-9.999000000000000000e+03
-9.999000000000000000e+03
-9.999000000000000000e+03
-9.999000000000000000e+03
-9.999000000000000000e+03
-9.999000000000000000e+03
-9.999000000000000000e+03
-9.999000000000000000e+03
-9.999000000000000000e+03
-9.999000000000000000e+03
-9.999000000000000000e+03
-9.999000000000000000e+03
-9.999000000000000000e+03
-9.999000000000000000e+03
-9.999000000000000000e+03
-9.999000000000000000e+03
-9.999000000000000000e+03
-9.999000000000000000e+03
-6.536716222763061523e-02
-5.974923074245452881e-02
-5.234041810035705566e-02
-2.711814641952514648e-02
6.797479931265115738e-03
2.390337921679019928e-02
1.398745477199554443e-01
1.451349258422851562e-01
-9.999000000000000000e+03
-9.999000000000000000e+03
-9.999000000000000000e+03
-9.999000000000000000e+03
-9.999000000000000000e+03
-9.999000000000000000e+03
-9.999000000000000000e+03
-9.999000000000000000e+03
-9.999000000000000000e+03
-9.999000000000000000e+03
-9.999000000000000000e+03
-9.999000000000000000e+03
-9.999000000000000000e+03
-9.999000000000000000e+03
-9.999000000000000000e+03
-9.999000000000000000e+03
-9.999000000000000000e+03
-9.999000000000000000e+03
-9.999000000000000000e+03
-9.999000000000000000e+03
-9.999000000000000000e+03
-9.999000000000000000e+03
-9.999000000000000000e+03
-6.925280392169952393e-02
-9.270473569631576538e-02
-8.820889145135879517e-02
-1.124447882175445557e-01
-1.320004910230636597e-01
-1.444963514804840088e-01
-7.551787793636322021e-02
1.281763147562742233e-02
3.011142252944409847e-04
-9.999000000000000000e+03
-9.999000000000000000e+03
-9.999000000000000000e+03
-9.999000000000000000e+03
-9.999000000000000000e+03
-9.999000000000000000e+03
-9.999000000000000000e+03
-9.999000000000000000e+03
-9.999000000000000000e+03
-9.999000000000000000e+03
-9.999000000000000000e+03
-9.999000000000000000e+03
-9.999000000000000000e+03
-9.999000000000000000e+03
-9.999000000000000000e+03
-9.999000000000000000e+03
-9.999000000000000000e+03
-9.999000000000000000e+03
-9.999000000000000000e+03
-9.999000000000000000e+03
-9.999000000000000000e+03
-9.999000000000000000e+03
-4.404488950967788696e-02
-9.734418243169784546e-02
-1.157210543751716614e-01
-1.229223236441612244e-01
-1.477408856153488159e-01
-1.460883021354675293e-01
-1.348435282707214355e-01
-1.186713725328445435e-01
-7.515100389719009399e-02
-4.285120591521263123e-02
-3.714860975742340088e-02
-2.988452464342117310e-02
-2.024659886956214905e-02
-9.999000000000000000e+03
-9.999000000000000000e+03
-9.999000000000000000e+03
-9.999000000000000000e+03
-9.999000000000000000e+03
-9.999000000000000000e+03
-9.999000000000000000e+03
-9.999000000000000000e+03
-9.999000000000000000e+03
-9.999000000000000000e+03
-9.999000000000000000e+03
-9.999000000000000000e+03
-9.999000000000000000e+03
-9.999000000000000000e+03
-9.999000000000000000e+03
-9.999000000000000000e+03
-9.999000000000000000e+03
-6.479497253894805908e-02
-6.537697464227676392e-02
-7.249856740236282349e-02
-7.422444224357604980e-02
-8.111535012722015381e-02
-9.533765166997909546e-02
-8.864916115999221802e-02
-8.665927499532699585e-02
-8.929600566625595093e-02
-3.793965280055999756e-02
-3.344514872878789902e-03
-1.950995437800884247e-02
-2.613708190619945526e-02
-2.018235810101032257e-02
-9.999000000000000000e+03
-9.999000000000000000e+03
-9.999000000000000000e+03
-9.999000000000000000e+03
-9.999000000000000000e+03
-9.999000000000000000e+03
-9.999000000000000000e+03
-9.999000000000000000e+03
-9.999000000000000000e+03
-9.999000000000000000e+03
-9.999000000000000000e+03
-9.999000000000000000e+03
-9.999000000000000000e+03
-9.999000000000000000e+03
-9.999000000000000000e+03
-7.249728590250015259e-02
-7.580284029245376587e-02
-1.170678734779357910e-01
-1.147800162434577942e-01
-9.035186469554901123e-02
-6.894014775753021240e-02
-5.488929152488708496e-02
-6.138497963547706604e-02
-6.926728785037994385e-02
-6.996067613363265991e-02
-5.246947705745697021e-02
-5.089788138866424561e-02
-3.314432129263877869e-02
-4.909942299127578735e-02
-9.999000000000000000e+03
-9.999000000000000000e+03
-9.999000000000000000e+03
-9.999000000000000000e+03
-9.999000000000000000e+03
-9.999000000000000000e+03
-9.999000000000000000e+03
-9.999000000000000000e+03
-9.999000000000000000e+03
-9.999000000000000000e+03
-9.999000000000000000e+03
-9.999000000000000000e+03
-9.999000000000000000e+03
-9.999000000000000000e+03
-9.999000000000000000e+03
-9.999000000000000000e+03
-6.787704676389694214e-02
-8.902136981487274170e-02
-9.914209693670272827e-02
-1.209921240806579590e-01
-1.238532140851020813e-01
-9.764140099287033081e-02
-5.881199985742568970e-02
-4.554672539234161377e-02
-5.070791393518447876e-02
-5.830354616045951843e-02
-7.909287512302398682e-02
-9.478939324617385864e-02
-1.010472401976585388e-01
-7.161977887153625488e-02
-9.999000000000000000e+03
-9.999000000000000000e+03
-9.999000000000000000e+03
-9.999000000000000000e+03
-9.999000000000000000e+03
-9.999000000000000000e+03
-9.999000000000000000e+03
-9.999000000000000000e+03
-9.999000000000000000e+03
-9.999000000000000000e+03
-9.999000000000000000e+03
-9.999000000000000000e+03
-9.999000000000000000e+03
-9.999000000000000000e+03
-9.999000000000000000e+03
-9.999000000000000000e+03
-9.999000000000000000e+03
-8.389706909656524658e-02
-1.056539043784141541e-01
-1.232963576912879944e-01
-1.220204383134841919e-01
-1.128702610731124878e-01
-9.352812170982360840e-02
-6.707657873630523682e-02
-5.018417909741401672e-02
-4.613049700856208801e-02
-2.486127056181430817e-02
-2.183984406292438507e-02
-4.290631785988807678e-02
-4.027428105473518372e-02
-6.028630584478378296e-02
-9.999000000000000000e+03
-9.999000000000000000e+03
-9.999000000000000000e+03
-9.999000000000000000e+03
-9.999000000000000000e+03
-9.999000000000000000e+03
-9.999000000000000000e+03
-9.999000000000000000e+03
-9.999000000000000000e+03
-9.999000000000000000e+03
-9.999000000000000000e+03
-9.999000000000000000e+03
-9.999000000000000000e+03
-9.999000000000000000e+03
-9.999000000000000000e+03
-9.999000000000000000e+03
-9.999000000000000000e+03
-1.189171969890594482e-01
-1.317443102598190308e-01
-1.297695338726043701e-01
-1.175425648689270020e-01
-1.021953374147415161e-01
-7.399388402700424194e-02
-4.606678336858749390e-02
-3.618277981877326965e-02
-3.162969276309013367e-02
-2.058248594403266907e-02
-1.684598810970783234e-02
7.378241047263145447e-03
-5.236641038209199905e-03
-9.999000000000000000e+03
-9.999000000000000000e+03
-9.999000000000000000e+03
-9.999000000000000000e+03
-9.999000000000000000e+03
-9.999000000000000000e+03
-9.999000000000000000e+03
-9.999000000000000000e+03
-9.999000000000000000e+03
-9.999000000000000000e+03
-9.999000000000000000e+03
-9.999000000000000000e+03
-9.999000000000000000e+03
-9.999000000000000000e+03
-9.999000000000000000e+03
-9.999000000000000000e+03
-9.999000000000000000e+03
-9.999000000000000000e+03
-9.583314508199691772e-02
-9.553117305040359497e-02
-8.684047311544418335e-02
-8.098644018173217773e-02
-5.370358750224113464e-02
-3.173028677701950073e-02
-1.065958105027675629e-02
-4.640755243599414825e-03
-5.333425942808389664e-03
1.472091302275657654e-02
-2.807954733725637197e-04
-2.256230264902114868e-02
-9.999000000000000000e+03
-9.999000000000000000e+03
-9.999000000000000000e+03
-9.999000000000000000e+03
-9.999000000000000000e+03
-9.999000000000000000e+03
-9.999000000000000000e+03
-9.999000000000000000e+03
-9.999000000000000000e+03
-9.999000000000000000e+03
-9.999000000000000000e+03
-9.999000000000000000e+03
-9.999000000000000000e+03
-9.999000000000000000e+03
-9.999000000000000000e+03
-9.999000000000000000e+03
-9.999000000000000000e+03
-9.999000000000000000e+03
-9.999000000000000000e+03
-5.772505700588226318e-02
-4.966086149215698242e-02
-4.540657624602317810e-02
-3.693319112062454224e-02
1.443190500140190125e-02
2.704563736915588379e-02
2.324119769036769867e-02
1.314129680395126343e-02
8.852677419781684875e-03
1.010333653539419174e-02
-9.999000000000000000e+03
-9.999000000000000000e+03
-9.999000000000000000e+03
-9.999000000000000000e+03
-9.999000000000000000e+03
-9.999000000000000000e+03
-9.999000000000000000e+03
-9.999000000000000000e+03
-9.999000000000000000e+03
-9.999000000000000000e+03
-9.999000000000000000e+03
-9.999000000000000000e+03
-9.999000000000000000e+03
-9.999000000000000000e+03
-9.999000000000000000e+03
-9.999000000000000000e+03
-9.999000000000000000e+03
-9.999000000000000000e+03
-9.999000000000000000e+03
-9.999000000000000000e+03
-9.999000000000000000e+03
-3.334026783704757690e-02
-1.077508926391601562e-02
1.552397105842828751e-02
3.678332269191741943e-02
5.778540298342704773e-02
4.331057518720626831e-02
-9.999000000000000000e+03
-9.999000000000000000e+03
-9.999000000000000000e+03
-9.999000000000000000e+03
-9.999000000000000000e+03
-9.999000000000000000e+03
-9.999000000000000000e+03
-9.999000000000000000e+03
-9.999000000000000000e+03
-9.999000000000000000e+03
-9.999000000000000000e+03
-9.999000000000000000e+03
-9.999000000000000000e+03
-9.999000000000000000e+03
-9.999000000000000000e+03
-9.999000000000000000e+03
-9.999000000000000000e+03
-9.999000000000000000e+03
-9.999000000000000000e+03
-9.999000000000000000e+03
-9.999000000000000000e+03
-9.999000000000000000e+03
-9.999000000000000000e+03
-9.999000000000000000e+03
-9.999000000000000000e+03
-3.251591324806213379e-02
-1.094728522002696991e-02
3.080587647855281830e-02
-9.999000000000000000e+03
-9.999000000000000000e+03
-9.999000000000000000e+03
-9.999000000000000000e+03
-9.999000000000000000e+03
-9.999000000000000000e+03
-9.999000000000000000e+03
-9.999000000000000000e+03
-9.999000000000000000e+03
-9.999000000000000000e+03
-9.999000000000000000e+03
-9.999000000000000000e+03
-9.999000000000000000e+03
-9.999000000000000000e+03
-9.999000000000000000e+03
-9.999000000000000000e+03
-9.999000000000000000e+03
-9.999000000000000000e+03
-9.999000000000000000e+03
-9.999000000000000000e+03
-9.999000000000000000e+03
-9.999000000000000000e+03
-9.999000000000000000e+03
-9.999000000000000000e+03
-9.999000000000000000e+03
-9.999000000000000000e+03
-9.999000000000000000e+03
-9.999000000000000000e+03
