1.382849514484405518e-01
1.440233439207077026e-01
1.156733036041259766e-01
8.575241267681121826e-02
1.006878390908241272e-01
8.533027023077011108e-02
8.098082244396209717e-02
7.678786665201187134e-02
6.357479095458984375e-02
5.525504425168037415e-02
-3.346209647133946419e-03
-9.999000000000000000e+03
-9.999000000000000000e+03
-9.999000000000000000e+03
-9.999000000000000000e+03
-9.999000000000000000e+03
-9.999000000000000000e+03
-9.999000000000000000e+03
-9.999000000000000000e+03
-9.999000000000000000e+03
-9.999000000000000000e+03
-9.999000000000000000e+03
-9.999000000000000000e+03
2.361929218750447035e-04
6.083097774535417557e-03
2.478479780256748199e-02
5.761023610830307007e-02
8.960561454296112061e-02
1.060162559151649475e-01
1.161716654896736145e-01
1.129328012466430664e-01
5.131261795759201050e-02
5.921213328838348389e-02
3.773971274495124817e-02
1.553476229310035706e-02
2.425657212734222412e-02
1.301196310669183731e-02
1.836852729320526123e-02
3.199973702430725098e-02
3.536096960306167603e-02
4.582670703530311584e-02
4.354666173458099365e-02
3.072568774223327637e-02
-9.999000000000000000e+03
-9.999000000000000000e+03
-9.999000000000000000e+03
-9.999000000000000000e+03
-9.999000000000000000e+03
-9.999000000000000000e+03
-9.999000000000000000e+03
-9.999000000000000000e+03
-9.999000000000000000e+03
1.171423960477113724e-02
2.825145795941352844e-02
2.162186801433563232e-02
2.985751442611217499e-02
3.976105153560638428e-02
6.269761174917221069e-02
8.605658262968063354e-02
8.617408573627471924e-02
8.394225686788558960e-02
8.252667635679244995e-02
-2.780848555266857147e-02
-2.086352370679378510e-02
-4.517747834324836731e-02
-5.478109046816825867e-02
-3.544256463646888733e-02
-3.072192892432212830e-02
-1.879433728754520416e-02
-9.255610348191112280e-05
8.875094354152679443e-03
2.699361555278301239e-02
3.757425770163536072e-02
3.562030568718910217e-02
-9.999000000000000000e+03
-9.999000000000000000e+03
-9.999000000000000000e+03
-9.999000000000000000e+03
-9.999000000000000000e+03
-9.999000000000000000e+03
-9.999000000000000000e+03
2.364385314285755157e-02
2.817649208009243011e-02
4.618950933218002319e-02
7.275081425905227661e-02
6.561615318059921265e-02
5.810896679759025574e-02
6.607338786125183105e-02
7.534535974264144897e-02
8.347389847040176392e-02
8.740496635437011719e-02
8.185935020446777344e-02
1.016603782773017883e-01
-9.486971795558929443e-02
-7.800875604152679443e-02
-8.427345007658004761e-02
-9.387535601854324341e-02
-7.912345230579376221e-02
-6.818486005067825317e-02
-5.902799218893051147e-02
-3.655183315277099609e-02
-2.461273781955242157e-02
1.842085737735033035e-03
1.913942955434322357e-02
4.909786209464073181e-02
6.874794512987136841e-02
-9.999000000000000000e+03
-9.999000000000000000e+03
-9.999000000000000000e+03
1.795588433742523193e-02
1.930514909327030182e-02
2.728427574038505554e-02
1.643009297549724579e-02
2.149645797908306122e-02
3.757736086845397949e-02
3.836427256464958191e-02
5.714752525091171265e-02
6.354817748069763184e-02
7.140332460403442383e-02
1.000302955508232117e-01
1.255225837230682373e-01
1.325781047344207764e-01
1.340779960155487061e-01
1.482042670249938965e-01
-1.569373905658721924e-01
-1.331170350313186646e-01
-1.282040327787399292e-01
-1.338518410921096802e-01
-1.196624934673309326e-01
-1.065009310841560364e-01
-9.049639850854873657e-02
-6.850598007440567017e-02
-5.103038996458053589e-02
-2.719924785196781158e-02
1.617992413230240345e-03
2.675470523536205292e-02
6.164013966917991638e-02
5.520959943532943726e-02
3.812677785754203796e-02
2.305207774043083191e-02
-1.421579509042203426e-03
-2.630594372749328613e-02
-2.947999909520149231e-02
-5.306383967399597168e-02
-4.036160185933113098e-02
-3.266020864248275757e-02
-4.723640531301498413e-02
-2.184441685676574707e-02
-4.971704329364001751e-04
3.470670804381370544e-02
8.122713863849639893e-02
1.134629473090171814e-01
1.375871002674102783e-01
1.590954363346099854e-01
1.612237691879272461e-01
-1.824670732021331787e-01
-1.714870482683181763e-01
-1.680022180080413818e-01
-1.726622581481933594e-01
-1.587757021188735962e-01
-1.409950703382492065e-01
-1.159291863441467285e-01
-8.493255078792572021e-02
-6.536935269832611084e-02
-3.801644220948219299e-02
-6.161977071315050125e-03
1.633843220770359039e-02
3.250212594866752625e-02
3.375275805592536926e-02
1.492475345730781555e-02
-3.601677715778350830e-03
-5.514964461326599121e-02
-1.041736900806427002e-01
-1.265790611505508423e-01
-1.645344495773315430e-01
-1.775686144828796387e-01
-1.620571464300155640e-01
-1.756958961486816406e-01
-1.203395202755928040e-01
-7.927661389112472534e-02
-5.072810128331184387e-02
3.011958487331867218e-02
5.447908863425254822e-02
8.243433386087417603e-02
1.167886927723884583e-01
1.209917142987251282e-01
-1.746430844068527222e-01
-1.774111837148666382e-01
-1.811829358339309692e-01
-1.826662272214889526e-01
-1.799666881561279297e-01
-1.648131906986236572e-01
-1.306307315826416016e-01
-9.534555673599243164e-02
-6.684989482164382935e-02
-4.210847616195678711e-02
-1.211839169263839722e-02
3.797275479882955551e-03
2.237945422530174255e-02
1.998158358037471771e-02
-4.076377302408218384e-02
-8.257815241813659668e-02
-1.312274038791656494e-01
-1.692005544900894165e-01
-1.887669414281845093e-01
-2.364910840988159180e-01
-2.702983319759368896e-01
-2.964039444923400879e-01
-3.007697761058807373e-01
-2.684152126312255859e-01
-2.351886034011840820e-01
-1.963163912296295166e-01
-9.585052728652954102e-02
-5.508610233664512634e-02
-1.147100795060396194e-02
5.014332383871078491e-02
7.013753801584243774e-02
-1.409774869680404663e-01
-1.550162583589553833e-01
-1.627644300460815430e-01
-1.630838066339492798e-01
-1.641688197851181030e-01
-1.393202990293502808e-01
-1.131952479481697083e-01
-9.618711471557617188e-02
-7.411021739244461060e-02
-6.056116893887519836e-02
-3.864572197198867798e-02
-3.516098484396934509e-02
-3.206183761358261108e-02
-4.996257275342941284e-02
-9.511651098728179932e-02
-1.311215609312057495e-01
-1.796777248382568359e-01
-2.017391026020050049e-01
-2.278153598308563232e-01
-2.354456186294555664e-01
-2.305899709463119507e-01
-2.630105614662170410e-01
-2.477914392948150635e-01
-2.854799032211303711e-01
-3.256238102912902832e-01
-3.208304643630981445e-01
-2.254853099584579468e-01
-1.636293828487396240e-01
-1.041877344250679016e-01
-3.128843754529953003e-02
1.400412991642951965e-03
-1.142596378922462463e-01
-1.196118444204330444e-01
-1.253559887409210205e-01
-1.190865114331245422e-01
-1.345498114824295044e-01
-1.143274977803230286e-01
-9.472788870334625244e-02
-9.436295181512832642e-02
-8.918754756450653076e-02
-8.505060523748397827e-02
-7.515537738800048828e-02
-7.278091460466384888e-02
-8.557481318712234497e-02
-1.181989535689353943e-01
-1.549331843852996826e-01
-1.646119654178619385e-01
-1.752873659133911133e-01
-1.665626764297485352e-01
-1.718519628047943115e-01
-1.177621334791183472e-01
-6.215142831206321716e-02
-8.367833495140075684e-02
-8.155919611454010010e-02
-1.542707681655883789e-01
-1.532338410615921021e-01
-2.701986134052276611e-01
-2.609955966472625732e-01
-2.335481345653533936e-01
-1.668167561292648315e-01
-1.007481366395950317e-01
-7.408861070871353149e-02
-9.786782413721084595e-02
-9.040442109107971191e-02
-9.062546491622924805e-02
-8.565783500671386719e-02
-9.448973834514617920e-02
-9.673399478197097778e-02
-8.960504084825515747e-02
-9.649719297885894775e-02
-1.022735983133316040e-01
-1.125196367502212524e-01
-1.159561201930046082e-01
-1.361541897058486938e-01
-1.485004127025604248e-01
-1.617091596126556396e-01
-1.731747537851333618e-01
-1.612093895673751831e-01
-1.395052820444107056e-01
-8.804112672805786133e-02
-7.031445950269699097e-02
-2.718180418014526367e-03
2.003696560859680176e-02
-9.999000000000000000e+03
-9.999000000000000000e+03
-9.999000000000000000e+03
-9.999000000000000000e+03
-9.999000000000000000e+03
-9.999000000000000000e+03
-2.788731157779693604e-01
-2.209937423467636108e-01
-1.493618041276931763e-01
-1.266088932752609253e-01
-7.184399664402008057e-02
-6.251925975084304810e-02
-6.653705984354019165e-02
-6.688904762268066406e-02
-7.676256448030471802e-02
-7.407208532094955444e-02
-7.991188019514083862e-02
-9.761901199817657471e-02
-1.213579028844833374e-01
-1.459107697010040283e-01
-1.542545855045318604e-01
-1.829052120447158813e-01
-1.798834353685379028e-01
-1.722597628831863403e-01
-1.444589197635650635e-01
-1.142289116978645325e-01
-8.750203996896743774e-02
-9.999000000000000000e+03
-9.999000000000000000e+03
-9.999000000000000000e+03
-9.999000000000000000e+03
-9.999000000000000000e+03
-9.999000000000000000e+03
-9.999000000000000000e+03
-9.999000000000000000e+03
-9.999000000000000000e+03
-9.999000000000000000e+03
-1.418503075838088989e-01
-1.881045103073120117e-01
-1.947495937347412109e-01
-1.754687577486038208e-01
-7.606830447912216187e-02
-6.225775182247161865e-02
-5.437432974576950073e-02
-5.720956251025199890e-02
-7.148421555757522583e-02
-8.619547635316848755e-02
-9.637814015150070190e-02
-1.150859147310256958e-01
-1.556343436241149902e-01
-1.746045947074890137e-01
-1.792913079261779785e-01
-1.784541606903076172e-01
-1.614987850189208984e-01
-1.487503200769424438e-01
-7.113032042980194092e-02
-6.328954547643661499e-02
-9.999000000000000000e+03
-9.999000000000000000e+03
-9.999000000000000000e+03
-9.999000000000000000e+03
-9.999000000000000000e+03
-9.999000000000000000e+03
-9.999000000000000000e+03
-9.999000000000000000e+03
-9.999000000000000000e+03
-9.999000000000000000e+03
-9.999000000000000000e+03
-9.999000000000000000e+03
-1.131557971239089966e-01
-1.868288815021514893e-01
-2.062980830669403076e-01
-1.087030246853828430e-01
-8.399988710880279541e-02
-5.285155028104782104e-02
-4.280077293515205383e-02
-5.932565778493881226e-02
-8.630269020795822144e-02
-1.130916103720664978e-01
-1.405852288007736206e-01
-1.638921648263931274e-01
-1.603591591119766235e-01
-1.645162850618362427e-01
-1.577647626399993896e-01
-9.633983671665191650e-02
-9.747756272554397583e-02
-9.999000000000000000e+03
-9.999000000000000000e+03
-9.999000000000000000e+03
-9.999000000000000000e+03
-9.999000000000000000e+03
-9.999000000000000000e+03
-9.999000000000000000e+03
-9.999000000000000000e+03
-9.999000000000000000e+03
-9.999000000000000000e+03
-9.999000000000000000e+03
-9.999000000000000000e+03
-9.999000000000000000e+03
-9.999000000000000000e+03
-9.999000000000000000e+03
-1.626611948013305664e-01
-2.119062840938568115e-01
-9.999000000000000000e+03
-6.414335966110229492e-02
-5.822276696562767029e-02
-4.583387449383735657e-02
-4.720436036586761475e-02
-6.766000390052795410e-02
-9.994906932115554810e-02
-1.375283896923065186e-01
-1.311885714530944824e-01
-1.271426826715469360e-01
-1.298213452100753784e-01
-1.082371473312377930e-01
-7.482554018497467041e-02
-9.999000000000000000e+03
-9.999000000000000000e+03
-9.999000000000000000e+03
-9.999000000000000000e+03
-9.999000000000000000e+03
-9.999000000000000000e+03
-9.999000000000000000e+03
-9.999000000000000000e+03
-9.999000000000000000e+03
-9.999000000000000000e+03
-9.999000000000000000e+03
-9.999000000000000000e+03
-9.999000000000000000e+03
-9.999000000000000000e+03
-9.999000000000000000e+03
-9.999000000000000000e+03
-1.305585652589797974e-01
-1.988703757524490356e-01
-9.999000000000000000e+03
-9.999000000000000000e+03
-6.030198931694030762e-02
-4.209917411208152771e-02
-4.383598268032073975e-02
-5.883906409144401550e-02
-7.871777564287185669e-02
-9.684166312217712402e-02
-9.083865582942962646e-02
-8.968254923820495605e-02
-9.484337270259857178e-02
-3.981405124068260193e-02
-9.999000000000000000e+03
-9.999000000000000000e+03
-9.999000000000000000e+03
-9.999000000000000000e+03
-9.999000000000000000e+03
-9.999000000000000000e+03
-9.999000000000000000e+03
-9.999000000000000000e+03
-9.999000000000000000e+03
-9.999000000000000000e+03
-9.999000000000000000e+03
-9.999000000000000000e+03
-9.999000000000000000e+03
-9.999000000000000000e+03
-9.999000000000000000e+03
-9.999000000000000000e+03
-9.999000000000000000e+03
-7.672977447509765625e-02
-1.474544703960418701e-01
-9.999000000000000000e+03
-9.999000000000000000e+03
-4.096216335892677307e-02
-4.622673615813255310e-02
-3.995623439550399780e-02
-4.212094843387603760e-02
-4.804512113332748413e-02
-2.826582826673984528e-02
-3.964945301413536072e-02
-4.091652482748031616e-02
-4.477498307824134827e-02
-1.868775114417076111e-02
-9.999000000000000000e+03
-9.999000000000000000e+03
-9.999000000000000000e+03
-9.999000000000000000e+03
-9.999000000000000000e+03
-9.999000000000000000e+03
-9.999000000000000000e+03
-9.999000000000000000e+03
-9.999000000000000000e+03
-9.999000000000000000e+03
-9.999000000000000000e+03
-9.999000000000000000e+03
-9.999000000000000000e+03
-9.999000000000000000e+03
-9.999000000000000000e+03
-9.999000000000000000e+03
-9.999000000000000000e+03
-9.999000000000000000e+03
-9.999000000000000000e+03
-9.999000000000000000e+03
-9.999000000000000000e+03
-2.206286974251270294e-02
-2.905458398163318634e-02
-1.740304753184318542e-02
-1.827959902584552765e-02
7.258782628923654556e-03
2.462360635399818420e-02
2.789203450083732605e-02
1.523229386657476425e-02
-5.005543120205402374e-03
-6.943726912140846252e-03
-9.999000000000000000e+03
-9.999000000000000000e+03
-9.999000000000000000e+03
-9.999000000000000000e+03
-9.999000000000000000e+03
-9.999000000000000000e+03
-9.999000000000000000e+03
-9.999000000000000000e+03
-9.999000000000000000e+03
-9.999000000000000000e+03
-9.999000000000000000e+03
-9.999000000000000000e+03
-9.999000000000000000e+03
-9.999000000000000000e+03
-9.999000000000000000e+03
-9.999000000000000000e+03
-9.999000000000000000e+03
-9.999000000000000000e+03
-9.999000000000000000e+03
-9.999000000000000000e+03
-9.999000000000000000e+03
-9.999000000000000000e+03
-2.036591432988643646e-02
-8.941627107560634613e-03
1.759017445147037506e-02
9.912250936031341553e-02
6.242233142256736755e-02
4.069384559988975525e-02
5.040179565548896790e-02
4.132251068949699402e-02
-9.999000000000000000e+03
-9.999000000000000000e+03
-9.999000000000000000e+03
-9.999000000000000000e+03
-9.999000000000000000e+03
-9.999000000000000000e+03
-9.999000000000000000e+03
-9.999000000000000000e+03
-9.999000000000000000e+03
-9.999000000000000000e+03
-9.999000000000000000e+03
-9.999000000000000000e+03
-9.999000000000000000e+03
-9.999000000000000000e+03
-9.999000000000000000e+03
-9.999000000000000000e+03
-9.999000000000000000e+03
-9.999000000000000000e+03
-9.999000000000000000e+03
-9.999000000000000000e+03
-9.999000000000000000e+03
-9.999000000000000000e+03
-9.999000000000000000e+03
-1.816596649587154388e-02
-2.195051126182079315e-02
1.617730036377906799e-02
3.029811941087245941e-02
2.176058292388916016e-02
-1.449996791779994965e-02
9.429880231618881226e-02
1.867661327123641968e-01
1.489912867546081543e-01
-9.999000000000000000e+03
-9.999000000000000000e+03
-9.999000000000000000e+03
-9.999000000000000000e+03
-9.999000000000000000e+03
-9.999000000000000000e+03
-9.999000000000000000e+03
-9.999000000000000000e+03
-9.999000000000000000e+03
-9.999000000000000000e+03
-9.999000000000000000e+03
-9.999000000000000000e+03
-9.999000000000000000e+03
-9.999000000000000000e+03
-9.999000000000000000e+03
-9.999000000000000000e+03
-9.999000000000000000e+03
-9.999000000000000000e+03
-9.999000000000000000e+03
-9.999000000000000000e+03
-9.999000000000000000e+03
-9.999000000000000000e+03
-9.999000000000000000e+03
-4.537940025329589844e-02
-3.425597399473190308e-02
-5.124150216579437256e-02
-5.340802296996116638e-02
-1.453685574233531952e-02
1.855830103158950806e-02
1.667549610137939453e-01
1.932658404111862183e-01
-9.999000000000000000e+03
-9.999000000000000000e+03
-9.999000000000000000e+03
-9.999000000000000000e+03
-9.999000000000000000e+03
-9.999000000000000000e+03
-9.999000000000000000e+03
-9.999000000000000000e+03
-9.999000000000000000e+03
-9.999000000000000000e+03
-9.999000000000000000e+03
-9.999000000000000000e+03
-9.999000000000000000e+03
-9.999000000000000000e+03
-9.999000000000000000e+03
-9.999000000000000000e+03
-9.999000000000000000e+03
-9.999000000000000000e+03
-9.999000000000000000e+03
-9.999000000000000000e+03
-9.999000000000000000e+03
-9.999000000000000000e+03
-9.999000000000000000e+03
-6.357106566429138184e-02
-1.049216836690902710e-01
-1.516321897506713867e-01
-1.183387264609336853e-01
-9.303435683250427246e-02
-8.125345408916473389e-02
-2.321196720004081726e-02
6.995636224746704102e-02
7.457658648490905762e-02
-9.999000000000000000e+03
-9.999000000000000000e+03
-9.999000000000000000e+03
-9.999000000000000000e+03
-9.999000000000000000e+03
-9.999000000000000000e+03
-9.999000000000000000e+03
-9.999000000000000000e+03
-9.999000000000000000e+03
-9.999000000000000000e+03
-9.999000000000000000e+03
-9.999000000000000000e+03
-9.999000000000000000e+03
-9.999000000000000000e+03
-9.999000000000000000e+03
-9.999000000000000000e+03
-9.999000000000000000e+03
-9.999000000000000000e+03
-9.999000000000000000e+03
-9.999000000000000000e+03
-9.999000000000000000e+03
-9.999000000000000000e+03
-1.091883331537246704e-02
-7.455698400735855103e-02
-9.741257131099700928e-02
-9.753156453371047974e-02
-7.658319175243377686e-02
-6.197163462638854980e-02
-7.593351602554321289e-02
-7.643704116344451904e-02
-5.812873318791389465e-02
-4.456771072000265121e-03
8.197336457669734955e-03
4.019559361040592194e-03
1.327205821871757507e-02
-9.999000000000000000e+03
-9.999000000000000000e+03
-9.999000000000000000e+03
-9.999000000000000000e+03
-9.999000000000000000e+03
-9.999000000000000000e+03
-9.999000000000000000e+03
-9.999000000000000000e+03
-9.999000000000000000e+03
-9.999000000000000000e+03
-9.999000000000000000e+03
-9.999000000000000000e+03
-9.999000000000000000e+03
-9.999000000000000000e+03
-9.999000000000000000e+03
-9.999000000000000000e+03
-9.999000000000000000e+03
1.025936473160982132e-02
1.467693969607353210e-02
1.402552891522645950e-02
-1.711914688348770142e-02
-5.976149439811706543e-02
-7.387403398752212524e-02
-6.051530316472053528e-02
-5.702319368720054626e-02
-7.072488963603973389e-02
-4.798341542482376099e-02
-2.477350272238254547e-02
1.100396364927291870e-02
1.056601386517286301e-02
1.323124766349792480e-02
-9.999000000000000000e+03
-9.999000000000000000e+03
-9.999000000000000000e+03
-9.999000000000000000e+03
-9.999000000000000000e+03
-9.999000000000000000e+03
-9.999000000000000000e+03
-9.999000000000000000e+03
-9.999000000000000000e+03
-9.999000000000000000e+03
-9.999000000000000000e+03
-9.999000000000000000e+03
-9.999000000000000000e+03
-9.999000000000000000e+03
-9.999000000000000000e+03
4.085365682840347290e-02
1.535747200250625610e-02
1.837560720741748810e-02
5.460653454065322876e-03
2.122580073773860931e-03
-5.630094092339277267e-03
-1.376698072999715805e-02
-3.586988896131515503e-02
-3.539585322141647339e-02
-3.093471936881542206e-02
-1.646442897617816925e-02
1.014368981122970581e-02
1.747732236981391907e-02
1.327396649867296219e-02
-9.999000000000000000e+03
-9.999000000000000000e+03
-9.999000000000000000e+03
-9.999000000000000000e+03
-9.999000000000000000e+03
-9.999000000000000000e+03
-9.999000000000000000e+03
-9.999000000000000000e+03
-9.999000000000000000e+03
-9.999000000000000000e+03
-9.999000000000000000e+03
-9.999000000000000000e+03
-9.999000000000000000e+03
-9.999000000000000000e+03
-9.999000000000000000e+03
-9.999000000000000000e+03
5.033007636666297913e-02
7.234455645084381104e-02
3.735168278217315674e-02
1.345026213675737381e-02
-1.886259205639362335e-02
-2.915957197546958923e-02
-1.569390110671520233e-02
2.345605753362178802e-03
5.312850698828697205e-03
-2.681547775864601135e-03
-2.973023056983947754e-02
-4.564002528786659241e-02
-6.628333032131195068e-02
-4.151591286063194275e-02
-9.999000000000000000e+03
-9.999000000000000000e+03
-9.999000000000000000e+03
-9.999000000000000000e+03
-9.999000000000000000e+03
-9.999000000000000000e+03
-9.999000000000000000e+03
-9.999000000000000000e+03
-9.999000000000000000e+03
-9.999000000000000000e+03
-9.999000000000000000e+03
-9.999000000000000000e+03
-9.999000000000000000e+03
-9.999000000000000000e+03
-9.999000000000000000e+03
-9.999000000000000000e+03
-9.999000000000000000e+03
8.236064575612545013e-03
1.414934289641678333e-03
-3.145126998424530029e-02
-5.293825641274452209e-02
-6.411480158567428589e-02
-4.616538807749748230e-02
-2.139209397137165070e-02
2.371686743572354317e-03
2.220895327627658844e-02
3.653983026742935181e-02
7.163060829043388367e-03
-4.075498133897781372e-02
-4.921517521142959595e-02
-6.403630971908569336e-02
-9.999000000000000000e+03
-9.999000000000000000e+03
-9.999000000000000000e+03
-9.999000000000000000e+03
-9.999000000000000000e+03
-9.999000000000000000e+03
-9.999000000000000000e+03
-9.999000000000000000e+03
-9.999000000000000000e+03
-9.999000000000000000e+03
-9.999000000000000000e+03
-9.999000000000000000e+03
-9.999000000000000000e+03
-9.999000000000000000e+03
-9.999000000000000000e+03
-9.999000000000000000e+03
-9.999000000000000000e+03
-4.248012602329254150e-02
-7.287587970495223999e-02
-8.950551599264144897e-02
-8.884617686271667480e-02
-7.024885714054107666e-02
-2.623956836760044098e-02
3.910978790372610092e-03
2.419747598469257355e-02
3.475119918584823608e-02
3.663380444049835205e-02
2.072601206600666046e-02
-8.148661814630031586e-03
1.527087646536529064e-03
-9.999000000000000000e+03
-9.999000000000000000e+03
-9.999000000000000000e+03
-9.999000000000000000e+03
-9.999000000000000000e+03
-9.999000000000000000e+03
-9.999000000000000000e+03
-9.999000000000000000e+03
-9.999000000000000000e+03
-9.999000000000000000e+03
-9.999000000000000000e+03
-9.999000000000000000e+03
-9.999000000000000000e+03
-9.999000000000000000e+03
-9.999000000000000000e+03
-9.999000000000000000e+03
-9.999000000000000000e+03
-9.999000000000000000e+03
-4.915795847773551941e-02
-7.234075665473937988e-02
-6.027570739388465881e-02
-4.412202909588813782e-02
1.836748328059911728e-03
2.754654362797737122e-02
4.493644461035728455e-02
7.177581638097763062e-02
6.523903459310531616e-02
8.396486937999725342e-02
4.483254626393318176e-02
1.318376790732145309e-02
-9.999000000000000000e+03
-9.999000000000000000e+03
-9.999000000000000000e+03
-9.999000000000000000e+03
-9.999000000000000000e+03
-9.999000000000000000e+03
-9.999000000000000000e+03
-9.999000000000000000e+03
-9.999000000000000000e+03
-9.999000000000000000e+03
-9.999000000000000000e+03
-9.999000000000000000e+03
-9.999000000000000000e+03
-9.999000000000000000e+03
-9.999000000000000000e+03
-9.999000000000000000e+03
-9.999000000000000000e+03
-9.999000000000000000e+03
-9.999000000000000000e+03
-4.173297062516212463e-02
-3.488266095519065857e-02
-1.161035057157278061e-02
2.026784233748912811e-02
1.029708534479141235e-01
1.050616502761840820e-01
9.955362975597381592e-02
7.745035737752914429e-02
7.404775917530059814e-02
5.249535664916038513e-02
-9.999000000000000000e+03
-9.999000000000000000e+03
-9.999000000000000000e+03
-9.999000000000000000e+03
-9.999000000000000000e+03
-9.999000000000000000e+03
-9.999000000000000000e+03
-9.999000000000000000e+03
-9.999000000000000000e+03
-9.999000000000000000e+03
-9.999000000000000000e+03
-9.999000000000000000e+03
-9.999000000000000000e+03
-9.999000000000000000e+03
-9.999000000000000000e+03
-9.999000000000000000e+03
-9.999000000000000000e+03
-9.999000000000000000e+03
-9.999000000000000000e+03
-9.999000000000000000e+03
-9.999000000000000000e+03
-1.676769554615020752e-02
2.958863228559494019e-02
8.192266523838043213e-02
1.135174110531806946e-01
1.337507516145706177e-01
1.135866120457649231e-01
-9.999000000000000000e+03
-9.999000000000000000e+03
-9.999000000000000000e+03
-9.999000000000000000e+03
-9.999000000000000000e+03
-9.999000000000000000e+03
-9.999000000000000000e+03
-9.999000000000000000e+03
-9.999000000000000000e+03
-9.999000000000000000e+03
-9.999000000000000000e+03
-9.999000000000000000e+03
-9.999000000000000000e+03
-9.999000000000000000e+03
-9.999000000000000000e+03
-9.999000000000000000e+03
-9.999000000000000000e+03
-9.999000000000000000e+03
-9.999000000000000000e+03
-9.999000000000000000e+03
-9.999000000000000000e+03
-9.999000000000000000e+03
-9.999000000000000000e+03
-9.999000000000000000e+03
-9.999000000000000000e+03
7.428492885082960129e-03
2.898684702813625336e-02
1.001389920711517334e-01
-9.999000000000000000e+03
-9.999000000000000000e+03
-9.999000000000000000e+03
-9.999000000000000000e+03
-9.999000000000000000e+03
-9.999000000000000000e+03
-9.999000000000000000e+03
-9.999000000000000000e+03
-9.999000000000000000e+03
-9.999000000000000000e+03
-9.999000000000000000e+03
-9.999000000000000000e+03
-9.999000000000000000e+03
-9.999000000000000000e+03
-9.999000000000000000e+03
-9.999000000000000000e+03
-9.999000000000000000e+03
-9.999000000000000000e+03
-9.999000000000000000e+03
-9.999000000000000000e+03
-9.999000000000000000e+03
-9.999000000000000000e+03
-9.999000000000000000e+03
-9.999000000000000000e+03
-9.999000000000000000e+03
-9.999000000000000000e+03
-9.999000000000000000e+03
-9.999000000000000000e+03
