-1.476981639862060547e-01
-9.727265685796737671e-02
-5.909144878387451172e-02
-1.660437509417533875e-02
2.972797863185405731e-02
9.423018991947174072e-02
1.650798320770263672e-01
2.206850498914718628e-01
2.666072249412536621e-01
3.044051229953765869e-01
2.938145399093627930e-01
-9.999000000000000000e+03
-9.999000000000000000e+03
-9.999000000000000000e+03
-9.999000000000000000e+03
-9.999000000000000000e+03
-9.999000000000000000e+03
-9.999000000000000000e+03
-9.999000000000000000e+03
-9.999000000000000000e+03
-9.999000000000000000e+03
-9.999000000000000000e+03
-9.999000000000000000e+03
1.389542408287525177e-02
-1.870004273951053619e-02
-6.408136337995529175e-03
1.115429028868675232e-02
-6.002716836519539356e-04
-2.998965093865990639e-03
-1.253166887909173965e-02
8.142985403537750244e-03
-1.390914618968963623e-01
-9.420181065797805786e-02
-5.203180015087127686e-02
-1.055315881967544556e-02
4.293201863765716553e-02
1.164809837937355042e-01
1.789792776107788086e-01
2.292625904083251953e-01
2.601156234741210938e-01
2.912874221801757812e-01
2.964657843112945557e-01
1.669193357229232788e-01
-9.999000000000000000e+03
-9.999000000000000000e+03
-9.999000000000000000e+03
-9.999000000000000000e+03
-9.999000000000000000e+03
-9.999000000000000000e+03
-9.999000000000000000e+03
-9.999000000000000000e+03
-9.999000000000000000e+03
-1.341195125132799149e-02
-1.278583891689777374e-02
-8.801329880952835083e-03
-3.089945577085018158e-02
-1.924442313611507416e-02
-1.976772584021091461e-02
-1.346348971128463745e-02
-1.279420312494039536e-02
-6.097592413425445557e-03
3.174035344272851944e-03
-1.471702754497528076e-01
-8.904508501291275024e-02
-4.069430008530616760e-02
1.227893494069576263e-02
6.634554266929626465e-02
1.224467083811759949e-01
1.733249276876449585e-01
2.206662297248840332e-01
2.425258755683898926e-01
2.686091065406799316e-01
2.594738304615020752e-01
1.779200434684753418e-01
-9.999000000000000000e+03
-9.999000000000000000e+03
-9.999000000000000000e+03
-9.999000000000000000e+03
-9.999000000000000000e+03
-9.999000000000000000e+03
-9.999000000000000000e+03
-3.776511177420616150e-02
-2.663068473339080811e-02
-1.881221309304237366e-02
-1.924415677785873413e-02
-2.271386608481407166e-02
-1.672611944377422333e-02
-1.127947680652141571e-02
-2.092260122299194336e-02
-2.611905895173549652e-02
-2.856702543795108795e-02
-2.769793570041656494e-02
-2.963090874254703522e-02
-1.271598339080810547e-01
-8.284573256969451904e-02
-4.250253736972808838e-02
1.395983994007110596e-02
8.158081024885177612e-02
1.366924792528152466e-01
1.734037995338439941e-01
2.069174796342849731e-01
2.290098369121551514e-01
2.491470873355865479e-01
2.498772591352462769e-01
1.955042928457260132e-01
1.087313070893287659e-01
-9.999000000000000000e+03
-9.999000000000000000e+03
-9.999000000000000000e+03
-3.437045589089393616e-02
-5.333197861909866333e-02
-6.439679861068725586e-02
-4.253170639276504517e-02
-2.204423956573009491e-02
-1.211742777377367020e-02
-2.455161011312156916e-04
-4.723360296338796616e-03
-4.245946183800697327e-03
-3.763920394703745842e-03
-2.479360625147819519e-02
-5.121674388647079468e-02
-7.265945523977279663e-02
-7.352197170257568359e-02
-7.010842114686965942e-02
-1.143395081162452698e-01
-5.907243490219116211e-02
-6.449606735259294510e-03
3.896807506680488586e-02
8.685275912284851074e-02
1.289916336536407471e-01
1.614105403423309326e-01
1.940536051988601685e-01
2.149973213672637939e-01
2.179099321365356445e-01
1.995609402656555176e-01
1.416907906532287598e-01
8.297835290431976318e-02
4.006772115826606750e-02
-2.417915500700473785e-02
-4.742159694433212280e-02
-5.565107241272926331e-02
-5.601940676569938660e-02
-5.001507326960563660e-02
-2.441231533885002136e-02
4.955285228788852692e-03
2.821698971092700958e-02
4.859599098563194275e-02
2.347301878035068512e-02
1.161257852800190449e-03
-2.885390259325504303e-02
-5.040423944592475891e-02
-8.244536072015762329e-02
-1.127548962831497192e-01
-1.133773550391197205e-01
-1.065486371517181396e-01
-9.700378030538558960e-02
-4.830453917384147644e-02
4.169515799731016159e-03
5.221395194530487061e-02
9.428532421588897705e-02
1.267126053571701050e-01
1.443347483873367310e-01
1.674597859382629395e-01
1.782592833042144775e-01
1.813472062349319458e-01
1.445191502571105957e-01
5.384524166584014893e-02
1.647876389324665070e-02
-1.788288354873657227e-02
-3.835390135645866394e-02
-4.639059677720069885e-02
-4.328276962041854858e-02
-3.256447985768318176e-02
-1.851220428943634033e-02
2.527990564703941345e-02
5.489919707179069519e-02
6.585690379142761230e-02
5.646014586091041565e-02
2.534845285117626190e-02
-2.276912517845630646e-02
-6.710524111986160278e-02
-9.671436995267868042e-02
-1.329421103000640869e-01
-1.585014313459396362e-01
-1.552447974681854248e-01
-1.471074670553207397e-01
-8.670112490653991699e-02
-3.186038136482238770e-02
2.548754587769508362e-02
6.616607308387756348e-02
9.125915169715881348e-02
1.117908582091331482e-01
1.319126933813095093e-01
1.501388549804687500e-01
1.496931612491607666e-01
1.041151508688926697e-01
5.888992920517921448e-02
5.434245103970170021e-04
-2.071982063353061676e-02
-3.692948445677757263e-02
-1.705271005630493164e-02
-1.561265252530574799e-02
-1.023717503994703293e-02
2.324082655832171440e-03
1.252480037510395050e-02
5.503120273351669312e-02
7.203966379165649414e-02
6.364040076732635498e-02
2.536267600953578949e-02
-4.287634044885635376e-03
-4.434737935662269592e-02
-8.029294759035110474e-02
-1.299310177564620972e-01
-1.840954124927520752e-01
-2.141476571559906006e-01
-2.024084776639938354e-01
-1.848145723342895508e-01
-6.379495561122894287e-02
-3.376015275716781616e-02
3.253322467207908630e-02
7.332543283700942993e-02
9.376560151576995850e-02
1.160318851470947266e-01
1.322461217641830444e-01
1.366709172725677490e-01
1.175114512443542480e-01
4.527840763330459595e-02
-7.182483561336994171e-03
-3.781580924987792969e-02
-2.581959031522274017e-02
-4.700473975390195847e-03
1.857041008770465851e-02
2.050827071070671082e-02
2.332826890051364899e-02
4.576570540666580200e-02
5.684631690382957458e-02
7.040541619062423706e-02
7.175397127866744995e-02
6.010664999485015869e-02
3.172477707266807556e-02
-6.103551015257835388e-03
-5.564533546566963196e-02
-1.112115979194641113e-01
-1.743578016757965088e-01
-2.255061715841293335e-01
-2.481088787317276001e-01
-2.373622655868530273e-01
-1.990100145339965820e-01
-2.654073014855384827e-02
-1.165140978991985321e-02
2.143415249884128571e-02
4.606867581605911255e-02
7.504470646381378174e-02
1.081714779138565063e-01
1.220586150884628296e-01
1.014645546674728394e-01
6.173478066921234131e-02
1.309701055288314819e-02
-2.076434157788753510e-02
-3.880871087312698364e-02
7.279664860107004642e-04
3.612794727087020874e-02
5.379386246204376221e-02
5.455979704856872559e-02
5.956664681434631348e-02
6.316668540239334106e-02
6.359848380088806152e-02
7.078411430120468140e-02
6.714221835136413574e-02
5.911660566926002502e-02
3.684641793370246887e-02
1.022594608366489410e-02
-2.378033846616744995e-02
-1.112510636448860168e-01
-1.913571655750274658e-01
-2.535818815231323242e-01
-2.606041133403778076e-01
-2.403527200222015381e-01
-1.944509893655776978e-01
-1.943905651569366455e-02
-7.370594539679586887e-04
2.071255445480346680e-02
3.470510244369506836e-02
6.458279490470886230e-02
9.416192770004272461e-02
9.779775887727737427e-02
7.733349502086639404e-02
4.876151680946350098e-02
7.460286375135183334e-03
-1.442478038370609283e-02
1.406317017972469330e-02
3.965637087821960449e-02
5.577848106622695923e-02
6.477019935846328735e-02
7.074624300003051758e-02
7.372962683439254761e-02
4.562878981232643127e-02
4.080342501401901245e-02
3.526084125041961670e-02
5.168802663683891296e-02
-9.999000000000000000e+03
-9.999000000000000000e+03
-9.999000000000000000e+03
-9.999000000000000000e+03
-9.999000000000000000e+03
-9.999000000000000000e+03
-1.859368085861206055e-01
-2.398413270711898804e-01
-2.353465855121612549e-01
-1.836707293987274170e-01
-1.655504852533340454e-02
3.405473195016384125e-03
1.769123971462249756e-02
3.591600060462951660e-02
6.743779778480529785e-02
8.624648302793502808e-02
8.238568156957626343e-02
6.632757931947708130e-02
3.800124675035476685e-02
1.860761269927024841e-02
1.723125576972961426e-02
6.802072376012802124e-02
6.110246479511260986e-02
5.973280966281890869e-02
6.286613643169403076e-02
6.443110108375549316e-02
7.486189156770706177e-02
-9.999000000000000000e+03
-9.999000000000000000e+03
-9.999000000000000000e+03
-9.999000000000000000e+03
-9.999000000000000000e+03
-9.999000000000000000e+03
-9.999000000000000000e+03
-9.999000000000000000e+03
-9.999000000000000000e+03
-9.999000000000000000e+03
-1.330059468746185303e-01
-1.829311996698379517e-01
-2.121680825948715210e-01
-1.806598454713821411e-01
-3.740220144391059875e-02
-1.327962521463632584e-02
7.466085720807313919e-03
3.643638268113136292e-02
5.435886979103088379e-02
6.407501548528671265e-02
7.704190909862518311e-02
6.225438788533210754e-02
2.960071340203285217e-02
5.694600194692611694e-02
6.833836436271667480e-02
7.221606373786926270e-02
6.105142459273338318e-02
5.425822362303733826e-02
3.499685600399971008e-02
3.992827981710433960e-02
-9.999000000000000000e+03
-9.999000000000000000e+03
-9.999000000000000000e+03
-9.999000000000000000e+03
-9.999000000000000000e+03
-9.999000000000000000e+03
-9.999000000000000000e+03
-9.999000000000000000e+03
-9.999000000000000000e+03
-9.999000000000000000e+03
-9.999000000000000000e+03
-9.999000000000000000e+03
-1.019483730196952820e-01
-1.627797186374664307e-01
-1.231543198227882385e-01
-6.972207129001617432e-02
-6.622869521379470825e-02
-3.716838359832763672e-02
-4.041198117192834616e-04
3.177436813712120056e-02
6.405445933341979980e-02
5.952548235654830933e-02
6.241584569215774536e-02
6.907155364751815796e-02
9.256049245595932007e-02
8.816869556903839111e-02
5.502891167998313904e-02
4.215352609753608704e-02
4.913548007607460022e-02
-9.999000000000000000e+03
-9.999000000000000000e+03
-9.999000000000000000e+03
-9.999000000000000000e+03
-9.999000000000000000e+03
-9.999000000000000000e+03
-9.999000000000000000e+03
-9.999000000000000000e+03
-9.999000000000000000e+03
-9.999000000000000000e+03
-9.999000000000000000e+03
-9.999000000000000000e+03
-9.999000000000000000e+03
-9.999000000000000000e+03
-9.999000000000000000e+03
-9.701941162347793579e-02
-9.331621229648590088e-02
-9.999000000000000000e+03
-8.287258446216583252e-02
-6.778093427419662476e-02
-2.403029985725879669e-02
1.996064372360706329e-02
4.994653165340423584e-02
5.132229626178741455e-02
8.297461271286010742e-02
1.172140613198280334e-01
1.058669984340667725e-01
7.746817171573638916e-02
5.333239585161209106e-02
3.204327821731567383e-02
-9.999000000000000000e+03
-9.999000000000000000e+03
-9.999000000000000000e+03
-9.999000000000000000e+03
-9.999000000000000000e+03
-9.999000000000000000e+03
-9.999000000000000000e+03
-9.999000000000000000e+03
-9.999000000000000000e+03
-9.999000000000000000e+03
-9.999000000000000000e+03
-9.999000000000000000e+03
-9.999000000000000000e+03
-9.999000000000000000e+03
-9.999000000000000000e+03
-9.999000000000000000e+03
-2.759786508977413177e-02
-2.303753420710563660e-02
-9.999000000000000000e+03
-9.999000000000000000e+03
-8.656780421733856201e-02
-2.681465074419975281e-02
2.024082094430923462e-02
4.910021275281906128e-02
8.024404197931289673e-02
1.030602008104324341e-01
1.193393170833587646e-01
1.059283390641212463e-01
5.999040603637695312e-02
2.786734513938426971e-02
-9.999000000000000000e+03
-9.999000000000000000e+03
-9.999000000000000000e+03
-9.999000000000000000e+03
-9.999000000000000000e+03
-9.999000000000000000e+03
-9.999000000000000000e+03
-9.999000000000000000e+03
-9.999000000000000000e+03
-9.999000000000000000e+03
-9.999000000000000000e+03
-9.999000000000000000e+03
-9.999000000000000000e+03
-9.999000000000000000e+03
-9.999000000000000000e+03
-9.999000000000000000e+03
-9.999000000000000000e+03
4.935663193464279175e-03
1.976028829813003540e-02
-9.999000000000000000e+03
-9.999000000000000000e+03
-6.345237046480178833e-02
-3.830419480800628662e-02
1.394348591566085815e-02
5.707082897424697876e-02
1.004697754979133606e-01
1.017897650599479675e-01
9.796834737062454224e-02
8.274924010038375854e-02
6.869772821664810181e-02
6.631129980087280273e-02
-9.999000000000000000e+03
-9.999000000000000000e+03
-9.999000000000000000e+03
-9.999000000000000000e+03
-9.999000000000000000e+03
-9.999000000000000000e+03
-9.999000000000000000e+03
-9.999000000000000000e+03
-9.999000000000000000e+03
-9.999000000000000000e+03
-9.999000000000000000e+03
-9.999000000000000000e+03
-9.999000000000000000e+03
-9.999000000000000000e+03
-9.999000000000000000e+03
-9.999000000000000000e+03
-9.999000000000000000e+03
-9.999000000000000000e+03
-9.999000000000000000e+03
-9.999000000000000000e+03
-9.999000000000000000e+03
-5.060416460037231445e-02
-4.945741593837738037e-02
8.191817323677241802e-04
4.988845810294151306e-02
7.542142271995544434e-02
8.179207891225814819e-02
7.211233675479888916e-02
7.603187859058380127e-02
7.509028166532516479e-02
6.349301338195800781e-02
-9.999000000000000000e+03
-9.999000000000000000e+03
-9.999000000000000000e+03
-9.999000000000000000e+03
-9.999000000000000000e+03
-9.999000000000000000e+03
-9.999000000000000000e+03
-9.999000000000000000e+03
-9.999000000000000000e+03
-9.999000000000000000e+03
-9.999000000000000000e+03
-9.999000000000000000e+03
-9.999000000000000000e+03
-9.999000000000000000e+03
-9.999000000000000000e+03
-9.999000000000000000e+03
-9.999000000000000000e+03
-9.999000000000000000e+03
-9.999000000000000000e+03
-9.999000000000000000e+03
-9.999000000000000000e+03
-9.999000000000000000e+03
-4.665683209896087646e-02
-3.074172697961330414e-02
2.984766662120819092e-02
6.666474044322967529e-02
5.301216617226600647e-02
8.082524687051773071e-02
1.082764938473701477e-01
7.765092700719833374e-02
-9.999000000000000000e+03
-9.999000000000000000e+03
-9.999000000000000000e+03
-9.999000000000000000e+03
-9.999000000000000000e+03
-9.999000000000000000e+03
-9.999000000000000000e+03
-9.999000000000000000e+03
-9.999000000000000000e+03
-9.999000000000000000e+03
-9.999000000000000000e+03
-9.999000000000000000e+03
-9.999000000000000000e+03
-9.999000000000000000e+03
-9.999000000000000000e+03
-9.999000000000000000e+03
-9.999000000000000000e+03
-9.999000000000000000e+03
-9.999000000000000000e+03
-9.999000000000000000e+03
-9.999000000000000000e+03
-9.999000000000000000e+03
-9.999000000000000000e+03
-4.099449887871742249e-02
-2.970957569777965546e-02
9.242800995707511902e-03
3.232078254222869873e-02
4.257795959711074829e-02
9.963680058717727661e-02
1.347896456718444824e-01
9.586463868618011475e-02
5.848095938563346863e-02
-9.999000000000000000e+03
-9.999000000000000000e+03
-9.999000000000000000e+03
-9.999000000000000000e+03
-9.999000000000000000e+03
-9.999000000000000000e+03
-9.999000000000000000e+03
-9.999000000000000000e+03
-9.999000000000000000e+03
-9.999000000000000000e+03
-9.999000000000000000e+03
-9.999000000000000000e+03
-9.999000000000000000e+03
-9.999000000000000000e+03
-9.999000000000000000e+03
-9.999000000000000000e+03
-9.999000000000000000e+03
-9.999000000000000000e+03
-9.999000000000000000e+03
-9.999000000000000000e+03
-9.999000000000000000e+03
-9.999000000000000000e+03
-9.999000000000000000e+03
-2.009823359549045563e-02
5.915793590247631073e-03
1.286211796104907990e-02
3.601556643843650818e-02
7.041141390800476074e-02
5.332176387310028076e-02
5.880808830261230469e-02
7.777806371450424194e-02
-9.999000000000000000e+03
-9.999000000000000000e+03
-9.999000000000000000e+03
-9.999000000000000000e+03
-9.999000000000000000e+03
-9.999000000000000000e+03
-9.999000000000000000e+03
-9.999000000000000000e+03
-9.999000000000000000e+03
-9.999000000000000000e+03
-9.999000000000000000e+03
-9.999000000000000000e+03
-9.999000000000000000e+03
-9.999000000000000000e+03
-9.999000000000000000e+03
-9.999000000000000000e+03
-9.999000000000000000e+03
-9.999000000000000000e+03
-9.999000000000000000e+03
-9.999000000000000000e+03
-9.999000000000000000e+03
-9.999000000000000000e+03
-9.999000000000000000e+03
-4.722139798104763031e-03
-6.075853016227483749e-03
8.387028239667415619e-03
2.096649259328842163e-02
-2.083142474293708801e-02
-8.427096158266067505e-02
-6.674443185329437256e-02
2.874296857044100761e-03
5.037451535463333130e-02
-9.999000000000000000e+03
-9.999000000000000000e+03
-9.999000000000000000e+03
-9.999000000000000000e+03
-9.999000000000000000e+03
-9.999000000000000000e+03
-9.999000000000000000e+03
-9.999000000000000000e+03
-9.999000000000000000e+03
-9.999000000000000000e+03
-9.999000000000000000e+03
-9.999000000000000000e+03
-9.999000000000000000e+03
-9.999000000000000000e+03
-9.999000000000000000e+03
-9.999000000000000000e+03
-9.999000000000000000e+03
-9.999000000000000000e+03
-9.999000000000000000e+03
-9.999000000000000000e+03
-9.999000000000000000e+03
-9.999000000000000000e+03
4.481889307498931885e-02
2.880709804594516754e-02
4.124168306589126587e-02
3.305693343281745911e-02
-4.349703434854745865e-03
-5.935394763946533203e-02
-7.853001356124877930e-02
-3.042506240308284760e-02
3.468831256031990051e-02
3.305362910032272339e-02
5.343035794794559479e-03
-4.108332563191652298e-03
5.194721277803182602e-03
-9.999000000000000000e+03
-9.999000000000000000e+03
-9.999000000000000000e+03
-9.999000000000000000e+03
-9.999000000000000000e+03
-9.999000000000000000e+03
-9.999000000000000000e+03
-9.999000000000000000e+03
-9.999000000000000000e+03
-9.999000000000000000e+03
-9.999000000000000000e+03
-9.999000000000000000e+03
-9.999000000000000000e+03
-9.999000000000000000e+03
-9.999000000000000000e+03
-9.999000000000000000e+03
-9.999000000000000000e+03
6.742978841066360474e-02
6.954758614301681519e-02
6.242486461997032166e-02
5.478614941239356995e-02
3.389549255371093750e-02
-2.514915307983756065e-03
-2.523407340049743652e-02
-4.230455681681632996e-02
-3.776117414236068726e-02
-1.271916553378105164e-02
6.155577488243579865e-03
6.996012758463621140e-03
8.002280374057590961e-04
3.062159288674592972e-03
-9.999000000000000000e+03
-9.999000000000000000e+03
-9.999000000000000000e+03
-9.999000000000000000e+03
-9.999000000000000000e+03
-9.999000000000000000e+03
-9.999000000000000000e+03
-9.999000000000000000e+03
-9.999000000000000000e+03
-9.999000000000000000e+03
-9.999000000000000000e+03
-9.999000000000000000e+03
-9.999000000000000000e+03
-9.999000000000000000e+03
-9.999000000000000000e+03
5.336946621537208557e-02
6.720491498708724976e-02
7.905951142311096191e-02
8.604463189840316772e-02
7.091462612152099609e-02
5.293233320116996765e-02
2.913453802466392517e-02
7.938578724861145020e-03
-9.579419158399105072e-03
-3.145411238074302673e-02
-5.175535380840301514e-02
-3.337751328945159912e-02
2.739826962351799011e-02
5.127156153321266174e-02
-9.999000000000000000e+03
-9.999000000000000000e+03
-9.999000000000000000e+03
-9.999000000000000000e+03
-9.999000000000000000e+03
-9.999000000000000000e+03
-9.999000000000000000e+03
-9.999000000000000000e+03
-9.999000000000000000e+03
-9.999000000000000000e+03
-9.999000000000000000e+03
-9.999000000000000000e+03
-9.999000000000000000e+03
-9.999000000000000000e+03
-9.999000000000000000e+03
-9.999000000000000000e+03
3.163591027259826660e-03
4.954435676336288452e-02
1.008945852518081665e-01
1.058928072452545166e-01
8.742380142211914062e-02
5.667416006326675415e-02
3.240864723920822144e-02
2.143261395394802094e-02
2.172191254794597626e-02
1.225835736840963364e-02
-1.668121479451656342e-02
-5.053370818495750427e-02
-6.203363835811614990e-02
5.241479724645614624e-02
-9.999000000000000000e+03
-9.999000000000000000e+03
-9.999000000000000000e+03
-9.999000000000000000e+03
-9.999000000000000000e+03
-9.999000000000000000e+03
-9.999000000000000000e+03
-9.999000000000000000e+03
-9.999000000000000000e+03
-9.999000000000000000e+03
-9.999000000000000000e+03
-9.999000000000000000e+03
-9.999000000000000000e+03
-9.999000000000000000e+03
-9.999000000000000000e+03
-9.999000000000000000e+03
-9.999000000000000000e+03
1.401727460324764252e-02
5.656108632683753967e-02
1.209362894296646118e-01
1.054622009396553040e-01
5.850843712687492371e-02
3.177228942513465881e-02
1.418245211243629456e-02
4.559191875159740448e-03
2.115247957408428192e-02
2.097995392978191376e-02
-2.827218268066644669e-03
-3.974417224526405334e-02
-2.439774945378303528e-02
3.371350467205047607e-02
-9.999000000000000000e+03
-9.999000000000000000e+03
-9.999000000000000000e+03
-9.999000000000000000e+03
-9.999000000000000000e+03
-9.999000000000000000e+03
-9.999000000000000000e+03
-9.999000000000000000e+03
-9.999000000000000000e+03
-9.999000000000000000e+03
-9.999000000000000000e+03
-9.999000000000000000e+03
-9.999000000000000000e+03
-9.999000000000000000e+03
-9.999000000000000000e+03
-9.999000000000000000e+03
-9.999000000000000000e+03
4.104907438158988953e-02
8.280293643474578857e-02
1.012751832604408264e-01
8.066117018461227417e-02
3.271750360727310181e-02
5.111917853355407715e-03
-2.265325933694839478e-02
-3.078700415790081024e-02
-1.721496507525444031e-02
-1.262383814901113510e-02
-2.155838347971439362e-02
-4.711263254284858704e-02
-2.679620310664176941e-02
-9.999000000000000000e+03
-9.999000000000000000e+03
-9.999000000000000000e+03
-9.999000000000000000e+03
-9.999000000000000000e+03
-9.999000000000000000e+03
-9.999000000000000000e+03
-9.999000000000000000e+03
-9.999000000000000000e+03
-9.999000000000000000e+03
-9.999000000000000000e+03
-9.999000000000000000e+03
-9.999000000000000000e+03
-9.999000000000000000e+03
-9.999000000000000000e+03
-9.999000000000000000e+03
-9.999000000000000000e+03
-9.999000000000000000e+03
6.209326535463333130e-02
8.104135841131210327e-02
5.848619341850280762e-02
2.482937090098857880e-02
-1.781082153320312500e-02
-3.943663462996482849e-02
-5.744739994406700134e-02
-6.551701575517654419e-02
-4.719978943467140198e-02
-2.698895148932933807e-02
-2.247128076851367950e-02
-3.283388167619705200e-02
-9.999000000000000000e+03
-9.999000000000000000e+03
-9.999000000000000000e+03
-9.999000000000000000e+03
-9.999000000000000000e+03
-9.999000000000000000e+03
-9.999000000000000000e+03
-9.999000000000000000e+03
-9.999000000000000000e+03
-9.999000000000000000e+03
-9.999000000000000000e+03
-9.999000000000000000e+03
-9.999000000000000000e+03
-9.999000000000000000e+03
-9.999000000000000000e+03
-9.999000000000000000e+03
-9.999000000000000000e+03
-9.999000000000000000e+03
-9.999000000000000000e+03
6.375097483396530151e-02
6.520081311464309692e-02
3.645459935069084167e-02
-5.161159206181764603e-03
-8.530785888433456421e-02
-8.408829569816589355e-02
-6.242110207676887512e-02
-4.279861226677894592e-02
-3.918024152517318726e-02
-2.500856295228004456e-02
-9.999000000000000000e+03
-9.999000000000000000e+03
-9.999000000000000000e+03
-9.999000000000000000e+03
-9.999000000000000000e+03
-9.999000000000000000e+03
-9.999000000000000000e+03
-9.999000000000000000e+03
-9.999000000000000000e+03
-9.999000000000000000e+03
-9.999000000000000000e+03
-9.999000000000000000e+03
-9.999000000000000000e+03
-9.999000000000000000e+03
-9.999000000000000000e+03
-9.999000000000000000e+03
-9.999000000000000000e+03
-9.999000000000000000e+03
-9.999000000000000000e+03
-9.999000000000000000e+03
-9.999000000000000000e+03
4.107442870736122131e-02
2.568589523434638977e-02
5.827917251735925674e-03
-4.754343628883361816e-02
-7.645697146654129028e-02
-7.051167637109756470e-02
-9.999000000000000000e+03
-9.999000000000000000e+03
-9.999000000000000000e+03
-9.999000000000000000e+03
-9.999000000000000000e+03
-9.999000000000000000e+03
-9.999000000000000000e+03
-9.999000000000000000e+03
-9.999000000000000000e+03
-9.999000000000000000e+03
-9.999000000000000000e+03
-9.999000000000000000e+03
-9.999000000000000000e+03
-9.999000000000000000e+03
-9.999000000000000000e+03
-9.999000000000000000e+03
-9.999000000000000000e+03
-9.999000000000000000e+03
-9.999000000000000000e+03
-9.999000000000000000e+03
-9.999000000000000000e+03
-9.999000000000000000e+03
-9.999000000000000000e+03
-9.999000000000000000e+03
-9.999000000000000000e+03
-6.283472292125225067e-03
1.992163015529513359e-03
-3.190458752214908600e-03
-9.999000000000000000e+03
-9.999000000000000000e+03
-9.999000000000000000e+03
-9.999000000000000000e+03
-9.999000000000000000e+03
-9.999000000000000000e+03
-9.999000000000000000e+03
-9.999000000000000000e+03
-9.999000000000000000e+03
-9.999000000000000000e+03
-9.999000000000000000e+03
-9.999000000000000000e+03
-9.999000000000000000e+03
-9.999000000000000000e+03
-9.999000000000000000e+03
-9.999000000000000000e+03
-9.999000000000000000e+03
-9.999000000000000000e+03
-9.999000000000000000e+03
-9.999000000000000000e+03
-9.999000000000000000e+03
-9.999000000000000000e+03
-9.999000000000000000e+03
-9.999000000000000000e+03
-9.999000000000000000e+03
-9.999000000000000000e+03
-9.999000000000000000e+03
-9.999000000000000000e+03
