-1.371609866619110107e-01
-9.015960991382598877e-02
-3.497972339391708374e-02
2.541861869394779205e-02
7.718411833047866821e-02
1.196590587496757507e-01
1.597030907869338989e-01
1.932799518108367920e-01
2.180621623992919922e-01
2.384875118732452393e-01
2.527395486831665039e-01
-9.999000000000000000e+03
-9.999000000000000000e+03
-9.999000000000000000e+03
-9.999000000000000000e+03
-9.999000000000000000e+03
-9.999000000000000000e+03
-9.999000000000000000e+03
-9.999000000000000000e+03
-9.999000000000000000e+03
-9.999000000000000000e+03
-9.999000000000000000e+03
-9.999000000000000000e+03
3.917380422353744507e-02
1.120400577783584595e-01
1.438442468643188477e-01
1.642594188451766968e-01
1.578650772571563721e-01
1.488389819860458374e-01
1.366624534130096436e-01
1.351630985736846924e-01
-1.217616423964500427e-01
-7.594965398311614990e-02
-1.926949620246887207e-02
3.285328671336174011e-02
8.170239627361297607e-02
1.247959882020950317e-01
1.665827482938766479e-01
1.974329054355621338e-01
2.138375490903854370e-01
2.310995608568191528e-01
2.375752776861190796e-01
1.443079859018325806e-01
-9.999000000000000000e+03
-9.999000000000000000e+03
-9.999000000000000000e+03
-9.999000000000000000e+03
-9.999000000000000000e+03
-9.999000000000000000e+03
-9.999000000000000000e+03
-9.999000000000000000e+03
-9.999000000000000000e+03
3.088010102510452271e-02
3.411201760172843933e-02
4.743052273988723755e-02
6.823989003896713257e-02
1.158197894692420959e-01
1.461075395345687866e-01
1.336681544780731201e-01
1.231448128819465637e-01
1.198267862200737000e-01
1.294133663177490234e-01
-1.258153170347213745e-01
-5.832345038652420044e-02
8.801418356597423553e-03
5.338874459266662598e-02
9.094680845737457275e-02
1.240575164556503296e-01
1.587373614311218262e-01
1.914087682962417603e-01
2.054981887340545654e-01
2.217333018779754639e-01
2.205978631973266602e-01
1.575234830379486084e-01
-9.999000000000000000e+03
-9.999000000000000000e+03
-9.999000000000000000e+03
-9.999000000000000000e+03
-9.999000000000000000e+03
-9.999000000000000000e+03
-9.999000000000000000e+03
2.493201009929180145e-02
2.736979536712169647e-02
5.073665454983711243e-02
1.800503395497798920e-02
3.204026073217391968e-02
7.009579986333847046e-02
8.817013353109359741e-02
1.047402024269104004e-01
1.013732999563217163e-01
1.165231242775917053e-01
1.182566881179809570e-01
1.213683113455772400e-01
-1.276837140321731567e-01
-7.028600573539733887e-02
-1.393692940473556519e-02
3.435503691434860229e-02
8.498696982860565186e-02
1.208637878298759460e-01
1.481149494647979736e-01
1.778393685817718506e-01
1.955127865076065063e-01
2.120907604694366455e-01
2.186154425144195557e-01
1.795941889286041260e-01
8.683646470308303833e-02
-9.999000000000000000e+03
-9.999000000000000000e+03
-9.999000000000000000e+03
2.153912559151649475e-03
1.814181357622146606e-02
3.355443850159645081e-02
3.970341756939888000e-02
3.311777859926223755e-02
2.608762495219707489e-02
1.818613521754741669e-02
3.586336597800254822e-02
8.078568428754806519e-02
6.546518951654434204e-02
8.635948598384857178e-02
1.006112322211265564e-01
1.097354516386985779e-01
1.164062395691871643e-01
1.234259679913520813e-01
-1.388487964868545532e-01
-8.202160894870758057e-02
-2.654675953090190887e-02
1.275887247174978256e-02
6.082281097769737244e-02
9.527476876974105835e-02
1.241422891616821289e-01
1.584462076425552368e-01
1.831497102975845337e-01
1.873581856489181519e-01
1.815062314271926880e-01
1.347272247076034546e-01
6.650234013795852661e-02
2.774003893136978149e-02
-8.535963483154773712e-03
-2.132956869900226593e-03
1.788138411939144135e-02
3.415131941437721252e-02
3.864816948771476746e-02
3.723185881972312927e-02
2.387516573071479797e-02
1.407396327704191208e-02
1.508206035941839218e-02
2.929896861314773560e-02
3.501194342970848083e-02
3.072876296937465668e-02
5.753632262349128723e-02
6.682432442903518677e-02
8.661513775587081909e-02
1.191330477595329285e-01
1.374375224113464355e-01
-1.223591044545173645e-01
-9.398212283849716187e-02
-5.309537053108215332e-02
-8.213208988308906555e-03
4.229344055056571960e-02
7.583042979240417480e-02
9.936557710170745850e-02
1.304708272218704224e-01
1.501000821590423584e-01
1.581749469041824341e-01
1.374955773353576660e-01
9.292218834161758423e-02
4.822986945509910583e-02
7.306378800421953201e-03
1.593452761881053448e-03
1.388828456401824951e-02
4.732024297118186951e-02
6.405046582221984863e-02
5.390935391187667847e-02
3.683895617723464966e-02
1.588907465338706970e-02
-3.666448174044489861e-03
-2.007911913096904755e-02
-1.629380136728286743e-02
-1.633453369140625000e-02
-3.367634117603302002e-02
2.742010867223143578e-03
2.027655765414237976e-02
4.977351054549217224e-02
9.546547383069992065e-02
1.289827376604080200e-01
-1.004201844334602356e-01
-8.949328958988189697e-02
-5.706010758876800537e-02
-2.181979827582836151e-02
1.811024360358715057e-02
4.756334796547889709e-02
7.489732652902603149e-02
1.088808551430702209e-01
1.254011392593383789e-01
1.247296631336212158e-01
1.123426705598831177e-01
8.909439295530319214e-02
5.385848507285118103e-02
2.649100683629512787e-02
5.400253087282180786e-02
7.507358491420745850e-02
1.000734493136405945e-01
1.095731109380722046e-01
9.013380110263824463e-02
7.028891146183013916e-02
2.444863505661487579e-02
-2.780410088598728180e-02
-6.670711189508438110e-02
-8.020564913749694824e-02
-9.182483702898025513e-02
-1.010010316967964172e-01
-7.436621934175491333e-02
-5.836378037929534912e-02
-1.815173774957656860e-02
6.612496823072433472e-02
1.035817116498947144e-01
-7.877727597951889038e-02
-7.745902240276336670e-02
-6.111352890729904175e-02
-3.678989037871360779e-02
-4.952948540449142456e-03
2.106899768114089966e-02
4.615405946969985962e-02
7.948723435401916504e-02
9.980222582817077637e-02
1.108739748597145081e-01
1.096888706088066101e-01
8.882556110620498657e-02
7.436901330947875977e-02
7.808016985654830933e-02
1.076701059937477112e-01
1.246284693479537964e-01
1.463255435228347778e-01
1.519142687320709229e-01
1.239438056945800781e-01
8.162714540958404541e-02
2.403669059276580811e-02
-1.597676612436771393e-02
-4.998262226581573486e-02
-1.021987199783325195e-01
-1.546135097742080688e-01
-1.740105748176574707e-01
-1.674007773399353027e-01
-1.552262753248214722e-01
-1.046801358461380005e-01
1.622686977498233318e-03
6.008531153202056885e-02
-4.488902911543846130e-02
-4.989621043205261230e-02
-4.915423691272735596e-02
-3.945943713188171387e-02
-2.302713505923748016e-02
-9.505669586360454559e-03
3.332098573446273804e-02
7.490164786577224731e-02
9.809313714504241943e-02
1.079636141657829285e-01
1.066797822713851929e-01
1.013144180178642273e-01
1.072823107242584229e-01
1.345816105604171753e-01
1.569996178150177002e-01
1.591449379920959473e-01
1.638068556785583496e-01
1.524154692888259888e-01
1.284862905740737915e-01
6.430539488792419434e-02
-6.228788755834102631e-03
-1.299530081450939178e-02
-2.183645591139793396e-02
-6.265223026275634766e-02
-8.425263315439224243e-02
-1.675145924091339111e-01
-2.154938131570816040e-01
-2.269262522459030151e-01
-1.684060692787170410e-01
-7.501956820487976074e-02
-1.577212708070874214e-03
-6.171457469463348389e-02
-5.399674922227859497e-02
-5.251745134592056274e-02
-4.593224450945854187e-02
-3.169150650501251221e-02
-3.884763922542333603e-03
3.286397457122802734e-02
7.405139505863189697e-02
9.773847460746765137e-02
1.121580302715301514e-01
1.164511740207672119e-01
1.345717459917068481e-01
1.484434008598327637e-01
1.609629988670349121e-01
1.662322431802749634e-01
1.613110154867172241e-01
1.482319831848144531e-01
8.661059290170669556e-02
7.032534480094909668e-02
9.862568229436874390e-03
-1.822382584214210510e-02
-9.999000000000000000e+03
-9.999000000000000000e+03
-9.999000000000000000e+03
-9.999000000000000000e+03
-9.999000000000000000e+03
-9.999000000000000000e+03
-2.065618783235549927e-01
-2.178896814584732056e-01
-1.192692518234252930e-01
-3.229848667979240417e-02
-7.126045972108840942e-02
-6.183668598532676697e-02
-6.101717054843902588e-02
-6.311488896608352661e-02
-5.092402920126914978e-02
-1.588670164346694946e-02
3.273146227002143860e-02
6.898946315050125122e-02
9.930388629436492920e-02
1.273074597120285034e-01
1.372191160917282104e-01
1.742331534624099731e-01
1.747168302536010742e-01
1.701434999704360962e-01
1.480475962162017822e-01
1.276379376649856567e-01
1.263777464628219604e-01
-9.999000000000000000e+03
-9.999000000000000000e+03
-9.999000000000000000e+03
-9.999000000000000000e+03
-9.999000000000000000e+03
-9.999000000000000000e+03
-9.999000000000000000e+03
-9.999000000000000000e+03
-9.999000000000000000e+03
-9.999000000000000000e+03
-1.580317616462707520e-01
-2.010111659765243530e-01
-1.605029255151748657e-01
-7.456380128860473633e-02
-8.055213093757629395e-02
-5.801776051521301270e-02
-4.518554359674453735e-02
-4.691680893301963806e-02
-5.160416290163993835e-02
-2.419783174991607666e-02
2.853597700595855713e-02
7.258869707584381104e-02
1.209306269884109497e-01
1.541821807622909546e-01
1.670874506235122681e-01
1.875693351030349731e-01
1.847800761461257935e-01
1.623456329107284546e-01
7.261528819799423218e-02
7.111072540283203125e-02
-9.999000000000000000e+03
-9.999000000000000000e+03
-9.999000000000000000e+03
-9.999000000000000000e+03
-9.999000000000000000e+03
-9.999000000000000000e+03
-9.999000000000000000e+03
-9.999000000000000000e+03
-9.999000000000000000e+03
-9.999000000000000000e+03
-9.999000000000000000e+03
-9.999000000000000000e+03
-1.324153393507003784e-01
-1.377311348915100098e-01
-4.543923586606979370e-02
-7.111185789108276367e-02
-6.583266705274581909e-02
-4.526415094733238220e-02
-3.172165900468826294e-02
-2.673903480172157288e-02
1.388332527130842209e-02
7.137028127908706665e-02
1.054711639881134033e-01
1.381850838661193848e-01
1.534823626279830933e-01
1.694530695676803589e-01
2.088990211486816406e-01
1.355328708887100220e-01
1.409215331077575684e-01
-9.999000000000000000e+03
-9.999000000000000000e+03
-9.999000000000000000e+03
-9.999000000000000000e+03
-9.999000000000000000e+03
-9.999000000000000000e+03
-9.999000000000000000e+03
-9.999000000000000000e+03
-9.999000000000000000e+03
-9.999000000000000000e+03
-9.999000000000000000e+03
-9.999000000000000000e+03
-9.999000000000000000e+03
-9.999000000000000000e+03
-9.999000000000000000e+03
-1.036981716752052307e-01
-4.233428090810775757e-02
-9.999000000000000000e+03
-5.510529130697250366e-02
-5.742513015866279602e-02
-3.650197014212608337e-02
-6.465124897658824921e-03
2.681327052414417267e-02
1.006845086812973022e-01
1.360458731651306152e-01
1.286784559488296509e-01
1.596863567829132080e-01
1.805701106786727905e-01
1.824803352355957031e-01
1.067456081509590149e-01
-9.999000000000000000e+03
-9.999000000000000000e+03
-9.999000000000000000e+03
-9.999000000000000000e+03
-9.999000000000000000e+03
-9.999000000000000000e+03
-9.999000000000000000e+03
-9.999000000000000000e+03
-9.999000000000000000e+03
-9.999000000000000000e+03
-9.999000000000000000e+03
-9.999000000000000000e+03
-9.999000000000000000e+03
-9.999000000000000000e+03
-9.999000000000000000e+03
-9.999000000000000000e+03
-2.696183696389198303e-02
1.504341699182987213e-02
-9.999000000000000000e+03
-9.999000000000000000e+03
-6.499761343002319336e-02
-5.103060975670814514e-02
3.378431079909205437e-03
6.505179405212402344e-02
1.300639361143112183e-01
1.443850547075271606e-01
1.277453899383544922e-01
1.706770509481430054e-01
1.674116551876068115e-01
6.453700363636016846e-02
-9.999000000000000000e+03
-9.999000000000000000e+03
-9.999000000000000000e+03
-9.999000000000000000e+03
-9.999000000000000000e+03
-9.999000000000000000e+03
-9.999000000000000000e+03
-9.999000000000000000e+03
-9.999000000000000000e+03
-9.999000000000000000e+03
-9.999000000000000000e+03
-9.999000000000000000e+03
-9.999000000000000000e+03
-9.999000000000000000e+03
-9.999000000000000000e+03
-9.999000000000000000e+03
-9.999000000000000000e+03
9.861567057669162750e-03
5.658176913857460022e-02
-9.999000000000000000e+03
-9.999000000000000000e+03
-4.294266924262046814e-02
-4.378048330545425415e-02
-1.165384985506534576e-02
6.258349120616912842e-02
1.529902368783950806e-01
1.311500966548919678e-01
1.586576253175735474e-01
1.759865432977676392e-01
1.453199535608291626e-01
9.097184240818023682e-02
-9.999000000000000000e+03
-9.999000000000000000e+03
-9.999000000000000000e+03
-9.999000000000000000e+03
-9.999000000000000000e+03
-9.999000000000000000e+03
-9.999000000000000000e+03
-9.999000000000000000e+03
-9.999000000000000000e+03
-9.999000000000000000e+03
-9.999000000000000000e+03
-9.999000000000000000e+03
-9.999000000000000000e+03
-9.999000000000000000e+03
-9.999000000000000000e+03
-9.999000000000000000e+03
-9.999000000000000000e+03
-9.999000000000000000e+03
-9.999000000000000000e+03
-9.999000000000000000e+03
-9.999000000000000000e+03
-2.092775702476501465e-02
-3.453939408063888550e-02
-1.600076444447040558e-02
5.536766350269317627e-02
9.143651276826858521e-02
1.152250468730926514e-01
1.716857254505157471e-01
1.796720474958419800e-01
1.038245260715484619e-01
7.037719339132308960e-02
-9.999000000000000000e+03
-9.999000000000000000e+03
-9.999000000000000000e+03
-9.999000000000000000e+03
-9.999000000000000000e+03
-9.999000000000000000e+03
-9.999000000000000000e+03
-9.999000000000000000e+03
-9.999000000000000000e+03
-9.999000000000000000e+03
-9.999000000000000000e+03
-9.999000000000000000e+03
-9.999000000000000000e+03
-9.999000000000000000e+03
-9.999000000000000000e+03
-9.999000000000000000e+03
-9.999000000000000000e+03
-9.999000000000000000e+03
-9.999000000000000000e+03
-9.999000000000000000e+03
-9.999000000000000000e+03
-9.999000000000000000e+03
-2.063743211328983307e-02
-2.891739085316658020e-02
2.077087387442588806e-02
-1.901894994080066681e-02
8.093650639057159424e-02
1.640262901782989502e-01
2.044174373149871826e-01
1.355197131633758545e-01
-9.999000000000000000e+03
-9.999000000000000000e+03
-9.999000000000000000e+03
-9.999000000000000000e+03
-9.999000000000000000e+03
-9.999000000000000000e+03
-9.999000000000000000e+03
-9.999000000000000000e+03
-9.999000000000000000e+03
-9.999000000000000000e+03
-9.999000000000000000e+03
-9.999000000000000000e+03
-9.999000000000000000e+03
-9.999000000000000000e+03
-9.999000000000000000e+03
-9.999000000000000000e+03
-9.999000000000000000e+03
-9.999000000000000000e+03
-9.999000000000000000e+03
-9.999000000000000000e+03
-9.999000000000000000e+03
-9.999000000000000000e+03
-9.999000000000000000e+03
-3.012403659522533417e-02
-2.428471855819225311e-02
-3.282910585403442383e-02
-6.981799751520156860e-02
5.170802772045135498e-02
1.955035328865051270e-01
2.677759826183319092e-01
1.925316303968429565e-01
1.164020299911499023e-01
-9.999000000000000000e+03
-9.999000000000000000e+03
-9.999000000000000000e+03
-9.999000000000000000e+03
-9.999000000000000000e+03
-9.999000000000000000e+03
-9.999000000000000000e+03
-9.999000000000000000e+03
-9.999000000000000000e+03
-9.999000000000000000e+03
-9.999000000000000000e+03
-9.999000000000000000e+03
-9.999000000000000000e+03
-9.999000000000000000e+03
-9.999000000000000000e+03
-9.999000000000000000e+03
-9.999000000000000000e+03
-9.999000000000000000e+03
-9.999000000000000000e+03
-9.999000000000000000e+03
-9.999000000000000000e+03
-9.999000000000000000e+03
-9.999000000000000000e+03
-1.146891061216592789e-02
-1.239328179508447647e-02
-2.160900458693504333e-02
8.526846021413803101e-02
1.522187292575836182e-01
1.110871508717536926e-01
1.419074237346649170e-01
1.223104298114776611e-01
-9.999000000000000000e+03
-9.999000000000000000e+03
-9.999000000000000000e+03
-9.999000000000000000e+03
-9.999000000000000000e+03
-9.999000000000000000e+03
-9.999000000000000000e+03
-9.999000000000000000e+03
-9.999000000000000000e+03
-9.999000000000000000e+03
-9.999000000000000000e+03
-9.999000000000000000e+03
-9.999000000000000000e+03
-9.999000000000000000e+03
-9.999000000000000000e+03
-9.999000000000000000e+03
-9.999000000000000000e+03
-9.999000000000000000e+03
-9.999000000000000000e+03
-9.999000000000000000e+03
-9.999000000000000000e+03
-9.999000000000000000e+03
-9.999000000000000000e+03
1.121127698570489883e-02
-1.591896265745162964e-02
-4.791620001196861267e-02
-1.438875030726194382e-02
-2.969263494014739990e-02
-5.865494534373283386e-02
-1.887477003037929535e-02
4.728263244032859802e-02
6.983173638582229614e-02
-9.999000000000000000e+03
-9.999000000000000000e+03
-9.999000000000000000e+03
-9.999000000000000000e+03
-9.999000000000000000e+03
-9.999000000000000000e+03
-9.999000000000000000e+03
-9.999000000000000000e+03
-9.999000000000000000e+03
-9.999000000000000000e+03
-9.999000000000000000e+03
-9.999000000000000000e+03
-9.999000000000000000e+03
-9.999000000000000000e+03
-9.999000000000000000e+03
-9.999000000000000000e+03
-9.999000000000000000e+03
-9.999000000000000000e+03
-9.999000000000000000e+03
-9.999000000000000000e+03
-9.999000000000000000e+03
-9.999000000000000000e+03
6.935166567564010620e-02
-8.094783872365951538e-03
-5.120335519313812256e-02
-7.241248339414596558e-02
-8.289608359336853027e-02
-1.264825761318206787e-01
-7.860542088747024536e-02
1.382346916943788528e-02
8.474645763635635376e-02
9.029334038496017456e-02
4.974116757512092590e-02
2.065063454210758209e-02
4.182854667305946350e-02
-9.999000000000000000e+03
-9.999000000000000000e+03
-9.999000000000000000e+03
-9.999000000000000000e+03
-9.999000000000000000e+03
-9.999000000000000000e+03
-9.999000000000000000e+03
-9.999000000000000000e+03
-9.999000000000000000e+03
-9.999000000000000000e+03
-9.999000000000000000e+03
-9.999000000000000000e+03
-9.999000000000000000e+03
-9.999000000000000000e+03
-9.999000000000000000e+03
-9.999000000000000000e+03
-9.999000000000000000e+03
5.331056192517280579e-02
6.214027479290962219e-02
3.372108563780784607e-02
-1.313595846295356750e-02
-6.544850021600723267e-02
-1.147592365741729736e-01
-1.128745153546333313e-01
-5.138362944126129150e-02
2.429103665053844452e-02
7.696706056594848633e-02
9.471628069877624512e-02
2.852080762386322021e-02
3.593294695019721985e-02
4.183614253997802734e-02
-9.999000000000000000e+03
-9.999000000000000000e+03
-9.999000000000000000e+03
-9.999000000000000000e+03
-9.999000000000000000e+03
-9.999000000000000000e+03
-9.999000000000000000e+03
-9.999000000000000000e+03
-9.999000000000000000e+03
-9.999000000000000000e+03
-9.999000000000000000e+03
-9.999000000000000000e+03
-9.999000000000000000e+03
-9.999000000000000000e+03
-9.999000000000000000e+03
-5.657268920913338661e-04
1.206331420689821243e-02
2.881587482988834381e-02
4.884104430675506592e-02
4.315692558884620667e-02
1.497151423245668411e-02
-2.960652671754360199e-02
-8.280243724584579468e-02
-1.053313389420509338e-01
-4.111063107848167419e-02
3.819332271814346313e-02
6.950533390045166016e-02
1.072319000959396362e-01
8.296086639165878296e-02
-9.999000000000000000e+03
-9.999000000000000000e+03
-9.999000000000000000e+03
-9.999000000000000000e+03
-9.999000000000000000e+03
-9.999000000000000000e+03
-9.999000000000000000e+03
-9.999000000000000000e+03
-9.999000000000000000e+03
-9.999000000000000000e+03
-9.999000000000000000e+03
-9.999000000000000000e+03
-9.999000000000000000e+03
-9.999000000000000000e+03
-9.999000000000000000e+03
-9.999000000000000000e+03
-2.146569266915321350e-02
-9.931340813636779785e-03
3.478159382939338684e-02
5.580058321356773376e-02
6.073736026883125305e-02
4.370192065834999084e-02
4.230933263897895813e-03
-2.390304952859878540e-02
-5.096807703375816345e-02
-6.512270867824554443e-02
-4.798148199915885925e-02
1.440427638590335846e-02
4.520986974239349365e-02
1.345244050025939941e-01
-9.999000000000000000e+03
-9.999000000000000000e+03
-9.999000000000000000e+03
-9.999000000000000000e+03
-9.999000000000000000e+03
-9.999000000000000000e+03
-9.999000000000000000e+03
-9.999000000000000000e+03
-9.999000000000000000e+03
-9.999000000000000000e+03
-9.999000000000000000e+03
-9.999000000000000000e+03
-9.999000000000000000e+03
-9.999000000000000000e+03
-9.999000000000000000e+03
-9.999000000000000000e+03
-9.999000000000000000e+03
-2.830782160162925720e-02
-2.948217792436480522e-03
8.228891342878341675e-02
9.330704063177108765e-02
7.057040184736251831e-02
2.626803517341613770e-02
-1.229426357895135880e-02
-2.998713403940200806e-02
-3.247588500380516052e-02
-3.992674127221107483e-02
-3.139434382319450378e-02
3.403229638934135437e-03
3.558575734496116638e-02
1.009653881192207336e-01
-9.999000000000000000e+03
-9.999000000000000000e+03
-9.999000000000000000e+03
-9.999000000000000000e+03
-9.999000000000000000e+03
-9.999000000000000000e+03
-9.999000000000000000e+03
-9.999000000000000000e+03
-9.999000000000000000e+03
-9.999000000000000000e+03
-9.999000000000000000e+03
-9.999000000000000000e+03
-9.999000000000000000e+03
-9.999000000000000000e+03
-9.999000000000000000e+03
-9.999000000000000000e+03
-9.999000000000000000e+03
1.855823770165443420e-02
7.917418330907821655e-02
1.181532964110374451e-01
1.093620583415031433e-01
7.184522598981857300e-02
-9.412447921931743622e-03
-3.983766958117485046e-02
-4.100317507982254028e-02
-2.485575713217258453e-02
-1.395714003592729568e-02
-1.358855515718460083e-02
9.666325524449348450e-03
-8.086404763162136078e-03
-9.999000000000000000e+03
-9.999000000000000000e+03
-9.999000000000000000e+03
-9.999000000000000000e+03
-9.999000000000000000e+03
-9.999000000000000000e+03
-9.999000000000000000e+03
-9.999000000000000000e+03
-9.999000000000000000e+03
-9.999000000000000000e+03
-9.999000000000000000e+03
-9.999000000000000000e+03
-9.999000000000000000e+03
-9.999000000000000000e+03
-9.999000000000000000e+03
-9.999000000000000000e+03
-9.999000000000000000e+03
-9.999000000000000000e+03
6.883002072572708130e-02
1.262163072824478149e-01
1.315510272979736328e-01
9.218349307775497437e-02
1.225981209427118301e-02
-4.751658067107200623e-02
-6.117587909102439880e-02
-4.924310743808746338e-02
-1.196214277297258377e-02
2.004536055028438568e-02
1.566612347960472107e-02
6.198110058903694153e-03
-9.999000000000000000e+03
-9.999000000000000000e+03
-9.999000000000000000e+03
-9.999000000000000000e+03
-9.999000000000000000e+03
-9.999000000000000000e+03
-9.999000000000000000e+03
-9.999000000000000000e+03
-9.999000000000000000e+03
-9.999000000000000000e+03
-9.999000000000000000e+03
-9.999000000000000000e+03
-9.999000000000000000e+03
-9.999000000000000000e+03
-9.999000000000000000e+03
-9.999000000000000000e+03
-9.999000000000000000e+03
-9.999000000000000000e+03
-9.999000000000000000e+03
9.755619615316390991e-02
1.228330582380294800e-01
1.092242449522018433e-01
6.533984839916229248e-02
-5.397259071469306946e-02
-8.012899011373519897e-02
-6.416025012731552124e-02
-3.310132026672363281e-02
-8.914501406252384186e-03
1.126668136566877365e-02
-9.999000000000000000e+03
-9.999000000000000000e+03
-9.999000000000000000e+03
-9.999000000000000000e+03
-9.999000000000000000e+03
-9.999000000000000000e+03
-9.999000000000000000e+03
-9.999000000000000000e+03
-9.999000000000000000e+03
-9.999000000000000000e+03
-9.999000000000000000e+03
-9.999000000000000000e+03
-9.999000000000000000e+03
-9.999000000000000000e+03
-9.999000000000000000e+03
-9.999000000000000000e+03
-9.999000000000000000e+03
-9.999000000000000000e+03
-9.999000000000000000e+03
-9.999000000000000000e+03
-9.999000000000000000e+03
8.711498230695724487e-02
7.454283535480499268e-02
5.421044677495956421e-02
-9.503901936113834381e-03
-5.986241251230239868e-02
-6.804909557104110718e-02
-9.999000000000000000e+03
-9.999000000000000000e+03
-9.999000000000000000e+03
-9.999000000000000000e+03
-9.999000000000000000e+03
-9.999000000000000000e+03
-9.999000000000000000e+03
-9.999000000000000000e+03
-9.999000000000000000e+03
-9.999000000000000000e+03
-9.999000000000000000e+03
-9.999000000000000000e+03
-9.999000000000000000e+03
-9.999000000000000000e+03
-9.999000000000000000e+03
-9.999000000000000000e+03
-9.999000000000000000e+03
-9.999000000000000000e+03
-9.999000000000000000e+03
-9.999000000000000000e+03
-9.999000000000000000e+03
-9.999000000000000000e+03
-9.999000000000000000e+03
-9.999000000000000000e+03
-9.999000000000000000e+03
3.227454423904418945e-02
3.236780315637588501e-02
3.272895142436027527e-02
-9.999000000000000000e+03
-9.999000000000000000e+03
-9.999000000000000000e+03
-9.999000000000000000e+03
-9.999000000000000000e+03
-9.999000000000000000e+03
-9.999000000000000000e+03
-9.999000000000000000e+03
-9.999000000000000000e+03
-9.999000000000000000e+03
-9.999000000000000000e+03
-9.999000000000000000e+03
-9.999000000000000000e+03
-9.999000000000000000e+03
-9.999000000000000000e+03
-9.999000000000000000e+03
-9.999000000000000000e+03
-9.999000000000000000e+03
-9.999000000000000000e+03
-9.999000000000000000e+03
-9.999000000000000000e+03
-9.999000000000000000e+03
-9.999000000000000000e+03
-9.999000000000000000e+03
-9.999000000000000000e+03
-9.999000000000000000e+03
-9.999000000000000000e+03
-9.999000000000000000e+03
