-1.396641582250595093e-01
-9.949575364589691162e-02
-4.609511792659759521e-02
-2.320391358807682991e-03
3.741047158837318420e-02
7.983119040727615356e-02
1.348905712366104126e-01
1.892884373664855957e-01
2.446101605892181396e-01
2.740167379379272461e-01
2.582484483718872070e-01
-9.999000000000000000e+03
-9.999000000000000000e+03
-9.999000000000000000e+03
-9.999000000000000000e+03
-9.999000000000000000e+03
-9.999000000000000000e+03
-9.999000000000000000e+03
-9.999000000000000000e+03
-9.999000000000000000e+03
-9.999000000000000000e+03
-9.999000000000000000e+03
-9.999000000000000000e+03
4.983960837125778198e-02
6.054668873548507690e-02
7.589731365442276001e-02
8.236771821975708008e-02
6.786364316940307617e-02
7.187025994062423706e-02
6.830766797065734863e-02
8.275807648897171021e-02
-1.254762709140777588e-01
-9.348502010107040405e-02
-4.985482245683670044e-02
-6.554913707077503204e-03
4.300775006413459778e-02
1.004080995917320251e-01
1.631862670183181763e-01
2.141874730587005615e-01
2.521620988845825195e-01
2.769148051738739014e-01
2.698801457881927490e-01
1.513319909572601318e-01
-9.999000000000000000e+03
-9.999000000000000000e+03
-9.999000000000000000e+03
-9.999000000000000000e+03
-9.999000000000000000e+03
-9.999000000000000000e+03
-9.999000000000000000e+03
-9.999000000000000000e+03
-9.999000000000000000e+03
5.328660830855369568e-03
2.860513702034950256e-02
5.286398530006408691e-02
3.777941688895225525e-02
5.550915747880935669e-02
4.785690084099769592e-02
4.537452384829521179e-02
4.539338871836662292e-02
5.618439242243766785e-02
6.742857396602630615e-02
-1.247728615999221802e-01
-8.893423527479171753e-02
-4.777295142412185669e-02
1.212200149893760681e-02
6.833626329898834229e-02
1.229992434382438660e-01
1.713526546955108643e-01
2.191985845565795898e-01
2.504357695579528809e-01
2.648297250270843506e-01
2.417167127132415771e-01
1.560227870941162109e-01
-9.999000000000000000e+03
-9.999000000000000000e+03
-9.999000000000000000e+03
-9.999000000000000000e+03
-9.999000000000000000e+03
-9.999000000000000000e+03
-9.999000000000000000e+03
-1.852085441350936890e-02
-1.008833665400743484e-02
6.810367573052644730e-03
1.309305429458618164e-02
2.375341579318046570e-02
3.649912029504776001e-02
3.783039376139640808e-02
3.205255046486854553e-02
2.332813106477260590e-02
2.341679856181144714e-02
3.112816251814365387e-02
4.000670090317726135e-02
-1.092261821031570435e-01
-8.506847918033599854e-02
-5.243165791034698486e-02
1.096007134765386581e-02
8.726850897073745728e-02
1.439409703016281128e-01
1.804070025682449341e-01
2.140518426895141602e-01
2.303367555141448975e-01
2.414138764142990112e-01
2.310830652713775635e-01
1.579027175903320312e-01
7.877165079116821289e-02
-9.999000000000000000e+03
-9.999000000000000000e+03
-9.999000000000000000e+03
-3.870374336838722229e-02
-4.561207816004753113e-02
-4.124826192855834961e-02
-1.766875199973583221e-02
-9.246898116543889046e-04
9.079981595277786255e-03
1.903575286269187927e-02
2.407887950539588928e-02
3.246380761265754700e-02
1.595848053693771362e-02
1.212876755744218826e-02
-7.171464618295431137e-03
-1.580649986863136292e-02
-3.315220121294260025e-03
8.721804246306419373e-03
-8.014981448650360107e-02
-5.332421511411666870e-02
-1.178722269833087921e-02
3.436752408742904663e-02
8.570159226655960083e-02
1.285098940134048462e-01
1.614918112754821777e-01
1.943433731794357300e-01
1.971312016248703003e-01
1.906052827835083008e-01
1.703206896781921387e-01
1.199271157383918762e-01
6.275038421154022217e-02
1.167540997266769409e-02
-4.009872302412986755e-02
-6.092642992734909058e-02
-6.123169884085655212e-02
-4.489477723836898804e-02
-2.522484585642814636e-02
6.379927974194288254e-03
2.491021715104579926e-02
2.821193821728229523e-02
4.298651590943336487e-02
2.610151097178459167e-02
8.830023929476737976e-03
-2.193080820143222809e-02
-3.404634073376655579e-02
-5.665377527475357056e-02
-6.539899855852127075e-02
-4.237745329737663269e-02
-1.617725379765033722e-02
-3.892089426517486572e-02
-2.286737971007823944e-02
4.479892551898956299e-03
4.398342221975326538e-02
8.451810479164123535e-02
1.145069748163223267e-01
1.309485286474227905e-01
1.506643444299697876e-01
1.516565978527069092e-01
1.494767516851425171e-01
1.183686926960945129e-01
8.094971626996994019e-02
4.012161120772361755e-02
-5.840321537107229233e-03
-3.364853933453559875e-02
-5.018297210335731506e-02
-3.989494219422340393e-02
2.944425214082002640e-04
3.474526852369308472e-02
7.120200246572494507e-02
7.158168405294418335e-02
6.130623817443847656e-02
4.295323789119720459e-02
1.260408759117126465e-02
-2.436590008437633514e-02
-7.114872336387634277e-02
-9.032343327999114990e-02
-1.099815070629119873e-01
-1.076734885573387146e-01
-7.950837910175323486e-02
-4.464014247059822083e-02
-1.991955796256661415e-03
1.685544103384017944e-02
3.356705233454704285e-02
5.403982475399971008e-02
7.286740094423294067e-02
9.360416233539581299e-02
1.069669499993324280e-01
1.191408336162567139e-01
1.165776699781417847e-01
1.026827469468116760e-01
8.360170572996139526e-02
5.827806144952774048e-02
3.533401712775230408e-02
-1.890272105811163783e-04
-1.590138650499284267e-03
1.467125141061842442e-03
3.019738569855690002e-02
6.415157765150070190e-02
7.934304326772689819e-02
1.006519794464111328e-01
8.192273974418640137e-02
5.477802827954292297e-02
2.075377292931079865e-02
-1.073815114796161652e-02
-5.311343818902969360e-02
-9.481044113636016846e-02
-1.276947557926177979e-01
-1.525496244430541992e-01
-1.461689621210098267e-01
-1.006128042936325073e-01
-7.288325577974319458e-02
-2.840911620296537876e-04
2.818484790623188019e-02
5.072436109185218811e-02
5.861281231045722961e-02
7.010026276111602783e-02
8.619672805070877075e-02
9.695278108119964600e-02
1.010246351361274719e-01
9.885925054550170898e-02
7.185500115156173706e-02
5.279848352074623108e-02
2.899204380810260773e-02
3.183064237236976624e-02
3.452023118734359741e-02
5.017716437578201294e-02
5.685291439294815063e-02
9.236946702003479004e-02
1.057544425129890442e-01
1.000341847538948059e-01
9.071147441864013672e-02
7.866527885198593140e-02
6.337447464466094971e-02
4.029054567217826843e-02
-1.125835068523883820e-02
-8.150728791952133179e-02
-1.435021609067916870e-01
-1.806279867887496948e-01
-2.059807777404785156e-01
-1.957847326993942261e-01
-1.398435235023498535e-01
-1.053183376789093018e-01
1.366672106087207794e-02
2.996512316167354584e-02
4.599687457084655762e-02
5.465049669146537781e-02
6.641118973493576050e-02
9.123685956001281738e-02
9.682971239089965820e-02
7.320445030927658081e-02
4.940496012568473816e-02
2.748326025903224945e-02
2.557586133480072021e-02
3.198902681469917297e-02
6.031580641865730286e-02
8.698169142007827759e-02
1.089081540703773499e-01
1.086572632193565369e-01
1.136671751737594604e-01
1.032213270664215088e-01
8.965507149696350098e-02
8.141887933015823364e-02
7.239695638418197632e-02
6.263927370309829712e-02
3.660927712917327881e-02
3.354325424879789352e-03
-3.579301014542579651e-02
-1.298872232437133789e-01
-1.923049092292785645e-01
-2.433850765228271484e-01
-2.269936203956604004e-01
-1.747404485940933228e-01
-1.197529658675193787e-01
1.010807417333126068e-02
1.469430048018693924e-02
3.198007494211196899e-02
3.778117522597312927e-02
5.654116347432136536e-02
7.027127593755722046e-02
6.639057397842407227e-02
4.775871708989143372e-02
1.113585289567708969e-02
2.582607790827751160e-03
3.224197402596473694e-02
7.623379677534103394e-02
1.042022481560707092e-01
1.198328435420989990e-01
1.272659897804260254e-01
1.202647835016250610e-01
1.032103151082992554e-01
6.598748266696929932e-02
5.300830677151679993e-02
3.447811678051948547e-02
5.164403840899467468e-02
-9.999000000000000000e+03
-9.999000000000000000e+03
-9.999000000000000000e+03
-9.999000000000000000e+03
-9.999000000000000000e+03
-9.999000000000000000e+03
-1.850737929344177246e-01
-2.295537441968917847e-01
-1.870657503604888916e-01
-1.161175221204757690e-01
5.211245152167975903e-04
3.685388714075088501e-03
9.047285653650760651e-03
1.830399222671985626e-02
3.994577750563621521e-02
3.917748481035232544e-02
4.780488088726997375e-02
2.897100336849689484e-02
1.145461760461330414e-02
2.649209462106227875e-02
5.991540476679801941e-02
1.220165640115737915e-01
1.252954304218292236e-01
1.304586827754974365e-01
1.124857589602470398e-01
9.845549613237380981e-02
1.039245128631591797e-01
-9.999000000000000000e+03
-9.999000000000000000e+03
-9.999000000000000000e+03
-9.999000000000000000e+03
-9.999000000000000000e+03
-9.999000000000000000e+03
-9.999000000000000000e+03
-9.999000000000000000e+03
-9.999000000000000000e+03
-9.999000000000000000e+03
-1.406946331262588501e-01
-1.921944767236709595e-01
-1.925595253705978394e-01
-1.375235915184020996e-01
1.185493357479572296e-02
8.712349459528923035e-03
2.177826687693595886e-02
4.441919550299644470e-02
4.575949162244796753e-02
4.170949757099151611e-02
4.678913950920104980e-02
2.863003313541412354e-02
2.760485932230949402e-02
9.042922407388687134e-02
1.119926795363426208e-01
1.265921592712402344e-01
1.295292228460311890e-01
1.247009411454200745e-01
5.505146831274032593e-02
5.554584041237831116e-02
-9.999000000000000000e+03
-9.999000000000000000e+03
-9.999000000000000000e+03
-9.999000000000000000e+03
-9.999000000000000000e+03
-9.999000000000000000e+03
-9.999000000000000000e+03
-9.999000000000000000e+03
-9.999000000000000000e+03
-9.999000000000000000e+03
-9.999000000000000000e+03
-9.999000000000000000e+03
-1.158235147595405579e-01
-1.534801125526428223e-01
-1.001658663153648376e-01
-3.296276554465293884e-02
-2.765584364533424377e-02
8.002363145351409912e-03
4.385846480727195740e-02
5.231366306543350220e-02
5.816406384110450745e-02
3.466648608446121216e-02
3.892539069056510925e-02
7.181753218173980713e-02
1.240525916218757629e-01
1.326314657926559448e-01
1.270316243171691895e-01
1.039049103856086731e-01
1.160838082432746887e-01
-9.999000000000000000e+03
-9.999000000000000000e+03
-9.999000000000000000e+03
-9.999000000000000000e+03
-9.999000000000000000e+03
-9.999000000000000000e+03
-9.999000000000000000e+03
-9.999000000000000000e+03
-9.999000000000000000e+03
-9.999000000000000000e+03
-9.999000000000000000e+03
-9.999000000000000000e+03
-9.999000000000000000e+03
-9.999000000000000000e+03
-9.999000000000000000e+03
-1.020178794860839844e-01
-7.459784299135208130e-02
-9.999000000000000000e+03
-4.864999279379844666e-02
-2.474468387663364410e-02
9.292655624449253082e-03
4.230824112892150879e-02
5.678322911262512207e-02
3.331255540251731873e-02
7.432439923286437988e-02
1.289485245943069458e-01
1.312176883220672607e-01
1.298634111881256104e-01
1.208476200699806213e-01
8.141324669122695923e-02
-9.999000000000000000e+03
-9.999000000000000000e+03
-9.999000000000000000e+03
-9.999000000000000000e+03
-9.999000000000000000e+03
-9.999000000000000000e+03
-9.999000000000000000e+03
-9.999000000000000000e+03
-9.999000000000000000e+03
-9.999000000000000000e+03
-9.999000000000000000e+03
-9.999000000000000000e+03
-9.999000000000000000e+03
-9.999000000000000000e+03
-9.999000000000000000e+03
-9.999000000000000000e+03
-2.792964503169059753e-02
-6.349106319248676300e-03
-9.999000000000000000e+03
-9.999000000000000000e+03
-4.890727996826171875e-02
-1.956327073276042938e-02
1.611206866800785065e-02
3.844922408461570740e-02
7.082489877939224243e-02
1.027893349528312683e-01
1.275645941495895386e-01
1.196827590465545654e-01
1.044432893395423889e-01
5.185261741280555725e-02
-9.999000000000000000e+03
-9.999000000000000000e+03
-9.999000000000000000e+03
-9.999000000000000000e+03
-9.999000000000000000e+03
-9.999000000000000000e+03
-9.999000000000000000e+03
-9.999000000000000000e+03
-9.999000000000000000e+03
-9.999000000000000000e+03
-9.999000000000000000e+03
-9.999000000000000000e+03
-9.999000000000000000e+03
-9.999000000000000000e+03
-9.999000000000000000e+03
-9.999000000000000000e+03
-9.999000000000000000e+03
7.808499038219451904e-03
4.832711443305015564e-02
-9.999000000000000000e+03
-9.999000000000000000e+03
-3.175131604075431824e-02
-2.222155034542083740e-02
2.646359382197260857e-03
3.876620903611183167e-02
1.021653115749359131e-01
1.153631955385208130e-01
1.193958520889282227e-01
1.027580425143241882e-01
8.280792832374572754e-02
6.553030014038085938e-02
-9.999000000000000000e+03
-9.999000000000000000e+03
-9.999000000000000000e+03
-9.999000000000000000e+03
-9.999000000000000000e+03
-9.999000000000000000e+03
-9.999000000000000000e+03
-9.999000000000000000e+03
-9.999000000000000000e+03
-9.999000000000000000e+03
-9.999000000000000000e+03
-9.999000000000000000e+03
-9.999000000000000000e+03
-9.999000000000000000e+03
-9.999000000000000000e+03
-9.999000000000000000e+03
-9.999000000000000000e+03
-9.999000000000000000e+03
-9.999000000000000000e+03
-9.999000000000000000e+03
-9.999000000000000000e+03
-1.660587638616561890e-02
-1.417996641248464584e-02
-8.692677947692573071e-04
4.584958776831626892e-02
8.126877248287200928e-02
1.008934453129768372e-01
1.069948375225067139e-01
9.398311376571655273e-02
5.938918888568878174e-02
4.139390587806701660e-02
-9.999000000000000000e+03
-9.999000000000000000e+03
-9.999000000000000000e+03
-9.999000000000000000e+03
-9.999000000000000000e+03
-9.999000000000000000e+03
-9.999000000000000000e+03
-9.999000000000000000e+03
-9.999000000000000000e+03
-9.999000000000000000e+03
-9.999000000000000000e+03
-9.999000000000000000e+03
-9.999000000000000000e+03
-9.999000000000000000e+03
-9.999000000000000000e+03
-9.999000000000000000e+03
-9.999000000000000000e+03
-9.999000000000000000e+03
-9.999000000000000000e+03
-9.999000000000000000e+03
-9.999000000000000000e+03
-9.999000000000000000e+03
-1.616683043539524078e-02
-9.089444763958454132e-03
3.961512073874473572e-02
4.185283929109573364e-02
6.230207532644271851e-02
1.052848175168037415e-01
1.304323375225067139e-01
7.476283609867095947e-02
-9.999000000000000000e+03
-9.999000000000000000e+03
-9.999000000000000000e+03
-9.999000000000000000e+03
-9.999000000000000000e+03
-9.999000000000000000e+03
-9.999000000000000000e+03
-9.999000000000000000e+03
-9.999000000000000000e+03
-9.999000000000000000e+03
-9.999000000000000000e+03
-9.999000000000000000e+03
-9.999000000000000000e+03
-9.999000000000000000e+03
-9.999000000000000000e+03
-9.999000000000000000e+03
-9.999000000000000000e+03
-9.999000000000000000e+03
-9.999000000000000000e+03
-9.999000000000000000e+03
-9.999000000000000000e+03
-9.999000000000000000e+03
-9.999000000000000000e+03
-8.776273578405380249e-03
9.808204136788845062e-03
1.999325491487979889e-02
4.498235881328582764e-03
4.372292384505271912e-02
1.208269372582435608e-01
1.432524323463439941e-01
8.290218561887741089e-02
3.745523840188980103e-02
-9.999000000000000000e+03
-9.999000000000000000e+03
-9.999000000000000000e+03
-9.999000000000000000e+03
-9.999000000000000000e+03
-9.999000000000000000e+03
-9.999000000000000000e+03
-9.999000000000000000e+03
-9.999000000000000000e+03
-9.999000000000000000e+03
-9.999000000000000000e+03
-9.999000000000000000e+03
-9.999000000000000000e+03
-9.999000000000000000e+03
-9.999000000000000000e+03
-9.999000000000000000e+03
-9.999000000000000000e+03
-9.999000000000000000e+03
-9.999000000000000000e+03
-9.999000000000000000e+03
-9.999000000000000000e+03
-9.999000000000000000e+03
-9.999000000000000000e+03
6.905699148774147034e-03
1.704738289117813110e-02
4.154073074460029602e-03
4.259474202990531921e-02
6.601140648126602173e-02
9.331352077424526215e-03
2.847399003803730011e-02
7.912991940975189209e-02
-9.999000000000000000e+03
-9.999000000000000000e+03
-9.999000000000000000e+03
-9.999000000000000000e+03
-9.999000000000000000e+03
-9.999000000000000000e+03
-9.999000000000000000e+03
-9.999000000000000000e+03
-9.999000000000000000e+03
-9.999000000000000000e+03
-9.999000000000000000e+03
-9.999000000000000000e+03
-9.999000000000000000e+03
-9.999000000000000000e+03
-9.999000000000000000e+03
-9.999000000000000000e+03
-9.999000000000000000e+03
-9.999000000000000000e+03
-9.999000000000000000e+03
-9.999000000000000000e+03
-9.999000000000000000e+03
-9.999000000000000000e+03
-9.999000000000000000e+03
5.100110080093145370e-03
-6.637742742896080017e-03
-2.766005322337150574e-02
-2.469861507415771484e-02
-8.417919278144836426e-02
-1.517399400472640991e-01
-9.739768505096435547e-02
3.998814616352319717e-03
5.894605442881584167e-02
-9.999000000000000000e+03
-9.999000000000000000e+03
-9.999000000000000000e+03
-9.999000000000000000e+03
-9.999000000000000000e+03
-9.999000000000000000e+03
-9.999000000000000000e+03
-9.999000000000000000e+03
-9.999000000000000000e+03
-9.999000000000000000e+03
-9.999000000000000000e+03
-9.999000000000000000e+03
-9.999000000000000000e+03
-9.999000000000000000e+03
-9.999000000000000000e+03
-9.999000000000000000e+03
-9.999000000000000000e+03
-9.999000000000000000e+03
-9.999000000000000000e+03
-9.999000000000000000e+03
-9.999000000000000000e+03
-9.999000000000000000e+03
4.255102574825286865e-02
1.519110053777694702e-02
-2.944299019873142242e-03
-4.306850954890251160e-02
-9.908843040466308594e-02
-1.622529476881027222e-01
-1.225803121924400330e-01
-8.980298414826393127e-03
9.858013689517974854e-02
2.946619316935539246e-02
-3.185934200882911682e-02
-5.569882225245237350e-03
1.922935806214809418e-02
-9.999000000000000000e+03
-9.999000000000000000e+03
-9.999000000000000000e+03
-9.999000000000000000e+03
-9.999000000000000000e+03
-9.999000000000000000e+03
-9.999000000000000000e+03
-9.999000000000000000e+03
-9.999000000000000000e+03
-9.999000000000000000e+03
-9.999000000000000000e+03
-9.999000000000000000e+03
-9.999000000000000000e+03
-9.999000000000000000e+03
-9.999000000000000000e+03
-9.999000000000000000e+03
-9.999000000000000000e+03
5.387942120432853699e-02
6.272953748703002930e-02
5.849632993340492249e-02
2.372440323233604431e-02
-2.794313989579677582e-02
-8.355730026960372925e-02
-9.840835630893707275e-02
-8.590348809957504272e-02
-3.714862093329429626e-02
3.629535809159278870e-02
1.903216727077960968e-02
2.474943548440933228e-02
1.394930761307477951e-02
2.572799660265445709e-02
-9.999000000000000000e+03
-9.999000000000000000e+03
-9.999000000000000000e+03
-9.999000000000000000e+03
-9.999000000000000000e+03
-9.999000000000000000e+03
-9.999000000000000000e+03
-9.999000000000000000e+03
-9.999000000000000000e+03
-9.999000000000000000e+03
-9.999000000000000000e+03
-9.999000000000000000e+03
-9.999000000000000000e+03
-9.999000000000000000e+03
-9.999000000000000000e+03
8.318965137004852295e-02
6.772677600383758545e-02
5.680774524807929993e-02
7.466859370470046997e-02
5.905615165829658508e-02
2.576251514256000519e-02
-6.791645195335149765e-03
-4.046789929270744324e-02
-5.981945246458053589e-02
-6.182303279638290405e-02
-4.424196109175682068e-02
6.213046144694089890e-03
6.431347876787185669e-02
8.818159252405166626e-02
-9.999000000000000000e+03
-9.999000000000000000e+03
-9.999000000000000000e+03
-9.999000000000000000e+03
-9.999000000000000000e+03
-9.999000000000000000e+03
-9.999000000000000000e+03
-9.999000000000000000e+03
-9.999000000000000000e+03
-9.999000000000000000e+03
-9.999000000000000000e+03
-9.999000000000000000e+03
-9.999000000000000000e+03
-9.999000000000000000e+03
-9.999000000000000000e+03
-9.999000000000000000e+03
6.808552891016006470e-02
9.777101874351501465e-02
1.119163706898689270e-01
8.445293456315994263e-02
6.546521186828613281e-02
4.576952382922172546e-02
1.945755258202552795e-02
6.707255262881517410e-03
-5.532121751457452774e-03
-2.529437281191349030e-02
-5.313497036695480347e-02
-6.481718271970748901e-02
-1.978635229170322418e-02
9.184820204973220825e-02
-9.999000000000000000e+03
-9.999000000000000000e+03
-9.999000000000000000e+03
-9.999000000000000000e+03
-9.999000000000000000e+03
-9.999000000000000000e+03
-9.999000000000000000e+03
-9.999000000000000000e+03
-9.999000000000000000e+03
-9.999000000000000000e+03
-9.999000000000000000e+03
-9.999000000000000000e+03
-9.999000000000000000e+03
-9.999000000000000000e+03
-9.999000000000000000e+03
-9.999000000000000000e+03
-9.999000000000000000e+03
1.023956760764122009e-01
1.036299541592597961e-01
1.409816443920135498e-01
8.692774176597595215e-02
4.499650001525878906e-02
1.933551765978336334e-02
1.094915671274065971e-03
-6.503944285213947296e-03
9.409467689692974091e-03
-1.316565182060003281e-02
-3.853654488921165466e-02
-5.335267260670661926e-02
-1.213146094232797623e-02
6.142065301537513733e-02
-9.999000000000000000e+03
-9.999000000000000000e+03
-9.999000000000000000e+03
-9.999000000000000000e+03
-9.999000000000000000e+03
-9.999000000000000000e+03
-9.999000000000000000e+03
-9.999000000000000000e+03
-9.999000000000000000e+03
-9.999000000000000000e+03
-9.999000000000000000e+03
-9.999000000000000000e+03
-9.999000000000000000e+03
-9.999000000000000000e+03
-9.999000000000000000e+03
-9.999000000000000000e+03
-9.999000000000000000e+03
1.157673820853233337e-01
1.457011699676513672e-01
1.391336321830749512e-01
8.499974757432937622e-02
3.457569703459739685e-02
-1.555773243308067322e-02
-4.628352820873260498e-02
-2.542909793555736542e-02
-9.328961372375488281e-03
-2.022023685276508331e-02
-4.099628329277038574e-02
-5.213941633701324463e-02
-7.623005192726850510e-03
-9.999000000000000000e+03
-9.999000000000000000e+03
-9.999000000000000000e+03
-9.999000000000000000e+03
-9.999000000000000000e+03
-9.999000000000000000e+03
-9.999000000000000000e+03
-9.999000000000000000e+03
-9.999000000000000000e+03
-9.999000000000000000e+03
-9.999000000000000000e+03
-9.999000000000000000e+03
-9.999000000000000000e+03
-9.999000000000000000e+03
-9.999000000000000000e+03
-9.999000000000000000e+03
-9.999000000000000000e+03
-9.999000000000000000e+03
1.245161294937133789e-01
1.403589397668838501e-01
1.081351861357688904e-01
5.890612304210662842e-02
-1.723250839859247208e-03
-4.858814552426338196e-02
-6.967186927795410156e-02
-3.442394733428955078e-02
-1.376668736338615417e-02
-4.381449427455663681e-03
-2.478519454598426819e-02
-3.886659443378448486e-02
-9.999000000000000000e+03
-9.999000000000000000e+03
-9.999000000000000000e+03
-9.999000000000000000e+03
-9.999000000000000000e+03
-9.999000000000000000e+03
-9.999000000000000000e+03
-9.999000000000000000e+03
-9.999000000000000000e+03
-9.999000000000000000e+03
-9.999000000000000000e+03
-9.999000000000000000e+03
-9.999000000000000000e+03
-9.999000000000000000e+03
-9.999000000000000000e+03
-9.999000000000000000e+03
-9.999000000000000000e+03
-9.999000000000000000e+03
-9.999000000000000000e+03
1.056956499814987183e-01
1.157311871647834778e-01
9.927177429199218750e-02
5.266909301280975342e-02
-4.688864573836326599e-02
-6.371620297431945801e-02
-3.949499875307083130e-02
-1.555405370891094208e-02
-8.027548901736736298e-03
-8.081215433776378632e-03
-9.999000000000000000e+03
-9.999000000000000000e+03
-9.999000000000000000e+03
-9.999000000000000000e+03
-9.999000000000000000e+03
-9.999000000000000000e+03
-9.999000000000000000e+03
-9.999000000000000000e+03
-9.999000000000000000e+03
-9.999000000000000000e+03
-9.999000000000000000e+03
-9.999000000000000000e+03
-9.999000000000000000e+03
-9.999000000000000000e+03
-9.999000000000000000e+03
-9.999000000000000000e+03
-9.999000000000000000e+03
-9.999000000000000000e+03
-9.999000000000000000e+03
-9.999000000000000000e+03
-9.999000000000000000e+03
9.485659003257751465e-02
9.243438392877578735e-02
6.058016791939735413e-02
2.112689195200800896e-03
-4.278104752302169800e-02
-4.650877416133880615e-02
-9.999000000000000000e+03
-9.999000000000000000e+03
-9.999000000000000000e+03
-9.999000000000000000e+03
-9.999000000000000000e+03
-9.999000000000000000e+03
-9.999000000000000000e+03
-9.999000000000000000e+03
-9.999000000000000000e+03
-9.999000000000000000e+03
-9.999000000000000000e+03
-9.999000000000000000e+03
-9.999000000000000000e+03
-9.999000000000000000e+03
-9.999000000000000000e+03
-9.999000000000000000e+03
-9.999000000000000000e+03
-9.999000000000000000e+03
-9.999000000000000000e+03
-9.999000000000000000e+03
-9.999000000000000000e+03
-9.999000000000000000e+03
-9.999000000000000000e+03
-9.999000000000000000e+03
-9.999000000000000000e+03
4.735702648758888245e-02
4.499932006001472473e-02
3.896986693143844604e-02
-9.999000000000000000e+03
-9.999000000000000000e+03
-9.999000000000000000e+03
-9.999000000000000000e+03
-9.999000000000000000e+03
-9.999000000000000000e+03
-9.999000000000000000e+03
-9.999000000000000000e+03
-9.999000000000000000e+03
-9.999000000000000000e+03
-9.999000000000000000e+03
-9.999000000000000000e+03
-9.999000000000000000e+03
-9.999000000000000000e+03
-9.999000000000000000e+03
-9.999000000000000000e+03
-9.999000000000000000e+03
-9.999000000000000000e+03
-9.999000000000000000e+03
-9.999000000000000000e+03
-9.999000000000000000e+03
-9.999000000000000000e+03
-9.999000000000000000e+03
-9.999000000000000000e+03
-9.999000000000000000e+03
-9.999000000000000000e+03
-9.999000000000000000e+03
-9.999000000000000000e+03
