1.235857978463172913e-01
1.362526863813400269e-01
1.225214004516601562e-01
9.691153466701507568e-02
1.030055731534957886e-01
8.238543570041656494e-02
7.206501811742782593e-02
6.285077333450317383e-02
4.269433766603469849e-02
3.308113291859626770e-02
-1.637629978358745575e-02
-9.999000000000000000e+03
-9.999000000000000000e+03
-9.999000000000000000e+03
-9.999000000000000000e+03
-9.999000000000000000e+03
-9.999000000000000000e+03
-9.999000000000000000e+03
-9.999000000000000000e+03
-9.999000000000000000e+03
-9.999000000000000000e+03
-9.999000000000000000e+03
-9.999000000000000000e+03
-3.760701417922973633e-02
-6.186318024992942810e-02
-1.625078171491622925e-02
1.790200173854827881e-02
5.496566370129585266e-02
8.008664846420288086e-02
9.854306280612945557e-02
9.360327571630477905e-02
4.162364080548286438e-02
5.478725954890251160e-02
4.656174406409263611e-02
2.753728814423084259e-02
2.918579801917076111e-02
1.650535501539707184e-02
1.209473516792058945e-02
1.328010112047195435e-02
7.171967532485723495e-03
1.284017227590084076e-02
9.022055193781852722e-03
7.636114023625850677e-03
-9.999000000000000000e+03
-9.999000000000000000e+03
-9.999000000000000000e+03
-9.999000000000000000e+03
-9.999000000000000000e+03
-9.999000000000000000e+03
-9.999000000000000000e+03
-9.999000000000000000e+03
-9.999000000000000000e+03
7.499897852540016174e-03
1.621557772159576416e-02
-3.562554193194955587e-04
2.936408389359712601e-03
1.735236681997776031e-02
4.473273456096649170e-02
6.515584141016006470e-02
7.809838652610778809e-02
8.001936227083206177e-02
8.674465864896774292e-02
-3.455623239278793335e-02
-2.838540077209472656e-02
-4.311030358076095581e-02
-6.195031106472015381e-02
-4.262796789407730103e-02
-4.257817938923835754e-02
-3.273675590753555298e-02
-1.966985128819942474e-02
-2.116075716912746429e-02
-1.467649545520544052e-02
-1.081392727792263031e-02
-5.932163912802934647e-04
-9.999000000000000000e+03
-9.999000000000000000e+03
-9.999000000000000000e+03
-9.999000000000000000e+03
-9.999000000000000000e+03
-9.999000000000000000e+03
-9.999000000000000000e+03
4.776885733008384705e-02
4.482110217213630676e-02
5.798916146159172058e-02
6.640545278787612915e-02
5.218148231506347656e-02
4.405095428228378296e-02
5.869775637984275818e-02
6.768332421779632568e-02
8.039806783199310303e-02
9.876362979412078857e-02
1.154655665159225464e-01
1.409410834312438965e-01
-1.115401461720466614e-01
-1.106684729456901550e-01
-1.209558993577957153e-01
-1.340679377317428589e-01
-1.134384125471115112e-01
-1.031233593821525574e-01
-9.171009063720703125e-02
-6.814943253993988037e-02
-6.079148501157760620e-02
-4.011913388967514038e-02
-3.421598672866821289e-02
-5.099027417600154877e-03
-8.144393563270568848e-03
-9.999000000000000000e+03
-9.999000000000000000e+03
-9.999000000000000000e+03
2.791960537433624268e-02
4.370610415935516357e-02
5.917356163263320923e-02
3.870736062526702881e-02
2.706688269972801208e-02
2.636982873082160950e-02
1.546855457127094269e-02
4.331013560295104980e-02
5.939628556370735168e-02
5.861981213092803955e-02
9.874200075864791870e-02
1.179282441735267639e-01
1.279617697000503540e-01
1.434217244386672974e-01
1.529854685068130493e-01
-1.765159219503402710e-01
-1.843931972980499268e-01
-1.912836432456970215e-01
-1.933026909828186035e-01
-1.736970096826553345e-01
-1.576232910156250000e-01
-1.348924487829208374e-01
-1.053983420133590698e-01
-8.848786354064941406e-02
-6.495673954486846924e-02
-3.676817193627357483e-02
-1.870179548859596252e-02
-1.684026233851909637e-02
-2.916151285171508789e-02
-2.654216252267360687e-03
1.552463043481111526e-02
1.345675904303789139e-02
-2.481689443811774254e-03
-6.402444094419479370e-03
-4.496377706527709961e-02
-5.137549340724945068e-02
-6.759248673915863037e-02
-7.569296658039093018e-02
-4.398398473858833313e-02
-2.346149273216724396e-02
3.839030163362622261e-03
4.499796777963638306e-02
7.559760659933090210e-02
1.030808389186859131e-01
1.244973316788673401e-01
1.325731426477432251e-01
-2.037930935621261597e-01
-2.171411514282226562e-01
-2.314128279685974121e-01
-2.286534905433654785e-01
-2.113007754087448120e-01
-1.928929686546325684e-01
-1.662506014108657837e-01
-1.310761123895645142e-01
-1.098515018820762634e-01
-7.458299398422241211e-02
-3.361497074365615845e-02
-3.242121892981231213e-04
-6.725934334099292755e-03
-8.709362708032131195e-03
-1.329315174371004105e-02
-1.309921313077211380e-02
-4.356016218662261963e-02
-9.446161985397338867e-02
-1.186850443482398987e-01
-1.587631702423095703e-01
-1.710425317287445068e-01
-1.638468056917190552e-01
-1.755178570747375488e-01
-1.312190890312194824e-01
-1.033820807933807373e-01
-7.691132277250289917e-02
-1.040038000792264938e-02
1.714961975812911987e-02
5.113947018980979919e-02
8.735841512680053711e-02
9.684188663959503174e-02
-2.103997915983200073e-01
-2.202590703964233398e-01
-2.295468151569366455e-01
-2.254733592271804810e-01
-2.209263443946838379e-01
-2.090534567832946777e-01
-1.780623048543930054e-01
-1.398908793926239014e-01
-1.045566946268081665e-01
-7.496840506792068481e-02
-3.987843543291091919e-02
-1.914763450622558594e-02
-8.525499142706394196e-03
-1.413185335695743561e-02
-6.129774451255798340e-02
-9.250664710998535156e-02
-1.396984457969665527e-01
-1.766188144683837891e-01
-1.877530366182327271e-01
-2.194952070713043213e-01
-2.414668798446655273e-01
-2.629681825637817383e-01
-2.731487154960632324e-01
-2.471889555454254150e-01
-2.216822057962417603e-01
-1.931673884391784668e-01
-1.162905618548393250e-01
-8.315900713205337524e-02
-3.961351886391639709e-02
2.082282863557338715e-02
4.408772662281990051e-02
-1.714693158864974976e-01
-1.965287774801254272e-01
-2.069923430681228638e-01
-1.946660578250885010e-01
-1.888090521097183228e-01
-1.720115840435028076e-01
-1.522097885608673096e-01
-1.323116421699523926e-01
-1.009401679039001465e-01
-8.106534183025360107e-02
-6.391435116529464722e-02
-5.939051881432533264e-02
-6.281616538763046265e-02
-8.234896510839462280e-02
-1.247481331229209900e-01
-1.540549993515014648e-01
-2.058640122413635254e-01
-2.165941447019577026e-01
-2.247115373611450195e-01
-2.290407121181488037e-01
-2.292524129152297974e-01
-2.539415061473846436e-01
-2.464575916528701782e-01
-2.656014859676361084e-01
-3.029623925685882568e-01
-2.975964546203613281e-01
-2.175123691558837891e-01
-1.689129322767257690e-01
-1.239963844418525696e-01
-6.334984302520751953e-02
-3.885631263256072998e-02
-1.298909783363342285e-01
-1.492086052894592285e-01
-1.665516197681427002e-01
-1.575168520212173462e-01
-1.562700122594833374e-01
-1.405072808265686035e-01
-1.278500109910964966e-01
-1.121721416711807251e-01
-9.066375344991683960e-02
-8.672191202640533447e-02
-8.907470852136611938e-02
-9.677609056234359741e-02
-1.232229471206665039e-01
-1.618891209363937378e-01
-1.963359415531158447e-01
-2.013082653284072876e-01
-2.094575464725494385e-01
-1.947725713253021240e-01
-1.899364739656448364e-01
-1.559871584177017212e-01
-1.131179481744766235e-01
-1.218225136399269104e-01
-1.023017391562461853e-01
-1.509463042020797729e-01
-1.377286165952682495e-01
-2.458433210849761963e-01
-2.348839938640594482e-01
-2.132787257432937622e-01
-1.709902584552764893e-01
-1.255583465099334717e-01
-1.034399643540382385e-01
-1.121721416711807251e-01
-1.148601993918418884e-01
-1.290436685085296631e-01
-1.251948177814483643e-01
-1.213276535272598267e-01
-1.111295968294143677e-01
-9.697955846786499023e-02
-9.766899049282073975e-02
-8.423569798469543457e-02
-1.070705801248550415e-01
-1.320955604314804077e-01
-1.663883626461029053e-01
-1.892518699169158936e-01
-2.065250128507614136e-01
-2.155146896839141846e-01
-2.040314078330993652e-01
-1.849973350763320923e-01
-1.208665594458580017e-01
-1.136557906866073608e-01
-5.812685936689376831e-02
-3.610840067267417908e-02
-9.999000000000000000e+03
-9.999000000000000000e+03
-9.999000000000000000e+03
-9.999000000000000000e+03
-9.999000000000000000e+03
-9.999000000000000000e+03
-2.489555329084396362e-01
-2.104343026876449585e-01
-1.679087579250335693e-01
-1.491119414567947388e-01
-8.689585328102111816e-02
-8.051500469446182251e-02
-8.988302946090698242e-02
-9.011143445968627930e-02
-9.880270063877105713e-02
-8.685115724802017212e-02
-7.859783619642257690e-02
-8.410394191741943359e-02
-1.077996268868446350e-01
-1.475967913866043091e-01
-1.711004674434661865e-01
-2.121347039937973022e-01
-2.180880606174468994e-01
-2.118941992521286011e-01
-1.854209303855895996e-01
-1.527293473482131958e-01
-1.227880120277404785e-01
-9.999000000000000000e+03
-9.999000000000000000e+03
-9.999000000000000000e+03
-9.999000000000000000e+03
-9.999000000000000000e+03
-9.999000000000000000e+03
-9.999000000000000000e+03
-9.999000000000000000e+03
-9.999000000000000000e+03
-9.999000000000000000e+03
-1.245691329240798950e-01
-1.754269748926162720e-01
-2.060211896896362305e-01
-2.018828988075256348e-01
-8.932898193597793579e-02
-8.205836266279220581e-02
-7.517714053392410278e-02
-7.627873122692108154e-02
-8.210481703281402588e-02
-8.924191445112228394e-02
-9.306063503026962280e-02
-1.049480289220809937e-01
-1.609737873077392578e-01
-1.902184486389160156e-01
-1.975639462471008301e-01
-2.025440186262130737e-01
-1.944489032030105591e-01
-1.860612481832504272e-01
-9.454932808876037598e-02
-9.258275479078292847e-02
-9.999000000000000000e+03
-9.999000000000000000e+03
-9.999000000000000000e+03
-9.999000000000000000e+03
-9.999000000000000000e+03
-9.999000000000000000e+03
-9.999000000000000000e+03
-9.999000000000000000e+03
-9.999000000000000000e+03
-9.999000000000000000e+03
-9.999000000000000000e+03
-9.999000000000000000e+03
-9.866957366466522217e-02
-1.947187781333923340e-01
-2.277479320764541626e-01
-1.425408869981765747e-01
-1.166276261210441589e-01
-8.500297367572784424e-02
-7.053861767053604126e-02
-6.820993870496749878e-02
-8.321125060319900513e-02
-9.812302142381668091e-02
-1.283828914165496826e-01
-1.664160192012786865e-01
-1.762290149927139282e-01
-1.786207854747772217e-01
-1.734099090099334717e-01
-1.154172047972679138e-01
-1.221118271350860596e-01
-9.999000000000000000e+03
-9.999000000000000000e+03
-9.999000000000000000e+03
-9.999000000000000000e+03
-9.999000000000000000e+03
-9.999000000000000000e+03
-9.999000000000000000e+03
-9.999000000000000000e+03
-9.999000000000000000e+03
-9.999000000000000000e+03
-9.999000000000000000e+03
-9.999000000000000000e+03
-9.999000000000000000e+03
-9.999000000000000000e+03
-9.999000000000000000e+03
-1.583128720521926880e-01
-2.226494848728179932e-01
-9.999000000000000000e+03
-7.810792326927185059e-02
-7.976946234703063965e-02
-5.946076661348342896e-02
-5.157431587576866150e-02
-6.263294816017150879e-02
-8.300234377384185791e-02
-1.289111226797103882e-01
-1.412776261568069458e-01
-1.354340612888336182e-01
-1.386293172836303711e-01
-1.165674850344657898e-01
-8.765819668769836426e-02
-9.999000000000000000e+03
-9.999000000000000000e+03
-9.999000000000000000e+03
-9.999000000000000000e+03
-9.999000000000000000e+03
-9.999000000000000000e+03
-9.999000000000000000e+03
-9.999000000000000000e+03
-9.999000000000000000e+03
-9.999000000000000000e+03
-9.999000000000000000e+03
-9.999000000000000000e+03
-9.999000000000000000e+03
-9.999000000000000000e+03
-9.999000000000000000e+03
-9.999000000000000000e+03
-1.275956034660339355e-01
-1.994077563285827637e-01
-9.999000000000000000e+03
-9.999000000000000000e+03
-6.804793328046798706e-02
-4.815522208809852600e-02
-4.095577821135520935e-02
-5.212511867284774780e-02
-7.982528209686279297e-02
-1.046708077192306519e-01
-1.025494411587715149e-01
-9.744535386562347412e-02
-1.031742095947265625e-01
-4.731934145092964172e-02
-9.999000000000000000e+03
-9.999000000000000000e+03
-9.999000000000000000e+03
-9.999000000000000000e+03
-9.999000000000000000e+03
-9.999000000000000000e+03
-9.999000000000000000e+03
-9.999000000000000000e+03
-9.999000000000000000e+03
-9.999000000000000000e+03
-9.999000000000000000e+03
-9.999000000000000000e+03
-9.999000000000000000e+03
-9.999000000000000000e+03
-9.999000000000000000e+03
-9.999000000000000000e+03
-9.999000000000000000e+03
-7.482244819402694702e-02
-1.425571441650390625e-01
-9.999000000000000000e+03
-9.999000000000000000e+03
-3.994882479310035706e-02
-4.087058082222938538e-02
-3.337895125150680542e-02
-4.046347737312316895e-02
-6.198473274707794189e-02
-5.860716477036476135e-02
-6.531479209661483765e-02
-6.549551337957382202e-02
-6.518758088350296021e-02
-3.675110265612602234e-02
-9.999000000000000000e+03
-9.999000000000000000e+03
-9.999000000000000000e+03
-9.999000000000000000e+03
-9.999000000000000000e+03
-9.999000000000000000e+03
-9.999000000000000000e+03
-9.999000000000000000e+03
-9.999000000000000000e+03
-9.999000000000000000e+03
-9.999000000000000000e+03
-9.999000000000000000e+03
-9.999000000000000000e+03
-9.999000000000000000e+03
-9.999000000000000000e+03
-9.999000000000000000e+03
-9.999000000000000000e+03
-9.999000000000000000e+03
-9.999000000000000000e+03
-9.999000000000000000e+03
-9.999000000000000000e+03
-2.325041964650154114e-02
-2.629324048757553101e-02
-2.012479491531848907e-02
-2.787163294851779938e-02
-2.049529552459716797e-02
-1.730629988014698029e-02
-1.590305380523204803e-02
-2.534256502985954285e-02
-3.808534890413284302e-02
-3.474969789385795593e-02
-9.999000000000000000e+03
-9.999000000000000000e+03
-9.999000000000000000e+03
-9.999000000000000000e+03
-9.999000000000000000e+03
-9.999000000000000000e+03
-9.999000000000000000e+03
-9.999000000000000000e+03
-9.999000000000000000e+03
-9.999000000000000000e+03
-9.999000000000000000e+03
-9.999000000000000000e+03
-9.999000000000000000e+03
-9.999000000000000000e+03
-9.999000000000000000e+03
-9.999000000000000000e+03
-9.999000000000000000e+03
-9.999000000000000000e+03
-9.999000000000000000e+03
-9.999000000000000000e+03
-9.999000000000000000e+03
-9.999000000000000000e+03
-2.292990684509277344e-02
-2.903600595891475677e-02
-3.317606076598167419e-02
3.197964653372764587e-02
2.467069029808044434e-02
1.460410561412572861e-02
2.593514136970043182e-02
-7.098448113538324833e-04
-9.999000000000000000e+03
-9.999000000000000000e+03
-9.999000000000000000e+03
-9.999000000000000000e+03
-9.999000000000000000e+03
-9.999000000000000000e+03
-9.999000000000000000e+03
-9.999000000000000000e+03
-9.999000000000000000e+03
-9.999000000000000000e+03
-9.999000000000000000e+03
-9.999000000000000000e+03
-9.999000000000000000e+03
-9.999000000000000000e+03
-9.999000000000000000e+03
-9.999000000000000000e+03
-9.999000000000000000e+03
-9.999000000000000000e+03
-9.999000000000000000e+03
-9.999000000000000000e+03
-9.999000000000000000e+03
-9.999000000000000000e+03
-9.999000000000000000e+03
-3.841184824705123901e-02
-5.909904837608337402e-02
-3.343673050403594971e-02
-4.585725255310535431e-03
1.472946628928184509e-02
3.854691749438643456e-03
9.462447464466094971e-02
1.536085605621337891e-01
1.114752441644668579e-01
-9.999000000000000000e+03
-9.999000000000000000e+03
-9.999000000000000000e+03
-9.999000000000000000e+03
-9.999000000000000000e+03
-9.999000000000000000e+03
-9.999000000000000000e+03
-9.999000000000000000e+03
-9.999000000000000000e+03
-9.999000000000000000e+03
-9.999000000000000000e+03
-9.999000000000000000e+03
-9.999000000000000000e+03
-9.999000000000000000e+03
-9.999000000000000000e+03
-9.999000000000000000e+03
-9.999000000000000000e+03
-9.999000000000000000e+03
-9.999000000000000000e+03
-9.999000000000000000e+03
-9.999000000000000000e+03
-9.999000000000000000e+03
-9.999000000000000000e+03
-7.880516350269317627e-02
-5.452496185898780823e-02
-6.604152172803878784e-02
-5.607629567384719849e-02
-2.175886929035186768e-02
-1.573307556100189686e-03
1.523191332817077637e-01
1.855333894491195679e-01
-9.999000000000000000e+03
-9.999000000000000000e+03
-9.999000000000000000e+03
-9.999000000000000000e+03
-9.999000000000000000e+03
-9.999000000000000000e+03
-9.999000000000000000e+03
-9.999000000000000000e+03
-9.999000000000000000e+03
-9.999000000000000000e+03
-9.999000000000000000e+03
-9.999000000000000000e+03
-9.999000000000000000e+03
-9.999000000000000000e+03
-9.999000000000000000e+03
-9.999000000000000000e+03
-9.999000000000000000e+03
-9.999000000000000000e+03
-9.999000000000000000e+03
-9.999000000000000000e+03
-9.999000000000000000e+03
-9.999000000000000000e+03
-9.999000000000000000e+03
-8.699482679367065430e-02
-1.329535543918609619e-01
-1.805468499660491943e-01
-1.556908637285232544e-01
-1.367493420839309692e-01
-1.052702590823173523e-01
-2.766259759664535522e-02
7.730495184659957886e-02
8.117493987083435059e-02
-9.999000000000000000e+03
-9.999000000000000000e+03
-9.999000000000000000e+03
-9.999000000000000000e+03
-9.999000000000000000e+03
-9.999000000000000000e+03
-9.999000000000000000e+03
-9.999000000000000000e+03
-9.999000000000000000e+03
-9.999000000000000000e+03
-9.999000000000000000e+03
-9.999000000000000000e+03
-9.999000000000000000e+03
-9.999000000000000000e+03
-9.999000000000000000e+03
-9.999000000000000000e+03
-9.999000000000000000e+03
-9.999000000000000000e+03
-9.999000000000000000e+03
-9.999000000000000000e+03
-9.999000000000000000e+03
-9.999000000000000000e+03
-2.599966898560523987e-02
-1.021644026041030884e-01
-1.257583200931549072e-01
-1.307148337364196777e-01
-1.152654811739921570e-01
-9.496408700942993164e-02
-8.809950202703475952e-02
-7.462307065725326538e-02
-4.288508370518684387e-02
4.679143021348863840e-04
4.129870794713497162e-03
-2.401064150035381317e-03
1.366459485143423080e-02
-9.999000000000000000e+03
-9.999000000000000000e+03
-9.999000000000000000e+03
-9.999000000000000000e+03
-9.999000000000000000e+03
-9.999000000000000000e+03
-9.999000000000000000e+03
-9.999000000000000000e+03
-9.999000000000000000e+03
-9.999000000000000000e+03
-9.999000000000000000e+03
-9.999000000000000000e+03
-9.999000000000000000e+03
-9.999000000000000000e+03
-9.999000000000000000e+03
-9.999000000000000000e+03
-9.999000000000000000e+03
-5.351863801479339600e-03
-8.553564548492431641e-03
-1.563210040330886841e-02
-2.853545360267162323e-02
-7.775484770536422729e-02
-9.465662389993667603e-02
-8.088202029466629028e-02
-7.302727550268173218e-02
-6.777162849903106689e-02
-2.139624394476413727e-02
1.746540144085884094e-02
2.286873944103717804e-02
2.174233086407184601e-02
1.255910098552703857e-02
-9.999000000000000000e+03
-9.999000000000000000e+03
-9.999000000000000000e+03
-9.999000000000000000e+03
-9.999000000000000000e+03
-9.999000000000000000e+03
-9.999000000000000000e+03
-9.999000000000000000e+03
-9.999000000000000000e+03
-9.999000000000000000e+03
-9.999000000000000000e+03
-9.999000000000000000e+03
-9.999000000000000000e+03
-9.999000000000000000e+03
-9.999000000000000000e+03
2.012622915208339691e-02
8.558603003621101379e-03
-1.214295532554388046e-02
-3.825801238417625427e-02
-2.741644345223903656e-02
-2.301437593996524811e-02
-3.112862817943096161e-02
-6.214688718318939209e-02
-6.634683161973953247e-02
-5.715025588870048523e-02
-3.633278235793113708e-02
-1.924228970892727375e-03
3.150460869073867798e-02
2.944434992969036102e-02
-9.999000000000000000e+03
-9.999000000000000000e+03
-9.999000000000000000e+03
-9.999000000000000000e+03
-9.999000000000000000e+03
-9.999000000000000000e+03
-9.999000000000000000e+03
-9.999000000000000000e+03
-9.999000000000000000e+03
-9.999000000000000000e+03
-9.999000000000000000e+03
-9.999000000000000000e+03
-9.999000000000000000e+03
-9.999000000000000000e+03
-9.999000000000000000e+03
-9.999000000000000000e+03
7.233367767184972763e-03
2.210073545575141907e-02
1.338863279670476913e-02
-9.264997206628322601e-03
-4.700643569231033325e-02
-4.863173887133598328e-02
-1.774697005748748779e-02
-3.273806767538189888e-03
-1.377962995320558548e-02
-2.145813778042793274e-02
-4.656588286161422729e-02
-6.907103210687637329e-02
-8.274697512388229370e-02
-4.920390248298645020e-02
-9.999000000000000000e+03
-9.999000000000000000e+03
-9.999000000000000000e+03
-9.999000000000000000e+03
-9.999000000000000000e+03
-9.999000000000000000e+03
-9.999000000000000000e+03
-9.999000000000000000e+03
-9.999000000000000000e+03
-9.999000000000000000e+03
-9.999000000000000000e+03
-9.999000000000000000e+03
-9.999000000000000000e+03
-9.999000000000000000e+03
-9.999000000000000000e+03
-9.999000000000000000e+03
-9.999000000000000000e+03
-2.186483331024646759e-02
-3.644534572958946228e-02
-5.360098183155059814e-02
-6.259404867887496948e-02
-6.629425287246704102e-02
-4.802095517516136169e-02
-1.877723075449466705e-02
1.427475246600806713e-03
7.799022831022739410e-03
1.260812394320964813e-02
-2.575395628809928894e-03
-3.878679871559143066e-02
-4.570792615413665771e-02
-6.341797113418579102e-02
-9.999000000000000000e+03
-9.999000000000000000e+03
-9.999000000000000000e+03
-9.999000000000000000e+03
-9.999000000000000000e+03
-9.999000000000000000e+03
-9.999000000000000000e+03
-9.999000000000000000e+03
-9.999000000000000000e+03
-9.999000000000000000e+03
-9.999000000000000000e+03
-9.999000000000000000e+03
-9.999000000000000000e+03
-9.999000000000000000e+03
-9.999000000000000000e+03
-9.999000000000000000e+03
-9.999000000000000000e+03
-5.887074023485183716e-02
-8.752291649580001831e-02
-9.270098060369491577e-02
-7.931733876466751099e-02
-6.029359251260757446e-02
-2.611646614968776703e-02
-3.983512055128812790e-03
5.499595776200294495e-03
1.238562073558568954e-02
1.096990425139665604e-02
-2.686962543521076441e-04
-8.902142872102558613e-04
-7.960603106766939163e-04
-9.999000000000000000e+03
-9.999000000000000000e+03
-9.999000000000000000e+03
-9.999000000000000000e+03
-9.999000000000000000e+03
-9.999000000000000000e+03
-9.999000000000000000e+03
-9.999000000000000000e+03
-9.999000000000000000e+03
-9.999000000000000000e+03
-9.999000000000000000e+03
-9.999000000000000000e+03
-9.999000000000000000e+03
-9.999000000000000000e+03
-9.999000000000000000e+03
-9.999000000000000000e+03
-9.999000000000000000e+03
-9.999000000000000000e+03
-6.954613327980041504e-02
-8.543763309717178345e-02
-5.885354056954383850e-02
-3.671377152204513550e-02
-5.467390874400734901e-04
1.289842650294303894e-02
1.361847762018442154e-02
3.049395792186260223e-02
2.796002849936485291e-02
5.344490334391593933e-02
2.229501865804195404e-02
-5.358631722629070282e-03
-9.999000000000000000e+03
-9.999000000000000000e+03
-9.999000000000000000e+03
-9.999000000000000000e+03
-9.999000000000000000e+03
-9.999000000000000000e+03
-9.999000000000000000e+03
-9.999000000000000000e+03
-9.999000000000000000e+03
-9.999000000000000000e+03
-9.999000000000000000e+03
-9.999000000000000000e+03
-9.999000000000000000e+03
-9.999000000000000000e+03
-9.999000000000000000e+03
-9.999000000000000000e+03
-9.999000000000000000e+03
-9.999000000000000000e+03
-9.999000000000000000e+03
-6.061726436018943787e-02
-4.559339210391044617e-02
-1.856068149209022522e-02
1.378739811480045319e-02
8.919385075569152832e-02
8.706276863813400269e-02
7.673427462577819824e-02
5.194716900587081909e-02
3.901711851358413696e-02
2.992950938642024994e-02
-9.999000000000000000e+03
-9.999000000000000000e+03
-9.999000000000000000e+03
-9.999000000000000000e+03
-9.999000000000000000e+03
-9.999000000000000000e+03
-9.999000000000000000e+03
-9.999000000000000000e+03
-9.999000000000000000e+03
-9.999000000000000000e+03
-9.999000000000000000e+03
-9.999000000000000000e+03
-9.999000000000000000e+03
-9.999000000000000000e+03
-9.999000000000000000e+03
-9.999000000000000000e+03
-9.999000000000000000e+03
-9.999000000000000000e+03
-9.999000000000000000e+03
-9.999000000000000000e+03
-9.999000000000000000e+03
-3.418058156967163086e-02
1.546215731650590897e-02
6.649348884820938110e-02
1.042386665940284729e-01
1.293912678956985474e-01
1.060424670577049255e-01
-9.999000000000000000e+03
-9.999000000000000000e+03
-9.999000000000000000e+03
-9.999000000000000000e+03
-9.999000000000000000e+03
-9.999000000000000000e+03
-9.999000000000000000e+03
-9.999000000000000000e+03
-9.999000000000000000e+03
-9.999000000000000000e+03
-9.999000000000000000e+03
-9.999000000000000000e+03
-9.999000000000000000e+03
-9.999000000000000000e+03
-9.999000000000000000e+03
-9.999000000000000000e+03
-9.999000000000000000e+03
-9.999000000000000000e+03
-9.999000000000000000e+03
-9.999000000000000000e+03
-9.999000000000000000e+03
-9.999000000000000000e+03
-9.999000000000000000e+03
-9.999000000000000000e+03
-9.999000000000000000e+03
-9.853590279817581177e-03
1.416270155459642410e-02
8.351735770702362061e-02
-9.999000000000000000e+03
-9.999000000000000000e+03
-9.999000000000000000e+03
-9.999000000000000000e+03
-9.999000000000000000e+03
-9.999000000000000000e+03
-9.999000000000000000e+03
-9.999000000000000000e+03
-9.999000000000000000e+03
-9.999000000000000000e+03
-9.999000000000000000e+03
-9.999000000000000000e+03
-9.999000000000000000e+03
-9.999000000000000000e+03
-9.999000000000000000e+03
-9.999000000000000000e+03
-9.999000000000000000e+03
-9.999000000000000000e+03
-9.999000000000000000e+03
-9.999000000000000000e+03
-9.999000000000000000e+03
-9.999000000000000000e+03
-9.999000000000000000e+03
-9.999000000000000000e+03
-9.999000000000000000e+03
-9.999000000000000000e+03
-9.999000000000000000e+03
-9.999000000000000000e+03
