1.186453029513359070e-01
1.222728788852691650e-01
1.004444360733032227e-01
8.598235249519348145e-02
9.820470958948135376e-02
8.505272865295410156e-02
7.519098371267318726e-02
6.790968775749206543e-02
4.059280455112457275e-02
2.769178338348865509e-02
-2.285484410822391510e-02
-9.999000000000000000e+03
-9.999000000000000000e+03
-9.999000000000000000e+03
-9.999000000000000000e+03
-9.999000000000000000e+03
-9.999000000000000000e+03
-9.999000000000000000e+03
-9.999000000000000000e+03
-9.999000000000000000e+03
-9.999000000000000000e+03
-9.999000000000000000e+03
-9.999000000000000000e+03
-1.867905817925930023e-02
-1.566044986248016357e-02
2.838281169533729553e-02
6.836239248514175415e-02
1.148350983858108521e-01
1.405441910028457642e-01
1.621415317058563232e-01
1.689086556434631348e-01
5.231562629342079163e-02
5.521436035633087158e-02
4.412829503417015076e-02
3.599708154797554016e-02
4.716968163847923279e-02
3.002415038645267487e-02
6.545147858560085297e-03
4.431816283613443375e-03
-9.286970831453800201e-03
-4.872583958785980940e-04
1.276961411349475384e-03
5.712791811674833298e-03
-9.999000000000000000e+03
-9.999000000000000000e+03
-9.999000000000000000e+03
-9.999000000000000000e+03
-9.999000000000000000e+03
-9.999000000000000000e+03
-9.999000000000000000e+03
-9.999000000000000000e+03
-9.999000000000000000e+03
3.879497572779655457e-02
5.380539596080780029e-02
4.308187589049339294e-02
7.120654731988906860e-02
8.176121860742568970e-02
1.051286309957504272e-01
1.305829584598541260e-01
1.435222625732421875e-01
1.537194997072219849e-01
1.628092527389526367e-01
-1.007883995771408081e-02
-1.585152745246887207e-02
-2.796056494116783142e-02
-4.047980904579162598e-02
-2.283847890794277191e-02
-4.034998640418052673e-02
-5.256205797195434570e-02
-4.940117523074150085e-02
-5.721085891127586365e-02
-3.403722867369651794e-02
-1.043783128261566162e-02
2.916589146479964256e-03
-9.999000000000000000e+03
-9.999000000000000000e+03
-9.999000000000000000e+03
-9.999000000000000000e+03
-9.999000000000000000e+03
-9.999000000000000000e+03
-9.999000000000000000e+03
7.204221934080123901e-02
6.911459565162658691e-02
8.443838357925415039e-02
8.694697171449661255e-02
9.459976106882095337e-02
9.261880815029144287e-02
9.945224225521087646e-02
1.147738918662071228e-01
1.164035722613334656e-01
1.260626018047332764e-01
1.425525695085525513e-01
1.462252289056777954e-01
-7.914719730615615845e-02
-8.951191604137420654e-02
-1.050022393465042114e-01
-1.184331402182579041e-01
-1.026251241564750671e-01
-1.166243851184844971e-01
-1.187416911125183105e-01
-1.036765202879905701e-01
-9.444052726030349731e-02
-6.264410167932510376e-02
-3.773366287350654602e-02
-2.351656788960099220e-03
2.523051388561725616e-02
-9.999000000000000000e+03
-9.999000000000000000e+03
-9.999000000000000000e+03
4.234687238931655884e-02
6.628109514713287354e-02
9.604833275079727173e-02
7.439882308244705200e-02
5.142192542552947998e-02
4.391666501760482788e-02
1.923464611172676086e-02
4.583181813359260559e-02
5.053919926285743713e-02
2.941936440765857697e-02
6.784671545028686523e-02
6.772691011428833008e-02
8.034616708755493164e-02
1.012625023722648621e-01
1.150609478354454041e-01
-1.291938275098800659e-01
-1.525782644748687744e-01
-1.723349094390869141e-01
-1.828981637954711914e-01
-1.687532067298889160e-01
-1.664771437644958496e-01
-1.580261886119842529e-01
-1.349841207265853882e-01
-1.161173060536384583e-01
-8.580169081687927246e-02
-4.472225904464721680e-02
-9.331794455647468567e-03
2.718284726142883301e-02
4.299993067979812622e-02
4.678195342421531677e-02
4.519616812467575073e-02
4.566450789570808411e-02
3.138118982315063477e-02
2.652604319155216217e-02
-1.669117249548435211e-02
-3.900489211082458496e-02
-8.329591900110244751e-02
-1.082894802093505859e-01
-7.132916897535324097e-02
-6.647294014692306519e-02
-5.056788399815559387e-02
-1.321056485176086426e-02
1.445433218032121658e-02
3.966775909066200256e-02
7.444032281637191772e-02
1.011727601289749146e-01
-1.506343185901641846e-01
-1.782044917345046997e-01
-2.063219696283340454e-01
-2.225861996412277222e-01
-2.110309898853302002e-01
-1.993146389722824097e-01
-1.806032508611679077e-01
-1.556121557950973511e-01
-1.381199806928634644e-01
-1.019995585083961487e-01
-5.376362800598144531e-02
-9.679467417299747467e-03
2.265409566462039948e-02
3.568885847926139832e-02
2.927627786993980408e-02
2.160022594034671783e-02
-8.472777903079986572e-03
-6.696809083223342896e-02
-1.026439964771270752e-01
-1.618060916662216187e-01
-1.718008369207382202e-01
-1.672831028699874878e-01
-1.716556698083877563e-01
-1.378674805164337158e-01
-1.118704527616500854e-01
-1.071047633886337280e-01
-6.428238749504089355e-02
-4.389192163944244385e-02
-9.842758066952228546e-03
3.594855591654777527e-02
6.453141570091247559e-02
-1.606657505035400391e-01
-1.903437823057174683e-01
-2.174640148878097534e-01
-2.247187793254852295e-01
-2.200691699981689453e-01
-2.077992409467697144e-01
-1.847898364067077637e-01
-1.598545610904693604e-01
-1.309663653373718262e-01
-9.989786893129348755e-02
-5.824239924550056458e-02
-2.325975336134433746e-02
1.122925337404012680e-02
2.516740560531616211e-02
-2.195084653794765472e-02
-6.155272200703620911e-02
-1.210923045873641968e-01
-1.749515533447265625e-01
-1.963910311460494995e-01
-2.352338284254074097e-01
-2.301035672426223755e-01
-2.222722619771957397e-01
-2.317671328783035278e-01
-2.145380675792694092e-01
-2.009099423885345459e-01
-1.901569813489913940e-01
-1.400971710681915283e-01
-1.095179095864295959e-01
-7.066683471202850342e-02
-1.338582392781972885e-02
2.084864489734172821e-02
-1.579564660787582397e-01
-1.828611493110656738e-01
-2.097644060850143433e-01
-2.027633041143417358e-01
-1.917275041341781616e-01
-1.792852431535720825e-01
-1.645556092262268066e-01
-1.520486921072006226e-01
-1.245477870106697083e-01
-9.243504703044891357e-02
-6.032580882310867310e-02
-3.953398019075393677e-02
-3.226210176944732666e-02
-4.352025315165519714e-02
-9.194886684417724609e-02
-1.349955648183822632e-01
-2.076785117387771606e-01
-2.325288504362106323e-01
-2.390036284923553467e-01
-2.382553666830062866e-01
-2.321490049362182617e-01
-2.356542795896530151e-01
-2.403320372104644775e-01
-2.483876198530197144e-01
-2.653007507324218750e-01
-2.610569298267364502e-01
-2.089084088802337646e-01
-1.718011349439620972e-01
-1.286355406045913696e-01
-7.231299579143524170e-02
-5.149853229522705078e-02
-1.501567065715789795e-01
-1.631103157997131348e-01
-1.805161088705062866e-01
-1.775620728731155396e-01
-1.672420054674148560e-01
-1.442436277866363525e-01
-1.441597193479537964e-01
-1.338070780038833618e-01
-1.112921983003616333e-01
-8.827185630798339844e-02
-7.152573019266128540e-02
-7.046101242303848267e-02
-9.329428523778915405e-02
-1.292024999856948853e-01
-1.809299737215042114e-01
-2.005386501550674438e-01
-2.247181236743927002e-01
-2.214480042457580566e-01
-2.231073975563049316e-01
-2.106224745512008667e-01
-1.801691651344299316e-01
-1.740704029798507690e-01
-1.401313543319702148e-01
-1.670079529285430908e-01
-1.372490674257278442e-01
-2.094525247812271118e-01
-2.018806487321853638e-01
-2.026068717241287231e-01
-1.702568531036376953e-01
-1.286369562149047852e-01
-1.138722747564315796e-01
-1.358961164951324463e-01
-1.425840556621551514e-01
-1.517039090394973755e-01
-1.470210999250411987e-01
-1.447753608226776123e-01
-1.317923665046691895e-01
-1.241129189729690552e-01
-1.256050914525985718e-01
-1.106410771608352661e-01
-9.815433621406555176e-02
-1.093790680170059204e-01
-1.373380124568939209e-01
-1.586425602436065674e-01
-1.796022951602935791e-01
-2.060844600200653076e-01
-2.106822133064270020e-01
-2.093217670917510986e-01
-1.490833461284637451e-01
-1.748528480529785156e-01
-1.375425606966018677e-01
-1.138251423835754395e-01
-9.999000000000000000e+03
-9.999000000000000000e+03
-9.999000000000000000e+03
-9.999000000000000000e+03
-9.999000000000000000e+03
-9.999000000000000000e+03
-1.998474299907684326e-01
-1.880184113979339600e-01
-1.687826663255691528e-01
-1.655998975038528442e-01
-1.216453760862350464e-01
-1.136487126350402832e-01
-1.221849247813224792e-01
-1.225800663232803345e-01
-1.257894933223724365e-01
-1.090012714266777039e-01
-1.027129814028739929e-01
-1.046480834484100342e-01
-1.005831062793731689e-01
-1.113194003701210022e-01
-1.362009048461914062e-01
-1.774473488330841064e-01
-1.875514537096023560e-01
-1.966854482889175415e-01
-1.889368891716003418e-01
-1.648204475641250610e-01
-1.376802921295166016e-01
-9.999000000000000000e+03
-9.999000000000000000e+03
-9.999000000000000000e+03
-9.999000000000000000e+03
-9.999000000000000000e+03
-9.999000000000000000e+03
-9.999000000000000000e+03
-9.999000000000000000e+03
-9.999000000000000000e+03
-9.999000000000000000e+03
-1.189425438642501831e-01
-1.742561012506484985e-01
-2.074148952960968018e-01
-2.145052701234817505e-01
-1.111552491784095764e-01
-9.153979271650314331e-02
-8.765989542007446289e-02
-9.004261344671249390e-02
-9.448500722646713257e-02
-9.659608453512191772e-02
-9.238722175359725952e-02
-8.675671368837356567e-02
-9.541226923465728760e-02
-1.301926076412200928e-01
-1.546683609485626221e-01
-1.661767065525054932e-01
-1.672045290470123291e-01
-1.741016209125518799e-01
-9.665573388338088989e-02
-1.073321402072906494e-01
-9.999000000000000000e+03
-9.999000000000000000e+03
-9.999000000000000000e+03
-9.999000000000000000e+03
-9.999000000000000000e+03
-9.999000000000000000e+03
-9.999000000000000000e+03
-9.999000000000000000e+03
-9.999000000000000000e+03
-9.999000000000000000e+03
-9.999000000000000000e+03
-9.999000000000000000e+03
-1.106230095028877258e-01
-2.136474698781967163e-01
-2.546239495277404785e-01
-1.516139656305313110e-01
-1.172841638326644897e-01
-8.309252560138702393e-02
-6.971336156129837036e-02
-6.426670402288436890e-02
-6.670368462800979614e-02
-6.274004280567169189e-02
-7.326409220695495605e-02
-9.351957589387893677e-02
-1.190515533089637756e-01
-1.370356380939483643e-01
-1.315673589706420898e-01
-9.830363839864730835e-02
-1.138678193092346191e-01
-9.999000000000000000e+03
-9.999000000000000000e+03
-9.999000000000000000e+03
-9.999000000000000000e+03
-9.999000000000000000e+03
-9.999000000000000000e+03
-9.999000000000000000e+03
-9.999000000000000000e+03
-9.999000000000000000e+03
-9.999000000000000000e+03
-9.999000000000000000e+03
-9.999000000000000000e+03
-9.999000000000000000e+03
-9.999000000000000000e+03
-9.999000000000000000e+03
-1.773033142089843750e-01
-2.468938082456588745e-01
-9.999000000000000000e+03
-8.253762871026992798e-02
-9.224336594343185425e-02
-7.852402329444885254e-02
-6.226588040590286255e-02
-5.876008793711662292e-02
-6.792770326137542725e-02
-8.549197763204574585e-02
-1.032477840781211853e-01
-1.021299511194229126e-01
-1.015687286853790283e-01
-8.572132885456085205e-02
-7.075856626033782959e-02
-9.999000000000000000e+03
-9.999000000000000000e+03
-9.999000000000000000e+03
-9.999000000000000000e+03
-9.999000000000000000e+03
-9.999000000000000000e+03
-9.999000000000000000e+03
-9.999000000000000000e+03
-9.999000000000000000e+03
-9.999000000000000000e+03
-9.999000000000000000e+03
-9.999000000000000000e+03
-9.999000000000000000e+03
-9.999000000000000000e+03
-9.999000000000000000e+03
-9.999000000000000000e+03
-1.244878321886062622e-01
-1.886365562677383423e-01
-9.999000000000000000e+03
-9.999000000000000000e+03
-8.627155423164367676e-02
-8.041774481534957886e-02
-6.924466788768768311e-02
-6.904643028974533081e-02
-8.706589043140411377e-02
-9.888987243175506592e-02
-9.609568864107131958e-02
-8.626525849103927612e-02
-7.901419699192047119e-02
-3.891833126544952393e-02
-9.999000000000000000e+03
-9.999000000000000000e+03
-9.999000000000000000e+03
-9.999000000000000000e+03
-9.999000000000000000e+03
-9.999000000000000000e+03
-9.999000000000000000e+03
-9.999000000000000000e+03
-9.999000000000000000e+03
-9.999000000000000000e+03
-9.999000000000000000e+03
-9.999000000000000000e+03
-9.999000000000000000e+03
-9.999000000000000000e+03
-9.999000000000000000e+03
-9.999000000000000000e+03
-9.999000000000000000e+03
-6.025376170873641968e-02
-9.402898699045181274e-02
-9.999000000000000000e+03
-9.999000000000000000e+03
-4.930163174867630005e-02
-5.719084292650222778e-02
-5.582649260759353638e-02
-5.480273440480232239e-02
-6.143696233630180359e-02
-6.299874931573867798e-02
-6.107363104820251465e-02
-4.908902198076248169e-02
-4.815949499607086182e-02
-3.475713729858398438e-02
-9.999000000000000000e+03
-9.999000000000000000e+03
-9.999000000000000000e+03
-9.999000000000000000e+03
-9.999000000000000000e+03
-9.999000000000000000e+03
-9.999000000000000000e+03
-9.999000000000000000e+03
-9.999000000000000000e+03
-9.999000000000000000e+03
-9.999000000000000000e+03
-9.999000000000000000e+03
-9.999000000000000000e+03
-9.999000000000000000e+03
-9.999000000000000000e+03
-9.999000000000000000e+03
-9.999000000000000000e+03
-9.999000000000000000e+03
-9.999000000000000000e+03
-9.999000000000000000e+03
-9.999000000000000000e+03
-2.045963704586029053e-02
-2.545766904950141907e-02
-2.748058363795280457e-02
-3.335569798946380615e-02
-2.349739335477352142e-02
-1.790679246187210083e-02
-6.106316111981868744e-03
-2.414469979703426361e-02
-3.613469004631042480e-02
-3.342507034540176392e-02
-9.999000000000000000e+03
-9.999000000000000000e+03
-9.999000000000000000e+03
-9.999000000000000000e+03
-9.999000000000000000e+03
-9.999000000000000000e+03
-9.999000000000000000e+03
-9.999000000000000000e+03
-9.999000000000000000e+03
-9.999000000000000000e+03
-9.999000000000000000e+03
-9.999000000000000000e+03
-9.999000000000000000e+03
-9.999000000000000000e+03
-9.999000000000000000e+03
-9.999000000000000000e+03
-9.999000000000000000e+03
-9.999000000000000000e+03
-9.999000000000000000e+03
-9.999000000000000000e+03
-9.999000000000000000e+03
-9.999000000000000000e+03
-1.830117404460906982e-02
-2.725971676409244537e-02
-2.356910705566406250e-02
1.196225825697183609e-02
1.396941021084785461e-02
7.762038148939609528e-03
1.123219169676303864e-02
-1.553739327937364578e-02
-9.999000000000000000e+03
-9.999000000000000000e+03
-9.999000000000000000e+03
-9.999000000000000000e+03
-9.999000000000000000e+03
-9.999000000000000000e+03
-9.999000000000000000e+03
-9.999000000000000000e+03
-9.999000000000000000e+03
-9.999000000000000000e+03
-9.999000000000000000e+03
-9.999000000000000000e+03
-9.999000000000000000e+03
-9.999000000000000000e+03
-9.999000000000000000e+03
-9.999000000000000000e+03
-9.999000000000000000e+03
-9.999000000000000000e+03
-9.999000000000000000e+03
-9.999000000000000000e+03
-9.999000000000000000e+03
-9.999000000000000000e+03
-9.999000000000000000e+03
-1.479941513389348984e-02
-4.472255706787109375e-02
-3.949049115180969238e-02
-2.091654948890209198e-02
4.145512357354164124e-03
-2.692254493013024330e-03
7.748824357986450195e-02
1.425738185644149780e-01
1.057752221822738647e-01
-9.999000000000000000e+03
-9.999000000000000000e+03
-9.999000000000000000e+03
-9.999000000000000000e+03
-9.999000000000000000e+03
-9.999000000000000000e+03
-9.999000000000000000e+03
-9.999000000000000000e+03
-9.999000000000000000e+03
-9.999000000000000000e+03
-9.999000000000000000e+03
-9.999000000000000000e+03
-9.999000000000000000e+03
-9.999000000000000000e+03
-9.999000000000000000e+03
-9.999000000000000000e+03
-9.999000000000000000e+03
-9.999000000000000000e+03
-9.999000000000000000e+03
-9.999000000000000000e+03
-9.999000000000000000e+03
-9.999000000000000000e+03
-9.999000000000000000e+03
-6.132844090461730957e-02
-4.613989591598510742e-02
-5.327592417597770691e-02
-5.521529540419578552e-02
-2.742885053157806396e-02
-1.875126361846923828e-02
1.193234026432037354e-01
1.433634757995605469e-01
-9.999000000000000000e+03
-9.999000000000000000e+03
-9.999000000000000000e+03
-9.999000000000000000e+03
-9.999000000000000000e+03
-9.999000000000000000e+03
-9.999000000000000000e+03
-9.999000000000000000e+03
-9.999000000000000000e+03
-9.999000000000000000e+03
-9.999000000000000000e+03
-9.999000000000000000e+03
-9.999000000000000000e+03
-9.999000000000000000e+03
-9.999000000000000000e+03
-9.999000000000000000e+03
-9.999000000000000000e+03
-9.999000000000000000e+03
-9.999000000000000000e+03
-9.999000000000000000e+03
-9.999000000000000000e+03
-9.999000000000000000e+03
-9.999000000000000000e+03
-6.603966653347015381e-02
-9.461139887571334839e-02
-1.157064437866210938e-01
-1.541284322738647461e-01
-1.698728352785110474e-01
-1.696074008941650391e-01
-9.916284680366516113e-02
-9.455663152039051056e-03
-2.122735418379306793e-02
-9.999000000000000000e+03
-9.999000000000000000e+03
-9.999000000000000000e+03
-9.999000000000000000e+03
-9.999000000000000000e+03
-9.999000000000000000e+03
-9.999000000000000000e+03
-9.999000000000000000e+03
-9.999000000000000000e+03
-9.999000000000000000e+03
-9.999000000000000000e+03
-9.999000000000000000e+03
-9.999000000000000000e+03
-9.999000000000000000e+03
-9.999000000000000000e+03
-9.999000000000000000e+03
-9.999000000000000000e+03
-9.999000000000000000e+03
-9.999000000000000000e+03
-9.999000000000000000e+03
-9.999000000000000000e+03
-9.999000000000000000e+03
-3.627912327647209167e-02
-9.678957611322402954e-02
-1.295783519744873047e-01
-1.499687433242797852e-01
-1.653724908828735352e-01
-1.532105058431625366e-01
-1.427384465932846069e-01
-1.241853535175323486e-01
-8.294611424207687378e-02
-5.935870483517646790e-02
-6.895456463098526001e-02
-6.647411733865737915e-02
-3.671062365174293518e-02
-9.999000000000000000e+03
-9.999000000000000000e+03
-9.999000000000000000e+03
-9.999000000000000000e+03
-9.999000000000000000e+03
-9.999000000000000000e+03
-9.999000000000000000e+03
-9.999000000000000000e+03
-9.999000000000000000e+03
-9.999000000000000000e+03
-9.999000000000000000e+03
-9.999000000000000000e+03
-9.999000000000000000e+03
-9.999000000000000000e+03
-9.999000000000000000e+03
-9.999000000000000000e+03
-9.999000000000000000e+03
-4.575274139642715454e-02
-4.367916658520698547e-02
-5.295791476964950562e-02
-6.233831867575645447e-02
-9.185408055782318115e-02
-1.163543015718460083e-01
-1.043060719966888428e-01
-9.631625562906265259e-02
-9.233334660530090332e-02
-3.494670987129211426e-02
-8.143227547407150269e-03
-6.428859382867813110e-02
-5.528488755226135254e-02
-4.164477065205574036e-02
-9.999000000000000000e+03
-9.999000000000000000e+03
-9.999000000000000000e+03
-9.999000000000000000e+03
-9.999000000000000000e+03
-9.999000000000000000e+03
-9.999000000000000000e+03
-9.999000000000000000e+03
-9.999000000000000000e+03
-9.999000000000000000e+03
-9.999000000000000000e+03
-9.999000000000000000e+03
-9.999000000000000000e+03
-9.999000000000000000e+03
-9.999000000000000000e+03
-5.782270058989524841e-02
-5.914007127285003662e-02
-8.099382370710372925e-02
-6.676313281059265137e-02
-4.832287132740020752e-02
-4.022948443889617920e-02
-4.827655106782913208e-02
-7.704356312751770020e-02
-8.808235824108123779e-02
-9.124927222728729248e-02
-7.103905826807022095e-02
-6.746667623519897461e-02
-4.243164882063865662e-02
-6.280476599931716919e-02
-9.999000000000000000e+03
-9.999000000000000000e+03
-9.999000000000000000e+03
-9.999000000000000000e+03
-9.999000000000000000e+03
-9.999000000000000000e+03
-9.999000000000000000e+03
-9.999000000000000000e+03
-9.999000000000000000e+03
-9.999000000000000000e+03
-9.999000000000000000e+03
-9.999000000000000000e+03
-9.999000000000000000e+03
-9.999000000000000000e+03
-9.999000000000000000e+03
-9.999000000000000000e+03
-5.321159958839416504e-02
-6.854888796806335449e-02
-7.403507828712463379e-02
-8.228936046361923218e-02
-7.519447803497314453e-02
-4.320744425058364868e-02
-2.115160785615444183e-02
-3.137581422924995422e-02
-5.387897416949272156e-02
-7.288839668035507202e-02
-1.067576184868812561e-01
-1.313435882329940796e-01
-1.287944912910461426e-01
-9.255718439817428589e-02
-9.999000000000000000e+03
-9.999000000000000000e+03
-9.999000000000000000e+03
-9.999000000000000000e+03
-9.999000000000000000e+03
-9.999000000000000000e+03
-9.999000000000000000e+03
-9.999000000000000000e+03
-9.999000000000000000e+03
-9.999000000000000000e+03
-9.999000000000000000e+03
-9.999000000000000000e+03
-9.999000000000000000e+03
-9.999000000000000000e+03
-9.999000000000000000e+03
-9.999000000000000000e+03
-9.999000000000000000e+03
-8.132646977901458740e-02
-9.483160078525543213e-02
-9.708894789218902588e-02
-8.894598484039306641e-02
-7.616765797138214111e-02
-5.267753824591636658e-02
-3.692694753408432007e-02
-3.511142730712890625e-02
-4.350559413433074951e-02
-3.821519389748573303e-02
-4.998169839382171631e-02
-7.829347997903823853e-02
-7.339941710233688354e-02
-8.596590906381607056e-02
-9.999000000000000000e+03
-9.999000000000000000e+03
-9.999000000000000000e+03
-9.999000000000000000e+03
-9.999000000000000000e+03
-9.999000000000000000e+03
-9.999000000000000000e+03
-9.999000000000000000e+03
-9.999000000000000000e+03
-9.999000000000000000e+03
-9.999000000000000000e+03
-9.999000000000000000e+03
-9.999000000000000000e+03
-9.999000000000000000e+03
-9.999000000000000000e+03
-9.999000000000000000e+03
-9.999000000000000000e+03
-1.152563765645027161e-01
-1.270890086889266968e-01
-1.169664338231086731e-01
-9.654971957206726074e-02
-8.173564821481704712e-02
-5.589727312326431274e-02
-4.224253445863723755e-02
-4.075873643159866333e-02
-4.005352407693862915e-02
-3.940891101956367493e-02
-4.473057761788368225e-02
-3.386028110980987549e-02
-3.713110089302062988e-02
-9.999000000000000000e+03
-9.999000000000000000e+03
-9.999000000000000000e+03
-9.999000000000000000e+03
-9.999000000000000000e+03
-9.999000000000000000e+03
-9.999000000000000000e+03
-9.999000000000000000e+03
-9.999000000000000000e+03
-9.999000000000000000e+03
-9.999000000000000000e+03
-9.999000000000000000e+03
-9.999000000000000000e+03
-9.999000000000000000e+03
-9.999000000000000000e+03
-9.999000000000000000e+03
-9.999000000000000000e+03
-9.999000000000000000e+03
-1.132885888218879700e-01
-1.185735166072845459e-01
-9.404760599136352539e-02
-8.215134590864181519e-02
-5.461386591196060181e-02
-3.652737289667129517e-02
-2.992597967386245728e-02
-2.717907726764678955e-02
-2.546223439276218414e-02
-5.182190332561731339e-03
-2.161768078804016113e-02
-5.079033598303794861e-02
-9.999000000000000000e+03
-9.999000000000000000e+03
-9.999000000000000000e+03
-9.999000000000000000e+03
-9.999000000000000000e+03
-9.999000000000000000e+03
-9.999000000000000000e+03
-9.999000000000000000e+03
-9.999000000000000000e+03
-9.999000000000000000e+03
-9.999000000000000000e+03
-9.999000000000000000e+03
-9.999000000000000000e+03
-9.999000000000000000e+03
-9.999000000000000000e+03
-9.999000000000000000e+03
-9.999000000000000000e+03
-9.999000000000000000e+03
-9.999000000000000000e+03
-9.011072665452957153e-02
-7.278407365083694458e-02
-5.274472758173942566e-02
-4.413578286767005920e-02
1.134153828024864197e-02
1.457533054053783417e-02
5.990584380924701691e-03
-2.986619947478175163e-03
-1.243028976023197174e-02
-6.919709499925374985e-03
-9.999000000000000000e+03
-9.999000000000000000e+03
-9.999000000000000000e+03
-9.999000000000000000e+03
-9.999000000000000000e+03
-9.999000000000000000e+03
-9.999000000000000000e+03
-9.999000000000000000e+03
-9.999000000000000000e+03
-9.999000000000000000e+03
-9.999000000000000000e+03
-9.999000000000000000e+03
-9.999000000000000000e+03
-9.999000000000000000e+03
-9.999000000000000000e+03
-9.999000000000000000e+03
-9.999000000000000000e+03
-9.999000000000000000e+03
-9.999000000000000000e+03
-9.999000000000000000e+03
-9.999000000000000000e+03
-5.251299962401390076e-02
-1.500283088535070419e-02
1.716918684542179108e-02
4.270345717668533325e-02
5.931229889392852783e-02
3.563868999481201172e-02
-9.999000000000000000e+03
-9.999000000000000000e+03
-9.999000000000000000e+03
-9.999000000000000000e+03
-9.999000000000000000e+03
-9.999000000000000000e+03
-9.999000000000000000e+03
-9.999000000000000000e+03
-9.999000000000000000e+03
-9.999000000000000000e+03
-9.999000000000000000e+03
-9.999000000000000000e+03
-9.999000000000000000e+03
-9.999000000000000000e+03
-9.999000000000000000e+03
-9.999000000000000000e+03
-9.999000000000000000e+03
-9.999000000000000000e+03
-9.999000000000000000e+03
-9.999000000000000000e+03
-9.999000000000000000e+03
-9.999000000000000000e+03
-9.999000000000000000e+03
-9.999000000000000000e+03
-9.999000000000000000e+03
-3.909320384263992310e-02
-9.417460300028324127e-03
3.278032690286636353e-02
-9.999000000000000000e+03
-9.999000000000000000e+03
-9.999000000000000000e+03
-9.999000000000000000e+03
-9.999000000000000000e+03
-9.999000000000000000e+03
-9.999000000000000000e+03
-9.999000000000000000e+03
-9.999000000000000000e+03
-9.999000000000000000e+03
-9.999000000000000000e+03
-9.999000000000000000e+03
-9.999000000000000000e+03
-9.999000000000000000e+03
-9.999000000000000000e+03
-9.999000000000000000e+03
-9.999000000000000000e+03
-9.999000000000000000e+03
-9.999000000000000000e+03
-9.999000000000000000e+03
-9.999000000000000000e+03
-9.999000000000000000e+03
-9.999000000000000000e+03
-9.999000000000000000e+03
-9.999000000000000000e+03
-9.999000000000000000e+03
-9.999000000000000000e+03
-9.999000000000000000e+03
