1.213690415024757385e-01
1.265808045864105225e-01
1.149822324514389038e-01
1.078675687313079834e-01
1.242922917008399963e-01
1.122518777847290039e-01
1.052433773875236511e-01
9.433194994926452637e-02
6.533780694007873535e-02
5.453300476074218750e-02
9.298105142079293728e-04
-9.999000000000000000e+03
-9.999000000000000000e+03
-9.999000000000000000e+03
-9.999000000000000000e+03
-9.999000000000000000e+03
-9.999000000000000000e+03
-9.999000000000000000e+03
-9.999000000000000000e+03
-9.999000000000000000e+03
-9.999000000000000000e+03
-9.999000000000000000e+03
-9.999000000000000000e+03
-1.626265235245227814e-02
-6.350897252559661865e-03
2.617156319320201874e-02
6.037464737892150879e-02
1.064005121588706970e-01
1.299755424261093140e-01
1.374288052320480347e-01
1.421383172273635864e-01
5.759545415639877319e-02
6.370954215526580811e-02
5.724976584315299988e-02
4.675026610493659973e-02
5.819742009043693542e-02
3.663453832268714905e-02
2.420019730925559998e-02
3.041371330618858337e-02
2.127568796277046204e-02
3.351717069745063782e-02
3.730100765824317932e-02
2.714040130376815796e-02
-9.999000000000000000e+03
-9.999000000000000000e+03
-9.999000000000000000e+03
-9.999000000000000000e+03
-9.999000000000000000e+03
-9.999000000000000000e+03
-9.999000000000000000e+03
-9.999000000000000000e+03
-9.999000000000000000e+03
3.351963683962821960e-02
4.640644043684005737e-02
4.096074402332305908e-02
7.434346526861190796e-02
7.884715497493743896e-02
8.965639770030975342e-02
1.127642691135406494e-01
1.289524286985397339e-01
1.412744969129562378e-01
1.467004567384719849e-01
6.482961121946573257e-03
9.200396016240119934e-03
-2.282007830217480659e-03
-3.811801970005035400e-02
-3.523916378617286682e-02
-5.082478374242782593e-02
-4.308775812387466431e-02
-2.136443927884101868e-02
-1.743409782648086548e-02
1.099954731762409210e-02
2.963778935372829437e-02
3.205521032214164734e-02
-9.999000000000000000e+03
-9.999000000000000000e+03
-9.999000000000000000e+03
-9.999000000000000000e+03
-9.999000000000000000e+03
-9.999000000000000000e+03
-9.999000000000000000e+03
8.645383268594741821e-02
7.818663120269775391e-02
9.265726059675216675e-02
8.784254640340805054e-02
8.427171409130096436e-02
8.762975037097930908e-02
8.693174272775650024e-02
9.645503014326095581e-02
9.598851203918457031e-02
1.096536219120025635e-01
1.311517506837844849e-01
1.399714052677154541e-01
-4.727239161729812622e-02
-4.802714660763740540e-02
-5.936960503458976746e-02
-9.723100811243057251e-02
-1.184453442692756653e-01
-1.298691928386688232e-01
-1.137276738882064819e-01
-7.547174394130706787e-02
-4.910340160131454468e-02
-7.291106972843408585e-03
2.140531130135059357e-02
5.454986169934272766e-02
7.698522508144378662e-02
-9.999000000000000000e+03
-9.999000000000000000e+03
-9.999000000000000000e+03
7.413865625858306885e-02
1.012105271220207214e-01
1.201686561107635498e-01
1.026543676853179932e-01
7.355693727731704712e-02
5.645080283284187317e-02
2.500179409980773926e-02
3.862618654966354370e-02
3.336460888385772705e-02
6.916117854416370392e-03
4.469820484519004822e-02
5.636892467737197876e-02
8.343748748302459717e-02
1.076654493808746338e-01
1.195262074470520020e-01
-9.825591742992401123e-02
-1.116166710853576660e-01
-1.315924227237701416e-01
-1.557633131742477417e-01
-1.653682291507720947e-01
-1.675862222909927368e-01
-1.501707732677459717e-01
-1.131195947527885437e-01
-7.593213021755218506e-02
-3.089773468673229218e-02
1.652954146265983582e-02
4.783250391483306885e-02
8.408452570438385010e-02
9.538310021162033081e-02
9.362924098968505859e-02
1.019184514880180359e-01
9.857353568077087402e-02
7.825268805027008057e-02
6.520091742277145386e-02
1.860258355736732483e-02
-8.652606047689914703e-03
-5.552782118320465088e-02
-1.051924079656600952e-01
-8.146547526121139526e-02
-8.309479057788848877e-02
-6.200689449906349182e-02
-1.889167167246341705e-02
2.350848354399204254e-02
6.661620736122131348e-02
1.032584682106971741e-01
1.112117469310760498e-01
-1.296813040971755981e-01
-1.482231765985488892e-01
-1.684085428714752197e-01
-1.856737434864044189e-01
-1.887200623750686646e-01
-1.830190420150756836e-01
-1.609724462032318115e-01
-1.286050528287887573e-01
-1.034200191497802734e-01
-5.916313454508781433e-02
-8.093997836112976074e-03
1.470066420733928680e-02
5.330039933323860168e-02
6.806512922048568726e-02
6.404430419206619263e-02
7.078726589679718018e-02
4.376507550477981567e-02
-2.336253598332405090e-02
-6.847376376390457153e-02
-1.399271041154861450e-01
-1.550376415252685547e-01
-1.570976227521896362e-01
-1.695053130388259888e-01
-1.459095329046249390e-01
-1.226558610796928406e-01
-9.631908684968948364e-02
-3.917182609438896179e-02
-5.241612438112497330e-03
2.786975540220737457e-02
6.617868691682815552e-02
7.496193796396255493e-02
-1.567871570587158203e-01
-1.726598739624023438e-01
-1.828001141548156738e-01
-1.848702877759933472e-01
-1.859060078859329224e-01
-1.832028478384017944e-01
-1.598225384950637817e-01
-1.302098780870437622e-01
-1.071617156267166138e-01
-7.643897831439971924e-02
-3.464968129992485046e-02
-7.514717057347297668e-03
2.510969154536724091e-02
3.483874723315238953e-02
-1.383522409014403820e-03
-2.491175010800361633e-02
-7.871082425117492676e-02
-1.359943151473999023e-01
-1.655064672231674194e-01
-2.139397412538528442e-01
-2.104120105504989624e-01
-2.078825980424880981e-01
-2.131026834249496460e-01
-2.014492601156234741e-01
-1.879380792379379272e-01
-1.741154044866561890e-01
-1.107823550701141357e-01
-8.004274964332580566e-02
-5.206564441323280334e-02
-3.198422724381089211e-03
1.327711343765258789e-02
-1.656458973884582520e-01
-1.759865731000900269e-01
-1.767265349626541138e-01
-1.649445146322250366e-01
-1.580529958009719849e-01
-1.496828496456146240e-01
-1.412436366081237793e-01
-1.302018314599990845e-01
-1.138546541333198547e-01
-7.966331392526626587e-02
-3.608156368136405945e-02
-1.817483082413673401e-02
-1.821931451559066772e-02
-3.283583000302314758e-02
-7.773257791996002197e-02
-1.046140864491462708e-01
-1.703938245773315430e-01
-2.002372592687606812e-01
-2.086359411478042603e-01
-2.046341001987457275e-01
-1.979083716869354248e-01
-2.042720466852188110e-01
-2.152278572320938110e-01
-2.329293340444564819e-01
-2.533928155899047852e-01
-2.554170787334442139e-01
-1.976548880338668823e-01
-1.632524281740188599e-01
-1.275577545166015625e-01
-7.708010077476501465e-02
-5.829883739352226257e-02
-1.632689088582992554e-01
-1.675728857517242432e-01
-1.639788895845413208e-01
-1.456901580095291138e-01
-1.369687169790267944e-01
-1.326640099287033081e-01
-1.249821633100509644e-01
-1.138787567615509033e-01
-9.438697993755340576e-02
-7.084968686103820801e-02
-5.052323639392852783e-02
-4.753690212965011597e-02
-8.258368819952011108e-02
-1.295979171991348267e-01
-1.713292151689529419e-01
-1.806347817182540894e-01
-1.986734122037887573e-01
-1.925581544637680054e-01
-1.888367682695388794e-01
-1.687794327735900879e-01
-1.511116623878479004e-01
-1.559848785400390625e-01
-1.335884332656860352e-01
-1.646658927202224731e-01
-1.393052190542221069e-01
-2.133530378341674805e-01
-2.097734212875366211e-01
-2.057591378688812256e-01
-1.743383109569549561e-01
-1.343634128570556641e-01
-1.166325882077217102e-01
-1.444763839244842529e-01
-1.433697044849395752e-01
-1.377570033073425293e-01
-1.152571737766265869e-01
-1.095283627510070801e-01
-1.113354042172431946e-01
-1.010554283857345581e-01
-9.076051414012908936e-02
-7.116086781024932861e-02
-6.693328917026519775e-02
-8.554303646087646484e-02
-1.228743642568588257e-01
-1.522869616746902466e-01
-1.774300783872604370e-01
-1.971293091773986816e-01
-1.964147388935089111e-01
-1.882679909467697144e-01
-1.287224292755126953e-01
-1.436636298894882202e-01
-1.115903779864311218e-01
-9.602119773626327515e-02
-9.999000000000000000e+03
-9.999000000000000000e+03
-9.999000000000000000e+03
-9.999000000000000000e+03
-9.999000000000000000e+03
-9.999000000000000000e+03
-2.255969196557998657e-01
-1.977304071187973022e-01
-1.763425171375274658e-01
-1.735136359930038452e-01
-1.328203827142715454e-01
-1.148095950484275818e-01
-1.083850711584091187e-01
-9.266509860754013062e-02
-7.983766496181488037e-02
-6.145376339554786682e-02
-6.722318381071090698e-02
-6.596478819847106934e-02
-6.009861454367637634e-02
-8.010992407798767090e-02
-1.154230907559394836e-01
-1.687943786382675171e-01
-1.751198023557662964e-01
-1.826975792646408081e-01
-1.679268330335617065e-01
-1.465014964342117310e-01
-1.213762313127517700e-01
-9.999000000000000000e+03
-9.999000000000000000e+03
-9.999000000000000000e+03
-9.999000000000000000e+03
-9.999000000000000000e+03
-9.999000000000000000e+03
-9.999000000000000000e+03
-9.999000000000000000e+03
-9.999000000000000000e+03
-9.999000000000000000e+03
-1.170471236109733582e-01
-1.678934991359710693e-01
-1.986454129219055176e-01
-2.063745856285095215e-01
-1.501835733652114868e-01
-1.276660412549972534e-01
-8.975785970687866211e-02
-7.266318053007125854e-02
-5.785662680864334106e-02
-5.112429335713386536e-02
-5.272949859499931335e-02
-5.694874003529548645e-02
-6.535078585147857666e-02
-1.102138683199882507e-01
-1.442925930023193359e-01
-1.578843742609024048e-01
-1.501052230596542358e-01
-1.494513303041458130e-01
-8.116448670625686646e-02
-8.718842267990112305e-02
-9.999000000000000000e+03
-9.999000000000000000e+03
-9.999000000000000000e+03
-9.999000000000000000e+03
-9.999000000000000000e+03
-9.999000000000000000e+03
-9.999000000000000000e+03
-9.999000000000000000e+03
-9.999000000000000000e+03
-9.999000000000000000e+03
-9.999000000000000000e+03
-9.999000000000000000e+03
-1.022446081042289734e-01
-1.865858733654022217e-01
-2.200947403907775879e-01
-2.139330059289932251e-01
-1.742651760578155518e-01
-1.274055093526840210e-01
-9.467443078756332397e-02
-6.247482076287269592e-02
-4.707055911421775818e-02
-3.273955732583999634e-02
-4.586452618241310120e-02
-7.408588379621505737e-02
-1.091824471950531006e-01
-1.320635080337524414e-01
-1.275328993797302246e-01
-9.197162836790084839e-02
-9.854948520660400391e-02
-9.999000000000000000e+03
-9.999000000000000000e+03
-9.999000000000000000e+03
-9.999000000000000000e+03
-9.999000000000000000e+03
-9.999000000000000000e+03
-9.999000000000000000e+03
-9.999000000000000000e+03
-9.999000000000000000e+03
-9.999000000000000000e+03
-9.999000000000000000e+03
-9.999000000000000000e+03
-9.999000000000000000e+03
-9.999000000000000000e+03
-9.999000000000000000e+03
-1.507069915533065796e-01
-2.027074843645095825e-01
-9.999000000000000000e+03
-1.099512651562690735e-01
-1.346843540668487549e-01
-1.108427420258522034e-01
-7.756996899843215942e-02
-5.558473989367485046e-02
-4.653910547494888306e-02
-6.284354627132415771e-02
-9.920014441013336182e-02
-1.061324626207351685e-01
-1.021005958318710327e-01
-7.980170100927352905e-02
-6.964267045259475708e-02
-9.999000000000000000e+03
-9.999000000000000000e+03
-9.999000000000000000e+03
-9.999000000000000000e+03
-9.999000000000000000e+03
-9.999000000000000000e+03
-9.999000000000000000e+03
-9.999000000000000000e+03
-9.999000000000000000e+03
-9.999000000000000000e+03
-9.999000000000000000e+03
-9.999000000000000000e+03
-9.999000000000000000e+03
-9.999000000000000000e+03
-9.999000000000000000e+03
-9.999000000000000000e+03
-1.016617566347122192e-01
-1.553190648555755615e-01
-9.999000000000000000e+03
-9.999000000000000000e+03
-1.063102707266807556e-01
-1.029446944594383240e-01
-7.963454723358154297e-02
-6.234860792756080627e-02
-7.030738145112991333e-02
-8.344379067420959473e-02
-8.967819809913635254e-02
-8.010381460189819336e-02
-7.568560540676116943e-02
-3.574246168136596680e-02
-9.999000000000000000e+03
-9.999000000000000000e+03
-9.999000000000000000e+03
-9.999000000000000000e+03
-9.999000000000000000e+03
-9.999000000000000000e+03
-9.999000000000000000e+03
-9.999000000000000000e+03
-9.999000000000000000e+03
-9.999000000000000000e+03
-9.999000000000000000e+03
-9.999000000000000000e+03
-9.999000000000000000e+03
-9.999000000000000000e+03
-9.999000000000000000e+03
-9.999000000000000000e+03
-9.999000000000000000e+03
-4.634503647685050964e-02
-7.463684678077697754e-02
-9.999000000000000000e+03
-9.999000000000000000e+03
-5.220528692007064819e-02
-6.355691701173782349e-02
-6.062316894531250000e-02
-5.146332085132598877e-02
-5.176961421966552734e-02
-5.678365007042884827e-02
-4.953913018107414246e-02
-3.385036438703536987e-02
-3.254693374037742615e-02
-1.936297491192817688e-02
-9.999000000000000000e+03
-9.999000000000000000e+03
-9.999000000000000000e+03
-9.999000000000000000e+03
-9.999000000000000000e+03
-9.999000000000000000e+03
-9.999000000000000000e+03
-9.999000000000000000e+03
-9.999000000000000000e+03
-9.999000000000000000e+03
-9.999000000000000000e+03
-9.999000000000000000e+03
-9.999000000000000000e+03
-9.999000000000000000e+03
-9.999000000000000000e+03
-9.999000000000000000e+03
-9.999000000000000000e+03
-9.999000000000000000e+03
-9.999000000000000000e+03
-9.999000000000000000e+03
-9.999000000000000000e+03
-1.375858392566442490e-02
-2.147406898438930511e-02
-2.195685729384422302e-02
-2.287960797548294067e-02
-1.662271283566951752e-02
-1.722556166350841522e-02
-1.471976516768336296e-03
-1.188216544687747955e-02
-1.662628911435604095e-02
-1.467021740972995758e-02
-9.999000000000000000e+03
-9.999000000000000000e+03
-9.999000000000000000e+03
-9.999000000000000000e+03
-9.999000000000000000e+03
-9.999000000000000000e+03
-9.999000000000000000e+03
-9.999000000000000000e+03
-9.999000000000000000e+03
-9.999000000000000000e+03
-9.999000000000000000e+03
-9.999000000000000000e+03
-9.999000000000000000e+03
-9.999000000000000000e+03
-9.999000000000000000e+03
-9.999000000000000000e+03
-9.999000000000000000e+03
-9.999000000000000000e+03
-9.999000000000000000e+03
-9.999000000000000000e+03
-9.999000000000000000e+03
-9.999000000000000000e+03
-1.740150153636932373e-02
-2.613739296793937683e-02
-1.185042690485715866e-02
1.398510113358497620e-02
1.455274038016796112e-02
1.028567645698785782e-02
2.203636243939399719e-02
5.150736775249242783e-03
-9.999000000000000000e+03
-9.999000000000000000e+03
-9.999000000000000000e+03
-9.999000000000000000e+03
-9.999000000000000000e+03
-9.999000000000000000e+03
-9.999000000000000000e+03
-9.999000000000000000e+03
-9.999000000000000000e+03
-9.999000000000000000e+03
-9.999000000000000000e+03
-9.999000000000000000e+03
-9.999000000000000000e+03
-9.999000000000000000e+03
-9.999000000000000000e+03
-9.999000000000000000e+03
-9.999000000000000000e+03
-9.999000000000000000e+03
-9.999000000000000000e+03
-9.999000000000000000e+03
-9.999000000000000000e+03
-9.999000000000000000e+03
-9.999000000000000000e+03
-2.030101045966148376e-02
-4.783010482788085938e-02
-4.807026311755180359e-02
-3.400018066167831421e-02
1.166260056197643280e-02
5.899097304791212082e-03
9.214831143617630005e-02
1.581652760505676270e-01
1.233202293515205383e-01
-9.999000000000000000e+03
-9.999000000000000000e+03
-9.999000000000000000e+03
-9.999000000000000000e+03
-9.999000000000000000e+03
-9.999000000000000000e+03
-9.999000000000000000e+03
-9.999000000000000000e+03
-9.999000000000000000e+03
-9.999000000000000000e+03
-9.999000000000000000e+03
-9.999000000000000000e+03
-9.999000000000000000e+03
-9.999000000000000000e+03
-9.999000000000000000e+03
-9.999000000000000000e+03
-9.999000000000000000e+03
-9.999000000000000000e+03
-9.999000000000000000e+03
-9.999000000000000000e+03
-9.999000000000000000e+03
-9.999000000000000000e+03
-9.999000000000000000e+03
-5.920416116714477539e-02
-5.558186769485473633e-02
-4.777387902140617371e-02
-2.114552073180675507e-02
1.198695786297321320e-02
2.600200101733207703e-02
1.370091140270233154e-01
1.377840042114257812e-01
-9.999000000000000000e+03
-9.999000000000000000e+03
-9.999000000000000000e+03
-9.999000000000000000e+03
-9.999000000000000000e+03
-9.999000000000000000e+03
-9.999000000000000000e+03
-9.999000000000000000e+03
-9.999000000000000000e+03
-9.999000000000000000e+03
-9.999000000000000000e+03
-9.999000000000000000e+03
-9.999000000000000000e+03
-9.999000000000000000e+03
-9.999000000000000000e+03
-9.999000000000000000e+03
-9.999000000000000000e+03
-9.999000000000000000e+03
-9.999000000000000000e+03
-9.999000000000000000e+03
-9.999000000000000000e+03
-9.999000000000000000e+03
-9.999000000000000000e+03
-6.253694742918014526e-02
-8.282687515020370483e-02
-7.629445195198059082e-02
-1.002738252282142639e-01
-1.270538121461868286e-01
-1.419158875942230225e-01
-7.644695788621902466e-02
1.004747487604618073e-02
-2.312720986083149910e-03
-9.999000000000000000e+03
-9.999000000000000000e+03
-9.999000000000000000e+03
-9.999000000000000000e+03
-9.999000000000000000e+03
-9.999000000000000000e+03
-9.999000000000000000e+03
-9.999000000000000000e+03
-9.999000000000000000e+03
-9.999000000000000000e+03
-9.999000000000000000e+03
-9.999000000000000000e+03
-9.999000000000000000e+03
-9.999000000000000000e+03
-9.999000000000000000e+03
-9.999000000000000000e+03
-9.999000000000000000e+03
-9.999000000000000000e+03
-9.999000000000000000e+03
-9.999000000000000000e+03
-9.999000000000000000e+03
-9.999000000000000000e+03
-4.167766869068145752e-02
-8.996439725160598755e-02
-1.057382449507713318e-01
-1.115674600005149841e-01
-1.380395293235778809e-01
-1.386170536279678345e-01
-1.327824592590332031e-01
-1.266222745180130005e-01
-8.080407232046127319e-02
-4.267936572432518005e-02
-3.051257319748401642e-02
-2.326849475502967834e-02
-1.801511272788047791e-02
-9.999000000000000000e+03
-9.999000000000000000e+03
-9.999000000000000000e+03
-9.999000000000000000e+03
-9.999000000000000000e+03
-9.999000000000000000e+03
-9.999000000000000000e+03
-9.999000000000000000e+03
-9.999000000000000000e+03
-9.999000000000000000e+03
-9.999000000000000000e+03
-9.999000000000000000e+03
-9.999000000000000000e+03
-9.999000000000000000e+03
-9.999000000000000000e+03
-9.999000000000000000e+03
-9.999000000000000000e+03
-6.491354852914810181e-02
-6.459280103445053101e-02
-6.908018141984939575e-02
-6.947667151689529419e-02
-7.449606060981750488e-02
-8.405826240777969360e-02
-7.685039192438125610e-02
-8.024290204048156738e-02
-8.908343315124511719e-02
-4.009601101279258728e-02
-5.439259577542543411e-03
-1.452313829213380814e-02
-2.292612940073013306e-02
-1.924895122647285461e-02
-9.999000000000000000e+03
-9.999000000000000000e+03
-9.999000000000000000e+03
-9.999000000000000000e+03
-9.999000000000000000e+03
-9.999000000000000000e+03
-9.999000000000000000e+03
-9.999000000000000000e+03
-9.999000000000000000e+03
-9.999000000000000000e+03
-9.999000000000000000e+03
-9.999000000000000000e+03
-9.999000000000000000e+03
-9.999000000000000000e+03
-9.999000000000000000e+03
-7.124333083629608154e-02
-7.576271146535873413e-02
-1.190061420202255249e-01
-1.153119429945945740e-01
-8.996926248073577881e-02
-6.766340881586074829e-02
-5.045374482870101929e-02
-5.207856744527816772e-02
-5.764444917440414429e-02
-6.544218957424163818e-02
-5.135414004325866699e-02
-4.836330190300941467e-02
-3.263049945235252380e-02
-4.950150474905967712e-02
-9.999000000000000000e+03
-9.999000000000000000e+03
-9.999000000000000000e+03
-9.999000000000000000e+03
-9.999000000000000000e+03
-9.999000000000000000e+03
-9.999000000000000000e+03
-9.999000000000000000e+03
-9.999000000000000000e+03
-9.999000000000000000e+03
-9.999000000000000000e+03
-9.999000000000000000e+03
-9.999000000000000000e+03
-9.999000000000000000e+03
-9.999000000000000000e+03
-9.999000000000000000e+03
-6.515511870384216309e-02
-8.777784556150436401e-02
-9.963008016347885132e-02
-1.235752925276756287e-01
-1.258613765239715576e-01
-9.957434237003326416e-02
-6.221337616443634033e-02
-4.349254444241523743e-02
-3.918154537677764893e-02
-4.441376402974128723e-02
-7.173685729503631592e-02
-9.322322905063629150e-02
-9.544029831886291504e-02
-6.689090281724929810e-02
-9.999000000000000000e+03
-9.999000000000000000e+03
-9.999000000000000000e+03
-9.999000000000000000e+03
-9.999000000000000000e+03
-9.999000000000000000e+03
-9.999000000000000000e+03
-9.999000000000000000e+03
-9.999000000000000000e+03
-9.999000000000000000e+03
-9.999000000000000000e+03
-9.999000000000000000e+03
-9.999000000000000000e+03
-9.999000000000000000e+03
-9.999000000000000000e+03
-9.999000000000000000e+03
-9.999000000000000000e+03
-7.638739049434661865e-02
-1.000300198793411255e-01
-1.212527677416801453e-01
-1.247962489724159241e-01
-1.162759289145469666e-01
-9.817320853471755981e-02
-7.206720858812332153e-02
-5.005029961466789246e-02
-3.523615002632141113e-02
-7.497349753975868225e-03
-1.071370393037796021e-02
-3.825472667813301086e-02
-3.691509366035461426e-02
-5.565934628248214722e-02
-9.999000000000000000e+03
-9.999000000000000000e+03
-9.999000000000000000e+03
-9.999000000000000000e+03
-9.999000000000000000e+03
-9.999000000000000000e+03
-9.999000000000000000e+03
-9.999000000000000000e+03
-9.999000000000000000e+03
-9.999000000000000000e+03
-9.999000000000000000e+03
-9.999000000000000000e+03
-9.999000000000000000e+03
-9.999000000000000000e+03
-9.999000000000000000e+03
-9.999000000000000000e+03
-9.999000000000000000e+03
-1.122016310691833496e-01
-1.226867884397506714e-01
-1.217494457960128784e-01
-1.152821034193038940e-01
-1.026156768202781677e-01
-7.890607416629791260e-02
-4.815995693206787109e-02
-3.135075792670249939e-02
-2.031866274774074554e-02
-5.506439134478569031e-03
-5.377165973186492920e-03
1.390606909990310669e-02
-1.389277400448918343e-03
-9.999000000000000000e+03
-9.999000000000000000e+03
-9.999000000000000000e+03
-9.999000000000000000e+03
-9.999000000000000000e+03
-9.999000000000000000e+03
-9.999000000000000000e+03
-9.999000000000000000e+03
-9.999000000000000000e+03
-9.999000000000000000e+03
-9.999000000000000000e+03
-9.999000000000000000e+03
-9.999000000000000000e+03
-9.999000000000000000e+03
-9.999000000000000000e+03
-9.999000000000000000e+03
-9.999000000000000000e+03
-9.999000000000000000e+03
-8.751790970563888550e-02
-8.519499003887176514e-02
-7.633468508720397949e-02
-7.383690774440765381e-02
-5.147838220000267029e-02
-3.353641554713249207e-02
-1.033903844654560089e-02
2.850089513231068850e-04
4.003558773547410965e-03
2.375868149101734161e-02
6.092109251767396927e-03
-1.894447393715381622e-02
-9.999000000000000000e+03
-9.999000000000000000e+03
-9.999000000000000000e+03
-9.999000000000000000e+03
-9.999000000000000000e+03
-9.999000000000000000e+03
-9.999000000000000000e+03
-9.999000000000000000e+03
-9.999000000000000000e+03
-9.999000000000000000e+03
-9.999000000000000000e+03
-9.999000000000000000e+03
-9.999000000000000000e+03
-9.999000000000000000e+03
-9.999000000000000000e+03
-9.999000000000000000e+03
-9.999000000000000000e+03
-9.999000000000000000e+03
-9.999000000000000000e+03
-5.117576569318771362e-02
-4.244602471590042114e-02
-3.697960451245307922e-02
-2.847130596637725830e-02
1.487665157765150070e-02
2.488161250948905945e-02
2.241173014044761658e-02
1.433800160884857178e-02
1.341665629297494888e-02
1.351399160921573639e-02
-9.999000000000000000e+03
-9.999000000000000000e+03
-9.999000000000000000e+03
-9.999000000000000000e+03
-9.999000000000000000e+03
-9.999000000000000000e+03
-9.999000000000000000e+03
-9.999000000000000000e+03
-9.999000000000000000e+03
-9.999000000000000000e+03
-9.999000000000000000e+03
-9.999000000000000000e+03
-9.999000000000000000e+03
-9.999000000000000000e+03
-9.999000000000000000e+03
-9.999000000000000000e+03
-9.999000000000000000e+03
-9.999000000000000000e+03
-9.999000000000000000e+03
-9.999000000000000000e+03
-9.999000000000000000e+03
-2.798910625278949738e-02
-3.520194906741380692e-03
2.205138653516769409e-02
4.217004776000976562e-02
5.966751649975776672e-02
4.094633460044860840e-02
-9.999000000000000000e+03
-9.999000000000000000e+03
-9.999000000000000000e+03
-9.999000000000000000e+03
-9.999000000000000000e+03
-9.999000000000000000e+03
-9.999000000000000000e+03
-9.999000000000000000e+03
-9.999000000000000000e+03
-9.999000000000000000e+03
-9.999000000000000000e+03
-9.999000000000000000e+03
-9.999000000000000000e+03
-9.999000000000000000e+03
-9.999000000000000000e+03
-9.999000000000000000e+03
-9.999000000000000000e+03
-9.999000000000000000e+03
-9.999000000000000000e+03
-9.999000000000000000e+03
-9.999000000000000000e+03
-9.999000000000000000e+03
-9.999000000000000000e+03
-9.999000000000000000e+03
-9.999000000000000000e+03
-2.740605734288692474e-02
-5.825581494718790054e-03
3.622988983988761902e-02
-9.999000000000000000e+03
-9.999000000000000000e+03
-9.999000000000000000e+03
-9.999000000000000000e+03
-9.999000000000000000e+03
-9.999000000000000000e+03
-9.999000000000000000e+03
-9.999000000000000000e+03
-9.999000000000000000e+03
-9.999000000000000000e+03
-9.999000000000000000e+03
-9.999000000000000000e+03
-9.999000000000000000e+03
-9.999000000000000000e+03
-9.999000000000000000e+03
-9.999000000000000000e+03
-9.999000000000000000e+03
-9.999000000000000000e+03
-9.999000000000000000e+03
-9.999000000000000000e+03
-9.999000000000000000e+03
-9.999000000000000000e+03
-9.999000000000000000e+03
-9.999000000000000000e+03
-9.999000000000000000e+03
-9.999000000000000000e+03
-9.999000000000000000e+03
-9.999000000000000000e+03
