-1.501467525959014893e-01
-1.032479330897331238e-01
-3.999774530529975891e-02
2.546709962189197540e-02
7.130403816699981689e-02
1.084760203957557678e-01
1.449955999851226807e-01
1.773948371410369873e-01
2.000313550233840942e-01
2.229894846677780151e-01
2.369754761457443237e-01
-9.999000000000000000e+03
-9.999000000000000000e+03
-9.999000000000000000e+03
-9.999000000000000000e+03
-9.999000000000000000e+03
-9.999000000000000000e+03
-9.999000000000000000e+03
-9.999000000000000000e+03
-9.999000000000000000e+03
-9.999000000000000000e+03
-9.999000000000000000e+03
-9.999000000000000000e+03
1.921385340392589569e-02
5.464018136262893677e-02
9.569378197193145752e-02
1.296867281198501587e-01
1.322473585605621338e-01
1.251398921012878418e-01
1.138365864753723145e-01
1.147848218679428101e-01
-1.462707221508026123e-01
-9.552526473999023438e-02
-2.937121503055095673e-02
2.707089297473430634e-02
7.408622652292251587e-02
1.112106814980506897e-01
1.508257836103439331e-01
1.804241985082626343e-01
1.983897835016250610e-01
2.215918451547622681e-01
2.353825569152832031e-01
1.428192704916000366e-01
-9.999000000000000000e+03
-9.999000000000000000e+03
-9.999000000000000000e+03
-9.999000000000000000e+03
-9.999000000000000000e+03
-9.999000000000000000e+03
-9.999000000000000000e+03
-9.999000000000000000e+03
-9.999000000000000000e+03
3.215395286679267883e-02
2.655462361872196198e-02
2.414214424788951874e-02
2.636970765888690948e-02
7.368387281894683838e-02
1.098319888114929199e-01
1.121313720941543579e-01
1.077715381979942322e-01
1.084218248724937439e-01
1.183543577790260315e-01
-1.589238345623016357e-01
-8.607292920351028442e-02
-1.101157814264297485e-02
3.338384255766868591e-02
7.193898409605026245e-02
1.045206338167190552e-01
1.421777755022048950e-01
1.765800565481185913e-01
1.977889984846115112e-01
2.227762341499328613e-01
2.247485369443893433e-01
1.594951301813125610e-01
-9.999000000000000000e+03
-9.999000000000000000e+03
-9.999000000000000000e+03
-9.999000000000000000e+03
-9.999000000000000000e+03
-9.999000000000000000e+03
-9.999000000000000000e+03
1.357944216579198837e-02
1.869925670325756073e-02
4.506479576230049133e-02
8.789146319031715393e-03
1.628009788691997528e-02
4.586480930447578430e-02
5.685048922896385193e-02
7.431339472532272339e-02
7.736787199974060059e-02
9.700638055801391602e-02
1.043430268764495850e-01
1.103132665157318115e-01
-1.607293486595153809e-01
-1.025546789169311523e-01
-4.267716780304908752e-02
8.189318701624870300e-03
6.105700135231018066e-02
1.023639887571334839e-01
1.359730213880538940e-01
1.701148748397827148e-01
1.947933882474899292e-01
2.177783250808715820e-01
2.281291335821151733e-01
1.843018978834152222e-01
9.748324751853942871e-02
-9.999000000000000000e+03
-9.999000000000000000e+03
-9.999000000000000000e+03
-4.165669903159141541e-03
4.183386918157339096e-03
1.239684969186782837e-02
1.691150665283203125e-02
1.298650726675987244e-02
9.287108667194843292e-03
4.719768650829792023e-03
2.000766247510910034e-02
5.487029254436492920e-02
3.314303234219551086e-02
5.554952472448348999e-02
7.061615586280822754e-02
8.392481505870819092e-02
9.664800763130187988e-02
1.069833636283874512e-01
-1.687651276588439941e-01
-1.108440309762954712e-01
-5.259751155972480774e-02
-7.094961125403642654e-03
4.374504834413528442e-02
8.227521926164627075e-02
1.169641092419624329e-01
1.572677195072174072e-01
1.917377412319183350e-01
2.048401236534118652e-01
1.968066841363906860e-01
1.493029147386550903e-01
8.191703259944915771e-02
3.982068598270416260e-02
-6.965133827179670334e-03
-9.972799569368362427e-03
7.092290092259645462e-03
1.921712979674339294e-02
1.983626745641231537e-02
1.926404051482677460e-02
7.026395760476589203e-03
3.255006624385714531e-03
2.098584780469536781e-03
1.004516426473855972e-02
9.802174754440784454e-03
2.228603232651948929e-03
2.613860927522182465e-02
3.714824840426445007e-02
6.224985420703887939e-02
9.782958775758743286e-02
1.212745979428291321e-01
-1.474231928586959839e-01
-1.155542582273483276e-01
-7.114221900701522827e-02
-1.849037036299705505e-02
3.747829422354698181e-02
7.443044334650039673e-02
1.000746190547943115e-01
1.348313689231872559e-01
1.608407050371170044e-01
1.770003139972686768e-01
1.597392261028289795e-01
1.080840378999710083e-01
5.648660659790039062e-02
1.126995868980884552e-02
-8.230398525483906269e-04
6.510058883577585220e-03
3.763931617140769958e-02
5.096388980746269226e-02
3.811763972043991089e-02
2.068185061216354370e-02
4.235880624037235975e-06
-1.794154196977615356e-02
-3.758518770337104797e-02
-3.752710670232772827e-02
-4.198086261749267578e-02
-5.797416344285011292e-02
-2.047049067914485931e-02
3.463618631940335035e-04
3.264547511935234070e-02
7.745116949081420898e-02
1.116455644369125366e-01
-1.250884681940078735e-01
-9.791410714387893677e-02
-5.992261320352554321e-02
-2.071824297308921814e-02
2.141232229769229889e-02
5.297330766916275024e-02
7.810835540294647217e-02
1.115694344043731689e-01
1.272131055593490601e-01
1.272792667150497437e-01
1.152890101075172424e-01
8.556111156940460205e-02
4.827928915619850159e-02
1.707868091762065887e-02
3.896427154541015625e-02
6.077442690730094910e-02
8.365446329116821289e-02
9.055487811565399170e-02
7.152151316404342651e-02
5.184601619839668274e-02
9.093499742448329926e-03
-4.268120229244232178e-02
-8.373773843050003052e-02
-1.017933636903762817e-01
-1.152948737144470215e-01
-1.209473982453346252e-01
-9.061194211244583130e-02
-7.126589119434356689e-02
-3.019545972347259521e-02
5.291978269815444946e-02
8.741091191768646240e-02
-9.336984157562255859e-02
-8.437221497297286987e-02
-5.825138092041015625e-02
-3.457667678594589233e-02
2.394078765064477921e-03
2.533737942576408386e-02
4.868769645690917969e-02
8.056837320327758789e-02
9.300790727138519287e-02
9.913627803325653076e-02
9.167747944593429565e-02
6.267886608839035034e-02
4.645085707306861877e-02
5.000882968306541443e-02
8.085146546363830566e-02
1.017229333519935608e-01
1.228164508938789368e-01
1.275389343500137329e-01
1.054102182388305664e-01
7.148963958024978638e-02
1.627295464277267456e-02
-2.816969715058803558e-02
-6.461070477962493896e-02
-1.183617785573005676e-01
-1.681248694658279419e-01
-1.795083433389663696e-01
-1.758582592010498047e-01
-1.664747297763824463e-01
-1.182636767625808716e-01
-1.634773612022399902e-02
3.163103759288787842e-02
-5.927614867687225342e-02
-5.891779065132141113e-02
-5.466858297586441040e-02
-4.106350988149642944e-02
-1.686002314090728760e-02
-3.204222884960472584e-04
3.120437450706958771e-02
6.839192658662796021e-02
8.429234474897384644e-02
8.704762160778045654e-02
7.925427705049514771e-02
6.572861224412918091e-02
7.219413667917251587e-02
1.022686585783958435e-01
1.285905987024307251e-01
1.332324743270874023e-01
1.394248753786087036e-01
1.322805434465408325e-01
1.165651679039001465e-01
6.270459294319152832e-02
-9.812752716243267059e-03
-2.729092165827751160e-02
-3.512495011091232300e-02
-7.294400781393051147e-02
-8.580051362514495850e-02
-1.685301512479782104e-01
-2.166423946619033813e-01
-2.324959933757781982e-01
-1.744557321071624756e-01
-8.572872728109359741e-02
-1.438681781291961670e-02
-5.508616939187049866e-02
-5.318447947502136230e-02
-5.797148868441581726e-02
-5.358986556529998779e-02
-3.884567320346832275e-02
-1.214474998414516449e-02
2.171129547059535980e-02
6.488940864801406860e-02
7.931195199489593506e-02
8.650286495685577393e-02
8.432026207447052002e-02
1.024681478738784790e-01
1.182077005505561829e-01
1.333163976669311523e-01
1.436340212821960449e-01
1.397810578346252441e-01
1.299945563077926636e-01
7.687426358461380005e-02
6.642003357410430908e-02
1.022671628743410110e-02
-2.110857143998146057e-02
-9.999000000000000000e+03
-9.999000000000000000e+03
-9.999000000000000000e+03
-9.999000000000000000e+03
-9.999000000000000000e+03
-9.999000000000000000e+03
-2.052139490842819214e-01
-2.198768258094787598e-01
-1.184639632701873779e-01
-2.931834943592548370e-02
-5.078228190541267395e-02
-4.270673915743827820e-02
-4.810227826237678528e-02
-4.843197762966156006e-02
-5.413328111171722412e-02
-2.327337861061096191e-02
2.018859609961509705e-02
5.374300107359886169e-02
7.804714888334274292e-02
1.030646190047264099e-01
1.108763441443443298e-01
1.521937400102615356e-01
1.555127352476119995e-01
1.523719877004623413e-01
1.341116130352020264e-01
1.144424974918365479e-01
1.125351637601852417e-01
-9.999000000000000000e+03
-9.999000000000000000e+03
-9.999000000000000000e+03
-9.999000000000000000e+03
-9.999000000000000000e+03
-9.999000000000000000e+03
-9.999000000000000000e+03
-9.999000000000000000e+03
-9.999000000000000000e+03
-9.999000000000000000e+03
-1.602099686861038208e-01
-2.062545865774154663e-01
-1.653747856616973877e-01
-7.615563273429870605e-02
-4.782208800315856934e-02
-2.854846231639385223e-02
-2.303966879844665527e-02
-3.864582255482673645e-02
-5.335117876529693604e-02
-3.793670237064361572e-02
5.821391474455595016e-03
5.299971997737884521e-02
1.013611331582069397e-01
1.367817223072052002e-01
1.497074961662292480e-01
1.714245527982711792e-01
1.688717156648635864e-01
1.478473991155624390e-01
6.813302636146545410e-02
6.617627292871475220e-02
-9.999000000000000000e+03
-9.999000000000000000e+03
-9.999000000000000000e+03
-9.999000000000000000e+03
-9.999000000000000000e+03
-9.999000000000000000e+03
-9.999000000000000000e+03
-9.999000000000000000e+03
-9.999000000000000000e+03
-9.999000000000000000e+03
-9.999000000000000000e+03
-9.999000000000000000e+03
-1.387710273265838623e-01
-1.484200358390808105e-01
-5.106671154499053955e-02
-4.894483089447021484e-02
-5.102564021944999695e-02
-3.916853293776512146e-02
-3.810665383934974670e-02
-3.898518532514572144e-02
-1.214275509119033813e-02
4.569922387599945068e-02
8.607098460197448730e-02
1.227364018559455872e-01
1.376425623893737793e-01
1.544103324413299561e-01
1.889331340789794922e-01
1.209034100174903870e-01
1.258777976036071777e-01
-9.999000000000000000e+03
-9.999000000000000000e+03
-9.999000000000000000e+03
-9.999000000000000000e+03
-9.999000000000000000e+03
-9.999000000000000000e+03
-9.999000000000000000e+03
-9.999000000000000000e+03
-9.999000000000000000e+03
-9.999000000000000000e+03
-9.999000000000000000e+03
-9.999000000000000000e+03
-9.999000000000000000e+03
-9.999000000000000000e+03
-9.999000000000000000e+03
-1.163189113140106201e-01
-5.237850919365882874e-02
-9.999000000000000000e+03
-5.751213058829307556e-02
-6.436945497989654541e-02
-4.729329794645309448e-02
-1.806341297924518585e-02
1.089916471391916275e-02
8.428292721509933472e-02
1.240269094705581665e-01
1.145863607525825500e-01
1.423830389976501465e-01
1.640069037675857544e-01
1.664371043443679810e-01
9.426259994506835938e-02
-9.999000000000000000e+03
-9.999000000000000000e+03
-9.999000000000000000e+03
-9.999000000000000000e+03
-9.999000000000000000e+03
-9.999000000000000000e+03
-9.999000000000000000e+03
-9.999000000000000000e+03
-9.999000000000000000e+03
-9.999000000000000000e+03
-9.999000000000000000e+03
-9.999000000000000000e+03
-9.999000000000000000e+03
-9.999000000000000000e+03
-9.999000000000000000e+03
-9.999000000000000000e+03
-3.732490167021751404e-02
5.595774855464696884e-03
-9.999000000000000000e+03
-9.999000000000000000e+03
-7.236658036708831787e-02
-5.886555090546607971e-02
-8.568322286009788513e-03
5.270820856094360352e-02
1.172796711325645447e-01
1.341182142496109009e-01
1.139541864395141602e-01
1.505915820598602295e-01
1.516869217157363892e-01
5.243953689932823181e-02
-9.999000000000000000e+03
-9.999000000000000000e+03
-9.999000000000000000e+03
-9.999000000000000000e+03
-9.999000000000000000e+03
-9.999000000000000000e+03
-9.999000000000000000e+03
-9.999000000000000000e+03
-9.999000000000000000e+03
-9.999000000000000000e+03
-9.999000000000000000e+03
-9.999000000000000000e+03
-9.999000000000000000e+03
-9.999000000000000000e+03
-9.999000000000000000e+03
-9.999000000000000000e+03
-9.999000000000000000e+03
3.400495741516351700e-03
5.559197440743446350e-02
-9.999000000000000000e+03
-9.999000000000000000e+03
-5.277323722839355469e-02
-5.703191086649894714e-02
-2.686050534248352051e-02
4.213829711079597473e-02
1.317449659109115601e-01
1.155466809868812561e-01
1.398283988237380981e-01
1.585584729909896851e-01
1.298060715198516846e-01
7.574216276407241821e-02
-9.999000000000000000e+03
-9.999000000000000000e+03
-9.999000000000000000e+03
-9.999000000000000000e+03
-9.999000000000000000e+03
-9.999000000000000000e+03
-9.999000000000000000e+03
-9.999000000000000000e+03
-9.999000000000000000e+03
-9.999000000000000000e+03
-9.999000000000000000e+03
-9.999000000000000000e+03
-9.999000000000000000e+03
-9.999000000000000000e+03
-9.999000000000000000e+03
-9.999000000000000000e+03
-9.999000000000000000e+03
-9.999000000000000000e+03
-9.999000000000000000e+03
-9.999000000000000000e+03
-9.999000000000000000e+03
-3.257746249437332153e-02
-5.085853859782218933e-02
-2.526971325278282166e-02
3.757830709218978882e-02
7.359699159860610962e-02
9.916507452726364136e-02
1.518073379993438721e-01
1.723817288875579834e-01
9.443571418523788452e-02
6.191055476665496826e-02
-9.999000000000000000e+03
-9.999000000000000000e+03
-9.999000000000000000e+03
-9.999000000000000000e+03
-9.999000000000000000e+03
-9.999000000000000000e+03
-9.999000000000000000e+03
-9.999000000000000000e+03
-9.999000000000000000e+03
-9.999000000000000000e+03
-9.999000000000000000e+03
-9.999000000000000000e+03
-9.999000000000000000e+03
-9.999000000000000000e+03
-9.999000000000000000e+03
-9.999000000000000000e+03
-9.999000000000000000e+03
-9.999000000000000000e+03
-9.999000000000000000e+03
-9.999000000000000000e+03
-9.999000000000000000e+03
-9.999000000000000000e+03
-2.905954979360103607e-02
-2.277586050331592560e-02
2.003883756697177887e-02
-1.933632232248783112e-02
7.582272589206695557e-02
1.602061241865158081e-01
2.025377601385116577e-01
1.322105228900909424e-01
-9.999000000000000000e+03
-9.999000000000000000e+03
-9.999000000000000000e+03
-9.999000000000000000e+03
-9.999000000000000000e+03
-9.999000000000000000e+03
-9.999000000000000000e+03
-9.999000000000000000e+03
-9.999000000000000000e+03
-9.999000000000000000e+03
-9.999000000000000000e+03
-9.999000000000000000e+03
-9.999000000000000000e+03
-9.999000000000000000e+03
-9.999000000000000000e+03
-9.999000000000000000e+03
-9.999000000000000000e+03
-9.999000000000000000e+03
-9.999000000000000000e+03
-9.999000000000000000e+03
-9.999000000000000000e+03
-9.999000000000000000e+03
-9.999000000000000000e+03
-2.279633469879627228e-02
-1.212498918175697327e-02
-2.093077264726161957e-02
-5.973620712757110596e-02
5.631397292017936707e-02
1.949701011180877686e-01
2.480064332485198975e-01
1.815425157546997070e-01
1.103407591581344604e-01
-9.999000000000000000e+03
-9.999000000000000000e+03
-9.999000000000000000e+03
-9.999000000000000000e+03
-9.999000000000000000e+03
-9.999000000000000000e+03
-9.999000000000000000e+03
-9.999000000000000000e+03
-9.999000000000000000e+03
-9.999000000000000000e+03
-9.999000000000000000e+03
-9.999000000000000000e+03
-9.999000000000000000e+03
-9.999000000000000000e+03
-9.999000000000000000e+03
-9.999000000000000000e+03
-9.999000000000000000e+03
-9.999000000000000000e+03
-9.999000000000000000e+03
-9.999000000000000000e+03
-9.999000000000000000e+03
-9.999000000000000000e+03
-9.999000000000000000e+03
-3.223572857677936554e-03
-7.517650723457336426e-03
-1.734243892133235931e-02
9.123035520315170288e-02
1.507006883621215820e-01
9.693387150764465332e-02
1.210310384631156921e-01
1.023213267326354980e-01
-9.999000000000000000e+03
-9.999000000000000000e+03
-9.999000000000000000e+03
-9.999000000000000000e+03
-9.999000000000000000e+03
-9.999000000000000000e+03
-9.999000000000000000e+03
-9.999000000000000000e+03
-9.999000000000000000e+03
-9.999000000000000000e+03
-9.999000000000000000e+03
-9.999000000000000000e+03
-9.999000000000000000e+03
-9.999000000000000000e+03
-9.999000000000000000e+03
-9.999000000000000000e+03
-9.999000000000000000e+03
-9.999000000000000000e+03
-9.999000000000000000e+03
-9.999000000000000000e+03
-9.999000000000000000e+03
-9.999000000000000000e+03
-9.999000000000000000e+03
9.202109649777412415e-03
-1.903618127107620239e-02
-5.443179607391357422e-02
-1.368903834372758865e-02
-3.153245896100997925e-02
-7.324228435754776001e-02
-3.641298413276672363e-02
3.369320556521415710e-02
7.224881649017333984e-02
-9.999000000000000000e+03
-9.999000000000000000e+03
-9.999000000000000000e+03
-9.999000000000000000e+03
-9.999000000000000000e+03
-9.999000000000000000e+03
-9.999000000000000000e+03
-9.999000000000000000e+03
-9.999000000000000000e+03
-9.999000000000000000e+03
-9.999000000000000000e+03
-9.999000000000000000e+03
-9.999000000000000000e+03
-9.999000000000000000e+03
-9.999000000000000000e+03
-9.999000000000000000e+03
-9.999000000000000000e+03
-9.999000000000000000e+03
-9.999000000000000000e+03
-9.999000000000000000e+03
-9.999000000000000000e+03
-9.999000000000000000e+03
6.475555151700973511e-02
-6.626754067838191986e-03
-4.674787819385528564e-02
-6.987193971872329712e-02
-8.408600091934204102e-02
-1.296726167201995850e-01
-8.472844958305358887e-02
1.278360001742839813e-02
8.938607573509216309e-02
9.235775470733642578e-02
4.981234297156333923e-02
1.169280335307121277e-02
2.407574839890003204e-02
-9.999000000000000000e+03
-9.999000000000000000e+03
-9.999000000000000000e+03
-9.999000000000000000e+03
-9.999000000000000000e+03
-9.999000000000000000e+03
-9.999000000000000000e+03
-9.999000000000000000e+03
-9.999000000000000000e+03
-9.999000000000000000e+03
-9.999000000000000000e+03
-9.999000000000000000e+03
-9.999000000000000000e+03
-9.999000000000000000e+03
-9.999000000000000000e+03
-9.999000000000000000e+03
-9.999000000000000000e+03
5.048763379454612732e-02
5.967165902256965637e-02
3.833677992224693298e-02
-9.773420169949531555e-03
-6.251848489046096802e-02
-1.108158007264137268e-01
-1.146401166915893555e-01
-5.951032787561416626e-02
1.826049014925956726e-02
8.088324964046478271e-02
8.932995051145553589e-02
2.242072299122810364e-02
2.138019725680351257e-02
2.448091283440589905e-02
-9.999000000000000000e+03
-9.999000000000000000e+03
-9.999000000000000000e+03
-9.999000000000000000e+03
-9.999000000000000000e+03
-9.999000000000000000e+03
-9.999000000000000000e+03
-9.999000000000000000e+03
-9.999000000000000000e+03
-9.999000000000000000e+03
-9.999000000000000000e+03
-9.999000000000000000e+03
-9.999000000000000000e+03
-9.999000000000000000e+03
-9.999000000000000000e+03
3.956382162868976593e-03
1.388842239975929260e-02
3.106326796114444733e-02
5.032717064023017883e-02
4.408109933137893677e-02
1.318324822932481766e-02
-3.050527535378932953e-02
-7.915433496236801147e-02
-1.056480705738067627e-01
-5.054840445518493652e-02
3.605645895004272461e-02
5.834719166159629822e-02
9.483218193054199219e-02
7.255778461694717407e-02
-9.999000000000000000e+03
-9.999000000000000000e+03
-9.999000000000000000e+03
-9.999000000000000000e+03
-9.999000000000000000e+03
-9.999000000000000000e+03
-9.999000000000000000e+03
-9.999000000000000000e+03
-9.999000000000000000e+03
-9.999000000000000000e+03
-9.999000000000000000e+03
-9.999000000000000000e+03
-9.999000000000000000e+03
-9.999000000000000000e+03
-9.999000000000000000e+03
-9.999000000000000000e+03
-3.012641682289540768e-04
-3.380107693374156952e-03
3.469956293702125549e-02
5.763385072350502014e-02
6.155988574028015137e-02
4.036553576588630676e-02
-6.848514545708894730e-03
-2.828377671539783478e-02
-4.806254059076309204e-02
-6.265243142843246460e-02
-5.424541234970092773e-02
4.106066655367612839e-03
2.104063332080841064e-02
1.166086867451667786e-01
-9.999000000000000000e+03
-9.999000000000000000e+03
-9.999000000000000000e+03
-9.999000000000000000e+03
-9.999000000000000000e+03
-9.999000000000000000e+03
-9.999000000000000000e+03
-9.999000000000000000e+03
-9.999000000000000000e+03
-9.999000000000000000e+03
-9.999000000000000000e+03
-9.999000000000000000e+03
-9.999000000000000000e+03
-9.999000000000000000e+03
-9.999000000000000000e+03
-9.999000000000000000e+03
-9.999000000000000000e+03
-1.209324970841407776e-02
6.110653281211853027e-03
8.723481744527816772e-02
9.716053307056427002e-02
7.064371556043624878e-02
1.991178095340728760e-02
-2.316341176629066467e-02
-3.714274615049362183e-02
-3.108201734721660614e-02
-3.397221863269805908e-02
-3.518884629011154175e-02
-7.456248160451650620e-03
1.910319924354553223e-02
8.021162450313568115e-02
-9.999000000000000000e+03
-9.999000000000000000e+03
-9.999000000000000000e+03
-9.999000000000000000e+03
-9.999000000000000000e+03
-9.999000000000000000e+03
-9.999000000000000000e+03
-9.999000000000000000e+03
-9.999000000000000000e+03
-9.999000000000000000e+03
-9.999000000000000000e+03
-9.999000000000000000e+03
-9.999000000000000000e+03
-9.999000000000000000e+03
-9.999000000000000000e+03
-9.999000000000000000e+03
-9.999000000000000000e+03
3.468593582510948181e-02
9.384833276271820068e-02
1.306154280900955200e-01
1.201757341623306274e-01
7.592708617448806763e-02
-1.304236985743045807e-02
-4.518308490514755249e-02
-4.851360246539115906e-02
-2.846140041947364807e-02
-1.444345153868198395e-02
-1.618790626525878906e-02
3.335760207846760750e-03
-2.045160718262195587e-02
-9.999000000000000000e+03
-9.999000000000000000e+03
-9.999000000000000000e+03
-9.999000000000000000e+03
-9.999000000000000000e+03
-9.999000000000000000e+03
-9.999000000000000000e+03
-9.999000000000000000e+03
-9.999000000000000000e+03
-9.999000000000000000e+03
-9.999000000000000000e+03
-9.999000000000000000e+03
-9.999000000000000000e+03
-9.999000000000000000e+03
-9.999000000000000000e+03
-9.999000000000000000e+03
-9.999000000000000000e+03
-9.999000000000000000e+03
8.175340294837951660e-02
1.412176340818405151e-01
1.399363726377487183e-01
9.861920773983001709e-02
1.574785634875297546e-02
-4.663574323058128357e-02
-6.351482123136520386e-02
-5.670239031314849854e-02
-1.855807006359100342e-02
1.749536022543907166e-02
1.210896577686071396e-02
1.793192350305616856e-03
-9.999000000000000000e+03
-9.999000000000000000e+03
-9.999000000000000000e+03
-9.999000000000000000e+03
-9.999000000000000000e+03
-9.999000000000000000e+03
-9.999000000000000000e+03
-9.999000000000000000e+03
-9.999000000000000000e+03
-9.999000000000000000e+03
-9.999000000000000000e+03
-9.999000000000000000e+03
-9.999000000000000000e+03
-9.999000000000000000e+03
-9.999000000000000000e+03
-9.999000000000000000e+03
-9.999000000000000000e+03
-9.999000000000000000e+03
-9.999000000000000000e+03
1.021975800395011902e-01
1.234184056520462036e-01
1.090813577175140381e-01
6.548234820365905762e-02
-4.517558589577674866e-02
-7.174517214298248291e-02
-6.329287588596343994e-02
-3.598427027463912964e-02
-1.419167499989271164e-02
6.942718289792537689e-03
-9.999000000000000000e+03
-9.999000000000000000e+03
-9.999000000000000000e+03
-9.999000000000000000e+03
-9.999000000000000000e+03
-9.999000000000000000e+03
-9.999000000000000000e+03
-9.999000000000000000e+03
-9.999000000000000000e+03
-9.999000000000000000e+03
-9.999000000000000000e+03
-9.999000000000000000e+03
-9.999000000000000000e+03
-9.999000000000000000e+03
-9.999000000000000000e+03
-9.999000000000000000e+03
-9.999000000000000000e+03
-9.999000000000000000e+03
-9.999000000000000000e+03
-9.999000000000000000e+03
-9.999000000000000000e+03
9.254988282918930054e-02
8.382967859506607056e-02
5.990634858608245850e-02
8.274574647657573223e-04
-4.475663974881172180e-02
-5.588334053754806519e-02
-9.999000000000000000e+03
-9.999000000000000000e+03
-9.999000000000000000e+03
-9.999000000000000000e+03
-9.999000000000000000e+03
-9.999000000000000000e+03
-9.999000000000000000e+03
-9.999000000000000000e+03
-9.999000000000000000e+03
-9.999000000000000000e+03
-9.999000000000000000e+03
-9.999000000000000000e+03
-9.999000000000000000e+03
-9.999000000000000000e+03
-9.999000000000000000e+03
-9.999000000000000000e+03
-9.999000000000000000e+03
-9.999000000000000000e+03
-9.999000000000000000e+03
-9.999000000000000000e+03
-9.999000000000000000e+03
-9.999000000000000000e+03
-9.999000000000000000e+03
-9.999000000000000000e+03
-9.999000000000000000e+03
4.842288792133331299e-02
4.288414120674133301e-02
4.250796884298324585e-02
-9.999000000000000000e+03
-9.999000000000000000e+03
-9.999000000000000000e+03
-9.999000000000000000e+03
-9.999000000000000000e+03
-9.999000000000000000e+03
-9.999000000000000000e+03
-9.999000000000000000e+03
-9.999000000000000000e+03
-9.999000000000000000e+03
-9.999000000000000000e+03
-9.999000000000000000e+03
-9.999000000000000000e+03
-9.999000000000000000e+03
-9.999000000000000000e+03
-9.999000000000000000e+03
-9.999000000000000000e+03
-9.999000000000000000e+03
-9.999000000000000000e+03
-9.999000000000000000e+03
-9.999000000000000000e+03
-9.999000000000000000e+03
-9.999000000000000000e+03
-9.999000000000000000e+03
-9.999000000000000000e+03
-9.999000000000000000e+03
-9.999000000000000000e+03
-9.999000000000000000e+03
