-1.296378970146179199e-01
-8.789690583944320679e-02
-3.957148641347885132e-02
1.922602765262126923e-02
7.584881782531738281e-02
1.207047179341316223e-01
1.576794534921646118e-01
1.875950992107391357e-01
2.204994410276412964e-01
2.504304945468902588e-01
2.558958530426025391e-01
-9.999000000000000000e+03
-9.999000000000000000e+03
-9.999000000000000000e+03
-9.999000000000000000e+03
-9.999000000000000000e+03
-9.999000000000000000e+03
-9.999000000000000000e+03
-9.999000000000000000e+03
-9.999000000000000000e+03
-9.999000000000000000e+03
-9.999000000000000000e+03
-9.999000000000000000e+03
3.233348205685615540e-02
1.296412646770477295e-01
1.480388939380645752e-01
1.661408543586730957e-01
1.533017754554748535e-01
1.465181410312652588e-01
1.451796144247055054e-01
1.284727007150650024e-01
-1.172431781888008118e-01
-7.965766638517379761e-02
-2.879455126821994781e-02
2.901037409901618958e-02
9.052243083715438843e-02
1.343856453895568848e-01
1.714498102664947510e-01
2.002681195735931396e-01
2.238803654909133911e-01
2.463487684726715088e-01
2.495455890893936157e-01
1.486158221960067749e-01
-9.999000000000000000e+03
-9.999000000000000000e+03
-9.999000000000000000e+03
-9.999000000000000000e+03
-9.999000000000000000e+03
-9.999000000000000000e+03
-9.999000000000000000e+03
-9.999000000000000000e+03
-9.999000000000000000e+03
1.685589551925659180e-02
1.800763234496116638e-02
3.684684261679649353e-02
8.042603731155395508e-02
1.124709397554397583e-01
1.369993835687637329e-01
1.153578311204910278e-01
1.007716953754425049e-01
1.041327342391014099e-01
1.110651642084121704e-01
-1.181744560599327087e-01
-6.423456966876983643e-02
8.157644188031554222e-04
6.447337567806243896e-02
1.116145178675651550e-01
1.472380608320236206e-01
1.749232709407806396e-01
2.033463120460510254e-01
2.220248132944107056e-01
2.375982701778411865e-01
2.255937010049819946e-01
1.468491107225418091e-01
-9.999000000000000000e+03
-9.999000000000000000e+03
-9.999000000000000000e+03
-9.999000000000000000e+03
-9.999000000000000000e+03
-9.999000000000000000e+03
-9.999000000000000000e+03
9.180218912661075592e-03
1.176406629383563995e-02
3.018491528928279877e-02
7.268743589520454407e-03
2.162189222872257233e-02
5.182356759905815125e-02
6.089074164628982544e-02
8.046288043260574341e-02
8.377073705196380615e-02
8.764486014842987061e-02
9.253156930208206177e-02
8.934626728296279907e-02
-9.939140081405639648e-02
-5.071590095758438110e-02
2.794130705296993256e-03
6.176086142659187317e-02
1.215343549847602844e-01
1.560476571321487427e-01
1.771449297666549683e-01
2.005464136600494385e-01
2.143328040838241577e-01
2.234990745782852173e-01
2.148346900939941406e-01
1.427836418151855469e-01
6.057838350534439087e-02
-9.999000000000000000e+03
-9.999000000000000000e+03
-9.999000000000000000e+03
9.713486768305301666e-03
8.421697653830051422e-03
8.708630688488483429e-03
1.199892349541187286e-02
4.876062739640474319e-03
3.057693364098668098e-03
-5.660740192979574203e-03
9.379966184496879578e-03
5.414593219757080078e-02
3.567642346024513245e-02
6.656588613986968994e-02
7.003097236156463623e-02
7.051398605108261108e-02
7.541988044977188110e-02
8.062733709812164307e-02
-9.682106971740722656e-02
-3.571680188179016113e-02
1.768892258405685425e-02
5.351411923766136169e-02
1.012763902544975281e-01
1.327299028635025024e-01
1.554285585880279541e-01
1.856358200311660767e-01
1.954691559076309204e-01
1.940386742353439331e-01
1.659224480390548706e-01
1.110858395695686340e-01
4.709549620747566223e-02
2.920560073107481003e-03
-1.000121817924082279e-03
3.874300979077816010e-03
1.331950444728136063e-02
2.477935142815113068e-02
2.309662662446498871e-02
2.268267236649990082e-02
5.193088203668594360e-03
-1.310735940933227539e-02
-1.374822109937667847e-02
2.601761370897293091e-03
1.264443900436162949e-02
3.577251685783267021e-03
2.241016365587711334e-02
2.455820143222808838e-02
3.806813806295394897e-02
6.149249151349067688e-02
7.362440973520278931e-02
-8.932523429393768311e-02
-4.738000035285949707e-02
-6.777180358767509460e-03
2.646209858357906342e-02
7.241387665271759033e-02
9.893043339252471924e-02
1.147188618779182434e-01
1.410271972417831421e-01
1.533548384904861450e-01
1.646749228239059448e-01
1.353817135095596313e-01
9.088817238807678223e-02
4.139468818902969360e-02
2.047553891316056252e-03
-2.837912878021597862e-03
7.604551967233419418e-03
3.643952682614326477e-02
6.276977062225341797e-02
5.796131491661071777e-02
4.536584392189979553e-02
1.833773776888847351e-02
-1.296794135123491287e-02
-3.320901840925216675e-02
-3.560582548379898071e-02
-4.062528908252716064e-02
-5.585335195064544678e-02
-3.085553273558616638e-02
-2.350959368050098419e-02
-1.111719990149140358e-03
3.906780853867530823e-02
7.254915684461593628e-02
-8.060099929571151733e-02
-5.968769639730453491e-02
-2.785810269415378571e-02
-2.849207958206534386e-03
3.361404314637184143e-02
5.906857550144195557e-02
7.990659028291702271e-02
1.032582521438598633e-01
1.105255782604217529e-01
1.207470297813415527e-01
1.127444133162498474e-01
8.395177870988845825e-02
4.785632342100143433e-02
1.380059681832790375e-02
3.686252981424331665e-02
6.072510406374931335e-02
9.275717288255691528e-02
1.084871441125869751e-01
9.561553597450256348e-02
7.948788255453109741e-02
3.711661696434020996e-02
-2.074184082448482513e-02
-7.065919786691665649e-02
-9.293771535158157349e-02
-1.107059344649314880e-01
-1.197328269481658936e-01
-9.719823300838470459e-02
-9.267704933881759644e-02
-5.764264613389968872e-02
2.124815993010997772e-02
5.372461676597595215e-02
-7.756907492876052856e-02
-5.979335308074951172e-02
-3.829628229141235352e-02
-2.331577986478805542e-02
2.400244353339076042e-03
3.025914914906024933e-02
4.133799672126770020e-02
6.238722801208496094e-02
7.053429633378982544e-02
9.281534701585769653e-02
9.757357835769653320e-02
8.028889447450637817e-02
6.543953716754913330e-02
6.374648958444595337e-02
9.035642445087432861e-02
1.089203581213951111e-01
1.400696039199829102e-01
1.406297236680984497e-01
1.194117292761802673e-01
9.304754436016082764e-02
4.827373474836349487e-02
2.022369299083948135e-03
-4.813058301806449890e-02
-1.114425286650657654e-01
-1.731556951999664307e-01
-1.846395581960678101e-01
-1.894994825124740601e-01
-1.841757446527481079e-01
-1.346028596162796021e-01
-3.043657168745994568e-02
7.801115978509187698e-03
-5.600608140230178833e-02
-4.248602688312530518e-02
-3.560638800263404846e-02
-2.980993501842021942e-02
-1.806391775608062744e-02
-9.104101918637752533e-03
3.531721420586109161e-03
2.725717052817344666e-02
5.368423834443092346e-02
8.089776337146759033e-02
9.237279742956161499e-02
8.982826769351959229e-02
9.954239428043365479e-02
1.224595755338668823e-01
1.465241760015487671e-01
1.483545899391174316e-01
1.526306569576263428e-01
1.398875415325164795e-01
1.247262656688690186e-01
9.026451408863067627e-02
2.720234729349613190e-02
-1.126034464687108994e-02
-2.999792620539665222e-02
-7.073763012886047363e-02
-8.905262500047683716e-02
-1.787786483764648438e-01
-2.382750064134597778e-01
-2.585705816745758057e-01
-1.987133771181106567e-01
-1.058052256703376770e-01
-4.004639387130737305e-02
-6.615467369556427002e-02
-4.843962192535400391e-02
-3.608928993344306946e-02
-2.840449847280979156e-02
-2.998353354632854462e-02
-2.485823631286621094e-02
-1.952092535793781281e-02
2.905678469687700272e-03
3.531594574451446533e-02
7.650984823703765869e-02
1.003765538334846497e-01
1.279262155294418335e-01
1.468955874443054199e-01
1.581364870071411133e-01
1.622255146503448486e-01
1.531013548374176025e-01
1.385766118764877319e-01
8.664469420909881592e-02
7.682838290929794312e-02
2.842050418257713318e-02
7.877360098063945770e-03
-9.999000000000000000e+03
-9.999000000000000000e+03
-9.999000000000000000e+03
-9.999000000000000000e+03
-9.999000000000000000e+03
-9.999000000000000000e+03
-2.271126508712768555e-01
-2.589548230171203613e-01
-1.547225266695022583e-01
-6.992152333259582520e-02
-8.590476214885711670e-02
-6.736414879560470581e-02
-5.444616451859474182e-02
-5.143124610185623169e-02
-5.468583479523658752e-02
-6.084310635924339294e-02
-3.418329730629920959e-02
1.351791084744036198e-03
4.903005808591842651e-02
9.658970683813095093e-02
1.222371235489845276e-01
1.689304262399673462e-01
1.717489063739776611e-01
1.650763899087905884e-01
1.402153670787811279e-01
1.219706535339355469e-01
1.254546791315078735e-01
-9.999000000000000000e+03
-9.999000000000000000e+03
-9.999000000000000000e+03
-9.999000000000000000e+03
-9.999000000000000000e+03
-9.999000000000000000e+03
-9.999000000000000000e+03
-9.999000000000000000e+03
-9.999000000000000000e+03
-9.999000000000000000e+03
-1.888740658760070801e-01
-2.448147684335708618e-01
-2.042229324579238892e-01
-1.169053167104721069e-01
-9.799911826848983765e-02
-6.290593743324279785e-02
-4.389610514044761658e-02
-3.278692439198493958e-02
-4.710252583026885986e-02
-5.061545968055725098e-02
-2.028882876038551331e-02
2.372759208083152771e-02
9.317048639059066772e-02
1.335213333368301392e-01
1.542102694511413574e-01
1.732143610715866089e-01
1.711621284484863281e-01
1.531408876180648804e-01
6.877290457487106323e-02
6.934271752834320068e-02
-9.999000000000000000e+03
-9.999000000000000000e+03
-9.999000000000000000e+03
-9.999000000000000000e+03
-9.999000000000000000e+03
-9.999000000000000000e+03
-9.999000000000000000e+03
-9.999000000000000000e+03
-9.999000000000000000e+03
-9.999000000000000000e+03
-9.999000000000000000e+03
-9.999000000000000000e+03
-1.653117537498474121e-01
-1.833761632442474365e-01
-9.469007700681686401e-02
-7.552430033683776855e-02
-6.206807866692543030e-02
-3.681292012333869934e-02
-8.428413420915603638e-03
-1.545002311468124390e-02
-7.378758862614631653e-03
3.232069313526153564e-02
7.473155856132507324e-02
1.229896321892738342e-01
1.391301155090332031e-01
1.526566296815872192e-01
1.797229796648025513e-01
1.221408843994140625e-01
1.301352083683013916e-01
-9.999000000000000000e+03
-9.999000000000000000e+03
-9.999000000000000000e+03
-9.999000000000000000e+03
-9.999000000000000000e+03
-9.999000000000000000e+03
-9.999000000000000000e+03
-9.999000000000000000e+03
-9.999000000000000000e+03
-9.999000000000000000e+03
-9.999000000000000000e+03
-9.999000000000000000e+03
-9.999000000000000000e+03
-9.999000000000000000e+03
-9.999000000000000000e+03
-1.499522775411605835e-01
-9.102135896682739258e-02
-9.999000000000000000e+03
-5.768515542149543762e-02
-5.348070338368415833e-02
-3.050968609750270844e-02
-6.965809501707553864e-03
7.349980063736438751e-03
5.387725308537483215e-02
1.193652227520942688e-01
1.243920996785163879e-01
1.341486126184463501e-01
1.490303128957748413e-01
1.496122479438781738e-01
9.217091649770736694e-02
-9.999000000000000000e+03
-9.999000000000000000e+03
-9.999000000000000000e+03
-9.999000000000000000e+03
-9.999000000000000000e+03
-9.999000000000000000e+03
-9.999000000000000000e+03
-9.999000000000000000e+03
-9.999000000000000000e+03
-9.999000000000000000e+03
-9.999000000000000000e+03
-9.999000000000000000e+03
-9.999000000000000000e+03
-9.999000000000000000e+03
-9.999000000000000000e+03
-9.999000000000000000e+03
-7.137336581945419312e-02
-3.777595981955528259e-02
-9.999000000000000000e+03
-9.999000000000000000e+03
-7.577973604202270508e-02
-5.985293537378311157e-02
-1.892585307359695435e-02
2.391167543828487396e-02
9.001665562391281128e-02
1.289868801832199097e-01
1.170410811901092529e-01
1.324302852153778076e-01
1.310099512338638306e-01
4.069182649254798889e-02
-9.999000000000000000e+03
-9.999000000000000000e+03
-9.999000000000000000e+03
-9.999000000000000000e+03
-9.999000000000000000e+03
-9.999000000000000000e+03
-9.999000000000000000e+03
-9.999000000000000000e+03
-9.999000000000000000e+03
-9.999000000000000000e+03
-9.999000000000000000e+03
-9.999000000000000000e+03
-9.999000000000000000e+03
-9.999000000000000000e+03
-9.999000000000000000e+03
-9.999000000000000000e+03
-9.999000000000000000e+03
-2.858223579823970795e-02
-4.409818910062313080e-03
-9.999000000000000000e+03
-9.999000000000000000e+03
-5.075206980109214783e-02
-5.570425465703010559e-02
-3.267010673880577087e-02
2.653788775205612183e-02
1.040792241692543030e-01
1.141570359468460083e-01
1.299226731061935425e-01
1.381518691778182983e-01
1.130092218518257141e-01
5.903391540050506592e-02
-9.999000000000000000e+03
-9.999000000000000000e+03
-9.999000000000000000e+03
-9.999000000000000000e+03
-9.999000000000000000e+03
-9.999000000000000000e+03
-9.999000000000000000e+03
-9.999000000000000000e+03
-9.999000000000000000e+03
-9.999000000000000000e+03
-9.999000000000000000e+03
-9.999000000000000000e+03
-9.999000000000000000e+03
-9.999000000000000000e+03
-9.999000000000000000e+03
-9.999000000000000000e+03
-9.999000000000000000e+03
-9.999000000000000000e+03
-9.999000000000000000e+03
-9.999000000000000000e+03
-9.999000000000000000e+03
-2.846159599721431732e-02
-5.340427905321121216e-02
-3.346740081906318665e-02
2.580523863434791565e-02
5.464492738246917725e-02
9.440173208713531494e-02
1.434760242700576782e-01
1.503038853406906128e-01
8.423805981874465942e-02
5.839161202311515808e-02
-9.999000000000000000e+03
-9.999000000000000000e+03
-9.999000000000000000e+03
-9.999000000000000000e+03
-9.999000000000000000e+03
-9.999000000000000000e+03
-9.999000000000000000e+03
-9.999000000000000000e+03
-9.999000000000000000e+03
-9.999000000000000000e+03
-9.999000000000000000e+03
-9.999000000000000000e+03
-9.999000000000000000e+03
-9.999000000000000000e+03
-9.999000000000000000e+03
-9.999000000000000000e+03
-9.999000000000000000e+03
-9.999000000000000000e+03
-9.999000000000000000e+03
-9.999000000000000000e+03
-9.999000000000000000e+03
-9.999000000000000000e+03
-3.900574892759323120e-02
-4.718209058046340942e-02
-4.441098775714635849e-03
-5.480138957500457764e-02
6.636353582143783569e-02
1.483536809682846069e-01
1.753329038619995117e-01
1.072966530919075012e-01
-9.999000000000000000e+03
-9.999000000000000000e+03
-9.999000000000000000e+03
-9.999000000000000000e+03
-9.999000000000000000e+03
-9.999000000000000000e+03
-9.999000000000000000e+03
-9.999000000000000000e+03
-9.999000000000000000e+03
-9.999000000000000000e+03
-9.999000000000000000e+03
-9.999000000000000000e+03
-9.999000000000000000e+03
-9.999000000000000000e+03
-9.999000000000000000e+03
-9.999000000000000000e+03
-9.999000000000000000e+03
-9.999000000000000000e+03
-9.999000000000000000e+03
-9.999000000000000000e+03
-9.999000000000000000e+03
-9.999000000000000000e+03
-9.999000000000000000e+03
-4.274812340736389160e-02
-3.421453759074211121e-02
-5.511048063635826111e-02
-1.017813012003898621e-01
4.494490474462509155e-02
1.608933657407760620e-01
2.201634794473648071e-01
1.556918472051620483e-01
9.710377454757690430e-02
-9.999000000000000000e+03
-9.999000000000000000e+03
-9.999000000000000000e+03
-9.999000000000000000e+03
-9.999000000000000000e+03
-9.999000000000000000e+03
-9.999000000000000000e+03
-9.999000000000000000e+03
-9.999000000000000000e+03
-9.999000000000000000e+03
-9.999000000000000000e+03
-9.999000000000000000e+03
-9.999000000000000000e+03
-9.999000000000000000e+03
-9.999000000000000000e+03
-9.999000000000000000e+03
-9.999000000000000000e+03
-9.999000000000000000e+03
-9.999000000000000000e+03
-9.999000000000000000e+03
-9.999000000000000000e+03
-9.999000000000000000e+03
-9.999000000000000000e+03
-2.841240540146827698e-02
-6.352653354406356812e-02
-5.545625090599060059e-02
4.855060577392578125e-02
9.850613772869110107e-02
7.281868904829025269e-02
1.163696870207786560e-01
1.197869554162025452e-01
-9.999000000000000000e+03
-9.999000000000000000e+03
-9.999000000000000000e+03
-9.999000000000000000e+03
-9.999000000000000000e+03
-9.999000000000000000e+03
-9.999000000000000000e+03
-9.999000000000000000e+03
-9.999000000000000000e+03
-9.999000000000000000e+03
-9.999000000000000000e+03
-9.999000000000000000e+03
-9.999000000000000000e+03
-9.999000000000000000e+03
-9.999000000000000000e+03
-9.999000000000000000e+03
-9.999000000000000000e+03
-9.999000000000000000e+03
-9.999000000000000000e+03
-9.999000000000000000e+03
-9.999000000000000000e+03
-9.999000000000000000e+03
-9.999000000000000000e+03
-1.384169608354568481e-02
-4.757154732942581177e-02
-6.500546634197235107e-02
-4.918914660811424255e-02
-7.580537348985671997e-02
-9.889700263738632202e-02
-3.100204467773437500e-02
5.242872238159179688e-02
8.129424601793289185e-02
-9.999000000000000000e+03
-9.999000000000000000e+03
-9.999000000000000000e+03
-9.999000000000000000e+03
-9.999000000000000000e+03
-9.999000000000000000e+03
-9.999000000000000000e+03
-9.999000000000000000e+03
-9.999000000000000000e+03
-9.999000000000000000e+03
-9.999000000000000000e+03
-9.999000000000000000e+03
-9.999000000000000000e+03
-9.999000000000000000e+03
-9.999000000000000000e+03
-9.999000000000000000e+03
-9.999000000000000000e+03
-9.999000000000000000e+03
-9.999000000000000000e+03
-9.999000000000000000e+03
-9.999000000000000000e+03
-9.999000000000000000e+03
4.217323660850524902e-02
-1.976050063967704773e-02
-6.149878352880477905e-02
-8.982352912425994873e-02
-1.108198091387748718e-01
-1.340060681104660034e-01
-8.436245471239089966e-02
5.709399003535509109e-03
1.024849340319633484e-01
7.436857372522354126e-02
2.645504660904407501e-02
1.754830777645111084e-02
5.032679438591003418e-02
-9.999000000000000000e+03
-9.999000000000000000e+03
-9.999000000000000000e+03
-9.999000000000000000e+03
-9.999000000000000000e+03
-9.999000000000000000e+03
-9.999000000000000000e+03
-9.999000000000000000e+03
-9.999000000000000000e+03
-9.999000000000000000e+03
-9.999000000000000000e+03
-9.999000000000000000e+03
-9.999000000000000000e+03
-9.999000000000000000e+03
-9.999000000000000000e+03
-9.999000000000000000e+03
-9.999000000000000000e+03
4.485569521784782410e-02
4.375948011875152588e-02
1.952320337295532227e-02
-2.569893933832645416e-02
-6.329429894685745239e-02
-1.012282520532608032e-01
-1.015183925628662109e-01
-6.951538473367691040e-02
-1.314886147156357765e-03
8.964303135871887207e-02
5.432443320751190186e-02
-4.544910625554621220e-04
2.153440378606319427e-02
3.789792209863662720e-02
-9.999000000000000000e+03
-9.999000000000000000e+03
-9.999000000000000000e+03
-9.999000000000000000e+03
-9.999000000000000000e+03
-9.999000000000000000e+03
-9.999000000000000000e+03
-9.999000000000000000e+03
-9.999000000000000000e+03
-9.999000000000000000e+03
-9.999000000000000000e+03
-9.999000000000000000e+03
-9.999000000000000000e+03
-9.999000000000000000e+03
-9.999000000000000000e+03
3.953341022133827209e-02
4.605938494205474854e-02
3.013532608747482300e-02
3.193259611725807190e-02
2.392705343663692474e-02
1.076650107279419899e-03
-2.974698878824710846e-02
-7.004248350858688354e-02
-9.910885989665985107e-02
-7.302796840667724609e-02
1.494419295340776443e-03
3.607030585408210754e-02
6.900147348642349243e-02
5.029224976897239685e-02
-9.999000000000000000e+03
-9.999000000000000000e+03
-9.999000000000000000e+03
-9.999000000000000000e+03
-9.999000000000000000e+03
-9.999000000000000000e+03
-9.999000000000000000e+03
-9.999000000000000000e+03
-9.999000000000000000e+03
-9.999000000000000000e+03
-9.999000000000000000e+03
-9.999000000000000000e+03
-9.999000000000000000e+03
-9.999000000000000000e+03
-9.999000000000000000e+03
-9.999000000000000000e+03
1.423119846731424332e-02
2.890591882169246674e-02
6.508051604032516479e-02
6.289999932050704956e-02
4.552596807479858398e-02
2.028533816337585449e-02
-1.381830312311649323e-02
-3.096358664333820343e-02
-4.520303383469581604e-02
-6.790198385715484619e-02
-7.568378001451492310e-02
-3.361472114920616150e-02
5.823053885251283646e-03
9.465266764163970947e-02
-9.999000000000000000e+03
-9.999000000000000000e+03
-9.999000000000000000e+03
-9.999000000000000000e+03
-9.999000000000000000e+03
-9.999000000000000000e+03
-9.999000000000000000e+03
-9.999000000000000000e+03
-9.999000000000000000e+03
-9.999000000000000000e+03
-9.999000000000000000e+03
-9.999000000000000000e+03
-9.999000000000000000e+03
-9.999000000000000000e+03
-9.999000000000000000e+03
-9.999000000000000000e+03
-9.999000000000000000e+03
2.039014175534248352e-02
3.027192875742912292e-02
8.610355108976364136e-02
8.054950833320617676e-02
3.718024492263793945e-02
-5.707532167434692383e-03
-3.836718574166297913e-02
-4.680022224783897400e-02
-3.038742765784263611e-02
-4.427266493439674377e-02
-4.842668026685714722e-02
-2.715674228966236115e-02
5.019271746277809143e-03
6.418617069721221924e-02
-9.999000000000000000e+03
-9.999000000000000000e+03
-9.999000000000000000e+03
-9.999000000000000000e+03
-9.999000000000000000e+03
-9.999000000000000000e+03
-9.999000000000000000e+03
-9.999000000000000000e+03
-9.999000000000000000e+03
-9.999000000000000000e+03
-9.999000000000000000e+03
-9.999000000000000000e+03
-9.999000000000000000e+03
-9.999000000000000000e+03
-9.999000000000000000e+03
-9.999000000000000000e+03
-9.999000000000000000e+03
3.137645870447158813e-02
7.220217585563659668e-02
9.323938190937042236e-02
7.871861755847930908e-02
2.660065144300460815e-02
-4.566676914691925049e-02
-7.173890620470046997e-02
-6.696523725986480713e-02
-3.612117469310760498e-02
-2.735538966953754425e-02
-3.561339527368545532e-02
-1.871014200150966644e-02
-2.243849821388721466e-02
-9.999000000000000000e+03
-9.999000000000000000e+03
-9.999000000000000000e+03
-9.999000000000000000e+03
-9.999000000000000000e+03
-9.999000000000000000e+03
-9.999000000000000000e+03
-9.999000000000000000e+03
-9.999000000000000000e+03
-9.999000000000000000e+03
-9.999000000000000000e+03
-9.999000000000000000e+03
-9.999000000000000000e+03
-9.999000000000000000e+03
-9.999000000000000000e+03
-9.999000000000000000e+03
-9.999000000000000000e+03
-9.999000000000000000e+03
7.047292590141296387e-02
1.081436574459075928e-01
9.526640176773071289e-02
5.217063054442405701e-02
-2.199403196573257446e-02
-7.767292857170104980e-02
-9.077055007219314575e-02
-9.053239226341247559e-02
-4.059801250696182251e-02
-1.585993357002735138e-02
-1.329140271991491318e-02
-2.045160345733165741e-02
-9.999000000000000000e+03
-9.999000000000000000e+03
-9.999000000000000000e+03
-9.999000000000000000e+03
-9.999000000000000000e+03
-9.999000000000000000e+03
-9.999000000000000000e+03
-9.999000000000000000e+03
-9.999000000000000000e+03
-9.999000000000000000e+03
-9.999000000000000000e+03
-9.999000000000000000e+03
-9.999000000000000000e+03
-9.999000000000000000e+03
-9.999000000000000000e+03
-9.999000000000000000e+03
-9.999000000000000000e+03
-9.999000000000000000e+03
-9.999000000000000000e+03
1.006258428096771240e-01
1.136321276426315308e-01
8.746837824583053589e-02
4.487489163875579834e-02
-7.385701686143875122e-02
-1.012454256415367126e-01
-9.351449459791183472e-02
-6.075270101428031921e-02
-3.660853207111358643e-02
-1.959131285548210144e-02
-9.999000000000000000e+03
-9.999000000000000000e+03
-9.999000000000000000e+03
-9.999000000000000000e+03
-9.999000000000000000e+03
-9.999000000000000000e+03
-9.999000000000000000e+03
-9.999000000000000000e+03
-9.999000000000000000e+03
-9.999000000000000000e+03
-9.999000000000000000e+03
-9.999000000000000000e+03
-9.999000000000000000e+03
-9.999000000000000000e+03
-9.999000000000000000e+03
-9.999000000000000000e+03
-9.999000000000000000e+03
-9.999000000000000000e+03
-9.999000000000000000e+03
-9.999000000000000000e+03
-9.999000000000000000e+03
9.423508495092391968e-02
7.097215205430984497e-02
4.817736148834228516e-02
-2.184932492673397064e-02
-7.639458030462265015e-02
-8.618129789829254150e-02
-9.999000000000000000e+03
-9.999000000000000000e+03
-9.999000000000000000e+03
-9.999000000000000000e+03
-9.999000000000000000e+03
-9.999000000000000000e+03
-9.999000000000000000e+03
-9.999000000000000000e+03
-9.999000000000000000e+03
-9.999000000000000000e+03
-9.999000000000000000e+03
-9.999000000000000000e+03
-9.999000000000000000e+03
-9.999000000000000000e+03
-9.999000000000000000e+03
-9.999000000000000000e+03
-9.999000000000000000e+03
-9.999000000000000000e+03
-9.999000000000000000e+03
-9.999000000000000000e+03
-9.999000000000000000e+03
-9.999000000000000000e+03
-9.999000000000000000e+03
-9.999000000000000000e+03
-9.999000000000000000e+03
3.145223110914230347e-02
3.173692896962165833e-02
2.938691340386867523e-02
-9.999000000000000000e+03
-9.999000000000000000e+03
-9.999000000000000000e+03
-9.999000000000000000e+03
-9.999000000000000000e+03
-9.999000000000000000e+03
-9.999000000000000000e+03
-9.999000000000000000e+03
-9.999000000000000000e+03
-9.999000000000000000e+03
-9.999000000000000000e+03
-9.999000000000000000e+03
-9.999000000000000000e+03
-9.999000000000000000e+03
-9.999000000000000000e+03
-9.999000000000000000e+03
-9.999000000000000000e+03
-9.999000000000000000e+03
-9.999000000000000000e+03
-9.999000000000000000e+03
-9.999000000000000000e+03
-9.999000000000000000e+03
-9.999000000000000000e+03
-9.999000000000000000e+03
-9.999000000000000000e+03
-9.999000000000000000e+03
-9.999000000000000000e+03
-9.999000000000000000e+03
