-1.542767733335494995e-01
-1.078552007675170898e-01
-4.783468320965766907e-02
1.205594558268785477e-02
6.015030294656753540e-02
9.781760722398757935e-02
1.344443559646606445e-01
1.641211807727813721e-01
1.945719271898269653e-01
2.284459024667739868e-01
2.243917435407638550e-01
-9.999000000000000000e+03
-9.999000000000000000e+03
-9.999000000000000000e+03
-9.999000000000000000e+03
-9.999000000000000000e+03
-9.999000000000000000e+03
-9.999000000000000000e+03
-9.999000000000000000e+03
-9.999000000000000000e+03
-9.999000000000000000e+03
-9.999000000000000000e+03
-9.999000000000000000e+03
-2.844723872840404510e-02
6.557442247867584229e-03
4.673577845096588135e-02
9.257438033819198608e-02
9.232777357101440430e-02
8.638820797204971313e-02
7.855013757944107056e-02
6.767355650663375854e-02
-1.521821916103363037e-01
-1.010973751544952393e-01
-4.168495535850524902e-02
8.011756464838981628e-03
5.950503423810005188e-02
9.747848659753799438e-02
1.392581164836883545e-01
1.748709976673126221e-01
2.060256898403167725e-01
2.368663847446441650e-01
2.448845654726028442e-01
1.373646110296249390e-01
-9.999000000000000000e+03
-9.999000000000000000e+03
-9.999000000000000000e+03
-9.999000000000000000e+03
-9.999000000000000000e+03
-9.999000000000000000e+03
-9.999000000000000000e+03
-9.999000000000000000e+03
-9.999000000000000000e+03
-1.264291349798440933e-02
-4.461689293384552002e-02
-6.067486107349395752e-02
-4.560406133532524109e-02
5.932014901190996170e-03
4.933528974652290344e-02
5.932978168129920959e-02
5.440783873200416565e-02
5.761975795030593872e-02
6.561686098575592041e-02
-1.690897643566131592e-01
-9.522476792335510254e-02
-3.358915448188781738e-02
1.173686701804399490e-02
5.389678478240966797e-02
9.233555197715759277e-02
1.369261294603347778e-01
1.796039193868637085e-01
2.119228094816207886e-01
2.372227907180786133e-01
2.234850823879241943e-01
1.477699428796768188e-01
-9.999000000000000000e+03
-9.999000000000000000e+03
-9.999000000000000000e+03
-9.999000000000000000e+03
-9.999000000000000000e+03
-9.999000000000000000e+03
-9.999000000000000000e+03
-2.492473646998405457e-02
-2.212782204151153564e-02
-1.763297058641910553e-02
-5.001787468791007996e-02
-5.960835143923759460e-02
-3.129573911428451538e-02
-1.751241087913513184e-02
8.133927360177040100e-03
2.278941869735717773e-02
3.702633827924728394e-02
4.567170515656471252e-02
5.941364169120788574e-02
-1.618750542402267456e-01
-9.959860891103744507e-02
-4.457923769950866699e-02
5.049663595855236053e-03
5.425104126334190369e-02
1.046426296234130859e-01
1.444082856178283691e-01
1.803990155458450317e-01
2.053578794002532959e-01
2.261667102575302124e-01
2.242977172136306763e-01
1.491304188966751099e-01
7.686261832714080811e-02
-9.999000000000000000e+03
-9.999000000000000000e+03
-9.999000000000000000e+03
-2.366517856717109680e-02
-2.911627665162086487e-02
-3.911011293530464172e-02
-3.100720606744289398e-02
-2.770307846367359161e-02
-2.705505862832069397e-02
-3.459541872143745422e-02
-3.890373930335044861e-02
-5.941348616033792496e-03
-2.485514059662818909e-02
1.762600964866578579e-03
1.521507184952497482e-02
2.436384931206703186e-02
3.838291391730308533e-02
5.134309455752372742e-02
-1.623356193304061890e-01
-9.012760967016220093e-02
-2.632142975926399231e-02
1.432805694639682770e-02
5.696391314268112183e-02
9.459384530782699585e-02
1.285702586174011230e-01
1.653042584657669067e-01
1.889964342117309570e-01
1.955258250236511230e-01
1.681204587221145630e-01
1.117415577173233032e-01
5.925125256180763245e-02
2.028703875839710236e-02
-1.968134194612503052e-02
-3.270629793405532837e-02
-2.959698624908924103e-02
-2.219694107770919800e-02
-2.194137871265411377e-02
-9.531961753964424133e-03
-1.331261545419692993e-02
-1.029645837843418121e-02
-1.903119683265686035e-02
-3.020759299397468567e-02
-3.297715261578559875e-02
-4.010791331529617310e-02
-2.441937290132045746e-02
-1.744094118475914001e-02
3.293491667136549950e-03
3.320581093430519104e-02
5.594523996114730835e-02
-1.447776854038238525e-01
-9.664514660835266113e-02
-4.270172864198684692e-02
5.993255414068698883e-03
5.374034866690635681e-02
8.271879702806472778e-02
9.952457249164581299e-02
1.295290589332580566e-01
1.462637782096862793e-01
1.568424999713897705e-01
1.270279437303543091e-01
7.609664648771286011e-02
2.757655642926692963e-02
-1.083921361714601517e-02
-2.284394763410091400e-02
-1.827642507851123810e-02
-1.135344733484089375e-03
2.129611186683177948e-02
2.263401262462139130e-02
2.627611532807350159e-02
6.071842275559902191e-03
-1.817317679524421692e-02
-4.618490487337112427e-02
-6.056376174092292786e-02
-7.486277818679809570e-02
-8.347527682781219482e-02
-5.698196589946746826e-02
-4.579182714223861694e-02
-2.631637640297412872e-02
8.757594041526317596e-03
4.182976856827735901e-02
-1.185729801654815674e-01
-7.794297486543655396e-02
-3.454075381159782410e-02
-2.921591978520154953e-03
2.836482413113117218e-02
4.874388128519058228e-02
5.718269571661949158e-02
8.394048362970352173e-02
8.528231829404830933e-02
8.518446236848831177e-02
7.411385327577590942e-02
4.174184426665306091e-02
8.984032087028026581e-03
-1.994683220982551575e-02
8.278699591755867004e-03
3.271864354610443115e-02
6.169164925813674927e-02
7.816857099533081055e-02
6.854096800088882446e-02
5.907079577445983887e-02
1.351442281156778336e-02
-4.981001466512680054e-02
-9.600261598825454712e-02
-1.189257651567459106e-01
-1.372489929199218750e-01
-1.382033824920654297e-01
-1.150658428668975830e-01
-1.068475320935249329e-01
-8.023458719253540039e-02
-1.139238011091947556e-02
2.408985048532485962e-02
-9.368842840194702148e-02
-6.928345561027526855e-02
-3.286986425518989563e-02
-2.010970003902912140e-02
-9.148443350568413734e-04
4.521166440099477768e-03
1.026945840567350388e-02
3.105494752526283264e-02
3.056565299630165100e-02
3.955359756946563721e-02
3.805470466613769531e-02
1.109428051859140396e-02
3.093603299930691719e-03
1.507689617574214935e-02
5.364065244793891907e-02
8.055225014686584473e-02
1.136101633310317993e-01
1.164423897862434387e-01
9.604500234127044678e-02
6.551918387413024902e-02
1.247460022568702698e-02
-3.771071135997772217e-02
-8.028709143400192261e-02
-1.338292062282562256e-01
-1.864791661500930786e-01
-1.866163313388824463e-01
-1.960824877023696899e-01
-1.968243122100830078e-01
-1.537083685398101807e-01
-6.009493395686149597e-02
-1.235303003340959549e-02
-7.248567789793014526e-02
-5.680539086461067200e-02
-4.603623971343040466e-02
-3.954594954848289490e-02
-2.444760315120220184e-02
-2.788651548326015472e-02
-1.837974227964878082e-02
1.562601886689662933e-03
8.836328983306884766e-03
1.665262505412101746e-02
1.854712516069412231e-02
8.075404912233352661e-03
2.913411706686019897e-02
7.096324861049652100e-02
1.083992198109626770e-01
1.188074648380279541e-01
1.273032724857330322e-01
1.174691841006278992e-01
1.013730466365814209e-01
5.450149998068809509e-02
-1.093924231827259064e-02
-4.312615096569061279e-02
-5.132430419325828552e-02
-8.777470886707305908e-02
-9.752266854047775269e-02
-1.782431304454803467e-01
-2.356777489185333252e-01
-2.614533007144927979e-01
-2.029012292623519897e-01
-1.092891469597816467e-01
-3.538050130009651184e-02
-4.801256209611892700e-02
-3.797498345375061035e-02
-4.575278237462043762e-02
-4.405494406819343567e-02
-4.822931438684463501e-02
-4.455158114433288574e-02
-3.254417702555656433e-02
-8.172890171408653259e-03
-4.924718290567398071e-03
8.721907623112201691e-03
1.496003754436969757e-02
4.153950512409210205e-02
7.216326892375946045e-02
9.968423098325729370e-02
1.208254992961883545e-01
1.237203627824783325e-01
1.140600964426994324e-01
6.760419160127639771e-02
6.248294934630393982e-02
1.643020473420619965e-02
-1.681635342538356781e-02
-9.999000000000000000e+03
-9.999000000000000000e+03
-9.999000000000000000e+03
-9.999000000000000000e+03
-9.999000000000000000e+03
-9.999000000000000000e+03
-2.279591709375381470e-01
-2.611243724822998047e-01
-1.536358445882797241e-01
-6.575359404087066650e-02
-3.744012489914894104e-02
-2.551814168691635132e-02
-2.403224445879459381e-02
-3.043642081320285797e-02
-5.730510875582695007e-02
-5.772913619875907898e-02
-3.998277336359024048e-02
-1.753525435924530029e-02
2.886639907956123352e-03
2.819065004587173462e-02
3.735269233584403992e-02
8.658040314912796021e-02
1.039026528596878052e-01
1.144127324223518372e-01
1.008794605731964111e-01
8.870040625333786011e-02
8.325424790382385254e-02
-9.999000000000000000e+03
-9.999000000000000000e+03
-9.999000000000000000e+03
-9.999000000000000000e+03
-9.999000000000000000e+03
-9.999000000000000000e+03
-9.999000000000000000e+03
-9.999000000000000000e+03
-9.999000000000000000e+03
-9.999000000000000000e+03
-1.879808306694030762e-01
-2.484014034271240234e-01
-2.165634930133819580e-01
-1.295733302831649780e-01
-6.871735304594039917e-02
-4.177544638514518738e-02
-3.588281944394111633e-02
-5.365327000617980957e-02
-7.450876384973526001e-02
-7.798178493976593018e-02
-4.836992546916007996e-02
-7.774088531732559204e-03
3.722411766648292542e-02
7.123318314552307129e-02
8.295409381389617920e-02
1.056835949420928955e-01
1.087446585297584534e-01
1.004660278558731079e-01
4.317371547222137451e-02
4.353419318795204163e-02
-9.999000000000000000e+03
-9.999000000000000000e+03
-9.999000000000000000e+03
-9.999000000000000000e+03
-9.999000000000000000e+03
-9.999000000000000000e+03
-9.999000000000000000e+03
-9.999000000000000000e+03
-9.999000000000000000e+03
-9.999000000000000000e+03
-9.999000000000000000e+03
-9.999000000000000000e+03
-1.669391542673110962e-01
-2.024033069610595703e-01
-1.107016354799270630e-01
-6.764087080955505371e-02
-7.158110290765762329e-02
-6.590497493743896484e-02
-6.288096308708190918e-02
-7.460434734821319580e-02
-6.568840891122817993e-02
-1.734437607228755951e-02
2.647743001580238342e-02
6.551014631986618042e-02
8.206492662429809570e-02
9.444571286439895630e-02
1.221786811947822571e-01
7.376402616500854492e-02
7.811346650123596191e-02
-9.999000000000000000e+03
-9.999000000000000000e+03
-9.999000000000000000e+03
-9.999000000000000000e+03
-9.999000000000000000e+03
-9.999000000000000000e+03
-9.999000000000000000e+03
-9.999000000000000000e+03
-9.999000000000000000e+03
-9.999000000000000000e+03
-9.999000000000000000e+03
-9.999000000000000000e+03
-9.999000000000000000e+03
-9.999000000000000000e+03
-9.999000000000000000e+03
-1.681044250726699829e-01
-1.146075055003166199e-01
-9.999000000000000000e+03
-8.364423364400863647e-02
-9.402260184288024902e-02
-8.105535060167312622e-02
-6.443679332733154297e-02
-4.908233135938644409e-02
1.002718321979045868e-02
6.580312550067901611e-02
6.402595341205596924e-02
8.388405293226242065e-02
1.024788096547126770e-01
1.054162159562110901e-01
5.368174612522125244e-02
-9.999000000000000000e+03
-9.999000000000000000e+03
-9.999000000000000000e+03
-9.999000000000000000e+03
-9.999000000000000000e+03
-9.999000000000000000e+03
-9.999000000000000000e+03
-9.999000000000000000e+03
-9.999000000000000000e+03
-9.999000000000000000e+03
-9.999000000000000000e+03
-9.999000000000000000e+03
-9.999000000000000000e+03
-9.999000000000000000e+03
-9.999000000000000000e+03
-9.999000000000000000e+03
-9.011646360158920288e-02
-5.926303938031196594e-02
-9.999000000000000000e+03
-9.999000000000000000e+03
-1.126329079270362854e-01
-8.848465979099273682e-02
-5.097836628556251526e-02
-1.054468099027872086e-02
5.195351690053939819e-02
7.746372371912002563e-02
6.012393906712532043e-02
8.447559922933578491e-02
8.649443835020065308e-02
1.078533357940614223e-03
-9.999000000000000000e+03
-9.999000000000000000e+03
-9.999000000000000000e+03
-9.999000000000000000e+03
-9.999000000000000000e+03
-9.999000000000000000e+03
-9.999000000000000000e+03
-9.999000000000000000e+03
-9.999000000000000000e+03
-9.999000000000000000e+03
-9.999000000000000000e+03
-9.999000000000000000e+03
-9.999000000000000000e+03
-9.999000000000000000e+03
-9.999000000000000000e+03
-9.999000000000000000e+03
-9.999000000000000000e+03
-4.360081255435943604e-02
-2.247726172208786011e-02
-9.999000000000000000e+03
-9.999000000000000000e+03
-8.418231457471847534e-02
-8.403033018112182617e-02
-4.919831082224845886e-02
3.497801721096038818e-03
7.500845938920974731e-02
6.513129174709320068e-02
8.119328320026397705e-02
9.435482323169708252e-02
6.216821447014808655e-02
-2.750330371782183647e-03
-9.999000000000000000e+03
-9.999000000000000000e+03
-9.999000000000000000e+03
-9.999000000000000000e+03
-9.999000000000000000e+03
-9.999000000000000000e+03
-9.999000000000000000e+03
-9.999000000000000000e+03
-9.999000000000000000e+03
-9.999000000000000000e+03
-9.999000000000000000e+03
-9.999000000000000000e+03
-9.999000000000000000e+03
-9.999000000000000000e+03
-9.999000000000000000e+03
-9.999000000000000000e+03
-9.999000000000000000e+03
-9.999000000000000000e+03
-9.999000000000000000e+03
-9.999000000000000000e+03
-9.999000000000000000e+03
-5.671251192688941956e-02
-7.938174158334732056e-02
-4.632371664047241211e-02
1.066877227276563644e-02
3.189820423722267151e-02
5.397591739892959595e-02
1.006505265831947327e-01
1.246173828840255737e-01
4.082493484020233154e-02
1.376904919743537903e-02
-9.999000000000000000e+03
-9.999000000000000000e+03
-9.999000000000000000e+03
-9.999000000000000000e+03
-9.999000000000000000e+03
-9.999000000000000000e+03
-9.999000000000000000e+03
-9.999000000000000000e+03
-9.999000000000000000e+03
-9.999000000000000000e+03
-9.999000000000000000e+03
-9.999000000000000000e+03
-9.999000000000000000e+03
-9.999000000000000000e+03
-9.999000000000000000e+03
-9.999000000000000000e+03
-9.999000000000000000e+03
-9.999000000000000000e+03
-9.999000000000000000e+03
-9.999000000000000000e+03
-9.999000000000000000e+03
-9.999000000000000000e+03
-6.173004582524299622e-02
-5.553432554006576538e-02
-1.086453814059495926e-02
-6.898008286952972412e-02
4.262113943696022034e-02
1.268447488546371460e-01
1.603663563728332520e-01
8.789299428462982178e-02
-9.999000000000000000e+03
-9.999000000000000000e+03
-9.999000000000000000e+03
-9.999000000000000000e+03
-9.999000000000000000e+03
-9.999000000000000000e+03
-9.999000000000000000e+03
-9.999000000000000000e+03
-9.999000000000000000e+03
-9.999000000000000000e+03
-9.999000000000000000e+03
-9.999000000000000000e+03
-9.999000000000000000e+03
-9.999000000000000000e+03
-9.999000000000000000e+03
-9.999000000000000000e+03
-9.999000000000000000e+03
-9.999000000000000000e+03
-9.999000000000000000e+03
-9.999000000000000000e+03
-9.999000000000000000e+03
-9.999000000000000000e+03
-9.999000000000000000e+03
-4.936168715357780457e-02
-4.698140174150466919e-02
-5.612543597817420959e-02
-1.037273928523063660e-01
3.616072982549667358e-02
1.625105142593383789e-01
1.899824142456054688e-01
1.420419961214065552e-01
8.600346744060516357e-02
-9.999000000000000000e+03
-9.999000000000000000e+03
-9.999000000000000000e+03
-9.999000000000000000e+03
-9.999000000000000000e+03
-9.999000000000000000e+03
-9.999000000000000000e+03
-9.999000000000000000e+03
-9.999000000000000000e+03
-9.999000000000000000e+03
-9.999000000000000000e+03
-9.999000000000000000e+03
-9.999000000000000000e+03
-9.999000000000000000e+03
-9.999000000000000000e+03
-9.999000000000000000e+03
-9.999000000000000000e+03
-9.999000000000000000e+03
-9.999000000000000000e+03
-9.999000000000000000e+03
-9.999000000000000000e+03
-9.999000000000000000e+03
-9.999000000000000000e+03
-5.675685033202171326e-02
-8.045699447393417358e-02
-6.613006442785263062e-02
5.896594375371932983e-02
1.086244285106658936e-01
5.224191024899482727e-02
9.140851348638534546e-02
9.121575206518173218e-02
-9.999000000000000000e+03
-9.999000000000000000e+03
-9.999000000000000000e+03
-9.999000000000000000e+03
-9.999000000000000000e+03
-9.999000000000000000e+03
-9.999000000000000000e+03
-9.999000000000000000e+03
-9.999000000000000000e+03
-9.999000000000000000e+03
-9.999000000000000000e+03
-9.999000000000000000e+03
-9.999000000000000000e+03
-9.999000000000000000e+03
-9.999000000000000000e+03
-9.999000000000000000e+03
-9.999000000000000000e+03
-9.999000000000000000e+03
-9.999000000000000000e+03
-9.999000000000000000e+03
-9.999000000000000000e+03
-9.999000000000000000e+03
-9.999000000000000000e+03
-4.165427759289741516e-02
-8.068824559450149536e-02
-8.273383975028991699e-02
-5.897594988346099854e-02
-7.942429929971694946e-02
-1.131957098841667175e-01
-5.424339696764945984e-02
2.807625010609626770e-02
7.486038655042648315e-02
-9.999000000000000000e+03
-9.999000000000000000e+03
-9.999000000000000000e+03
-9.999000000000000000e+03
-9.999000000000000000e+03
-9.999000000000000000e+03
-9.999000000000000000e+03
-9.999000000000000000e+03
-9.999000000000000000e+03
-9.999000000000000000e+03
-9.999000000000000000e+03
-9.999000000000000000e+03
-9.999000000000000000e+03
-9.999000000000000000e+03
-9.999000000000000000e+03
-9.999000000000000000e+03
-9.999000000000000000e+03
-9.999000000000000000e+03
-9.999000000000000000e+03
-9.999000000000000000e+03
-9.999000000000000000e+03
-9.999000000000000000e+03
3.775561973452568054e-02
-3.666848689317703247e-02
-7.661145925521850586e-02
-1.037111356854438782e-01
-1.209779232740402222e-01
-1.509771347045898438e-01
-9.504749625921249390e-02
-1.691045472398400307e-04
8.712458610534667969e-02
8.048218488693237305e-02
4.127235710620880127e-02
8.575267158448696136e-03
8.820047602057456970e-03
-9.999000000000000000e+03
-9.999000000000000000e+03
-9.999000000000000000e+03
-9.999000000000000000e+03
-9.999000000000000000e+03
-9.999000000000000000e+03
-9.999000000000000000e+03
-9.999000000000000000e+03
-9.999000000000000000e+03
-9.999000000000000000e+03
-9.999000000000000000e+03
-9.999000000000000000e+03
-9.999000000000000000e+03
-9.999000000000000000e+03
-9.999000000000000000e+03
-9.999000000000000000e+03
-9.999000000000000000e+03
4.163601621985435486e-02
4.030106961727142334e-02
1.617572084069252014e-02
-2.834743633866310120e-02
-7.592076808214187622e-02
-1.195156872272491455e-01
-1.185089424252510071e-01
-7.434207946062088013e-02
-5.000233184546232224e-03
7.165572792291641235e-02
5.381487309932708740e-02
7.422139751724898815e-04
6.794794462621212006e-03
9.022985585033893585e-03
-9.999000000000000000e+03
-9.999000000000000000e+03
-9.999000000000000000e+03
-9.999000000000000000e+03
-9.999000000000000000e+03
-9.999000000000000000e+03
-9.999000000000000000e+03
-9.999000000000000000e+03
-9.999000000000000000e+03
-9.999000000000000000e+03
-9.999000000000000000e+03
-9.999000000000000000e+03
-9.999000000000000000e+03
-9.999000000000000000e+03
-9.999000000000000000e+03
3.242547437548637390e-02
4.151137545704841614e-02
3.059668652713298798e-02
3.479406610131263733e-02
2.489826083183288574e-02
-4.310337826609611511e-03
-4.373718053102493286e-02
-8.807754516601562500e-02
-1.100397482514381409e-01
-6.809677928686141968e-02
1.171622984111309052e-02
2.640336565673351288e-02
5.599175766110420227e-02
4.499867185950279236e-02
-9.999000000000000000e+03
-9.999000000000000000e+03
-9.999000000000000000e+03
-9.999000000000000000e+03
-9.999000000000000000e+03
-9.999000000000000000e+03
-9.999000000000000000e+03
-9.999000000000000000e+03
-9.999000000000000000e+03
-9.999000000000000000e+03
-9.999000000000000000e+03
-9.999000000000000000e+03
-9.999000000000000000e+03
-9.999000000000000000e+03
-9.999000000000000000e+03
-9.999000000000000000e+03
1.394529547542333603e-02
1.834201253950595856e-02
5.928116664290428162e-02
6.717172265052795410e-02
5.449937283992767334e-02
2.434486709535121918e-02
-2.749741263687610626e-02
-4.656869173049926758e-02
-5.951372906565666199e-02
-7.461757212877273560e-02
-7.633683830499649048e-02
-3.159831836819648743e-02
-2.269421890377998352e-02
6.733074039220809937e-02
-9.999000000000000000e+03
-9.999000000000000000e+03
-9.999000000000000000e+03
-9.999000000000000000e+03
-9.999000000000000000e+03
-9.999000000000000000e+03
-9.999000000000000000e+03
-9.999000000000000000e+03
-9.999000000000000000e+03
-9.999000000000000000e+03
-9.999000000000000000e+03
-9.999000000000000000e+03
-9.999000000000000000e+03
-9.999000000000000000e+03
-9.999000000000000000e+03
-9.999000000000000000e+03
-9.999000000000000000e+03
-6.036228965967893600e-03
1.179625652730464935e-02
8.866730332374572754e-02
8.704695850610733032e-02
4.151544347405433655e-02
-1.042022183537483215e-02
-5.540049821138381958e-02
-6.269995123147964478e-02
-4.399035125970840454e-02
-4.442753270268440247e-02
-5.098936706781387329e-02
-3.457822278141975403e-02
-1.502229366451501846e-02
3.025951609015464783e-02
-9.999000000000000000e+03
-9.999000000000000000e+03
-9.999000000000000000e+03
-9.999000000000000000e+03
-9.999000000000000000e+03
-9.999000000000000000e+03
-9.999000000000000000e+03
-9.999000000000000000e+03
-9.999000000000000000e+03
-9.999000000000000000e+03
-9.999000000000000000e+03
-9.999000000000000000e+03
-9.999000000000000000e+03
-9.999000000000000000e+03
-9.999000000000000000e+03
-9.999000000000000000e+03
-9.999000000000000000e+03
3.006464615464210510e-02
7.804945111274719238e-02
1.001580804586410522e-01
8.004347980022430420e-02
1.736401021480560303e-02
-6.281245499849319458e-02
-8.587436378002166748e-02
-7.863306254148483276e-02
-4.464356228709220886e-02
-2.437072992324829102e-02
-2.533709816634654999e-02
-8.790022693574428558e-03
-3.883509710431098938e-02
-9.999000000000000000e+03
-9.999000000000000000e+03
-9.999000000000000000e+03
-9.999000000000000000e+03
-9.999000000000000000e+03
-9.999000000000000000e+03
-9.999000000000000000e+03
-9.999000000000000000e+03
-9.999000000000000000e+03
-9.999000000000000000e+03
-9.999000000000000000e+03
-9.999000000000000000e+03
-9.999000000000000000e+03
-9.999000000000000000e+03
-9.999000000000000000e+03
-9.999000000000000000e+03
-9.999000000000000000e+03
-9.999000000000000000e+03
6.184909865260124207e-02
1.024812981486320496e-01
8.365120738744735718e-02
4.104633629322052002e-02
-3.636318072676658630e-02
-9.273310750722885132e-02
-1.015780642628669739e-01
-8.409428596496582031e-02
-3.267997503280639648e-02
7.441597525030374527e-03
5.430437158793210983e-03
-8.150775916874408722e-03
-9.999000000000000000e+03
-9.999000000000000000e+03
-9.999000000000000000e+03
-9.999000000000000000e+03
-9.999000000000000000e+03
-9.999000000000000000e+03
-9.999000000000000000e+03
-9.999000000000000000e+03
-9.999000000000000000e+03
-9.999000000000000000e+03
-9.999000000000000000e+03
-9.999000000000000000e+03
-9.999000000000000000e+03
-9.999000000000000000e+03
-9.999000000000000000e+03
-9.999000000000000000e+03
-9.999000000000000000e+03
-9.999000000000000000e+03
-9.999000000000000000e+03
5.698719248175621033e-02
6.948723644018173218e-02
5.328822508454322815e-02
2.137171477079391479e-02
-8.576522022485733032e-02
-9.469128400087356567e-02
-7.763639092445373535e-02
-4.413213580846786499e-02
-2.007976919412612915e-02
-2.063606865704059601e-03
-9.999000000000000000e+03
-9.999000000000000000e+03
-9.999000000000000000e+03
-9.999000000000000000e+03
-9.999000000000000000e+03
-9.999000000000000000e+03
-9.999000000000000000e+03
-9.999000000000000000e+03
-9.999000000000000000e+03
-9.999000000000000000e+03
-9.999000000000000000e+03
-9.999000000000000000e+03
-9.999000000000000000e+03
-9.999000000000000000e+03
-9.999000000000000000e+03
-9.999000000000000000e+03
-9.999000000000000000e+03
-9.999000000000000000e+03
-9.999000000000000000e+03
-9.999000000000000000e+03
-9.999000000000000000e+03
4.051457718014717102e-02
3.552304208278656006e-02
2.200922183692455292e-02
-3.235367685556411743e-02
-6.573329865932464600e-02
-6.640418618917465210e-02
-9.999000000000000000e+03
-9.999000000000000000e+03
-9.999000000000000000e+03
-9.999000000000000000e+03
-9.999000000000000000e+03
-9.999000000000000000e+03
-9.999000000000000000e+03
-9.999000000000000000e+03
-9.999000000000000000e+03
-9.999000000000000000e+03
-9.999000000000000000e+03
-9.999000000000000000e+03
-9.999000000000000000e+03
-9.999000000000000000e+03
-9.999000000000000000e+03
-9.999000000000000000e+03
-9.999000000000000000e+03
-9.999000000000000000e+03
-9.999000000000000000e+03
-9.999000000000000000e+03
-9.999000000000000000e+03
-9.999000000000000000e+03
-9.999000000000000000e+03
-9.999000000000000000e+03
-9.999000000000000000e+03
1.544150058180093765e-02
1.705522090196609497e-02
1.702118106186389923e-02
-9.999000000000000000e+03
-9.999000000000000000e+03
-9.999000000000000000e+03
-9.999000000000000000e+03
-9.999000000000000000e+03
-9.999000000000000000e+03
-9.999000000000000000e+03
-9.999000000000000000e+03
-9.999000000000000000e+03
-9.999000000000000000e+03
-9.999000000000000000e+03
-9.999000000000000000e+03
-9.999000000000000000e+03
-9.999000000000000000e+03
-9.999000000000000000e+03
-9.999000000000000000e+03
-9.999000000000000000e+03
-9.999000000000000000e+03
-9.999000000000000000e+03
-9.999000000000000000e+03
-9.999000000000000000e+03
-9.999000000000000000e+03
-9.999000000000000000e+03
-9.999000000000000000e+03
-9.999000000000000000e+03
-9.999000000000000000e+03
-9.999000000000000000e+03
-9.999000000000000000e+03
