8.915210515260696411e-02
8.772264420986175537e-02
7.063370198011398315e-02
6.569874286651611328e-02
8.845832943916320801e-02
8.234107494354248047e-02
7.757844030857086182e-02
7.453830540180206299e-02
5.441948026418685913e-02
3.982037678360939026e-02
-1.549655850976705551e-02
-9.999000000000000000e+03
-9.999000000000000000e+03
-9.999000000000000000e+03
-9.999000000000000000e+03
-9.999000000000000000e+03
-9.999000000000000000e+03
-9.999000000000000000e+03
-9.999000000000000000e+03
-9.999000000000000000e+03
-9.999000000000000000e+03
-9.999000000000000000e+03
-9.999000000000000000e+03
8.565468713641166687e-03
4.237548634409904480e-02
6.124711409211158752e-02
9.453366696834564209e-02
1.346435993909835815e-01
1.479535847902297974e-01
1.542423814535140991e-01
1.612018048763275146e-01
3.103735484182834625e-02
2.648185379803180695e-02
1.206674799323081970e-02
5.535535980015993118e-03
2.521488443017005920e-02
1.257954910397529602e-02
-6.222689407877624035e-04
7.364395074546337128e-03
1.083669718354940414e-03
1.110546849668025970e-02
1.360183022916316986e-02
1.663305424153804779e-02
-9.999000000000000000e+03
-9.999000000000000000e+03
-9.999000000000000000e+03
-9.999000000000000000e+03
-9.999000000000000000e+03
-9.999000000000000000e+03
-9.999000000000000000e+03
-9.999000000000000000e+03
-9.999000000000000000e+03
4.860214889049530029e-02
6.786887347698211670e-02
6.586014479398727417e-02
1.064641922712326050e-01
1.074182465672492981e-01
1.112887188792228699e-01
1.236830279231071472e-01
1.349499523639678955e-01
1.460910290479660034e-01
1.532049030065536499e-01
-1.436059642583131790e-02
-3.098160400986671448e-02
-5.672544240951538086e-02
-7.121579349040985107e-02
-5.273983255028724670e-02
-6.219384819269180298e-02
-6.060410290956497192e-02
-4.551417380571365356e-02
-3.920443356037139893e-02
-1.367854699492454529e-02
1.324144192039966583e-02
2.467546612024307251e-02
-9.999000000000000000e+03
-9.999000000000000000e+03
-9.999000000000000000e+03
-9.999000000000000000e+03
-9.999000000000000000e+03
-9.999000000000000000e+03
-9.999000000000000000e+03
1.023743078112602234e-01
9.037588536739349365e-02
9.644787013530731201e-02
9.984581172466278076e-02
1.045109182596206665e-01
1.026955321431159973e-01
9.663028270006179810e-02
1.043264269828796387e-01
9.588083624839782715e-02
1.036126241087913513e-01
1.260644942522048950e-01
1.430674046277999878e-01
-6.801371276378631592e-02
-8.209488540887832642e-02
-1.082231998443603516e-01
-1.301805973052978516e-01
-1.228783577680587769e-01
-1.263810545206069946e-01
-1.162502914667129517e-01
-9.119302034378051758e-02
-7.464044541120529175e-02
-3.647135198116302490e-02
-2.354047494009137154e-03
4.535520821809768677e-02
7.916252315044403076e-02
-9.999000000000000000e+03
-9.999000000000000000e+03
-9.999000000000000000e+03
8.059867471456527710e-02
1.170526891946792603e-01
1.476828902959823608e-01
1.275201439857482910e-01
1.010595187544822693e-01
7.779081165790557861e-02
4.032405465841293335e-02
4.841012880206108093e-02
3.378071263432502747e-02
-1.147213275544345379e-03
3.155682608485221863e-02
3.731304034590721130e-02
6.579729169607162476e-02
9.720334410667419434e-02
1.227134019136428833e-01
-1.124685481190681458e-01
-1.311301738023757935e-01
-1.570639908313751221e-01
-1.737974435091018677e-01
-1.724460124969482422e-01
-1.678901612758636475e-01
-1.510693579912185669e-01
-1.245407685637474060e-01
-1.105041056871414185e-01
-7.189800590276718140e-02
-2.090380154550075531e-02
2.378524467349052429e-02
8.158221840858459473e-02
9.647833555936813354e-02
9.415838867425918579e-02
1.071453317999839783e-01
1.080367714166641235e-01
9.397251158952713013e-02
9.248203039169311523e-02
5.208246037364006042e-02
2.283564023673534393e-02
-3.291093558073043823e-02
-9.396536648273468018e-02
-7.360175997018814087e-02
-8.466228097677230835e-02
-7.567812502384185791e-02
-4.351126030087471008e-02
-6.919029634445905685e-03
4.704071208834648132e-02
9.377597272396087646e-02
1.249353215098381042e-01
-1.335347890853881836e-01
-1.487784534692764282e-01
-1.722874641418457031e-01
-1.940516978502273560e-01
-2.028360962867736816e-01
-1.987580955028533936e-01
-1.749771833419799805e-01
-1.455344259738922119e-01
-1.287940889596939087e-01
-9.177701920270919800e-02
-4.642337560653686523e-02
6.142276804894208908e-03
5.438499525189399719e-02
7.691291719675064087e-02
7.842139154672622681e-02
8.278215676546096802e-02
5.371870845556259155e-02
-1.030278112739324570e-02
-4.349247738718986511e-02
-1.071757599711418152e-01
-1.265219151973724365e-01
-1.398529857397079468e-01
-1.633273661136627197e-01
-1.393963694572448730e-01
-1.178599596023559570e-01
-1.008455902338027954e-01
-6.048003584146499634e-02
-2.305191196501255035e-02
2.577107213437557220e-02
7.431998848915100098e-02
1.054136753082275391e-01
-1.543014496564865112e-01
-1.649586558341979980e-01
-1.763885617256164551e-01
-1.871602982282638550e-01
-1.993942856788635254e-01
-2.029950469732284546e-01
-1.772253811359405518e-01
-1.461663693189620972e-01
-1.139186918735504150e-01
-7.905855029821395874e-02
-3.514976426959037781e-02
5.531250964850187302e-03
4.269191250205039978e-02
5.989556387066841125e-02
1.947876438498497009e-02
-8.416537195444107056e-03
-6.423275172710418701e-02
-1.171873733401298523e-01
-1.392540484666824341e-01
-1.833975911140441895e-01
-1.881824582815170288e-01
-1.951809376478195190e-01
-2.024400532245635986e-01
-1.891709566116333008e-01
-1.755368858575820923e-01
-1.653976738452911377e-01
-1.102064102888107300e-01
-6.940935552120208740e-02
-1.708366163074970245e-02
4.823252931237220764e-02
7.427636533975601196e-02
-1.665297448635101318e-01
-1.776474863290786743e-01
-1.778162866830825806e-01
-1.715736091136932373e-01
-1.697288900613784790e-01
-1.632941514253616333e-01
-1.525408178567886353e-01
-1.388588398694992065e-01
-1.124783083796501160e-01
-6.876305490732192993e-02
-2.195265330374240875e-02
-3.285749349743127823e-03
-8.377185440622270107e-04
-1.413465663790702820e-02
-5.940567702054977417e-02
-8.696971088647842407e-02
-1.486775279045104980e-01
-1.822548508644104004e-01
-1.893208771944046021e-01
-1.895128339529037476e-01
-1.865874230861663818e-01
-1.921989917755126953e-01
-2.046498507261276245e-01
-2.183673381805419922e-01
-2.337893694639205933e-01
-2.371532469987869263e-01
-1.784914731979370117e-01
-1.336188316345214844e-01
-8.099647611379623413e-02
-8.575269952416419983e-03
7.362555246800184250e-03
-1.629973500967025757e-01
-1.797179281711578369e-01
-1.789571195840835571e-01
-1.602977514266967773e-01
-1.489888429641723633e-01
-1.402406394481658936e-01
-1.319848150014877319e-01
-1.170947775244712830e-01
-8.948829025030136108e-02
-5.810225009918212891e-02
-3.570309653878211975e-02
-3.697891160845756531e-02
-7.241074740886688232e-02
-1.096540391445159912e-01
-1.562596410512924194e-01
-1.672549992799758911e-01
-1.880211681127548218e-01
-1.886420994997024536e-01
-1.855132728815078735e-01
-1.712352186441421509e-01
-1.568536758422851562e-01
-1.627915203571319580e-01
-1.390481889247894287e-01
-1.604877859354019165e-01
-1.299409866333007812e-01
-1.919005215167999268e-01
-1.812661439180374146e-01
-1.789056211709976196e-01
-1.383644938468933105e-01
-8.388546854257583618e-02
-7.270310819149017334e-02
-1.553884893655776978e-01
-1.598876863718032837e-01
-1.605874598026275635e-01
-1.395815461874008179e-01
-1.283842623233795166e-01
-1.206752508878707886e-01
-1.087717860937118530e-01
-1.014164313673973083e-01
-7.013168931007385254e-02
-5.704917386174201965e-02
-7.474504411220550537e-02
-1.179261058568954468e-01
-1.481756120920181274e-01
-1.673394143581390381e-01
-1.928101032972335815e-01
-1.964766383171081543e-01
-1.956142634153366089e-01
-1.343739181756973267e-01
-1.514480262994766235e-01
-1.216449961066246033e-01
-1.055743992328643799e-01
-9.999000000000000000e+03
-9.999000000000000000e+03
-9.999000000000000000e+03
-9.999000000000000000e+03
-9.999000000000000000e+03
-9.999000000000000000e+03
-1.816918849945068359e-01
-1.603877991437911987e-01
-1.406845450401306152e-01
-1.389922499656677246e-01
-1.558975279331207275e-01
-1.412096023559570312e-01
-1.332790702581405640e-01
-1.198794469237327576e-01
-1.117321178317070007e-01
-8.235934376716613770e-02
-8.229208737611770630e-02
-7.766304910182952881e-02
-6.577808409929275513e-02
-7.411186397075653076e-02
-1.035590916872024536e-01
-1.611928492784500122e-01
-1.771921664476394653e-01
-1.912560164928436279e-01
-1.848382353782653809e-01
-1.600221395492553711e-01
-1.333375424146652222e-01
-9.999000000000000000e+03
-9.999000000000000000e+03
-9.999000000000000000e+03
-9.999000000000000000e+03
-9.999000000000000000e+03
-9.999000000000000000e+03
-9.999000000000000000e+03
-9.999000000000000000e+03
-9.999000000000000000e+03
-9.999000000000000000e+03
-9.926594793796539307e-02
-1.428657025098800659e-01
-1.709073781967163086e-01
-1.782614588737487793e-01
-1.809861809015274048e-01
-1.572793126106262207e-01
-1.186861842870712280e-01
-1.007601693272590637e-01
-9.367180615663528442e-02
-8.747210353612899780e-02
-7.968182116746902466e-02
-6.418501585721969604e-02
-6.054073572158813477e-02
-9.868720918893814087e-02
-1.293586492538452148e-01
-1.464973837137222290e-01
-1.532427221536636353e-01
-1.660068929195404053e-01
-9.813157469034194946e-02
-1.040743961930274963e-01
-9.999000000000000000e+03
-9.999000000000000000e+03
-9.999000000000000000e+03
-9.999000000000000000e+03
-9.999000000000000000e+03
-9.999000000000000000e+03
-9.999000000000000000e+03
-9.999000000000000000e+03
-9.999000000000000000e+03
-9.999000000000000000e+03
-9.999000000000000000e+03
-9.999000000000000000e+03
-8.703558146953582764e-02
-1.653860807418823242e-01
-1.961760669946670532e-01
-2.450079470872879028e-01
-1.937405318021774292e-01
-1.405468285083770752e-01
-1.067128553986549377e-01
-8.535275608301162720e-02
-7.596609741449356079e-02
-5.915027856826782227e-02
-5.571107938885688782e-02
-6.644987314939498901e-02
-9.653286635875701904e-02
-1.133184880018234253e-01
-9.972535073757171631e-02
-8.411625772714614868e-02
-1.050358116626739502e-01
-9.999000000000000000e+03
-9.999000000000000000e+03
-9.999000000000000000e+03
-9.999000000000000000e+03
-9.999000000000000000e+03
-9.999000000000000000e+03
-9.999000000000000000e+03
-9.999000000000000000e+03
-9.999000000000000000e+03
-9.999000000000000000e+03
-9.999000000000000000e+03
-9.999000000000000000e+03
-9.999000000000000000e+03
-9.999000000000000000e+03
-9.999000000000000000e+03
-1.277061402797698975e-01
-1.749968975782394409e-01
-9.999000000000000000e+03
-1.144063174724578857e-01
-1.399269700050354004e-01
-1.201418265700340271e-01
-9.408298879861831665e-02
-7.941031455993652344e-02
-7.368227839469909668e-02
-7.742973417043685913e-02
-1.012759357690811157e-01
-9.719111770391464233e-02
-8.338182419538497925e-02
-6.136905774474143982e-02
-5.490771308541297913e-02
-9.999000000000000000e+03
-9.999000000000000000e+03
-9.999000000000000000e+03
-9.999000000000000000e+03
-9.999000000000000000e+03
-9.999000000000000000e+03
-9.999000000000000000e+03
-9.999000000000000000e+03
-9.999000000000000000e+03
-9.999000000000000000e+03
-9.999000000000000000e+03
-9.999000000000000000e+03
-9.999000000000000000e+03
-9.999000000000000000e+03
-9.999000000000000000e+03
-9.999000000000000000e+03
-7.619608938694000244e-02
-1.197318732738494873e-01
-9.999000000000000000e+03
-9.999000000000000000e+03
-1.145447343587875366e-01
-1.241159662604331970e-01
-1.004439294338226318e-01
-8.949359506368637085e-02
-9.215376526117324829e-02
-9.650568664073944092e-02
-9.604985266923904419e-02
-8.093307912349700928e-02
-5.851192772388458252e-02
-1.939172297716140747e-02
-9.999000000000000000e+03
-9.999000000000000000e+03
-9.999000000000000000e+03
-9.999000000000000000e+03
-9.999000000000000000e+03
-9.999000000000000000e+03
-9.999000000000000000e+03
-9.999000000000000000e+03
-9.999000000000000000e+03
-9.999000000000000000e+03
-9.999000000000000000e+03
-9.999000000000000000e+03
-9.999000000000000000e+03
-9.999000000000000000e+03
-9.999000000000000000e+03
-9.999000000000000000e+03
-9.999000000000000000e+03
-2.640885114669799805e-02
-3.742541372776031494e-02
-9.999000000000000000e+03
-9.999000000000000000e+03
-5.888681486248970032e-02
-8.274328708648681641e-02
-8.467540144920349121e-02
-6.981026381254196167e-02
-5.545678362250328064e-02
-5.789000540971755981e-02
-5.411187559366226196e-02
-3.322096168994903564e-02
-2.528302371501922607e-02
-1.018438022583723068e-02
-9.999000000000000000e+03
-9.999000000000000000e+03
-9.999000000000000000e+03
-9.999000000000000000e+03
-9.999000000000000000e+03
-9.999000000000000000e+03
-9.999000000000000000e+03
-9.999000000000000000e+03
-9.999000000000000000e+03
-9.999000000000000000e+03
-9.999000000000000000e+03
-9.999000000000000000e+03
-9.999000000000000000e+03
-9.999000000000000000e+03
-9.999000000000000000e+03
-9.999000000000000000e+03
-9.999000000000000000e+03
-9.999000000000000000e+03
-9.999000000000000000e+03
-9.999000000000000000e+03
-9.999000000000000000e+03
-1.073041372001171112e-02
-2.814359776675701141e-02
-3.506224229931831360e-02
-3.182006627321243286e-02
-1.504359208047389984e-02
-1.291538961231708527e-02
-5.318406503647565842e-03
-1.493338029831647873e-02
-2.136282436549663544e-02
-1.968151330947875977e-02
-9.999000000000000000e+03
-9.999000000000000000e+03
-9.999000000000000000e+03
-9.999000000000000000e+03
-9.999000000000000000e+03
-9.999000000000000000e+03
-9.999000000000000000e+03
-9.999000000000000000e+03
-9.999000000000000000e+03
-9.999000000000000000e+03
-9.999000000000000000e+03
-9.999000000000000000e+03
-9.999000000000000000e+03
-9.999000000000000000e+03
-9.999000000000000000e+03
-9.999000000000000000e+03
-9.999000000000000000e+03
-9.999000000000000000e+03
-9.999000000000000000e+03
-9.999000000000000000e+03
-9.999000000000000000e+03
-9.999000000000000000e+03
-7.518611848354339600e-03
-1.822894625365734100e-02
-1.159514673054218292e-02
1.780589297413825989e-02
1.274838112294673920e-02
-7.257083198055624962e-04
4.802148323506116867e-03
-1.083186268806457520e-02
-9.999000000000000000e+03
-9.999000000000000000e+03
-9.999000000000000000e+03
-9.999000000000000000e+03
-9.999000000000000000e+03
-9.999000000000000000e+03
-9.999000000000000000e+03
-9.999000000000000000e+03
-9.999000000000000000e+03
-9.999000000000000000e+03
-9.999000000000000000e+03
-9.999000000000000000e+03
-9.999000000000000000e+03
-9.999000000000000000e+03
-9.999000000000000000e+03
-9.999000000000000000e+03
-9.999000000000000000e+03
-9.999000000000000000e+03
-9.999000000000000000e+03
-9.999000000000000000e+03
-9.999000000000000000e+03
-9.999000000000000000e+03
-9.999000000000000000e+03
-5.580479744821786880e-03
-2.215702459216117859e-02
-2.765356935560703278e-02
-1.770551316440105438e-02
1.433523651212453842e-02
-1.466811727732419968e-02
7.094963639974594116e-02
1.364273279905319214e-01
1.057263687252998352e-01
-9.999000000000000000e+03
-9.999000000000000000e+03
-9.999000000000000000e+03
-9.999000000000000000e+03
-9.999000000000000000e+03
-9.999000000000000000e+03
-9.999000000000000000e+03
-9.999000000000000000e+03
-9.999000000000000000e+03
-9.999000000000000000e+03
-9.999000000000000000e+03
-9.999000000000000000e+03
-9.999000000000000000e+03
-9.999000000000000000e+03
-9.999000000000000000e+03
-9.999000000000000000e+03
-9.999000000000000000e+03
-9.999000000000000000e+03
-9.999000000000000000e+03
-9.999000000000000000e+03
-9.999000000000000000e+03
-9.999000000000000000e+03
-9.999000000000000000e+03
-2.063611522316932678e-02
-2.120356820523738861e-02
-2.095228061079978943e-02
-1.400166284292936325e-02
9.042944759130477905e-03
1.297726109623908997e-02
1.166940033435821533e-01
1.168254017829895020e-01
-9.999000000000000000e+03
-9.999000000000000000e+03
-9.999000000000000000e+03
-9.999000000000000000e+03
-9.999000000000000000e+03
-9.999000000000000000e+03
-9.999000000000000000e+03
-9.999000000000000000e+03
-9.999000000000000000e+03
-9.999000000000000000e+03
-9.999000000000000000e+03
-9.999000000000000000e+03
-9.999000000000000000e+03
-9.999000000000000000e+03
-9.999000000000000000e+03
-9.999000000000000000e+03
-9.999000000000000000e+03
-9.999000000000000000e+03
-9.999000000000000000e+03
-9.999000000000000000e+03
-9.999000000000000000e+03
-9.999000000000000000e+03
-9.999000000000000000e+03
-2.762055583298206329e-02
-3.532733395695686340e-02
-3.782430663704872131e-02
-8.740591257810592651e-02
-1.309464126825332642e-01
-1.558157056570053101e-01
-8.953600376844406128e-02
-5.104449111968278885e-03
-2.138491719961166382e-02
-9.999000000000000000e+03
-9.999000000000000000e+03
-9.999000000000000000e+03
-9.999000000000000000e+03
-9.999000000000000000e+03
-9.999000000000000000e+03
-9.999000000000000000e+03
-9.999000000000000000e+03
-9.999000000000000000e+03
-9.999000000000000000e+03
-9.999000000000000000e+03
-9.999000000000000000e+03
-9.999000000000000000e+03
-9.999000000000000000e+03
-9.999000000000000000e+03
-9.999000000000000000e+03
-9.999000000000000000e+03
-9.999000000000000000e+03
-9.999000000000000000e+03
-9.999000000000000000e+03
-9.999000000000000000e+03
-9.999000000000000000e+03
-2.898478321731090546e-02
-6.631541252136230469e-02
-9.367060661315917969e-02
-1.118516474962234497e-01
-1.461821198463439941e-01
-1.516584157943725586e-01
-1.380614936351776123e-01
-1.403627544641494751e-01
-9.613031893968582153e-02
-6.334946304559707642e-02
-5.570561438798904419e-02
-5.518931150436401367e-02
-4.454418644309043884e-02
-9.999000000000000000e+03
-9.999000000000000000e+03
-9.999000000000000000e+03
-9.999000000000000000e+03
-9.999000000000000000e+03
-9.999000000000000000e+03
-9.999000000000000000e+03
-9.999000000000000000e+03
-9.999000000000000000e+03
-9.999000000000000000e+03
-9.999000000000000000e+03
-9.999000000000000000e+03
-9.999000000000000000e+03
-9.999000000000000000e+03
-9.999000000000000000e+03
-9.999000000000000000e+03
-9.999000000000000000e+03
-5.688446760177612305e-02
-5.172068625688552856e-02
-5.338790640234947205e-02
-6.990171968936920166e-02
-7.626446336507797241e-02
-8.181827515363693237e-02
-6.589056551456451416e-02
-7.467692345380783081e-02
-8.905929327011108398e-02
-4.792733117938041687e-02
-3.483383357524871826e-02
-4.715952649712562561e-02
-5.168126150965690613e-02
-5.572980642318725586e-02
-9.999000000000000000e+03
-9.999000000000000000e+03
-9.999000000000000000e+03
-9.999000000000000000e+03
-9.999000000000000000e+03
-9.999000000000000000e+03
-9.999000000000000000e+03
-9.999000000000000000e+03
-9.999000000000000000e+03
-9.999000000000000000e+03
-9.999000000000000000e+03
-9.999000000000000000e+03
-9.999000000000000000e+03
-9.999000000000000000e+03
-9.999000000000000000e+03
-6.269858777523040771e-02
-6.897272914648056030e-02
-1.074738651514053345e-01
-9.277715533971786499e-02
-6.948107481002807617e-02
-5.237629637122154236e-02
-3.662621602416038513e-02
-3.736076876521110535e-02
-3.993158414959907532e-02
-6.903608888387680054e-02
-5.981649458408355713e-02
-5.531622469425201416e-02
-4.950406402349472046e-02
-7.285515218973159790e-02
-9.999000000000000000e+03
-9.999000000000000000e+03
-9.999000000000000000e+03
-9.999000000000000000e+03
-9.999000000000000000e+03
-9.999000000000000000e+03
-9.999000000000000000e+03
-9.999000000000000000e+03
-9.999000000000000000e+03
-9.999000000000000000e+03
-9.999000000000000000e+03
-9.999000000000000000e+03
-9.999000000000000000e+03
-9.999000000000000000e+03
-9.999000000000000000e+03
-9.999000000000000000e+03
-5.060756951570510864e-02
-7.604840397834777832e-02
-8.655443787574768066e-02
-1.058085709810256958e-01
-1.050228551030158997e-01
-7.645787298679351807e-02
-4.455142840743064880e-02
-3.078269772231578827e-02
-2.347330749034881592e-02
-3.722418472170829773e-02
-8.230447024106979370e-02
-1.150692775845527649e-01
-1.105725318193435669e-01
-7.483801990747451782e-02
-9.999000000000000000e+03
-9.999000000000000000e+03
-9.999000000000000000e+03
-9.999000000000000000e+03
-9.999000000000000000e+03
-9.999000000000000000e+03
-9.999000000000000000e+03
-9.999000000000000000e+03
-9.999000000000000000e+03
-9.999000000000000000e+03
-9.999000000000000000e+03
-9.999000000000000000e+03
-9.999000000000000000e+03
-9.999000000000000000e+03
-9.999000000000000000e+03
-9.999000000000000000e+03
-9.999000000000000000e+03
-6.033693626523017883e-02
-8.770554512739181519e-02
-1.067931801080703735e-01
-1.068139150738716125e-01
-9.985090792179107666e-02
-8.762229233980178833e-02
-6.801073998212814331e-02
-4.406392201781272888e-02
-2.211551740765571594e-02
4.047343507409095764e-03
-1.874196156859397888e-02
-5.784178897738456726e-02
-5.188889801502227783e-02
-6.462556868791580200e-02
-9.999000000000000000e+03
-9.999000000000000000e+03
-9.999000000000000000e+03
-9.999000000000000000e+03
-9.999000000000000000e+03
-9.999000000000000000e+03
-9.999000000000000000e+03
-9.999000000000000000e+03
-9.999000000000000000e+03
-9.999000000000000000e+03
-9.999000000000000000e+03
-9.999000000000000000e+03
-9.999000000000000000e+03
-9.999000000000000000e+03
-9.999000000000000000e+03
-9.999000000000000000e+03
-9.999000000000000000e+03
-1.044615358114242554e-01
-1.129453405737876892e-01
-1.087795719504356384e-01
-1.000614985823631287e-01
-8.639709651470184326e-02
-7.758255302906036377e-02
-5.319819226861000061e-02
-2.787713520228862762e-02
-1.170654036104679108e-02
4.428837914019823074e-03
-1.115122111514210701e-03
-1.218884135596454144e-03
-5.953160114586353302e-03
-9.999000000000000000e+03
-9.999000000000000000e+03
-9.999000000000000000e+03
-9.999000000000000000e+03
-9.999000000000000000e+03
-9.999000000000000000e+03
-9.999000000000000000e+03
-9.999000000000000000e+03
-9.999000000000000000e+03
-9.999000000000000000e+03
-9.999000000000000000e+03
-9.999000000000000000e+03
-9.999000000000000000e+03
-9.999000000000000000e+03
-9.999000000000000000e+03
-9.999000000000000000e+03
-9.999000000000000000e+03
-9.999000000000000000e+03
-8.434358984231948853e-02
-8.359904587268829346e-02
-7.000631839036941528e-02
-6.517330557107925415e-02
-4.370573163032531738e-02
-3.475730493664741516e-02
-1.957825757563114166e-02
8.655562996864318848e-04
3.778568003326654434e-03
1.873662509024143219e-02
3.938895184546709061e-03
-2.424674294888973236e-02
-9.999000000000000000e+03
-9.999000000000000000e+03
-9.999000000000000000e+03
-9.999000000000000000e+03
-9.999000000000000000e+03
-9.999000000000000000e+03
-9.999000000000000000e+03
-9.999000000000000000e+03
-9.999000000000000000e+03
-9.999000000000000000e+03
-9.999000000000000000e+03
-9.999000000000000000e+03
-9.999000000000000000e+03
-9.999000000000000000e+03
-9.999000000000000000e+03
-9.999000000000000000e+03
-9.999000000000000000e+03
-9.999000000000000000e+03
-9.999000000000000000e+03
-4.790680110454559326e-02
-4.202791303396224976e-02
-3.523629531264305115e-02
-2.966179884970188141e-02
2.036445774137973785e-02
2.502625994384288788e-02
1.511280518025159836e-02
1.026096101850271225e-02
1.063256058841943741e-02
7.161732763051986694e-03
-9.999000000000000000e+03
-9.999000000000000000e+03
-9.999000000000000000e+03
-9.999000000000000000e+03
-9.999000000000000000e+03
-9.999000000000000000e+03
-9.999000000000000000e+03
-9.999000000000000000e+03
-9.999000000000000000e+03
-9.999000000000000000e+03
-9.999000000000000000e+03
-9.999000000000000000e+03
-9.999000000000000000e+03
-9.999000000000000000e+03
-9.999000000000000000e+03
-9.999000000000000000e+03
-9.999000000000000000e+03
-9.999000000000000000e+03
-9.999000000000000000e+03
-9.999000000000000000e+03
-9.999000000000000000e+03
-2.000334858894348145e-02
1.129346434026956558e-02
2.922789938747882843e-02
4.819849133491516113e-02
7.005272805690765381e-02
4.710133746266365051e-02
-9.999000000000000000e+03
-9.999000000000000000e+03
-9.999000000000000000e+03
-9.999000000000000000e+03
-9.999000000000000000e+03
-9.999000000000000000e+03
-9.999000000000000000e+03
-9.999000000000000000e+03
-9.999000000000000000e+03
-9.999000000000000000e+03
-9.999000000000000000e+03
-9.999000000000000000e+03
-9.999000000000000000e+03
-9.999000000000000000e+03
-9.999000000000000000e+03
-9.999000000000000000e+03
-9.999000000000000000e+03
-9.999000000000000000e+03
-9.999000000000000000e+03
-9.999000000000000000e+03
-9.999000000000000000e+03
-9.999000000000000000e+03
-9.999000000000000000e+03
-9.999000000000000000e+03
-9.999000000000000000e+03
-2.107298746705055237e-02
2.937549259513616562e-03
4.500146582722663879e-02
-9.999000000000000000e+03
-9.999000000000000000e+03
-9.999000000000000000e+03
-9.999000000000000000e+03
-9.999000000000000000e+03
-9.999000000000000000e+03
-9.999000000000000000e+03
-9.999000000000000000e+03
-9.999000000000000000e+03
-9.999000000000000000e+03
-9.999000000000000000e+03
-9.999000000000000000e+03
-9.999000000000000000e+03
-9.999000000000000000e+03
-9.999000000000000000e+03
-9.999000000000000000e+03
-9.999000000000000000e+03
-9.999000000000000000e+03
-9.999000000000000000e+03
-9.999000000000000000e+03
-9.999000000000000000e+03
-9.999000000000000000e+03
-9.999000000000000000e+03
-9.999000000000000000e+03
-9.999000000000000000e+03
-9.999000000000000000e+03
-9.999000000000000000e+03
-9.999000000000000000e+03
