-1.615371704101562500e-01
-1.155409887433052063e-01
-6.180315464735031128e-02
1.937307231128215790e-02
9.287475049495697021e-02
1.526254862546920776e-01
2.012203186750411987e-01
2.315864413976669312e-01
2.509471774101257324e-01
2.488785833120346069e-01
2.129741758108139038e-01
-9.999000000000000000e+03
-9.999000000000000000e+03
-9.999000000000000000e+03
-9.999000000000000000e+03
-9.999000000000000000e+03
-9.999000000000000000e+03
-9.999000000000000000e+03
-9.999000000000000000e+03
-9.999000000000000000e+03
-9.999000000000000000e+03
-9.999000000000000000e+03
-9.999000000000000000e+03
-4.313747864216566086e-03
-1.980867609381675720e-02
5.697856657207012177e-03
2.765813097357749939e-02
2.624649181962013245e-02
4.179450124502182007e-02
4.919332638382911682e-02
5.217305198311805725e-02
-1.408812105655670166e-01
-1.053679659962654114e-01
-5.347313359379768372e-02
1.614535786211490631e-02
9.787919372320175171e-02
1.670978814363479614e-01
2.111877948045730591e-01
2.367614507675170898e-01
2.413540333509445190e-01
2.414408028125762939e-01
2.191626280546188354e-01
1.130601093173027039e-01
-9.999000000000000000e+03
-9.999000000000000000e+03
-9.999000000000000000e+03
-9.999000000000000000e+03
-9.999000000000000000e+03
-9.999000000000000000e+03
-9.999000000000000000e+03
-9.999000000000000000e+03
-9.999000000000000000e+03
-2.877329848706722260e-02
-4.160030558705329895e-02
-3.520951792597770691e-02
-3.573003411293029785e-02
-1.132147572934627533e-02
-2.953464165329933167e-03
-1.002565678209066391e-02
4.193251021206378937e-03
1.876869983971118927e-02
2.026819996535778046e-02
-1.360942572355270386e-01
-7.989270240068435669e-02
-1.850858144462108612e-02
4.800255224108695984e-02
1.098362803459167480e-01
1.613937467336654663e-01
1.997520178556442261e-01
2.261263579130172729e-01
2.256330400705337524e-01
2.280537188053131104e-01
1.945552229881286621e-01
1.200819835066795349e-01
-9.999000000000000000e+03
-9.999000000000000000e+03
-9.999000000000000000e+03
-9.999000000000000000e+03
-9.999000000000000000e+03
-9.999000000000000000e+03
-9.999000000000000000e+03
-3.447751700878143311e-02
-3.161416202783584595e-02
-4.233117401599884033e-02
-4.373777657747268677e-02
-4.150103032588958740e-02
-3.037019073963165283e-02
-2.057777717709541321e-02
-2.464142441749572754e-02
-3.450914099812507629e-02
-2.249539829790592194e-02
-1.538609154522418976e-02
-1.679108850657939911e-02
-1.093722954392433167e-01
-5.776929482817649841e-02
-1.099721435457468033e-02
4.936727881431579590e-02
1.172188147902488708e-01
1.610902845859527588e-01
1.825233846902847290e-01
2.038050442934036255e-01
2.169079929590225220e-01
2.276362031698226929e-01
2.107358276844024658e-01
1.175169721245765686e-01
3.150939941406250000e-02
-9.999000000000000000e+03
-9.999000000000000000e+03
-9.999000000000000000e+03
-4.758471250534057617e-02
-6.282649934291839600e-02
-6.133079901337623596e-02
-3.848046064376831055e-02
-2.206131257116794586e-02
-1.764888130128383636e-02
-1.478494331240653992e-02
-2.909069135785102844e-02
-3.319788351655006409e-02
-1.921112276613712311e-02
-3.276549279689788818e-02
-4.624429345130920410e-02
-5.694631487131118774e-02
-5.092972144484519958e-02
-4.996852949261665344e-02
-9.472724795341491699e-02
-3.148324415087699890e-02
2.411114983260631561e-02
7.120452076196670532e-02
1.145830079913139343e-01
1.452434360980987549e-01
1.617124974727630615e-01
1.833257973194122314e-01
2.125363647937774658e-01
2.047487497329711914e-01
1.566072702407836914e-01
6.821407377719879150e-02
-6.739363925589714199e-06
-2.463616058230400085e-02
-6.126879155635833740e-02
-7.034202665090560913e-02
-7.492334395647048950e-02
-6.335889548063278198e-02
-4.636303707957267761e-02
-1.348903402686119080e-02
5.954666994512081146e-03
2.441403083503246307e-02
3.271569311618804932e-02
5.418097134679555893e-03
-3.870656946673989296e-03
-2.011730335652828217e-02
-4.250348359346389771e-02
-6.159662082791328430e-02
-8.541613817214965820e-02
-8.545763790607452393e-02
-8.364503085613250732e-02
-7.096124440431594849e-02
-2.751168422400951385e-02
3.271735459566116333e-02
8.743514120578765869e-02
1.235617995262145996e-01
1.444155573844909668e-01
1.569109857082366943e-01
1.756666004657745361e-01
1.878217458724975586e-01
1.738778650760650635e-01
1.014893129467964172e-01
5.939152557402849197e-03
-3.354896232485771179e-02
-5.589607730507850647e-02
-6.489409506320953369e-02
-6.447996944189071655e-02
-5.474604666233062744e-02
-2.552630752325057983e-02
-2.618253231048583984e-03
3.187695890665054321e-02
4.908444732427597046e-02
5.726614221930503845e-02
5.740900337696075439e-02
3.127475455403327942e-02
3.673824248835444450e-03
-3.621079400181770325e-02
-6.353230029344558716e-02
-9.305168688297271729e-02
-1.151277199387550354e-01
-1.162029877305030823e-01
-1.103256568312644958e-01
-3.060286864638328552e-02
-8.125968277454376221e-03
4.718853533267974854e-02
9.589729458093643188e-02
1.289670765399932861e-01
1.500227749347686768e-01
1.652804613113403320e-01
1.820789277553558350e-01
1.581300050020217896e-01
1.083552464842796326e-01
4.760329425334930420e-02
-1.001949794590473175e-02
-4.281872510910034180e-02
-6.208075210452079773e-02
-4.341955855488777161e-02
-3.084094636142253876e-02
-8.531926199793815613e-03
1.233119983226060867e-02
2.203251235187053680e-02
4.940335080027580261e-02
6.126147508621215820e-02
6.581847369670867920e-02
4.082270711660385132e-02
1.680709607899188995e-02
-2.071356587111949921e-02
-5.612136051058769226e-02
-8.600024133920669556e-02
-1.206917837262153625e-01
-1.453806459903717041e-01
-1.440839767456054688e-01
-1.333389282226562500e-01
-1.357786729931831360e-02
2.781995106488466263e-03
5.127049237489700317e-02
9.299989789724349976e-02
1.256475299596786499e-01
1.489923149347305298e-01
1.686945110559463501e-01
1.799098104238510132e-01
1.448978185653686523e-01
7.944060117006301880e-02
6.865841802209615707e-03
-2.967449277639389038e-02
-3.061031922698020935e-02
-2.413549646735191345e-02
-6.176939699798822403e-03
3.527232445776462555e-03
2.714375220239162445e-02
4.239169135689735413e-02
4.945854842662811279e-02
4.983476549386978149e-02
4.123896360397338867e-02
3.806900233030319214e-02
1.309188175946474075e-02
-1.272101793438196182e-02
-5.033074691891670227e-02
-7.312667369842529297e-02
-1.065122261643409729e-01
-1.349992901086807251e-01
-1.553804576396942139e-01
-1.650374680757522583e-01
-1.504465937614440918e-01
-6.267709657549858093e-03
1.803102530539035797e-02
4.707549884915351868e-02
6.750625371932983398e-02
9.839830547571182251e-02
1.311015039682388306e-01
1.459519863128662109e-01
1.434468179941177368e-01
1.204163655638694763e-01
6.960230320692062378e-02
1.713654585182666779e-02
-1.127612590789794922e-02
8.028387092053890228e-03
2.069591358304023743e-02
4.174628853797912598e-02
4.489018768072128296e-02
5.742512643337249756e-02
6.024508923292160034e-02
5.302157625555992126e-02
2.710689418017864227e-02
7.590034976601600647e-03
-3.243551191189908423e-06
-7.169974036514759064e-03
-1.698220148682594299e-02
-2.652045711874961853e-02
-6.616546213626861572e-02
-1.018393263220787048e-01
-1.393681913614273071e-01
-1.595714837312698364e-01
-1.647451072931289673e-01
-1.497114300727844238e-01
-1.855663955211639404e-02
2.117204293608665466e-02
4.719327762722969055e-02
5.941346660256385803e-02
8.215259760618209839e-02
1.102852374315261841e-01
1.250455230474472046e-01
1.221032962203025818e-01
1.139712259173393250e-01
6.603802740573883057e-02
3.531226888298988342e-02
4.951180517673492432e-02
5.588032305240631104e-02
5.560759454965591431e-02
6.442063301801681519e-02
7.497560977935791016e-02
8.738742023706436157e-02
4.543621838092803955e-02
2.243692800402641296e-02
-6.435875315219163895e-03
-3.742601722478866577e-03
-9.999000000000000000e+03
-9.999000000000000000e+03
-9.999000000000000000e+03
-9.999000000000000000e+03
-9.999000000000000000e+03
-9.999000000000000000e+03
-1.040140017867088318e-01
-1.434783339500427246e-01
-1.615832448005676270e-01
-1.436975449323654175e-01
1.500258315354585648e-02
2.365468256175518036e-02
4.322654008865356445e-02
7.056120783090591431e-02
9.474461525678634644e-02
1.130538061261177063e-01
1.321054100990295410e-01
1.161740720272064209e-01
9.669241309165954590e-02
8.832564949989318848e-02
7.984565943479537964e-02
1.099629402160644531e-01
8.865562826395034790e-02
7.136408984661102295e-02
7.816784083843231201e-02
8.302002400159835815e-02
1.057858616113662720e-01
-9.999000000000000000e+03
-9.999000000000000000e+03
-9.999000000000000000e+03
-9.999000000000000000e+03
-9.999000000000000000e+03
-9.999000000000000000e+03
-9.999000000000000000e+03
-9.999000000000000000e+03
-9.999000000000000000e+03
-9.999000000000000000e+03
-8.006123453378677368e-02
-1.067548468708992004e-01
-1.255351006984710693e-01
-1.151772439479827881e-01
1.378741580992937088e-02
3.910310566425323486e-03
3.600985184311866760e-02
6.945580989122390747e-02
9.393628686666488647e-02
1.071489304304122925e-01
1.271744817495346069e-01
1.165824979543685913e-01
1.111783534288406372e-01
1.445396244525909424e-01
1.426030993461608887e-01
1.284371614456176758e-01
1.042696535587310791e-01
7.964493334293365479e-02
5.035485699772834778e-02
5.759390071034431458e-02
-9.999000000000000000e+03
-9.999000000000000000e+03
-9.999000000000000000e+03
-9.999000000000000000e+03
-9.999000000000000000e+03
-9.999000000000000000e+03
-9.999000000000000000e+03
-9.999000000000000000e+03
-9.999000000000000000e+03
-9.999000000000000000e+03
-9.999000000000000000e+03
-9.999000000000000000e+03
-5.124739184975624084e-02
-6.833115220069885254e-02
-5.871446058154106140e-02
-3.321376442909240723e-02
-2.978425100445747375e-02
4.803957883268594742e-03
3.553208336234092712e-02
7.141422480344772339e-02
1.038251891732215881e-01
1.189138665795326233e-01
1.325065046548843384e-01
1.541738659143447876e-01
1.775629967451095581e-01
1.682854592800140381e-01
1.220230758190155029e-01
9.549166262149810791e-02
9.712688624858856201e-02
-9.999000000000000000e+03
-9.999000000000000000e+03
-9.999000000000000000e+03
-9.999000000000000000e+03
-9.999000000000000000e+03
-9.999000000000000000e+03
-9.999000000000000000e+03
-9.999000000000000000e+03
-9.999000000000000000e+03
-9.999000000000000000e+03
-9.999000000000000000e+03
-9.999000000000000000e+03
-9.999000000000000000e+03
-9.999000000000000000e+03
-9.999000000000000000e+03
-1.585526391863822937e-02
-3.266034182161092758e-03
-9.999000000000000000e+03
-4.664582014083862305e-02
-2.752988971769809723e-02
8.389918133616447449e-03
5.527110397815704346e-02
9.126129746437072754e-02
1.230632439255714417e-01
1.568949520587921143e-01
1.892200708389282227e-01
1.752197891473770142e-01
1.543772518634796143e-01
1.228732615709304810e-01
8.470334857702255249e-02
-9.999000000000000000e+03
-9.999000000000000000e+03
-9.999000000000000000e+03
-9.999000000000000000e+03
-9.999000000000000000e+03
-9.999000000000000000e+03
-9.999000000000000000e+03
-9.999000000000000000e+03
-9.999000000000000000e+03
-9.999000000000000000e+03
-9.999000000000000000e+03
-9.999000000000000000e+03
-9.999000000000000000e+03
-9.999000000000000000e+03
-9.999000000000000000e+03
-9.999000000000000000e+03
3.236729279160499573e-02
4.394797980785369873e-02
-9.999000000000000000e+03
-9.999000000000000000e+03
-5.799074843525886536e-02
8.401302620768547058e-04
6.659916043281555176e-02
1.211891695857048035e-01
1.606613695621490479e-01
1.671402752399444580e-01
1.705714166164398193e-01
1.503271758556365967e-01
1.401385366916656494e-01
9.248685091733932495e-02
-9.999000000000000000e+03
-9.999000000000000000e+03
-9.999000000000000000e+03
-9.999000000000000000e+03
-9.999000000000000000e+03
-9.999000000000000000e+03
-9.999000000000000000e+03
-9.999000000000000000e+03
-9.999000000000000000e+03
-9.999000000000000000e+03
-9.999000000000000000e+03
-9.999000000000000000e+03
-9.999000000000000000e+03
-9.999000000000000000e+03
-9.999000000000000000e+03
-9.999000000000000000e+03
-9.999000000000000000e+03
3.904658928513526917e-02
6.571376323699951172e-02
-9.999000000000000000e+03
-9.999000000000000000e+03
-3.696139901876449585e-02
4.351344832684844732e-04
6.734570115804672241e-02
1.465843021869659424e-01
2.197746038436889648e-01
1.896061599254608154e-01
1.560649722814559937e-01
1.423301249742507935e-01
1.357652097940444946e-01
1.394058614969253540e-01
-9.999000000000000000e+03
-9.999000000000000000e+03
-9.999000000000000000e+03
-9.999000000000000000e+03
-9.999000000000000000e+03
-9.999000000000000000e+03
-9.999000000000000000e+03
-9.999000000000000000e+03
-9.999000000000000000e+03
-9.999000000000000000e+03
-9.999000000000000000e+03
-9.999000000000000000e+03
-9.999000000000000000e+03
-9.999000000000000000e+03
-9.999000000000000000e+03
-9.999000000000000000e+03
-9.999000000000000000e+03
-9.999000000000000000e+03
-9.999000000000000000e+03
-9.999000000000000000e+03
-9.999000000000000000e+03
-2.467985264956951141e-02
2.960461424663662910e-03
7.961359620094299316e-02
1.596413254737854004e-01
2.189309000968933105e-01
2.229566425085067749e-01
1.936685293912887573e-01
1.446521878242492676e-01
1.032151803374290466e-01
8.917173743247985840e-02
-9.999000000000000000e+03
-9.999000000000000000e+03
-9.999000000000000000e+03
-9.999000000000000000e+03
-9.999000000000000000e+03
-9.999000000000000000e+03
-9.999000000000000000e+03
-9.999000000000000000e+03
-9.999000000000000000e+03
-9.999000000000000000e+03
-9.999000000000000000e+03
-9.999000000000000000e+03
-9.999000000000000000e+03
-9.999000000000000000e+03
-9.999000000000000000e+03
-9.999000000000000000e+03
-9.999000000000000000e+03
-9.999000000000000000e+03
-9.999000000000000000e+03
-9.999000000000000000e+03
-9.999000000000000000e+03
-9.999000000000000000e+03
-3.533492796123027802e-03
5.751864239573478699e-02
1.355378925800323486e-01
2.095868587493896484e-01
2.320628911256790161e-01
2.260562032461166382e-01
1.881700456142425537e-01
1.113733202219009399e-01
-9.999000000000000000e+03
-9.999000000000000000e+03
-9.999000000000000000e+03
-9.999000000000000000e+03
-9.999000000000000000e+03
-9.999000000000000000e+03
-9.999000000000000000e+03
-9.999000000000000000e+03
-9.999000000000000000e+03
-9.999000000000000000e+03
-9.999000000000000000e+03
-9.999000000000000000e+03
-9.999000000000000000e+03
-9.999000000000000000e+03
-9.999000000000000000e+03
-9.999000000000000000e+03
-9.999000000000000000e+03
-9.999000000000000000e+03
-9.999000000000000000e+03
-9.999000000000000000e+03
-9.999000000000000000e+03
-9.999000000000000000e+03
-9.999000000000000000e+03
1.744137518107891083e-02
5.531339347362518311e-02
1.029662787914276123e-01
1.442092508077621460e-01
1.886793673038482666e-01
2.377032488584518433e-01
1.967176496982574463e-01
1.383610069751739502e-01
9.061864763498306274e-02
-9.999000000000000000e+03
-9.999000000000000000e+03
-9.999000000000000000e+03
-9.999000000000000000e+03
-9.999000000000000000e+03
-9.999000000000000000e+03
-9.999000000000000000e+03
-9.999000000000000000e+03
-9.999000000000000000e+03
-9.999000000000000000e+03
-9.999000000000000000e+03
-9.999000000000000000e+03
-9.999000000000000000e+03
-9.999000000000000000e+03
-9.999000000000000000e+03
-9.999000000000000000e+03
-9.999000000000000000e+03
-9.999000000000000000e+03
-9.999000000000000000e+03
-9.999000000000000000e+03
-9.999000000000000000e+03
-9.999000000000000000e+03
-9.999000000000000000e+03
4.484388604760169983e-02
8.705106377601623535e-02
1.016549766063690186e-01
1.597779989242553711e-01
1.980702728033065796e-01
1.505129635334014893e-01
1.286034882068634033e-01
1.162843927741050720e-01
-9.999000000000000000e+03
-9.999000000000000000e+03
-9.999000000000000000e+03
-9.999000000000000000e+03
-9.999000000000000000e+03
-9.999000000000000000e+03
-9.999000000000000000e+03
-9.999000000000000000e+03
-9.999000000000000000e+03
-9.999000000000000000e+03
-9.999000000000000000e+03
-9.999000000000000000e+03
-9.999000000000000000e+03
-9.999000000000000000e+03
-9.999000000000000000e+03
-9.999000000000000000e+03
-9.999000000000000000e+03
-9.999000000000000000e+03
-9.999000000000000000e+03
-9.999000000000000000e+03
-9.999000000000000000e+03
-9.999000000000000000e+03
-9.999000000000000000e+03
4.875458404421806335e-02
5.993683636188507080e-02
5.709476768970489502e-02
1.096555441617965698e-01
1.047487705945968628e-01
3.621348366141319275e-02
3.782534226775169373e-02
8.808798342943191528e-02
1.344349384307861328e-01
-9.999000000000000000e+03
-9.999000000000000000e+03
-9.999000000000000000e+03
-9.999000000000000000e+03
-9.999000000000000000e+03
-9.999000000000000000e+03
-9.999000000000000000e+03
-9.999000000000000000e+03
-9.999000000000000000e+03
-9.999000000000000000e+03
-9.999000000000000000e+03
-9.999000000000000000e+03
-9.999000000000000000e+03
-9.999000000000000000e+03
-9.999000000000000000e+03
-9.999000000000000000e+03
-9.999000000000000000e+03
-9.999000000000000000e+03
-9.999000000000000000e+03
-9.999000000000000000e+03
-9.999000000000000000e+03
-9.999000000000000000e+03
9.118530154228210449e-02
7.591165602207183838e-02
7.634428888559341431e-02
7.555743306875228882e-02
4.959488660097122192e-02
-1.587038673460483551e-02
2.612008480355143547e-03
6.358820945024490356e-02
1.176572218537330627e-01
8.509059250354766846e-02
3.095521591603755951e-02
-4.560240195132791996e-04
-1.353395357728004456e-02
-9.999000000000000000e+03
-9.999000000000000000e+03
-9.999000000000000000e+03
-9.999000000000000000e+03
-9.999000000000000000e+03
-9.999000000000000000e+03
-9.999000000000000000e+03
-9.999000000000000000e+03
-9.999000000000000000e+03
-9.999000000000000000e+03
-9.999000000000000000e+03
-9.999000000000000000e+03
-9.999000000000000000e+03
-9.999000000000000000e+03
-9.999000000000000000e+03
-9.999000000000000000e+03
-9.999000000000000000e+03
1.008159667253494263e-01
1.115548610687255859e-01
9.824683517217636108e-02
4.983270168304443359e-02
5.367717519402503967e-02
2.728872001171112061e-02
2.618589997291564941e-02
3.510145843029022217e-02
4.949220269918441772e-02
5.427944660186767578e-02
2.586838416755199432e-02
5.960358306765556335e-03
-2.025685459375381470e-02
-1.030569337308406830e-02
-9.999000000000000000e+03
-9.999000000000000000e+03
-9.999000000000000000e+03
-9.999000000000000000e+03
-9.999000000000000000e+03
-9.999000000000000000e+03
-9.999000000000000000e+03
-9.999000000000000000e+03
-9.999000000000000000e+03
-9.999000000000000000e+03
-9.999000000000000000e+03
-9.999000000000000000e+03
-9.999000000000000000e+03
-9.999000000000000000e+03
-9.999000000000000000e+03
1.196359936147928238e-02
2.862574346363544464e-02
8.858645707368850708e-02
8.142901957035064697e-02
7.815926522016525269e-02
5.709489062428474426e-02
5.260285362601280212e-02
5.360740050673484802e-02
6.336181610822677612e-02
4.413412883877754211e-02
1.437434647232294083e-02
6.469406187534332275e-03
3.387086838483810425e-02
4.273739829659461975e-02
-9.999000000000000000e+03
-9.999000000000000000e+03
-9.999000000000000000e+03
-9.999000000000000000e+03
-9.999000000000000000e+03
-9.999000000000000000e+03
-9.999000000000000000e+03
-9.999000000000000000e+03
-9.999000000000000000e+03
-9.999000000000000000e+03
-9.999000000000000000e+03
-9.999000000000000000e+03
-9.999000000000000000e+03
-9.999000000000000000e+03
-9.999000000000000000e+03
-9.999000000000000000e+03
4.005825147032737732e-03
7.320432923734188080e-03
5.370462685823440552e-02
7.795263081789016724e-02
6.498187780380249023e-02
5.610662326216697693e-02
3.443757817149162292e-02
5.250530317425727844e-02
7.330454885959625244e-02
6.788350641727447510e-02
3.343217819929122925e-02
-1.256373431533575058e-02
-3.181112930178642273e-02
4.586694017052650452e-02
-9.999000000000000000e+03
-9.999000000000000000e+03
-9.999000000000000000e+03
-9.999000000000000000e+03
-9.999000000000000000e+03
-9.999000000000000000e+03
-9.999000000000000000e+03
-9.999000000000000000e+03
-9.999000000000000000e+03
-9.999000000000000000e+03
-9.999000000000000000e+03
-9.999000000000000000e+03
-9.999000000000000000e+03
-9.999000000000000000e+03
-9.999000000000000000e+03
-9.999000000000000000e+03
-9.999000000000000000e+03
1.037119608372449875e-02
2.328339591622352600e-02
9.454946219921112061e-02
8.208703249692916870e-02
4.383566975593566895e-02
3.245558217167854309e-02
2.539972029626369476e-02
3.367716073989868164e-02
6.253061443567276001e-02
5.031268671154975891e-02
3.502693772315979004e-02
-7.406557444483041763e-03
-1.791827008128166199e-02
1.682371087372303009e-02
-9.999000000000000000e+03
-9.999000000000000000e+03
-9.999000000000000000e+03
-9.999000000000000000e+03
-9.999000000000000000e+03
-9.999000000000000000e+03
-9.999000000000000000e+03
-9.999000000000000000e+03
-9.999000000000000000e+03
-9.999000000000000000e+03
-9.999000000000000000e+03
-9.999000000000000000e+03
-9.999000000000000000e+03
-9.999000000000000000e+03
-9.999000000000000000e+03
-9.999000000000000000e+03
-9.999000000000000000e+03
2.704647555947303772e-02
7.870145887136459351e-02
1.029831394553184509e-01
7.894701510667800903e-02
2.818079106509685516e-02
2.146259136497974396e-02
1.662023179233074188e-02
1.065456215292215347e-02
1.805077679455280304e-02
2.407945320010185242e-02
2.513138577342033386e-02
-2.183863148093223572e-02
-6.672028452157974243e-02
-9.999000000000000000e+03
-9.999000000000000000e+03
-9.999000000000000000e+03
-9.999000000000000000e+03
-9.999000000000000000e+03
-9.999000000000000000e+03
-9.999000000000000000e+03
-9.999000000000000000e+03
-9.999000000000000000e+03
-9.999000000000000000e+03
-9.999000000000000000e+03
-9.999000000000000000e+03
-9.999000000000000000e+03
-9.999000000000000000e+03
-9.999000000000000000e+03
-9.999000000000000000e+03
-9.999000000000000000e+03
-9.999000000000000000e+03
5.870664864778518677e-02
1.105970218777656555e-01
8.656999468803405762e-02
4.824390634894371033e-02
1.278151478618383408e-02
3.273283829912543297e-03
4.962513921782374382e-04
-1.173701696097850800e-02
-1.279063802212476730e-02
9.358320967294275761e-04
-3.053299384191632271e-03
-3.301173076033592224e-02
-9.999000000000000000e+03
-9.999000000000000000e+03
-9.999000000000000000e+03
-9.999000000000000000e+03
-9.999000000000000000e+03
-9.999000000000000000e+03
-9.999000000000000000e+03
-9.999000000000000000e+03
-9.999000000000000000e+03
-9.999000000000000000e+03
-9.999000000000000000e+03
-9.999000000000000000e+03
-9.999000000000000000e+03
-9.999000000000000000e+03
-9.999000000000000000e+03
-9.999000000000000000e+03
-9.999000000000000000e+03
-9.999000000000000000e+03
-9.999000000000000000e+03
6.827847659587860107e-02
9.534372389316558838e-02
7.744474709033966064e-02
3.276393562555313110e-02
-2.439345233142375946e-02
-2.600958570837974548e-02
-2.372652105987071991e-02
-1.790021359920501709e-02
-1.685680449008941650e-02
-4.760049283504486084e-03
-9.999000000000000000e+03
-9.999000000000000000e+03
-9.999000000000000000e+03
-9.999000000000000000e+03
-9.999000000000000000e+03
-9.999000000000000000e+03
-9.999000000000000000e+03
-9.999000000000000000e+03
-9.999000000000000000e+03
-9.999000000000000000e+03
-9.999000000000000000e+03
-9.999000000000000000e+03
-9.999000000000000000e+03
-9.999000000000000000e+03
-9.999000000000000000e+03
-9.999000000000000000e+03
-9.999000000000000000e+03
-9.999000000000000000e+03
-9.999000000000000000e+03
-9.999000000000000000e+03
-9.999000000000000000e+03
6.039327755570411682e-02
8.617462217807769775e-02
5.297813192009925842e-02
1.282470766454935074e-02
-1.736093498766422272e-02
-2.702103741466999054e-02
-9.999000000000000000e+03
-9.999000000000000000e+03
-9.999000000000000000e+03
-9.999000000000000000e+03
-9.999000000000000000e+03
-9.999000000000000000e+03
-9.999000000000000000e+03
-9.999000000000000000e+03
-9.999000000000000000e+03
-9.999000000000000000e+03
-9.999000000000000000e+03
-9.999000000000000000e+03
-9.999000000000000000e+03
-9.999000000000000000e+03
-9.999000000000000000e+03
-9.999000000000000000e+03
-9.999000000000000000e+03
-9.999000000000000000e+03
-9.999000000000000000e+03
-9.999000000000000000e+03
-9.999000000000000000e+03
-9.999000000000000000e+03
-9.999000000000000000e+03
-9.999000000000000000e+03
-9.999000000000000000e+03
2.820349112153053284e-02
4.109724238514900208e-02
4.168783128261566162e-02
-9.999000000000000000e+03
-9.999000000000000000e+03
-9.999000000000000000e+03
-9.999000000000000000e+03
-9.999000000000000000e+03
-9.999000000000000000e+03
-9.999000000000000000e+03
-9.999000000000000000e+03
-9.999000000000000000e+03
-9.999000000000000000e+03
-9.999000000000000000e+03
-9.999000000000000000e+03
-9.999000000000000000e+03
-9.999000000000000000e+03
-9.999000000000000000e+03
-9.999000000000000000e+03
-9.999000000000000000e+03
-9.999000000000000000e+03
-9.999000000000000000e+03
-9.999000000000000000e+03
-9.999000000000000000e+03
-9.999000000000000000e+03
-9.999000000000000000e+03
-9.999000000000000000e+03
-9.999000000000000000e+03
-9.999000000000000000e+03
-9.999000000000000000e+03
-9.999000000000000000e+03
