5.208445340394973755e-02
6.355233490467071533e-02
4.796434193849563599e-02
2.573591470718383789e-02
3.403428941965103149e-02
1.421024091541767120e-02
9.604486636817455292e-03
5.951570812612771988e-03
-1.484342571347951889e-02
-2.083170413970947266e-02
-5.715358629822731018e-02
-9.999000000000000000e+03
-9.999000000000000000e+03
-9.999000000000000000e+03
-9.999000000000000000e+03
-9.999000000000000000e+03
-9.999000000000000000e+03
-9.999000000000000000e+03
-9.999000000000000000e+03
-9.999000000000000000e+03
-9.999000000000000000e+03
-9.999000000000000000e+03
-9.999000000000000000e+03
-4.440587013959884644e-02
-8.096391707658767700e-02
-4.390410706400871277e-02
2.598791848868131638e-03
3.770233318209648132e-02
5.388988181948661804e-02
6.559377163648605347e-02
6.034065410494804382e-02
-4.614868015050888062e-02
-3.318321704864501953e-02
-4.050176963210105896e-02
-5.140220746397972107e-02
-4.404472187161445618e-02
-5.939341709017753601e-02
-5.728617683053016663e-02
-4.951302707195281982e-02
-5.392022430896759033e-02
-4.334306344389915466e-02
-3.924120217561721802e-02
-2.156574279069900513e-02
-9.999000000000000000e+03
-9.999000000000000000e+03
-9.999000000000000000e+03
-9.999000000000000000e+03
-9.999000000000000000e+03
-9.999000000000000000e+03
-9.999000000000000000e+03
-9.999000000000000000e+03
-9.999000000000000000e+03
-1.721274480223655701e-02
-1.793777570128440857e-02
-3.965723142027854919e-02
-5.321899801492691040e-02
-3.784073144197463989e-02
5.850325804203748703e-03
2.663422562181949615e-02
3.672518581151962280e-02
4.173289611935615540e-02
4.027299955487251282e-02
-1.288823336362838745e-01
-1.179619878530502319e-01
-1.241244673728942871e-01
-1.269117891788482666e-01
-1.068940460681915283e-01
-1.055201143026351929e-01
-9.674807637929916382e-02
-8.312809467315673828e-02
-8.358316123485565186e-02
-6.314971297979354858e-02
-4.249528050422668457e-02
-2.338708378374576569e-02
-9.999000000000000000e+03
-9.999000000000000000e+03
-9.999000000000000000e+03
-9.999000000000000000e+03
-9.999000000000000000e+03
-9.999000000000000000e+03
-9.999000000000000000e+03
-3.117455402389168739e-03
-1.085597439669072628e-03
1.787278597475960851e-04
2.725827507674694061e-02
7.489162497222423553e-03
-1.852312125265598297e-02
-1.686604693531990051e-02
-2.108684973791241646e-03
1.147644687443971634e-02
2.552000619471073151e-02
3.069979883730411530e-02
4.496685788035392761e-02
-2.023484110832214355e-01
-1.844193041324615479e-01
-1.786825656890869141e-01
-1.776584833860397339e-01
-1.577719002962112427e-01
-1.522773504257202148e-01
-1.410615742206573486e-01
-1.183327361941337585e-01
-1.074634268879890442e-01
-8.104992657899856567e-02
-5.405592918395996094e-02
-2.192243561148643494e-02
2.385187335312366486e-02
-9.999000000000000000e+03
-9.999000000000000000e+03
-9.999000000000000000e+03
-5.333947949111461639e-03
-1.518461015075445175e-02
-1.210151985287666321e-02
-2.290207520127296448e-02
-2.355612628161907196e-02
-9.326860308647155762e-03
-5.441905930638313293e-03
1.825862377882003784e-02
1.508970931172370911e-02
1.835781731642782688e-03
1.926792971789836884e-02
4.398105293512344360e-02
6.073066964745521545e-02
6.689678877592086792e-02
8.182254433631896973e-02
-2.586855590343475342e-01
-2.418596595525741577e-01
-2.308073788881301880e-01
-2.244642972946166992e-01
-2.033213973045349121e-01
-1.926092952489852905e-01
-1.732171773910522461e-01
-1.433304995298385620e-01
-1.234295815229415894e-01
-9.604439139366149902e-02
-5.744781345129013062e-02
-2.187857590615749359e-02
2.379115670919418335e-02
3.825184702873229980e-02
1.627457141876220703e-02
-6.580997724086046219e-03
-4.330169409513473511e-02
-7.672068476676940918e-02
-8.365400135517120361e-02
-1.127967387437820435e-01
-9.922756999731063843e-02
-8.695431053638458252e-02
-9.142480045557022095e-02
-5.799366906285285950e-02
-4.597500711679458618e-02
-2.698869258165359497e-02
1.248029340058565140e-02
4.920807480812072754e-02
8.284520357847213745e-02
1.112075597047805786e-01
1.226796582341194153e-01
-2.799480855464935303e-01
-2.747856080532073975e-01
-2.691727876663208008e-01
-2.588220536708831787e-01
-2.335890382528305054e-01
-2.155324369668960571e-01
-1.881788969039916992e-01
-1.557730734348297119e-01
-1.362639069557189941e-01
-1.061546280980110168e-01
-6.695212423801422119e-02
-3.068093210458755493e-02
-2.492117462679743767e-03
4.614809993654489517e-03
-1.689368113875389099e-02
-4.274040833115577698e-02
-1.054301708936691284e-01
-1.719989329576492310e-01
-2.079636156558990479e-01
-2.577838301658630371e-01
-2.656459212303161621e-01
-2.384488582611083984e-01
-2.419995963573455811e-01
-1.640528142452239990e-01
-1.239942088723182678e-01
-1.107067838311195374e-01
-3.271270543336868286e-02
4.655996803194284439e-03
4.841452464461326599e-02
8.951534330844879150e-02
9.724473953247070312e-02
-2.867482900619506836e-01
-2.809400260448455811e-01
-2.759436070919036865e-01
-2.628131210803985596e-01
-2.432619929313659668e-01
-2.203751653432846069e-01
-1.904297918081283569e-01
-1.597402244806289673e-01
-1.330783963203430176e-01
-1.013989672064781189e-01
-6.477627158164978027e-02
-4.013101384043693542e-02
-1.606074534356594086e-02
-1.262281090021133423e-02
-8.668720722198486328e-02
-1.358586698770523071e-01
-1.990188658237457275e-01
-2.555612027645111084e-01
-2.904443740844726562e-01
-3.521257042884826660e-01
-3.728202879428863525e-01
-3.837876021862030029e-01
-3.741769194602966309e-01
-3.288609087467193604e-01
-2.915149033069610596e-01
-2.536503076553344727e-01
-1.565884053707122803e-01
-1.063002124428749084e-01
-3.922503441572189331e-02
3.110330738127231598e-02
4.514514282345771790e-02
-2.480582147836685181e-01
-2.647521793842315674e-01
-2.556345462799072266e-01
-2.382974922657012939e-01
-2.164631932973861694e-01
-1.889161169528961182e-01
-1.628398150205612183e-01
-1.501414477825164795e-01
-1.285383552312850952e-01
-1.059271469712257385e-01
-7.600032538175582886e-02
-7.745572179555892944e-02
-7.985544204711914062e-02
-1.029151678085327148e-01
-1.574697941541671753e-01
-1.992075443267822266e-01
-2.593874931335449219e-01
-2.940004169940948486e-01
-3.298320174217224121e-01
-3.285062015056610107e-01
-3.157791793346405029e-01
-3.469830751419067383e-01
-3.325405418872833252e-01
-3.682373166084289551e-01
-4.010482728481292725e-01
-3.764812648296356201e-01
-2.739116847515106201e-01
-2.048154026269912720e-01
-1.384625732898712158e-01
-5.349318310618400574e-02
-2.794030867516994476e-02
-2.096479088068008423e-01
-2.241701483726501465e-01
-2.218533605337142944e-01
-2.012400925159454346e-01
-1.857550740242004395e-01
-1.528400480747222900e-01
-1.356738656759262085e-01
-1.315154284238815308e-01
-1.256617605686187744e-01
-1.206906512379646301e-01
-1.135697811841964722e-01
-1.205224320292472839e-01
-1.441513299942016602e-01
-1.850159764289855957e-01
-2.262473553419113159e-01
-2.405900806188583374e-01
-2.549681663513183594e-01
-2.438448369503021240e-01
-2.501696944236755371e-01
-1.798870116472244263e-01
-1.272564232349395752e-01
-1.658499240875244141e-01
-1.589822620153427124e-01
-2.355456352233886719e-01
-2.156463116407394409e-01
-3.143318295478820801e-01
-2.913679778575897217e-01
-2.632567584514617920e-01
-1.979394257068634033e-01
-1.402685642242431641e-01
-1.237903684377670288e-01
-1.788522154092788696e-01
-1.864044666290283203e-01
-1.922025531530380249e-01
-1.786720603704452515e-01
-1.577529013156890869e-01
-1.335404813289642334e-01
-1.202495619654655457e-01
-1.227406039834022522e-01
-1.249655336141586304e-01
-1.398377120494842529e-01
-1.535279601812362671e-01
-1.839604675769805908e-01
-2.075431942939758301e-01
-2.281232178211212158e-01
-2.440351545810699463e-01
-2.351411879062652588e-01
-2.092828005552291870e-01
-1.342027485370635986e-01
-1.249914020299911499e-01
-4.837822541594505310e-02
-2.518689632415771484e-02
-9.999000000000000000e+03
-9.999000000000000000e+03
-9.999000000000000000e+03
-9.999000000000000000e+03
-9.999000000000000000e+03
-9.999000000000000000e+03
-2.953990399837493896e-01
-2.419960945844650269e-01
-1.782296895980834961e-01
-1.584650278091430664e-01
-1.459541767835617065e-01
-1.463317424058914185e-01
-1.629041731357574463e-01
-1.651734113693237305e-01
-1.567677706480026245e-01
-1.309172362089157104e-01
-1.195621415972709656e-01
-1.207064539194107056e-01
-1.390551924705505371e-01
-1.678030490875244141e-01
-1.854032725095748901e-01
-2.277271151542663574e-01
-2.395593523979187012e-01
-2.390167415142059326e-01
-2.113139480352401733e-01
-1.729615628719329834e-01
-1.348167806863784790e-01
-9.999000000000000000e+03
-9.999000000000000000e+03
-9.999000000000000000e+03
-9.999000000000000000e+03
-9.999000000000000000e+03
-9.999000000000000000e+03
-9.999000000000000000e+03
-9.999000000000000000e+03
-9.999000000000000000e+03
-9.999000000000000000e+03
-1.559937298297882080e-01
-2.098133265972137451e-01
-2.181334793567657471e-01
-1.945390999317169189e-01
-1.578944027423858643e-01
-1.342547088861465454e-01
-1.343514174222946167e-01
-1.364593058824539185e-01
-1.472096294164657593e-01
-1.485121995210647583e-01
-1.446800529956817627e-01
-1.417208462953567505e-01
-1.767437607049942017e-01
-1.984168142080307007e-01
-2.103833109140396118e-01
-2.225982993841171265e-01
-2.174729704856872559e-01
-2.130109816789627075e-01
-1.088193580508232117e-01
-1.033744513988494873e-01
-9.999000000000000000e+03
-9.999000000000000000e+03
-9.999000000000000000e+03
-9.999000000000000000e+03
-9.999000000000000000e+03
-9.999000000000000000e+03
-9.999000000000000000e+03
-9.999000000000000000e+03
-9.999000000000000000e+03
-9.999000000000000000e+03
-9.999000000000000000e+03
-9.999000000000000000e+03
-1.299554556608200073e-01
-2.141353785991668701e-01
-2.235940992832183838e-01
-1.628750860691070557e-01
-1.442920714616775513e-01
-1.231779903173446655e-01
-1.089850515127182007e-01
-1.204312294721603394e-01
-1.417867243289947510e-01
-1.567217260599136353e-01
-1.692977845668792725e-01
-1.851867735385894775e-01
-1.848413199186325073e-01
-1.936436444520950317e-01
-1.972167044878005981e-01
-1.290457993745803833e-01
-1.383975595235824585e-01
-9.999000000000000000e+03
-9.999000000000000000e+03
-9.999000000000000000e+03
-9.999000000000000000e+03
-9.999000000000000000e+03
-9.999000000000000000e+03
-9.999000000000000000e+03
-9.999000000000000000e+03
-9.999000000000000000e+03
-9.999000000000000000e+03
-9.999000000000000000e+03
-9.999000000000000000e+03
-9.999000000000000000e+03
-9.999000000000000000e+03
-9.999000000000000000e+03
-1.892150938510894775e-01
-2.343725562095642090e-01
-9.999000000000000000e+03
-1.002333015203475952e-01
-1.174062341451644897e-01
-1.030584126710891724e-01
-9.622541815042495728e-02
-1.104012206196784973e-01
-1.376352459192276001e-01
-1.652670800685882568e-01
-1.568833738565444946e-01
-1.551314741373062134e-01
-1.525574028491973877e-01
-1.295437067747116089e-01
-9.545274823904037476e-02
-9.999000000000000000e+03
-9.999000000000000000e+03
-9.999000000000000000e+03
-9.999000000000000000e+03
-9.999000000000000000e+03
-9.999000000000000000e+03
-9.999000000000000000e+03
-9.999000000000000000e+03
-9.999000000000000000e+03
-9.999000000000000000e+03
-9.999000000000000000e+03
-9.999000000000000000e+03
-9.999000000000000000e+03
-9.999000000000000000e+03
-9.999000000000000000e+03
-9.999000000000000000e+03
-1.518026441335678101e-01
-2.214172035455703735e-01
-9.999000000000000000e+03
-9.999000000000000000e+03
-1.096185892820358276e-01
-1.015745773911476135e-01
-8.520469069480895996e-02
-8.523325622081756592e-02
-1.009422838687896729e-01
-1.215581148862838745e-01
-1.146801114082336426e-01
-1.151688322424888611e-01
-1.016539558768272400e-01
-3.650755435228347778e-02
-9.999000000000000000e+03
-9.999000000000000000e+03
-9.999000000000000000e+03
-9.999000000000000000e+03
-9.999000000000000000e+03
-9.999000000000000000e+03
-9.999000000000000000e+03
-9.999000000000000000e+03
-9.999000000000000000e+03
-9.999000000000000000e+03
-9.999000000000000000e+03
-9.999000000000000000e+03
-9.999000000000000000e+03
-9.999000000000000000e+03
-9.999000000000000000e+03
-9.999000000000000000e+03
-9.999000000000000000e+03
-9.072251617908477783e-02
-1.688879430294036865e-01
-9.999000000000000000e+03
-9.999000000000000000e+03
-7.298306375741958618e-02
-8.845134824514389038e-02
-7.974294573068618774e-02
-6.108254939317703247e-02
-6.269799172878265381e-02
-5.161026120185852051e-02
-6.537365168333053589e-02
-5.864992365241050720e-02
-5.257661640644073486e-02
-2.564795315265655518e-02
-9.999000000000000000e+03
-9.999000000000000000e+03
-9.999000000000000000e+03
-9.999000000000000000e+03
-9.999000000000000000e+03
-9.999000000000000000e+03
-9.999000000000000000e+03
-9.999000000000000000e+03
-9.999000000000000000e+03
-9.999000000000000000e+03
-9.999000000000000000e+03
-9.999000000000000000e+03
-9.999000000000000000e+03
-9.999000000000000000e+03
-9.999000000000000000e+03
-9.999000000000000000e+03
-9.999000000000000000e+03
-9.999000000000000000e+03
-9.999000000000000000e+03
-9.999000000000000000e+03
-9.999000000000000000e+03
-4.092886671423912048e-02
-4.964885488152503967e-02
-3.554011508822441101e-02
-3.723118081688880920e-02
-9.826266206800937653e-03
2.523134229704737663e-03
1.981104142032563686e-04
7.976467721164226532e-03
-1.879415102303028107e-02
-2.158970572054386139e-02
-9.999000000000000000e+03
-9.999000000000000000e+03
-9.999000000000000000e+03
-9.999000000000000000e+03
-9.999000000000000000e+03
-9.999000000000000000e+03
-9.999000000000000000e+03
-9.999000000000000000e+03
-9.999000000000000000e+03
-9.999000000000000000e+03
-9.999000000000000000e+03
-9.999000000000000000e+03
-9.999000000000000000e+03
-9.999000000000000000e+03
-9.999000000000000000e+03
-9.999000000000000000e+03
-9.999000000000000000e+03
-9.999000000000000000e+03
-9.999000000000000000e+03
-9.999000000000000000e+03
-9.999000000000000000e+03
-9.999000000000000000e+03
-1.672731898725032806e-02
-9.574810042977333069e-03
1.722665387205779552e-03
8.696495741605758667e-02
5.598914995789527893e-02
4.205345362424850464e-02
4.972916468977928162e-02
1.685326732695102692e-02
-9.999000000000000000e+03
-9.999000000000000000e+03
-9.999000000000000000e+03
-9.999000000000000000e+03
-9.999000000000000000e+03
-9.999000000000000000e+03
-9.999000000000000000e+03
-9.999000000000000000e+03
-9.999000000000000000e+03
-9.999000000000000000e+03
-9.999000000000000000e+03
-9.999000000000000000e+03
-9.999000000000000000e+03
-9.999000000000000000e+03
-9.999000000000000000e+03
-9.999000000000000000e+03
-9.999000000000000000e+03
-9.999000000000000000e+03
-9.999000000000000000e+03
-9.999000000000000000e+03
-9.999000000000000000e+03
-9.999000000000000000e+03
-9.999000000000000000e+03
-4.314445250201970339e-04
-6.902259774506092072e-03
7.330717053264379501e-03
9.827990084886550903e-03
1.465680170804262161e-02
-1.324407057836651802e-03
9.185515344142913818e-02
1.705134660005569458e-01
1.256061345338821411e-01
-9.999000000000000000e+03
-9.999000000000000000e+03
-9.999000000000000000e+03
-9.999000000000000000e+03
-9.999000000000000000e+03
-9.999000000000000000e+03
-9.999000000000000000e+03
-9.999000000000000000e+03
-9.999000000000000000e+03
-9.999000000000000000e+03
-9.999000000000000000e+03
-9.999000000000000000e+03
-9.999000000000000000e+03
-9.999000000000000000e+03
-9.999000000000000000e+03
-9.999000000000000000e+03
-9.999000000000000000e+03
-9.999000000000000000e+03
-9.999000000000000000e+03
-9.999000000000000000e+03
-9.999000000000000000e+03
-9.999000000000000000e+03
-9.999000000000000000e+03
-4.070615023374557495e-02
-2.983623743057250977e-02
-5.672178789973258972e-02
-6.897652894258499146e-02
-2.592741139233112335e-02
1.066951081156730652e-04
1.513170897960662842e-01
1.862419843673706055e-01
-9.999000000000000000e+03
-9.999000000000000000e+03
-9.999000000000000000e+03
-9.999000000000000000e+03
-9.999000000000000000e+03
-9.999000000000000000e+03
-9.999000000000000000e+03
-9.999000000000000000e+03
-9.999000000000000000e+03
-9.999000000000000000e+03
-9.999000000000000000e+03
-9.999000000000000000e+03
-9.999000000000000000e+03
-9.999000000000000000e+03
-9.999000000000000000e+03
-9.999000000000000000e+03
-9.999000000000000000e+03
-9.999000000000000000e+03
-9.999000000000000000e+03
-9.999000000000000000e+03
-9.999000000000000000e+03
-9.999000000000000000e+03
-9.999000000000000000e+03
-8.693695813417434692e-02
-1.140349879860877991e-01
-1.397914439439773560e-01
-1.341598182916641235e-01
-1.198462024331092834e-01
-1.246454417705535889e-01
-6.506474316120147705e-02
3.919720649719238281e-02
4.049401357769966125e-02
-9.999000000000000000e+03
-9.999000000000000000e+03
-9.999000000000000000e+03
-9.999000000000000000e+03
-9.999000000000000000e+03
-9.999000000000000000e+03
-9.999000000000000000e+03
-9.999000000000000000e+03
-9.999000000000000000e+03
-9.999000000000000000e+03
-9.999000000000000000e+03
-9.999000000000000000e+03
-9.999000000000000000e+03
-9.999000000000000000e+03
-9.999000000000000000e+03
-9.999000000000000000e+03
-9.999000000000000000e+03
-9.999000000000000000e+03
-9.999000000000000000e+03
-9.999000000000000000e+03
-9.999000000000000000e+03
-9.999000000000000000e+03
-6.968114525079727173e-02
-1.223524957895278931e-01
-1.386743038892745972e-01
-1.387792825698852539e-01
-1.240903511643409729e-01
-1.190430819988250732e-01
-1.316380947828292847e-01
-1.247968301177024841e-01
-1.054794639348983765e-01
-6.308948248624801636e-02
-6.390723586082458496e-02
-8.630522340536117554e-02
-7.698500901460647583e-02
-9.999000000000000000e+03
-9.999000000000000000e+03
-9.999000000000000000e+03
-9.999000000000000000e+03
-9.999000000000000000e+03
-9.999000000000000000e+03
-9.999000000000000000e+03
-9.999000000000000000e+03
-9.999000000000000000e+03
-9.999000000000000000e+03
-9.999000000000000000e+03
-9.999000000000000000e+03
-9.999000000000000000e+03
-9.999000000000000000e+03
-9.999000000000000000e+03
-9.999000000000000000e+03
-9.999000000000000000e+03
-4.279729351401329041e-02
-4.778010398149490356e-02
-6.280032545328140259e-02
-8.095197379589080811e-02
-1.167470738291740417e-01
-1.325414925813674927e-01
-1.269540041685104370e-01
-1.270227432250976562e-01
-1.398810595273971558e-01
-1.164627894759178162e-01
-9.865652769804000854e-02
-8.481044322252273560e-02
-8.356586843729019165e-02
-8.927172422409057617e-02
-9.999000000000000000e+03
-9.999000000000000000e+03
-9.999000000000000000e+03
-9.999000000000000000e+03
-9.999000000000000000e+03
-9.999000000000000000e+03
-9.999000000000000000e+03
-9.999000000000000000e+03
-9.999000000000000000e+03
-9.999000000000000000e+03
-9.999000000000000000e+03
-9.999000000000000000e+03
-9.999000000000000000e+03
-9.999000000000000000e+03
-9.999000000000000000e+03
1.029199222102761269e-03
-1.778397895395755768e-02
-5.362601950764656067e-02
-5.978391319513320923e-02
-6.443236768245697021e-02
-6.988677382469177246e-02
-7.517284154891967773e-02
-9.577893465757369995e-02
-1.065159142017364502e-01
-1.031942889094352722e-01
-8.617697656154632568e-02
-6.317408382892608643e-02
-5.387031659483909607e-02
-4.880710691213607788e-02
-9.999000000000000000e+03
-9.999000000000000000e+03
-9.999000000000000000e+03
-9.999000000000000000e+03
-9.999000000000000000e+03
-9.999000000000000000e+03
-9.999000000000000000e+03
-9.999000000000000000e+03
-9.999000000000000000e+03
-9.999000000000000000e+03
-9.999000000000000000e+03
-9.999000000000000000e+03
-9.999000000000000000e+03
-9.999000000000000000e+03
-9.999000000000000000e+03
-9.999000000000000000e+03
5.116851534694433212e-03
5.087853875011205673e-03
-1.693714223802089691e-02
-5.132537335157394409e-02
-8.878377079963684082e-02
-9.200694411993026733e-02
-8.615703880786895752e-02
-6.037841737270355225e-02
-6.078817695379257202e-02
-7.513944059610366821e-02
-1.033006682991981506e-01
-1.114969328045845032e-01
-1.141031235456466675e-01
-7.852490246295928955e-02
-9.999000000000000000e+03
-9.999000000000000000e+03
-9.999000000000000000e+03
-9.999000000000000000e+03
-9.999000000000000000e+03
-9.999000000000000000e+03
-9.999000000000000000e+03
-9.999000000000000000e+03
-9.999000000000000000e+03
-9.999000000000000000e+03
-9.999000000000000000e+03
-9.999000000000000000e+03
-9.999000000000000000e+03
-9.999000000000000000e+03
-9.999000000000000000e+03
-9.999000000000000000e+03
-9.999000000000000000e+03
-1.469381805509328842e-02
-5.243314057588577271e-02
-9.030572324991226196e-02
-1.071324571967124939e-01
-1.151450872421264648e-01
-1.025407239794731140e-01
-8.044528961181640625e-02
-5.807689204812049866e-02
-4.520067200064659119e-02
-3.853441402316093445e-02
-7.712413370609283447e-02
-1.249990686774253845e-01
-1.181083619594573975e-01
-1.040421128273010254e-01
-9.999000000000000000e+03
-9.999000000000000000e+03
-9.999000000000000000e+03
-9.999000000000000000e+03
-9.999000000000000000e+03
-9.999000000000000000e+03
-9.999000000000000000e+03
-9.999000000000000000e+03
-9.999000000000000000e+03
-9.999000000000000000e+03
-9.999000000000000000e+03
-9.999000000000000000e+03
-9.999000000000000000e+03
-9.999000000000000000e+03
-9.999000000000000000e+03
-9.999000000000000000e+03
-9.999000000000000000e+03
-7.803746312856674194e-02
-1.183974817395210266e-01
-1.348246932029724121e-01
-1.271134167909622192e-01
-1.082681417465209961e-01
-7.438906282186508179e-02
-4.898020252585411072e-02
-3.232922405004501343e-02
-3.253863751888275146e-02
-4.277884587645530701e-02
-6.822429597377777100e-02
-1.063360944390296936e-01
-6.255728751420974731e-02
-9.999000000000000000e+03
-9.999000000000000000e+03
-9.999000000000000000e+03
-9.999000000000000000e+03
-9.999000000000000000e+03
-9.999000000000000000e+03
-9.999000000000000000e+03
-9.999000000000000000e+03
-9.999000000000000000e+03
-9.999000000000000000e+03
-9.999000000000000000e+03
-9.999000000000000000e+03
-9.999000000000000000e+03
-9.999000000000000000e+03
-9.999000000000000000e+03
-9.999000000000000000e+03
-9.999000000000000000e+03
-9.999000000000000000e+03
-8.580003678798675537e-02
-1.074074879288673401e-01
-9.700995683670043945e-02
-7.632634043693542480e-02
-3.323725238442420959e-02
-1.536228694021701813e-02
-4.324991255998611450e-03
1.007495168596506119e-02
-5.801312159746885300e-03
-1.491341856308281422e-03
-2.855782397091388702e-02
-6.184696406126022339e-02
-9.999000000000000000e+03
-9.999000000000000000e+03
-9.999000000000000000e+03
-9.999000000000000000e+03
-9.999000000000000000e+03
-9.999000000000000000e+03
-9.999000000000000000e+03
-9.999000000000000000e+03
-9.999000000000000000e+03
-9.999000000000000000e+03
-9.999000000000000000e+03
-9.999000000000000000e+03
-9.999000000000000000e+03
-9.999000000000000000e+03
-9.999000000000000000e+03
-9.999000000000000000e+03
-9.999000000000000000e+03
-9.999000000000000000e+03
-9.999000000000000000e+03
-8.484502881765365601e-02
-7.836599647998809814e-02
-5.206974968314170837e-02
-1.264355983585119247e-02
6.885296106338500977e-02
6.263775378465652466e-02
4.261509329080581665e-02
2.117429301142692566e-02
1.078673545271158218e-02
2.728297840803861618e-03
-9.999000000000000000e+03
-9.999000000000000000e+03
-9.999000000000000000e+03
-9.999000000000000000e+03
-9.999000000000000000e+03
-9.999000000000000000e+03
-9.999000000000000000e+03
-9.999000000000000000e+03
-9.999000000000000000e+03
-9.999000000000000000e+03
-9.999000000000000000e+03
-9.999000000000000000e+03
-9.999000000000000000e+03
-9.999000000000000000e+03
-9.999000000000000000e+03
-9.999000000000000000e+03
-9.999000000000000000e+03
-9.999000000000000000e+03
-9.999000000000000000e+03
-9.999000000000000000e+03
-9.999000000000000000e+03
-5.539140105247497559e-02
-9.518465027213096619e-03
4.052370041608810425e-02
7.628198713064193726e-02
9.893801063299179077e-02
7.767724990844726562e-02
-9.999000000000000000e+03
-9.999000000000000000e+03
-9.999000000000000000e+03
-9.999000000000000000e+03
-9.999000000000000000e+03
-9.999000000000000000e+03
-9.999000000000000000e+03
-9.999000000000000000e+03
-9.999000000000000000e+03
-9.999000000000000000e+03
-9.999000000000000000e+03
-9.999000000000000000e+03
-9.999000000000000000e+03
-9.999000000000000000e+03
-9.999000000000000000e+03
-9.999000000000000000e+03
-9.999000000000000000e+03
-9.999000000000000000e+03
-9.999000000000000000e+03
-9.999000000000000000e+03
-9.999000000000000000e+03
-9.999000000000000000e+03
-9.999000000000000000e+03
-9.999000000000000000e+03
-9.999000000000000000e+03
-1.587873883545398712e-02
2.300883876159787178e-03
6.202867254614830017e-02
-9.999000000000000000e+03
-9.999000000000000000e+03
-9.999000000000000000e+03
-9.999000000000000000e+03
-9.999000000000000000e+03
-9.999000000000000000e+03
-9.999000000000000000e+03
-9.999000000000000000e+03
-9.999000000000000000e+03
-9.999000000000000000e+03
-9.999000000000000000e+03
-9.999000000000000000e+03
-9.999000000000000000e+03
-9.999000000000000000e+03
-9.999000000000000000e+03
-9.999000000000000000e+03
-9.999000000000000000e+03
-9.999000000000000000e+03
-9.999000000000000000e+03
-9.999000000000000000e+03
-9.999000000000000000e+03
-9.999000000000000000e+03
-9.999000000000000000e+03
-9.999000000000000000e+03
-9.999000000000000000e+03
-9.999000000000000000e+03
-9.999000000000000000e+03
-9.999000000000000000e+03
