-2.076941728591918945e-02
-1.419523358345031738e-02
-8.553318679332733154e-03
-3.594666719436645508e-03
1.259386539459228516e-03
5.262270569801330566e-03
8.854836225509643555e-03
1.135097444057464600e-02
1.320028305053710938e-02
1.361681520938873291e-02
1.143079996109008789e-02
0.000000000000000000e+00
0.000000000000000000e+00
0.000000000000000000e+00
0.000000000000000000e+00
0.000000000000000000e+00
0.000000000000000000e+00
0.000000000000000000e+00
0.000000000000000000e+00
0.000000000000000000e+00
0.000000000000000000e+00
0.000000000000000000e+00
0.000000000000000000e+00
2.981296041980385780e-03
8.309695869684219360e-03
1.260260865092277527e-02
1.709599234163761139e-02
2.199219912290573120e-02
2.718277834355831146e-02
3.233423829078674316e-02
3.752098977565765381e-02
-2.043892443180084229e-02
-1.491257175803184509e-02
-9.326241910457611084e-03
-4.255462437868118286e-03
1.483425498008728027e-03
6.354421377182006836e-03
1.039008796215057373e-02
1.301608979701995850e-02
1.478083431720733643e-02
1.529797911643981934e-02
1.451985538005828857e-02
8.739531040191650391e-03
0.000000000000000000e+00
0.000000000000000000e+00
0.000000000000000000e+00
0.000000000000000000e+00
0.000000000000000000e+00
0.000000000000000000e+00
0.000000000000000000e+00
0.000000000000000000e+00
0.000000000000000000e+00
4.822578048333525658e-04
2.304399851709604263e-03
4.655256867408752441e-03
8.213840425014495850e-03
1.277984306216239929e-02
1.849252358078956604e-02
2.411601692438125610e-02
2.938855439424514771e-02
3.434664756059646606e-02
3.909730911254882812e-02
-2.261539548635482788e-02
-1.499846950173377991e-02
-8.424599654972553253e-03
-2.675287425518035889e-03
2.470999956130981445e-03
7.024899125099182129e-03
1.097448170185089111e-02
1.424196362495422363e-02
1.647572219371795654e-02
1.703852415084838867e-02
1.596996188163757324e-02
1.183256506919860840e-02
0.000000000000000000e+00
0.000000000000000000e+00
0.000000000000000000e+00
0.000000000000000000e+00
0.000000000000000000e+00
0.000000000000000000e+00
0.000000000000000000e+00
3.688372671604156494e-04
1.503098756074905396e-04
7.810518145561218262e-04
2.806505188345909119e-03
6.210688501596450806e-03
1.003831624984741211e-02
1.422631740570068359e-02
1.921818777918815613e-02
2.413246594369411469e-02
3.006323799490928650e-02
3.612726554274559021e-02
4.137996584177017212e-02
-2.248072624206542969e-02
-1.556074619293212891e-02
-9.635581634938716888e-03
-3.355041146278381348e-03
3.509551286697387695e-03
8.947879076004028320e-03
1.300947368144989014e-02
1.578158140182495117e-02
1.781867444515228271e-02
1.842617988586425781e-02
1.837354898452758789e-02
1.679974049329757690e-02
1.242399215698242188e-02
0.000000000000000000e+00
0.000000000000000000e+00
0.000000000000000000e+00
3.965452313423156738e-03
3.311172127723693848e-03
1.745842397212982178e-03
9.152889251708984375e-04
8.133957162499427795e-04
1.586485421285033226e-03
3.386843949556350708e-03
6.141687277704477310e-03
9.826554916799068451e-03
1.494144462049007416e-02
2.101791277527809143e-02
2.670756727457046509e-02
3.190139681100845337e-02
3.718958050012588501e-02
4.192794859409332275e-02
-2.313476055860519409e-02
-1.488004066050052643e-02
-7.734391838312149048e-03
-2.021327614784240723e-03
4.024334251880645752e-03
8.965849876403808594e-03
1.359502971172332764e-02
1.737958192825317383e-02
1.966446638107299805e-02
2.033336460590362549e-02
1.981599628925323486e-02
1.865799725055694580e-02
1.483775675296783447e-02
1.206951495260000229e-02
1.160837337374687195e-02
8.685301989316940308e-03
6.669148802757263184e-03
4.747755825519561768e-03
2.743940800428390503e-03
1.760024577379226685e-03
1.281349919736385345e-03
2.026934176683425903e-03
4.062373191118240356e-03
7.058870047330856323e-03
1.110495440661907196e-02
1.569896563887596130e-02
2.084607258439064026e-02
2.649769186973571777e-02
3.289770334959030151e-02
3.929863125085830688e-02
4.422714561223983765e-02
-2.315611764788627625e-02
-1.567940227687358856e-02
-8.678749203681945801e-03
-1.461274921894073486e-03
5.892202258110046387e-03
1.146523654460906982e-02
1.549930870532989502e-02
1.854491233825683594e-02
2.056010067462921143e-02
2.145311236381530762e-02
2.126957476139068604e-02
2.048720046877861023e-02
1.817467249929904938e-02
1.590720377862453461e-02
1.392410881817340851e-02
1.088817417621612549e-02
8.382286876440048218e-03
5.768334493041038513e-03
3.289290703833103180e-03
2.249913290143013000e-03
1.904781907796859741e-03
2.541482448577880859e-03
4.228912293910980225e-03
7.366776466369628906e-03
1.165723986923694611e-02
1.663670688867568970e-02
2.232138067483901978e-02
2.809728682041168213e-02
3.392605483531951904e-02
3.896526992321014404e-02
4.421642422676086426e-02
-2.240257896482944489e-02
-1.475510001182556152e-02
-7.110632956027984619e-03
-4.266351461410522461e-04
5.893096327781677246e-03
1.153622567653656006e-02
1.647146046161651611e-02
2.016589045524597168e-02
2.231016755104064941e-02
2.302421629428863525e-02
2.259710431098937988e-02
2.188600599765777588e-02
1.978120207786560059e-02
1.743672788143157959e-02
1.505888625979423523e-02
1.166633237153291702e-02
9.060092270374298096e-03
6.661703810095787048e-03
4.291979596018791199e-03
2.903353422880172729e-03
2.371005713939666748e-03
3.088787198066711426e-03
5.104258656501770020e-03
7.857860065996646881e-03
1.189747080206871033e-02
1.605337113142013550e-02
2.241390943527221680e-02
2.856637537479400635e-02
3.464221954345703125e-02
4.063898324966430664e-02
4.523298144340515137e-02
-2.322815358638763428e-02
-1.492574345320463181e-02
-6.436187773942947388e-03
8.782818913459777832e-04
7.900401949882507324e-03
1.334562897682189941e-02
1.769623160362243652e-02
2.081915736198425293e-02
2.311807870864868164e-02
2.418947219848632812e-02
2.381823398172855377e-02
2.291982248425483704e-02
2.111216634511947632e-02
1.873801648616790771e-02
1.647159457206726074e-02
1.303011178970336914e-02
1.003675535321235657e-02
7.239475846290588379e-03
4.619803279638290405e-03
3.297481685876846313e-03
2.702038735151290894e-03
3.140293061733245850e-03
4.669308662414550781e-03
7.930157706141471863e-03
1.233109831809997559e-02
1.479928940534591675e-02
2.230538427829742432e-02
2.832189202308654785e-02
3.381110727787017822e-02
4.009330272674560547e-02
4.507859051227569580e-02
-2.083166688680648804e-02
-1.362034678459167480e-02
-5.784630775451660156e-03
1.242674887180328369e-03
7.912740111351013184e-03
1.423418521881103516e-02
1.911586523056030273e-02
2.254059165716171265e-02
2.444415539503097534e-02
2.531621232628822327e-02
2.502121403813362122e-02
2.426555380225181580e-02
2.224662713706493378e-02
1.960865035653114319e-02
1.708783209323883057e-02
1.407676935195922852e-02
1.103195548057556152e-02
7.971331477165222168e-03
5.336429923772811890e-03
3.654997795820236206e-03
2.884235233068466187e-03
3.289833664894104004e-03
3.814611583948135376e-03
5.828369408845901489e-03
6.740281358361244202e-03
1.305980235338211060e-02
2.007262408733367920e-02
2.821010351181030273e-02
3.388875722885131836e-02
3.955551981925964355e-02
4.408942162990570068e-02
-2.170618623495101929e-02
-1.323500648140907288e-02
-4.168644547462463379e-03
3.339067101478576660e-03
9.361714124679565430e-03
1.515138149261474609e-02
1.976709067821502686e-02
2.316807955503463745e-02
2.545201778411865234e-02
2.633919566869735718e-02
2.591182291507720947e-02
2.511356770992279053e-02
2.336554974317550659e-02
2.114523202180862427e-02
1.876094937324523926e-02
1.477190852165222168e-02
1.133295148611068726e-02
5.942691117525100708e-03
5.114698782563209534e-03
3.375262953341007233e-03
2.254219725728034973e-03
0.000000000000000000e+00
0.000000000000000000e+00
0.000000000000000000e+00
0.000000000000000000e+00
0.000000000000000000e+00
0.000000000000000000e+00
2.013254165649414062e-02
3.076241910457611084e-02
3.835460543632507324e-02
4.315738379955291748e-02
-1.872316934168338776e-02
-1.158086117357015610e-02
-4.499182105064392090e-03
2.461247146129608154e-03
1.019471138715744019e-02
1.668980717658996582e-02
2.120655030012130737e-02
2.417059987783432007e-02
2.614911645650863647e-02
2.710658311843872070e-02
2.689535915851593018e-02
2.625472843647003174e-02
2.448228746652603149e-02
2.177693694829940796e-02
1.868716627359390259e-02
1.370844990015029907e-02
1.037990301847457886e-02
0.000000000000000000e+00
0.000000000000000000e+00
0.000000000000000000e+00
0.000000000000000000e+00
0.000000000000000000e+00
0.000000000000000000e+00
0.000000000000000000e+00
0.000000000000000000e+00
0.000000000000000000e+00
0.000000000000000000e+00
1.658453047275543213e-02
2.700720727443695068e-02
3.583291172981262207e-02
4.011787474155426025e-02
-1.860151067376136780e-02
-1.017840020358562469e-02
-1.901199109852313995e-03
5.019519478082656860e-03
1.110574230551719666e-02
1.670355722308158875e-02
2.098681032657623291e-02
2.479112148284912109e-02
2.704591304063796997e-02
2.781482785940170288e-02
2.758870273828506470e-02
2.692450582981109619e-02
2.475379407405853271e-02
2.228337526321411133e-02
1.118979603052139282e-02
9.703833609819412231e-03
0.000000000000000000e+00
0.000000000000000000e+00
0.000000000000000000e+00
0.000000000000000000e+00
0.000000000000000000e+00
0.000000000000000000e+00
0.000000000000000000e+00
0.000000000000000000e+00
0.000000000000000000e+00
0.000000000000000000e+00
0.000000000000000000e+00
0.000000000000000000e+00
1.799708604812622070e-02
3.303831815719604492e-02
3.820333629846572876e-02
-8.489415049552917480e-03
-6.280358880758285522e-03
-2.527548931539058685e-03
4.644493572413921356e-03
1.202369853854179382e-02
1.830048486590385437e-02
2.227687835693359375e-02
2.520845830440521240e-02
2.713736891746520996e-02
2.807986736297607422e-02
2.810999751091003418e-02
2.741429954767227173e-02
1.860281825065612793e-02
1.858481019735336304e-02
0.000000000000000000e+00
0.000000000000000000e+00
0.000000000000000000e+00
0.000000000000000000e+00
0.000000000000000000e+00
0.000000000000000000e+00
0.000000000000000000e+00
0.000000000000000000e+00
0.000000000000000000e+00
0.000000000000000000e+00
0.000000000000000000e+00
0.000000000000000000e+00
0.000000000000000000e+00
0.000000000000000000e+00
0.000000000000000000e+00
2.712208032608032227e-02
3.428355976939201355e-02
0.000000000000000000e+00
-3.953989595174789429e-03
-2.456977963447570801e-04
6.088901311159133911e-03
1.242231577634811401e-02
1.742263883352279663e-02
2.202739566564559937e-02
2.559100836515426636e-02
2.758944034576416016e-02
2.843217551708221436e-02
2.787083387374877930e-02
2.441881597042083740e-02
1.651119440793991089e-02
0.000000000000000000e+00
0.000000000000000000e+00
0.000000000000000000e+00
0.000000000000000000e+00
0.000000000000000000e+00
0.000000000000000000e+00
0.000000000000000000e+00
0.000000000000000000e+00
0.000000000000000000e+00
0.000000000000000000e+00
0.000000000000000000e+00
0.000000000000000000e+00
0.000000000000000000e+00
0.000000000000000000e+00
0.000000000000000000e+00
0.000000000000000000e+00
2.187205106019973755e-02
3.001395240426063538e-02
0.000000000000000000e+00
0.000000000000000000e+00
3.417655825614929199e-04
6.763357669115066528e-03
1.314816251397132874e-02
1.845942437648773193e-02
2.229117602109909058e-02
2.542953193187713623e-02
2.726046741008758545e-02
2.839311957359313965e-02
2.802257239818572998e-02
1.739618182182312012e-02
0.000000000000000000e+00
0.000000000000000000e+00
0.000000000000000000e+00
0.000000000000000000e+00
0.000000000000000000e+00
0.000000000000000000e+00
0.000000000000000000e+00
0.000000000000000000e+00
0.000000000000000000e+00
0.000000000000000000e+00
0.000000000000000000e+00
0.000000000000000000e+00
0.000000000000000000e+00
0.000000000000000000e+00
0.000000000000000000e+00
0.000000000000000000e+00
0.000000000000000000e+00
1.542032510042190552e-02
2.623244002461433411e-02
0.000000000000000000e+00
0.000000000000000000e+00
1.914922147989273071e-03
6.864256225526332855e-03
1.259764283895492554e-02
1.821926236152648926e-02
2.217335999011993408e-02
2.537935227155685425e-02
2.740952372550964355e-02
2.844920009374618530e-02
2.876511216163635254e-02
2.718440443277359009e-02
0.000000000000000000e+00
0.000000000000000000e+00
0.000000000000000000e+00
0.000000000000000000e+00
0.000000000000000000e+00
0.000000000000000000e+00
0.000000000000000000e+00
0.000000000000000000e+00
0.000000000000000000e+00
0.000000000000000000e+00
0.000000000000000000e+00
0.000000000000000000e+00
0.000000000000000000e+00
0.000000000000000000e+00
0.000000000000000000e+00
0.000000000000000000e+00
0.000000000000000000e+00
0.000000000000000000e+00
0.000000000000000000e+00
0.000000000000000000e+00
0.000000000000000000e+00
2.008667215704917908e-03
8.153548464179039001e-03
1.347556710243225098e-02
1.827846467494964600e-02
2.186487615108489990e-02
2.496728301048278809e-02
2.712078392505645752e-02
2.853176742792129517e-02
2.824315801262855530e-02
2.548317983746528625e-02
0.000000000000000000e+00
0.000000000000000000e+00
0.000000000000000000e+00
0.000000000000000000e+00
0.000000000000000000e+00
0.000000000000000000e+00
0.000000000000000000e+00
0.000000000000000000e+00
0.000000000000000000e+00
0.000000000000000000e+00
0.000000000000000000e+00
0.000000000000000000e+00
0.000000000000000000e+00
0.000000000000000000e+00
0.000000000000000000e+00
0.000000000000000000e+00
0.000000000000000000e+00
0.000000000000000000e+00
0.000000000000000000e+00
0.000000000000000000e+00
0.000000000000000000e+00
0.000000000000000000e+00
5.429867655038833618e-03
1.239902712404727936e-02
1.835732161998748779e-02
2.216058969497680664e-02
2.417174726724624634e-02
2.713593095541000366e-02
2.861574292182922363e-02
2.811721526086330414e-02
0.000000000000000000e+00
0.000000000000000000e+00
0.000000000000000000e+00
0.000000000000000000e+00
0.000000000000000000e+00
0.000000000000000000e+00
0.000000000000000000e+00
0.000000000000000000e+00
0.000000000000000000e+00
0.000000000000000000e+00
0.000000000000000000e+00
0.000000000000000000e+00
0.000000000000000000e+00
0.000000000000000000e+00
0.000000000000000000e+00
0.000000000000000000e+00
0.000000000000000000e+00
0.000000000000000000e+00
0.000000000000000000e+00
0.000000000000000000e+00
0.000000000000000000e+00
0.000000000000000000e+00
0.000000000000000000e+00
5.875379778444766998e-03
1.225904840975999832e-02
1.848795264959335327e-02
1.962082087993621826e-02
1.926711201667785645e-02
2.705631405115127563e-02
2.904722094535827637e-02
2.967252954840660095e-02
2.600917220115661621e-02
0.000000000000000000e+00
0.000000000000000000e+00
0.000000000000000000e+00
0.000000000000000000e+00
0.000000000000000000e+00
0.000000000000000000e+00
0.000000000000000000e+00
0.000000000000000000e+00
0.000000000000000000e+00
0.000000000000000000e+00
0.000000000000000000e+00
0.000000000000000000e+00
0.000000000000000000e+00
0.000000000000000000e+00
0.000000000000000000e+00
0.000000000000000000e+00
0.000000000000000000e+00
0.000000000000000000e+00
0.000000000000000000e+00
0.000000000000000000e+00
0.000000000000000000e+00
0.000000000000000000e+00
0.000000000000000000e+00
9.642692282795906067e-03
1.918319426476955414e-02
1.702403649687767029e-02
2.294915542006492615e-02
2.749581634998321533e-02
2.885895408689975739e-02
2.924183756113052368e-02
1.682920753955841064e-02
0.000000000000000000e+00
0.000000000000000000e+00
0.000000000000000000e+00
0.000000000000000000e+00
0.000000000000000000e+00
0.000000000000000000e+00
0.000000000000000000e+00
0.000000000000000000e+00
0.000000000000000000e+00
0.000000000000000000e+00
0.000000000000000000e+00
0.000000000000000000e+00
0.000000000000000000e+00
0.000000000000000000e+00
0.000000000000000000e+00
0.000000000000000000e+00
0.000000000000000000e+00
0.000000000000000000e+00
0.000000000000000000e+00
0.000000000000000000e+00
0.000000000000000000e+00
0.000000000000000000e+00
0.000000000000000000e+00
1.576742157340049744e-02
1.654907688498497009e-02
9.772500023245811462e-03
2.467956393957138062e-02
2.762037515640258789e-02
2.925168350338935852e-02
3.050033189356327057e-02
2.558991871774196625e-02
1.627405732870101929e-02
0.000000000000000000e+00
0.000000000000000000e+00
0.000000000000000000e+00
0.000000000000000000e+00
0.000000000000000000e+00
0.000000000000000000e+00
0.000000000000000000e+00
0.000000000000000000e+00
0.000000000000000000e+00
0.000000000000000000e+00
0.000000000000000000e+00
0.000000000000000000e+00
0.000000000000000000e+00
0.000000000000000000e+00
0.000000000000000000e+00
0.000000000000000000e+00
0.000000000000000000e+00
0.000000000000000000e+00
0.000000000000000000e+00
0.000000000000000000e+00
0.000000000000000000e+00
0.000000000000000000e+00
1.956167444586753845e-02
1.909318938851356506e-02
2.076301909983158112e-02
2.467283606529235840e-02
2.683996781706809998e-02
2.876710146665573120e-02
3.033547848463058472e-02
3.049207292497158051e-02
2.717253379523754120e-02
1.958823762834072113e-02
1.428390480577945709e-02
1.379733812063932419e-02
1.342316623777151108e-02
0.000000000000000000e+00
0.000000000000000000e+00
0.000000000000000000e+00
0.000000000000000000e+00
0.000000000000000000e+00
0.000000000000000000e+00
0.000000000000000000e+00
0.000000000000000000e+00
0.000000000000000000e+00
0.000000000000000000e+00
0.000000000000000000e+00
0.000000000000000000e+00
0.000000000000000000e+00
0.000000000000000000e+00
0.000000000000000000e+00
0.000000000000000000e+00
0.000000000000000000e+00
1.574207469820976257e-02
1.828134804964065552e-02
1.892089098691940308e-02
2.180888876318931580e-02
2.463383041322231293e-02
2.716021239757537842e-02
2.870504930615425110e-02
2.995500341057777405e-02
3.057670406997203827e-02
3.033135086297988892e-02
2.873464301228523254e-02
2.633525803685188293e-02
1.602841727435588837e-02
1.533357705920934677e-02
0.000000000000000000e+00
0.000000000000000000e+00
0.000000000000000000e+00
0.000000000000000000e+00
0.000000000000000000e+00
0.000000000000000000e+00
0.000000000000000000e+00
0.000000000000000000e+00
0.000000000000000000e+00
0.000000000000000000e+00
0.000000000000000000e+00
0.000000000000000000e+00
0.000000000000000000e+00
0.000000000000000000e+00
0.000000000000000000e+00
9.540858678519725800e-03
9.559024125337600708e-03
1.311731524765491486e-02
1.679740846157073975e-02
1.938530802726745605e-02
2.211512438952922821e-02
2.451930567622184753e-02
2.666407451033592224e-02
2.827568352222442627e-02
2.927743270993232727e-02
2.966924011707305908e-02
2.909000590443611145e-02
3.015965595841407776e-02
3.066075965762138367e-02
0.000000000000000000e+00
0.000000000000000000e+00
0.000000000000000000e+00
0.000000000000000000e+00
0.000000000000000000e+00
0.000000000000000000e+00
0.000000000000000000e+00
0.000000000000000000e+00
0.000000000000000000e+00
0.000000000000000000e+00
0.000000000000000000e+00
0.000000000000000000e+00
0.000000000000000000e+00
0.000000000000000000e+00
0.000000000000000000e+00
0.000000000000000000e+00
5.276411771774291992e-03
9.757262654602527618e-03
1.292853057384490967e-02
1.409597694873809814e-02
1.689241454005241394e-02
1.994594000279903412e-02
2.268059551715850830e-02
2.476464956998825073e-02
2.662577852606773376e-02
2.784135006368160248e-02
2.861148491501808167e-02
2.873605862259864807e-02
2.811481803655624390e-02
3.099002130329608917e-02
0.000000000000000000e+00
0.000000000000000000e+00
0.000000000000000000e+00
0.000000000000000000e+00
0.000000000000000000e+00
0.000000000000000000e+00
0.000000000000000000e+00
0.000000000000000000e+00
0.000000000000000000e+00
0.000000000000000000e+00
0.000000000000000000e+00
0.000000000000000000e+00
0.000000000000000000e+00
0.000000000000000000e+00
0.000000000000000000e+00
0.000000000000000000e+00
0.000000000000000000e+00
1.195344328880310059e-02
1.136168837547302246e-02
1.385385543107986450e-02
1.636764407157897949e-02
1.886265724897384644e-02
2.079922705888748169e-02
2.286006137728691101e-02
2.458190545439720154e-02
2.643037773668766022e-02
2.744614146649837494e-02
2.758366242051124573e-02
2.739057503640651703e-02
2.878444083034992218e-02
3.088675066828727722e-02
0.000000000000000000e+00
0.000000000000000000e+00
0.000000000000000000e+00
0.000000000000000000e+00
0.000000000000000000e+00
0.000000000000000000e+00
0.000000000000000000e+00
0.000000000000000000e+00
0.000000000000000000e+00
0.000000000000000000e+00
0.000000000000000000e+00
0.000000000000000000e+00
0.000000000000000000e+00
0.000000000000000000e+00
0.000000000000000000e+00
0.000000000000000000e+00
0.000000000000000000e+00
1.305224746465682983e-02
1.482942700386047363e-02
1.626811921596527100e-02
1.759972423315048218e-02
1.993009820580482483e-02
2.193180099129676819e-02
2.371733263134956360e-02
2.503741905093193054e-02
2.611278742551803589e-02
2.673643082380294800e-02
2.672066725790500641e-02
2.594604343175888062e-02
2.937520667910575867e-02
0.000000000000000000e+00
0.000000000000000000e+00
0.000000000000000000e+00
0.000000000000000000e+00
0.000000000000000000e+00
0.000000000000000000e+00
0.000000000000000000e+00
0.000000000000000000e+00
0.000000000000000000e+00
0.000000000000000000e+00
0.000000000000000000e+00
0.000000000000000000e+00
0.000000000000000000e+00
0.000000000000000000e+00
0.000000000000000000e+00
0.000000000000000000e+00
0.000000000000000000e+00
0.000000000000000000e+00
1.635092496871948242e-02
1.816344261169433594e-02
1.944948732852935791e-02
2.030096575617790222e-02
2.168289572000503540e-02
2.279001101851463318e-02
2.391877770423889160e-02
2.503754571080207825e-02
2.525993809103965759e-02
2.495452389121055603e-02
1.973244175314903259e-02
1.983682438731193542e-02
0.000000000000000000e+00
0.000000000000000000e+00
0.000000000000000000e+00
0.000000000000000000e+00
0.000000000000000000e+00
0.000000000000000000e+00
0.000000000000000000e+00
0.000000000000000000e+00
0.000000000000000000e+00
0.000000000000000000e+00
0.000000000000000000e+00
0.000000000000000000e+00
0.000000000000000000e+00
0.000000000000000000e+00
0.000000000000000000e+00
0.000000000000000000e+00
0.000000000000000000e+00
0.000000000000000000e+00
0.000000000000000000e+00
2.060030400753021240e-02
2.140399813652038574e-02
2.172706276178359985e-02
2.201860770583152771e-02
2.320245653390884399e-02
2.284868992865085602e-02
2.288275584578514099e-02
1.957771554589271545e-02
2.014295384287834167e-02
1.401477679610252380e-02
0.000000000000000000e+00
0.000000000000000000e+00
0.000000000000000000e+00
0.000000000000000000e+00
0.000000000000000000e+00
0.000000000000000000e+00
0.000000000000000000e+00
0.000000000000000000e+00
0.000000000000000000e+00
0.000000000000000000e+00
0.000000000000000000e+00
0.000000000000000000e+00
0.000000000000000000e+00
0.000000000000000000e+00
0.000000000000000000e+00
0.000000000000000000e+00
0.000000000000000000e+00
0.000000000000000000e+00
0.000000000000000000e+00
0.000000000000000000e+00
0.000000000000000000e+00
2.377349883317947388e-02
2.409654110670089722e-02
1.519576087594032288e-02
2.046754397451877594e-02
2.026271075010299683e-02
1.890864036977291107e-02
0.000000000000000000e+00
0.000000000000000000e+00
0.000000000000000000e+00
0.000000000000000000e+00
0.000000000000000000e+00
0.000000000000000000e+00
0.000000000000000000e+00
0.000000000000000000e+00
0.000000000000000000e+00
0.000000000000000000e+00
0.000000000000000000e+00
0.000000000000000000e+00
0.000000000000000000e+00
0.000000000000000000e+00
0.000000000000000000e+00
0.000000000000000000e+00
0.000000000000000000e+00
0.000000000000000000e+00
0.000000000000000000e+00
0.000000000000000000e+00
0.000000000000000000e+00
0.000000000000000000e+00
0.000000000000000000e+00
0.000000000000000000e+00
0.000000000000000000e+00
2.075231447815895081e-02
1.523621752858161926e-02
1.099460572004318237e-02
0.000000000000000000e+00
0.000000000000000000e+00
0.000000000000000000e+00
0.000000000000000000e+00
0.000000000000000000e+00
0.000000000000000000e+00
0.000000000000000000e+00
0.000000000000000000e+00
0.000000000000000000e+00
0.000000000000000000e+00
0.000000000000000000e+00
0.000000000000000000e+00
0.000000000000000000e+00
0.000000000000000000e+00
0.000000000000000000e+00
0.000000000000000000e+00
0.000000000000000000e+00
0.000000000000000000e+00
0.000000000000000000e+00
0.000000000000000000e+00
0.000000000000000000e+00
0.000000000000000000e+00
0.000000000000000000e+00
0.000000000000000000e+00
0.000000000000000000e+00
0.000000000000000000e+00
0.000000000000000000e+00
0.000000000000000000e+00
