-1.555441468954086304e-01
-1.098790913820266724e-01
-7.047356665134429932e-02
-2.067265287041664124e-02
3.522977605462074280e-02
1.056381464004516602e-01
1.752268373966217041e-01
2.303719818592071533e-01
2.773591279983520508e-01
3.102358877658843994e-01
3.042313456535339355e-01
-9.999000000000000000e+03
-9.999000000000000000e+03
-9.999000000000000000e+03
-9.999000000000000000e+03
-9.999000000000000000e+03
-9.999000000000000000e+03
-9.999000000000000000e+03
-9.999000000000000000e+03
-9.999000000000000000e+03
-9.999000000000000000e+03
-9.999000000000000000e+03
-9.999000000000000000e+03
9.979788213968276978e-03
-7.676098961383104324e-03
7.863804697990417480e-03
2.975732833147048950e-02
2.385840564966201782e-02
3.044563904404640198e-02
2.590459398925304413e-02
4.657513648271560669e-02
-1.405095905065536499e-01
-1.014647334814071655e-01
-5.896588042378425598e-02
-1.036327145993709564e-02
5.434074625372886658e-02
1.353679746389389038e-01
1.982940137386322021e-01
2.441229373216629028e-01
2.732943296432495117e-01
3.020072877407073975e-01
3.053327500820159912e-01
1.836496442556381226e-01
-9.999000000000000000e+03
-9.999000000000000000e+03
-9.999000000000000000e+03
-9.999000000000000000e+03
-9.999000000000000000e+03
-9.999000000000000000e+03
-9.999000000000000000e+03
-9.999000000000000000e+03
-9.999000000000000000e+03
4.556840285658836365e-03
5.663092713803052902e-03
2.690858906134963036e-03
-1.813598163425922394e-02
-8.004013448953628540e-03
-9.060513228178024292e-03
-7.420090259984135628e-04
6.002598442137241364e-03
1.982965506613254547e-02
3.743128105998039246e-02
-1.470440328121185303e-01
-9.243940562009811401e-02
-4.289146140217781067e-02
1.873569190502166748e-02
8.082664757966995239e-02
1.418382674455642700e-01
1.934168040752410889e-01
2.360835969448089600e-01
2.568586766719818115e-01
2.864376902580261230e-01
2.850887477397918701e-01
2.000523060560226440e-01
-9.999000000000000000e+03
-9.999000000000000000e+03
-9.999000000000000000e+03
-9.999000000000000000e+03
-9.999000000000000000e+03
-9.999000000000000000e+03
-9.999000000000000000e+03
-1.415926776826381683e-02
-1.847987587098032236e-04
8.805814199149608612e-03
4.201636649668216705e-03
-1.225682441145181656e-03
-3.208361566066741943e-03
3.254691837355494499e-04
-7.107091601938009262e-03
-1.295666210353374481e-02
-1.203041523694992065e-02
-7.179751992225646973e-04
1.146899256855249405e-02
-1.305980682373046875e-01
-8.813451230525970459e-02
-4.981749504804611206e-02
1.305898185819387436e-02
9.179690480232238770e-02
1.475508958101272583e-01
1.847116202116012573e-01
2.182210981845855713e-01
2.383961677551269531e-01
2.625243365764617920e-01
2.691332101821899414e-01
2.173948138952255249e-01
1.189216449856758118e-01
-9.999000000000000000e+03
-9.999000000000000000e+03
-9.999000000000000000e+03
-4.239396378397941589e-02
-4.969115182757377625e-02
-4.121720790863037109e-02
-1.329416316002607346e-02
8.397610858082771301e-03
1.641351357102394104e-02
2.565191313624382019e-02
1.942611671984195709e-02
1.201228518038988113e-02
4.991870839148759842e-03
-1.380568463355302811e-02
-3.880732506513595581e-02
-5.204918235540390015e-02
-4.142741858959197998e-02
-2.605531737208366394e-02
-1.181527599692344666e-01
-6.727887690067291260e-02
-1.717078872025012970e-02
3.441242873668670654e-02
8.705753833055496216e-02
1.295960098505020142e-01
1.644358932971954346e-01
1.994925439357757568e-01
2.154909521341323853e-01
2.178386747837066650e-01
2.045429348945617676e-01
1.508029997348785400e-01
9.006877988576889038e-02
3.714076057076454163e-02
-3.086295910179615021e-02
-5.692311003804206848e-02
-5.995735898613929749e-02
-5.047816410660743713e-02
-3.360339626669883728e-02
4.496514156926423311e-04
3.375772759318351746e-02
4.728784039616584778e-02
6.470163166522979736e-02
4.241019114851951599e-02
1.643751934170722961e-02
-1.977995969355106354e-02
-4.535501077771186829e-02
-7.430002093315124512e-02
-8.945229649543762207e-02
-7.425586134195327759e-02
-5.292344838380813599e-02
-9.207229316234588623e-02
-5.167059972882270813e-02
-5.284536164253950119e-03
5.478773638606071472e-02
9.766009449958801270e-02
1.294153481721878052e-01
1.456233412027359009e-01
1.695180684328079224e-01
1.798053532838821411e-01
1.792675554752349854e-01
1.421524733304977417e-01
8.085197955369949341e-02
4.289421439170837402e-02
3.521010978147387505e-03
-2.194616384804248810e-02
-4.082584008574485779e-02
-3.542771935462951660e-02
-9.163752198219299316e-03
1.297792326658964157e-02
6.546214967966079712e-02
8.769280463457107544e-02
8.767241239547729492e-02
7.292465865612030029e-02
4.250773414969444275e-02
-6.495717447251081467e-03
-5.757679790258407593e-02
-8.757651597261428833e-02
-1.141317412257194519e-01
-1.222284436225891113e-01
-1.057077497243881226e-01
-8.554864674806594849e-02
-5.774768814444541931e-02
-1.059025712311267853e-02
3.757363185286521912e-02
8.029726147651672363e-02
1.041347384452819824e-01
1.257236003875732422e-01
1.365708261728286743e-01
1.531335264444351196e-01
1.566407680511474609e-01
1.327048838138580322e-01
9.977571666240692139e-02
5.823694914579391479e-02
3.180884569883346558e-02
7.846611551940441132e-03
9.092182852327823639e-03
8.912579156458377838e-03
2.626827731728553772e-02
4.921056702733039856e-02
6.173948571085929871e-02
1.024131849408149719e-01
1.044224500656127930e-01
8.419913798570632935e-02
4.125701263546943665e-02
1.155144721269607544e-02
-3.115703724324703217e-02
-7.098741829395294189e-02
-1.121985092759132385e-01
-1.464331150054931641e-01
-1.557771861553192139e-01
-1.316664367914199829e-01
-1.125317886471748352e-01
-2.569400146603584290e-02
4.869583062827587128e-03
6.269136816263198853e-02
9.638752788305282593e-02
1.134071722626686096e-01
1.316522955894470215e-01
1.437197774648666382e-01
1.473068892955780029e-01
1.470609158277511597e-01
9.979756176471710205e-02
5.730751529335975647e-02
2.074464224278926849e-02
2.410240285098552704e-02
3.168034926056861877e-02
4.788247868418693542e-02
5.541984736919403076e-02
7.654442638158798218e-02
8.923351019620895386e-02
9.539762884378433228e-02
9.654383361339569092e-02
9.106802195310592651e-02
7.706048339605331421e-02
4.867687821388244629e-02
5.735399201512336731e-03
-4.903057217597961426e-02
-1.040125191211700439e-01
-1.483121812343597412e-01
-1.843534708023071289e-01
-1.951994001865386963e-01
-1.656364053487777710e-01
-1.362782716751098633e-01
8.812732994556427002e-03
2.924495935440063477e-02
5.643290653824806213e-02
7.153914123773574829e-02
9.620442986488342285e-02
1.258256882429122925e-01
1.465682536363601685e-01
1.329073309898376465e-01
1.033013686537742615e-01
5.982337892055511475e-02
3.041724115610122681e-02
1.253934111446142197e-02
3.889228031039237976e-02
6.598485261201858521e-02
8.900012075901031494e-02
9.274312108755111694e-02
9.606610238552093506e-02
8.693601936101913452e-02
7.993984967470169067e-02
7.691991329193115234e-02
7.104471325874328613e-02
6.895047426223754883e-02
4.452282562851905823e-02
1.838056184351444244e-02
-1.492688711732625961e-02
-9.753657877445220947e-02
-1.595255136489868164e-01
-2.172938436269760132e-01
-2.209369689226150513e-01
-1.909166127443313599e-01
-1.422089338302612305e-01
1.114461198449134827e-02
3.137978911399841309e-02
4.653245210647583008e-02
4.525775834918022156e-02
7.721804827451705933e-02
1.134603023529052734e-01
1.251186430454254150e-01
1.118825152516365051e-01
7.904749363660812378e-02
3.636226803064346313e-02
2.231604233384132385e-02
4.556328803300857544e-02
6.670619547367095947e-02
8.299781382083892822e-02
9.666206687688827515e-02
1.030058562755584717e-01
9.209163486957550049e-02
4.935855045914649963e-02
3.995766490697860718e-02
2.621801756322383881e-02
4.379301890730857849e-02
-9.999000000000000000e+03
-9.999000000000000000e+03
-9.999000000000000000e+03
-9.999000000000000000e+03
-9.999000000000000000e+03
-9.999000000000000000e+03
-1.626702547073364258e-01
-2.101628780364990234e-01
-1.969263106584548950e-01
-1.412704735994338989e-01
-6.633698008954524994e-03
1.147920452058315277e-02
2.324645407497882843e-02
2.992017008364200592e-02
6.669601798057556152e-02
9.623516350984573364e-02
1.006608232855796814e-01
8.900284767150878906e-02
5.811305344104766846e-02
3.994288295507431030e-02
4.122598096728324890e-02
8.660665154457092285e-02
8.137673139572143555e-02
8.740470558404922485e-02
8.515963703393936157e-02
8.485089987516403198e-02
9.314548224210739136e-02
-9.999000000000000000e+03
-9.999000000000000000e+03
-9.999000000000000000e+03
-9.999000000000000000e+03
-9.999000000000000000e+03
-9.999000000000000000e+03
-9.999000000000000000e+03
-9.999000000000000000e+03
-9.999000000000000000e+03
-9.999000000000000000e+03
-1.245077103376388550e-01
-1.768904775381088257e-01
-1.911976933479309082e-01
-1.499216407537460327e-01
-3.266672790050506592e-02
-1.509199663996696472e-02
2.230830490589141846e-03
3.136450797319412231e-02
4.958429560065269470e-02
6.562991440296173096e-02
8.150604367256164551e-02
7.394106686115264893e-02
4.698491469025611877e-02
7.791663706302642822e-02
8.801500499248504639e-02
9.085812419652938843e-02
8.113525062799453735e-02
7.718190550804138184e-02
4.279172047972679138e-02
4.802331700921058655e-02
-9.999000000000000000e+03
-9.999000000000000000e+03
-9.999000000000000000e+03
-9.999000000000000000e+03
-9.999000000000000000e+03
-9.999000000000000000e+03
-9.999000000000000000e+03
-9.999000000000000000e+03
-9.999000000000000000e+03
-9.999000000000000000e+03
-9.999000000000000000e+03
-9.999000000000000000e+03
-1.049288511276245117e-01
-1.515017449855804443e-01
-1.065064668655395508e-01
-6.620751321315765381e-02
-6.317241489887237549e-02
-3.053711354732513428e-02
1.637331396341323853e-02
3.962495177984237671e-02
6.807702034711837769e-02
5.627536028623580933e-02
6.376203149557113647e-02
7.856404781341552734e-02
1.084968373179435730e-01
1.102875918149948120e-01
8.630390465259552002e-02
6.083405390381813049e-02
6.904406100511550903e-02
-9.999000000000000000e+03
-9.999000000000000000e+03
-9.999000000000000000e+03
-9.999000000000000000e+03
-9.999000000000000000e+03
-9.999000000000000000e+03
-9.999000000000000000e+03
-9.999000000000000000e+03
-9.999000000000000000e+03
-9.999000000000000000e+03
-9.999000000000000000e+03
-9.999000000000000000e+03
-9.999000000000000000e+03
-9.999000000000000000e+03
-9.999000000000000000e+03
-9.964545816183090210e-02
-7.892445474863052368e-02
-9.999000000000000000e+03
-7.816031575202941895e-02
-5.852614715695381165e-02
-1.940029859542846680e-02
2.485415339469909668e-02
5.573884770274162292e-02
4.732057079672813416e-02
8.381717652082443237e-02
1.251804679632186890e-01
1.244272068142890930e-01
1.087601035833358765e-01
8.909045904874801636e-02
4.929938167333602905e-02
-9.999000000000000000e+03
-9.999000000000000000e+03
-9.999000000000000000e+03
-9.999000000000000000e+03
-9.999000000000000000e+03
-9.999000000000000000e+03
-9.999000000000000000e+03
-9.999000000000000000e+03
-9.999000000000000000e+03
-9.999000000000000000e+03
-9.999000000000000000e+03
-9.999000000000000000e+03
-9.999000000000000000e+03
-9.999000000000000000e+03
-9.999000000000000000e+03
-9.999000000000000000e+03
-3.095889836549758911e-02
-1.639918610453605652e-02
-9.999000000000000000e+03
-9.999000000000000000e+03
-8.520565927028656006e-02
-4.604766517877578735e-02
5.401106085628271103e-03
4.065483063459396362e-02
7.222061604261398315e-02
1.005114242434501648e-01
1.257248222827911377e-01
1.188136190176010132e-01
8.593253791332244873e-02
3.576208651065826416e-02
-9.999000000000000000e+03
-9.999000000000000000e+03
-9.999000000000000000e+03
-9.999000000000000000e+03
-9.999000000000000000e+03
-9.999000000000000000e+03
-9.999000000000000000e+03
-9.999000000000000000e+03
-9.999000000000000000e+03
-9.999000000000000000e+03
-9.999000000000000000e+03
-9.999000000000000000e+03
-9.999000000000000000e+03
-9.999000000000000000e+03
-9.999000000000000000e+03
-9.999000000000000000e+03
-9.999000000000000000e+03
-1.212952658534049988e-03
2.762971073389053345e-02
-9.999000000000000000e+03
-9.999000000000000000e+03
-6.001590192317962646e-02
-4.742848873138427734e-02
-8.848089724779129028e-03
3.726958855986595154e-02
9.023942053318023682e-02
1.000993996858596802e-01
1.034504622220993042e-01
9.127409756183624268e-02
8.145732432603836060e-02
7.064373791217803955e-02
-9.999000000000000000e+03
-9.999000000000000000e+03
-9.999000000000000000e+03
-9.999000000000000000e+03
-9.999000000000000000e+03
-9.999000000000000000e+03
-9.999000000000000000e+03
-9.999000000000000000e+03
-9.999000000000000000e+03
-9.999000000000000000e+03
-9.999000000000000000e+03
-9.999000000000000000e+03
-9.999000000000000000e+03
-9.999000000000000000e+03
-9.999000000000000000e+03
-9.999000000000000000e+03
-9.999000000000000000e+03
-9.999000000000000000e+03
-9.999000000000000000e+03
-9.999000000000000000e+03
-9.999000000000000000e+03
-3.842530027031898499e-02
-3.755096718668937683e-02
-1.419011596590280533e-02
3.566100075840950012e-02
7.783809304237365723e-02
9.120488166809082031e-02
8.513791859149932861e-02
7.604238390922546387e-02
8.172357827425003052e-02
6.832250952720642090e-02
-9.999000000000000000e+03
-9.999000000000000000e+03
-9.999000000000000000e+03
-9.999000000000000000e+03
-9.999000000000000000e+03
-9.999000000000000000e+03
-9.999000000000000000e+03
-9.999000000000000000e+03
-9.999000000000000000e+03
-9.999000000000000000e+03
-9.999000000000000000e+03
-9.999000000000000000e+03
-9.999000000000000000e+03
-9.999000000000000000e+03
-9.999000000000000000e+03
-9.999000000000000000e+03
-9.999000000000000000e+03
-9.999000000000000000e+03
-9.999000000000000000e+03
-9.999000000000000000e+03
-9.999000000000000000e+03
-9.999000000000000000e+03
-2.662526071071624756e-02
-1.973646506667137146e-02
3.546493127942085266e-02
8.276438713073730469e-02
7.522685080766677856e-02
8.869351446628570557e-02
1.054256707429885864e-01
8.292806148529052734e-02
-9.999000000000000000e+03
-9.999000000000000000e+03
-9.999000000000000000e+03
-9.999000000000000000e+03
-9.999000000000000000e+03
-9.999000000000000000e+03
-9.999000000000000000e+03
-9.999000000000000000e+03
-9.999000000000000000e+03
-9.999000000000000000e+03
-9.999000000000000000e+03
-9.999000000000000000e+03
-9.999000000000000000e+03
-9.999000000000000000e+03
-9.999000000000000000e+03
-9.999000000000000000e+03
-9.999000000000000000e+03
-9.999000000000000000e+03
-9.999000000000000000e+03
-9.999000000000000000e+03
-9.999000000000000000e+03
-9.999000000000000000e+03
-9.999000000000000000e+03
-1.363086700439453125e-02
-2.773504238575696945e-03
2.636304125189781189e-02
4.246317222714424133e-02
5.627946555614471436e-02
1.008764281868934631e-01
1.181095093488693237e-01
8.385344594717025757e-02
4.965692386031150818e-02
-9.999000000000000000e+03
-9.999000000000000000e+03
-9.999000000000000000e+03
-9.999000000000000000e+03
-9.999000000000000000e+03
-9.999000000000000000e+03
-9.999000000000000000e+03
-9.999000000000000000e+03
-9.999000000000000000e+03
-9.999000000000000000e+03
-9.999000000000000000e+03
-9.999000000000000000e+03
-9.999000000000000000e+03
-9.999000000000000000e+03
-9.999000000000000000e+03
-9.999000000000000000e+03
-9.999000000000000000e+03
-9.999000000000000000e+03
-9.999000000000000000e+03
-9.999000000000000000e+03
-9.999000000000000000e+03
-9.999000000000000000e+03
-9.999000000000000000e+03
2.992582740262150764e-03
2.839178778231143951e-02
2.876414544880390167e-02
5.772447958588600159e-02
7.458868622779846191e-02
4.142189770936965942e-02
4.529541730880737305e-02
5.555048212409019470e-02
-9.999000000000000000e+03
-9.999000000000000000e+03
-9.999000000000000000e+03
-9.999000000000000000e+03
-9.999000000000000000e+03
-9.999000000000000000e+03
-9.999000000000000000e+03
-9.999000000000000000e+03
-9.999000000000000000e+03
-9.999000000000000000e+03
-9.999000000000000000e+03
-9.999000000000000000e+03
-9.999000000000000000e+03
-9.999000000000000000e+03
-9.999000000000000000e+03
-9.999000000000000000e+03
-9.999000000000000000e+03
-9.999000000000000000e+03
-9.999000000000000000e+03
-9.999000000000000000e+03
-9.999000000000000000e+03
-9.999000000000000000e+03
-9.999000000000000000e+03
2.025228925049304962e-02
1.757589913904666901e-02
1.767914555966854095e-02
4.616908729076385498e-02
-1.014952547848224640e-02
-7.923182100057601929e-02
-6.167894601821899414e-02
2.238724147900938988e-03
5.894809216260910034e-02
-9.999000000000000000e+03
-9.999000000000000000e+03
-9.999000000000000000e+03
-9.999000000000000000e+03
-9.999000000000000000e+03
-9.999000000000000000e+03
-9.999000000000000000e+03
-9.999000000000000000e+03
-9.999000000000000000e+03
-9.999000000000000000e+03
-9.999000000000000000e+03
-9.999000000000000000e+03
-9.999000000000000000e+03
-9.999000000000000000e+03
-9.999000000000000000e+03
-9.999000000000000000e+03
-9.999000000000000000e+03
-9.999000000000000000e+03
-9.999000000000000000e+03
-9.999000000000000000e+03
-9.999000000000000000e+03
-9.999000000000000000e+03
6.839896738529205322e-02
5.112483352422714233e-02
5.643909797072410583e-02
4.088320955634117126e-02
-5.751284305006265640e-03
-7.427475601434707642e-02
-6.989988684654235840e-02
6.983656203374266624e-04
7.211969047784805298e-02
5.909971520304679871e-02
2.600129134953022003e-02
1.708166860044002533e-02
1.788509078323841095e-02
-9.999000000000000000e+03
-9.999000000000000000e+03
-9.999000000000000000e+03
-9.999000000000000000e+03
-9.999000000000000000e+03
-9.999000000000000000e+03
-9.999000000000000000e+03
-9.999000000000000000e+03
-9.999000000000000000e+03
-9.999000000000000000e+03
-9.999000000000000000e+03
-9.999000000000000000e+03
-9.999000000000000000e+03
-9.999000000000000000e+03
-9.999000000000000000e+03
-9.999000000000000000e+03
-9.999000000000000000e+03
7.981690019369125366e-02
8.632101118564605713e-02
8.289872109889984131e-02
6.518915295600891113e-02
3.459418565034866333e-02
-9.701688773930072784e-03
-2.739512920379638672e-02
-3.227526694536209106e-02
-1.203257776796817780e-02
2.223375625908374786e-02
4.526222497224807739e-02
4.982938989996910095e-02
2.345295436680316925e-02
1.822365820407867432e-02
-9.999000000000000000e+03
-9.999000000000000000e+03
-9.999000000000000000e+03
-9.999000000000000000e+03
-9.999000000000000000e+03
-9.999000000000000000e+03
-9.999000000000000000e+03
-9.999000000000000000e+03
-9.999000000000000000e+03
-9.999000000000000000e+03
-9.999000000000000000e+03
-9.999000000000000000e+03
-9.999000000000000000e+03
-9.999000000000000000e+03
-9.999000000000000000e+03
7.244970649480819702e-02
7.957375049591064453e-02
8.143755793571472168e-02
8.432254940271377563e-02
7.621087133884429932e-02
5.310574173927307129e-02
2.566814050078392029e-02
3.066912991926074028e-03
-1.131912041455507278e-02
-2.980585023760795593e-02
-3.824141621589660645e-02
-5.976627115160226822e-03
5.925442278385162354e-02
8.067500591278076172e-02
-9.999000000000000000e+03
-9.999000000000000000e+03
-9.999000000000000000e+03
-9.999000000000000000e+03
-9.999000000000000000e+03
-9.999000000000000000e+03
-9.999000000000000000e+03
-9.999000000000000000e+03
-9.999000000000000000e+03
-9.999000000000000000e+03
-9.999000000000000000e+03
-9.999000000000000000e+03
-9.999000000000000000e+03
-9.999000000000000000e+03
-9.999000000000000000e+03
-9.999000000000000000e+03
1.751509681344032288e-02
7.065306603908538818e-02
1.087640598416328430e-01
9.767969697713851929e-02
7.720553874969482422e-02
5.188521742820739746e-02
2.083177678287029266e-02
1.464834995567798615e-02
2.067414857447147369e-02
1.653715595602989197e-02
-1.351322233676910400e-02
-4.632570222020149231e-02
-3.548327460885047913e-02
7.840500771999359131e-02
-9.999000000000000000e+03
-9.999000000000000000e+03
-9.999000000000000000e+03
-9.999000000000000000e+03
-9.999000000000000000e+03
-9.999000000000000000e+03
-9.999000000000000000e+03
-9.999000000000000000e+03
-9.999000000000000000e+03
-9.999000000000000000e+03
-9.999000000000000000e+03
-9.999000000000000000e+03
-9.999000000000000000e+03
-9.999000000000000000e+03
-9.999000000000000000e+03
-9.999000000000000000e+03
-9.999000000000000000e+03
4.352982342243194580e-02
7.421787083148956299e-02
1.189821660518646240e-01
9.707904607057571411e-02
5.109709501266479492e-02
2.355163358151912689e-02
1.993158832192420959e-03
3.023349214345216751e-03
3.207649290561676025e-02
3.809968009591102600e-02
1.041953824460506439e-02
-2.054777368903160095e-02
-2.200434450060129166e-03
5.391278862953186035e-02
-9.999000000000000000e+03
-9.999000000000000000e+03
-9.999000000000000000e+03
-9.999000000000000000e+03
-9.999000000000000000e+03
-9.999000000000000000e+03
-9.999000000000000000e+03
-9.999000000000000000e+03
-9.999000000000000000e+03
-9.999000000000000000e+03
-9.999000000000000000e+03
-9.999000000000000000e+03
-9.999000000000000000e+03
-9.999000000000000000e+03
-9.999000000000000000e+03
-9.999000000000000000e+03
-9.999000000000000000e+03
5.464274808764457703e-02
9.480418264865875244e-02
1.086640059947967529e-01
8.433875441551208496e-02
3.248740732669830322e-02
-1.223247032612562180e-03
-2.728787995874881744e-02
-2.981115132570266724e-02
-6.470253691077232361e-03
4.897305741906166077e-03
3.237785771489143372e-03
-1.753289066255092621e-02
4.842816852033138275e-03
-9.999000000000000000e+03
-9.999000000000000000e+03
-9.999000000000000000e+03
-9.999000000000000000e+03
-9.999000000000000000e+03
-9.999000000000000000e+03
-9.999000000000000000e+03
-9.999000000000000000e+03
-9.999000000000000000e+03
-9.999000000000000000e+03
-9.999000000000000000e+03
-9.999000000000000000e+03
-9.999000000000000000e+03
-9.999000000000000000e+03
-9.999000000000000000e+03
-9.999000000000000000e+03
-9.999000000000000000e+03
-9.999000000000000000e+03
7.264775782823562622e-02
1.048014983534812927e-01
8.586853742599487305e-02
5.102441459894180298e-02
2.772677224129438400e-03
-3.104935027658939362e-02
-5.697783455252647400e-02
-4.941095784306526184e-02
-2.421082183718681335e-02
2.493928931653499603e-02
1.427072379738092422e-02
-7.188497693277895451e-04
-9.999000000000000000e+03
-9.999000000000000000e+03
-9.999000000000000000e+03
-9.999000000000000000e+03
-9.999000000000000000e+03
-9.999000000000000000e+03
-9.999000000000000000e+03
-9.999000000000000000e+03
-9.999000000000000000e+03
-9.999000000000000000e+03
-9.999000000000000000e+03
-9.999000000000000000e+03
-9.999000000000000000e+03
-9.999000000000000000e+03
-9.999000000000000000e+03
-9.999000000000000000e+03
-9.999000000000000000e+03
-9.999000000000000000e+03
-9.999000000000000000e+03
7.426760345697402954e-02
8.595880866050720215e-02
6.903848052024841309e-02
3.566776961088180542e-02
-5.119722709059715271e-02
-4.886207729578018188e-02
-2.435381896793842316e-02
-8.117592893540859222e-03
-2.115204930305480957e-03
1.239319797605276108e-02
-9.999000000000000000e+03
-9.999000000000000000e+03
-9.999000000000000000e+03
-9.999000000000000000e+03
-9.999000000000000000e+03
-9.999000000000000000e+03
-9.999000000000000000e+03
-9.999000000000000000e+03
-9.999000000000000000e+03
-9.999000000000000000e+03
-9.999000000000000000e+03
-9.999000000000000000e+03
-9.999000000000000000e+03
-9.999000000000000000e+03
-9.999000000000000000e+03
-9.999000000000000000e+03
-9.999000000000000000e+03
-9.999000000000000000e+03
-9.999000000000000000e+03
-9.999000000000000000e+03
-9.999000000000000000e+03
4.798019677400588989e-02
5.186612531542778015e-02
2.460301481187343597e-02
-9.480118751525878906e-03
-3.081100806593894958e-02
-2.670445293188095093e-02
-9.999000000000000000e+03
-9.999000000000000000e+03
-9.999000000000000000e+03
-9.999000000000000000e+03
-9.999000000000000000e+03
-9.999000000000000000e+03
-9.999000000000000000e+03
-9.999000000000000000e+03
-9.999000000000000000e+03
-9.999000000000000000e+03
-9.999000000000000000e+03
-9.999000000000000000e+03
-9.999000000000000000e+03
-9.999000000000000000e+03
-9.999000000000000000e+03
-9.999000000000000000e+03
-9.999000000000000000e+03
-9.999000000000000000e+03
-9.999000000000000000e+03
-9.999000000000000000e+03
-9.999000000000000000e+03
-9.999000000000000000e+03
-9.999000000000000000e+03
-9.999000000000000000e+03
-9.999000000000000000e+03
2.364740706980228424e-03
1.770907454192638397e-02
9.903924539685249329e-03
-9.999000000000000000e+03
-9.999000000000000000e+03
-9.999000000000000000e+03
-9.999000000000000000e+03
-9.999000000000000000e+03
-9.999000000000000000e+03
-9.999000000000000000e+03
-9.999000000000000000e+03
-9.999000000000000000e+03
-9.999000000000000000e+03
-9.999000000000000000e+03
-9.999000000000000000e+03
-9.999000000000000000e+03
-9.999000000000000000e+03
-9.999000000000000000e+03
-9.999000000000000000e+03
-9.999000000000000000e+03
-9.999000000000000000e+03
-9.999000000000000000e+03
-9.999000000000000000e+03
-9.999000000000000000e+03
-9.999000000000000000e+03
-9.999000000000000000e+03
-9.999000000000000000e+03
-9.999000000000000000e+03
-9.999000000000000000e+03
-9.999000000000000000e+03
-9.999000000000000000e+03
