1.083975434303283691e-01
1.179452165961265564e-01
1.059289798140525818e-01
9.354530274868011475e-02
1.129208654165267944e-01
9.230934083461761475e-02
7.806344330310821533e-02
7.383442670106887817e-02
6.702503561973571777e-02
6.712635606527328491e-02
3.953461535274982452e-03
-9.999000000000000000e+03
-9.999000000000000000e+03
-9.999000000000000000e+03
-9.999000000000000000e+03
-9.999000000000000000e+03
-9.999000000000000000e+03
-9.999000000000000000e+03
-9.999000000000000000e+03
-9.999000000000000000e+03
-9.999000000000000000e+03
-9.999000000000000000e+03
-9.999000000000000000e+03
2.559467777609825134e-02
7.980861514806747437e-02
9.921399503946304321e-02
1.298040300607681274e-01
1.639830470085144043e-01
1.721158027648925781e-01
1.807905435562133789e-01
1.778346300125122070e-01
5.397871881723403931e-02
5.501689761877059937e-02
3.987934812903404236e-02
2.565813437104225159e-02
4.313129186630249023e-02
2.201861888170242310e-02
1.280121598392724991e-02
2.462044917047023773e-02
2.722616307437419891e-02
4.616264253854751587e-02
5.375276133418083191e-02
4.420666024088859558e-02
-9.999000000000000000e+03
-9.999000000000000000e+03
-9.999000000000000000e+03
-9.999000000000000000e+03
-9.999000000000000000e+03
-9.999000000000000000e+03
-9.999000000000000000e+03
-9.999000000000000000e+03
-9.999000000000000000e+03
5.805400386452674866e-02
7.866947352886199951e-02
7.776699960231781006e-02
1.241241320967674255e-01
1.328669041395187378e-01
1.426977664232254028e-01
1.481538116931915283e-01
1.529083400964736938e-01
1.644579768180847168e-01
1.730630397796630859e-01
1.302862353622913361e-02
1.738393679261207581e-03
-2.520258538424968719e-02
-4.735020175576210022e-02
-3.570043668150901794e-02
-4.162083938717842102e-02
-3.645776957273483276e-02
-2.142605744302272797e-02
-1.543951313942670822e-02
1.360762957483530045e-02
3.900390490889549255e-02
4.429911449551582336e-02
-9.999000000000000000e+03
-9.999000000000000000e+03
-9.999000000000000000e+03
-9.999000000000000000e+03
-9.999000000000000000e+03
-9.999000000000000000e+03
-9.999000000000000000e+03
1.155489012598991394e-01
1.080755442380905151e-01
1.216694638133049011e-01
1.142893955111503601e-01
1.103627011179924011e-01
1.075537875294685364e-01
1.018839552998542786e-01
1.155635342001914978e-01
1.082428470253944397e-01
1.184180900454521179e-01
1.467349529266357422e-01
1.619631946086883545e-01
-2.313639037311077118e-02
-3.558859601616859436e-02
-5.824889615178108215e-02
-8.589589595794677734e-02
-9.186954796314239502e-02
-8.972217142581939697e-02
-8.442398160696029663e-02
-6.783476471900939941e-02
-5.301406607031822205e-02
-1.584207266569137573e-02
1.132886484265327454e-02
6.018653884530067444e-02
8.972024172544479370e-02
-9.999000000000000000e+03
-9.999000000000000000e+03
-9.999000000000000000e+03
8.118166774511337280e-02
1.207259595394134521e-01
1.639473289251327515e-01
1.503321975469589233e-01
1.255207061767578125e-01
1.028008311986923218e-01
5.897720530629158020e-02
5.553975328803062439e-02
3.002942726016044617e-02
-3.811314934864640236e-03
3.235049918293952942e-02
3.825757279992103577e-02
6.869948655366897583e-02
1.063877716660499573e-01
1.287679523229598999e-01
-5.082619935274124146e-02
-6.719061732292175293e-02
-9.245413541793823242e-02
-1.109816506505012512e-01
-1.152655482292175293e-01
-1.105517670512199402e-01
-1.023967862129211426e-01
-9.445019811391830444e-02
-7.125223428010940552e-02
-3.979530557990074158e-02
-1.043869724526302889e-05
4.142194241285324097e-02
9.178273379802703857e-02
9.391550719738006592e-02
8.320695161819458008e-02
9.489871561527252197e-02
9.957894682884216309e-02
9.762565791606903076e-02
1.032598391175270081e-01
6.928429752588272095e-02
4.302243888378143311e-02
-1.121745072305202484e-02
-8.444472402334213257e-02
-7.208837568759918213e-02
-8.823439478874206543e-02
-7.766371965408325195e-02
-4.216929152607917786e-02
-1.023729331791400909e-02
3.719735145568847656e-02
8.352613449096679688e-02
1.088999360799789429e-01
-6.879708915948867798e-02
-8.000613003969192505e-02
-1.013577356934547424e-01
-1.180406212806701660e-01
-1.203513965010643005e-01
-1.117136627435684204e-01
-1.013855934143066406e-01
-8.613549917936325073e-02
-6.900356709957122803e-02
-4.787745699286460876e-02
-7.700723130255937576e-03
3.611275926232337952e-02
6.405210494995117188e-02
7.322671264410018921e-02
6.282325088977813721e-02
6.425220519304275513e-02
4.289006069302558899e-02
4.719109740108251572e-03
-2.180034480988979340e-02
-9.299206733703613281e-02
-1.232742667198181152e-01
-1.416167765855789185e-01
-1.690318435430526733e-01
-1.437652558088302612e-01
-1.122595667839050293e-01
-7.973832637071609497e-02
-5.161162838339805603e-02
-2.109624259173870087e-02
1.497410889714956284e-02
5.243173986673355103e-02
7.467066496610641479e-02
-8.963824808597564697e-02
-9.364398568868637085e-02
-1.126329377293586731e-01
-1.239407956600189209e-01
-1.193619892001152039e-01
-1.092324629426002502e-01
-9.989039599895477295e-02
-8.370041102170944214e-02
-7.537413388490676880e-02
-4.540515691041946411e-02
-2.510387217625975609e-03
3.336540982127189636e-02
5.466781929135322571e-02
5.155839398503303528e-02
6.762684322893619537e-03
-1.437044516205787659e-02
-4.761046543717384338e-02
-8.366136252880096436e-02
-1.054365709424018860e-01
-1.646026074886322021e-01
-1.932177990674972534e-01
-2.050269842147827148e-01
-1.868606805801391602e-01
-1.599360257387161255e-01
-1.279631853103637695e-01
-1.089432761073112488e-01
-6.958381086587905884e-02
-4.494538903236389160e-02
-1.804732531309127808e-02
2.139783836901187897e-02
3.502085804939270020e-02
-9.622770547866821289e-02
-9.780565649271011353e-02
-1.121411472558975220e-01
-1.277077943086624146e-01
-1.107531487941741943e-01
-9.707713872194290161e-02
-9.370361268520355225e-02
-9.003183245658874512e-02
-7.893095165491104126e-02
-4.249438643455505371e-02
1.949972705915570259e-03
2.225691266357898712e-02
1.958052441477775574e-02
-5.689411889761686325e-03
-5.355097353458404541e-02
-7.732640206813812256e-02
-1.124301850795745850e-01
-1.405276507139205933e-01
-1.609082669019699097e-01
-1.784885972738265991e-01
-1.875814795494079590e-01
-1.923017203807830811e-01
-1.794033497571945190e-01
-1.639956980943679810e-01
-1.637412607669830322e-01
-1.706585735082626343e-01
-1.247935891151428223e-01
-9.737429767847061157e-02
-6.749691814184188843e-02
-2.405857853591442108e-02
-1.460474915802478790e-02
-9.487494826316833496e-02
-9.598480910062789917e-02
-1.084074154496192932e-01
-1.084012761712074280e-01
-9.887129068374633789e-02
-8.206364512443542480e-02
-8.094726502895355225e-02
-7.212489843368530273e-02
-5.412477627396583557e-02
-3.401938453316688538e-02
-1.303923036903142929e-02
-4.590227734297513962e-03
-3.792726248502731323e-02
-8.758179098367691040e-02
-1.210851818323135376e-01
-1.290768533945083618e-01
-1.416951715946197510e-01
-1.444336622953414917e-01
-1.536188423633575439e-01
-1.590198725461959839e-01
-1.562658250331878662e-01
-1.561746895313262939e-01
-1.258906275033950806e-01
-1.306513249874114990e-01
-1.038704514503479004e-01
-1.432120054960250854e-01
-1.350746750831604004e-01
-1.312814354896545410e-01
-1.116278097033500671e-01
-8.513003587722778320e-02
-8.915098756551742554e-02
-9.897789359092712402e-02
-8.255682140588760376e-02
-8.177137374877929688e-02
-7.082556188106536865e-02
-6.622754782438278198e-02
-6.043590232729911804e-02
-5.195245891809463501e-02
-5.146322399377822876e-02
-4.161612689495086670e-02
-3.055078908801078796e-02
-3.029833361506462097e-02
-5.923416838049888611e-02
-9.094259142875671387e-02
-1.165145561099052429e-01
-1.311183571815490723e-01
-1.320285797119140625e-01
-1.302274167537689209e-01
-9.268802404403686523e-02
-1.212309300899505615e-01
-1.092053651809692383e-01
-1.065635979175567627e-01
-9.999000000000000000e+03
-9.999000000000000000e+03
-9.999000000000000000e+03
-9.999000000000000000e+03
-9.999000000000000000e+03
-9.999000000000000000e+03
-1.403742134571075439e-01
-1.310068964958190918e-01
-1.298127770423889160e-01
-1.504931300878524780e-01
-9.396683424711227417e-02
-7.204574346542358398e-02
-5.684522166848182678e-02
-4.315518215298652649e-02
-4.297834634780883789e-02
-3.008666448295116425e-02
-3.187651187181472778e-02
-3.331290557980537415e-02
-2.979436703026294708e-02
-3.327460214495658875e-02
-4.611414298415184021e-02
-8.878776431083679199e-02
-1.037974283099174500e-01
-1.133787110447883606e-01
-1.019847691059112549e-01
-9.022111445665359497e-02
-7.767234742641448975e-02
-9.999000000000000000e+03
-9.999000000000000000e+03
-9.999000000000000000e+03
-9.999000000000000000e+03
-9.999000000000000000e+03
-9.999000000000000000e+03
-9.999000000000000000e+03
-9.999000000000000000e+03
-9.999000000000000000e+03
-9.999000000000000000e+03
-8.757924288511276245e-02
-1.299447864294052124e-01
-1.572230309247970581e-01
-1.789351552724838257e-01
-1.282109320163726807e-01
-9.712320566177368164e-02
-6.488992273807525635e-02
-5.349314957857131958e-02
-3.907216712832450867e-02
-3.150044754147529602e-02
-3.086510300636291504e-02
-2.823165431618690491e-02
-1.643616892397403717e-02
-4.970866441726684570e-02
-7.499611377716064453e-02
-8.932147920131683350e-02
-8.682428300380706787e-02
-8.852543681859970093e-02
-4.990224912762641907e-02
-5.018732324242591858e-02
-9.999000000000000000e+03
-9.999000000000000000e+03
-9.999000000000000000e+03
-9.999000000000000000e+03
-9.999000000000000000e+03
-9.999000000000000000e+03
-9.999000000000000000e+03
-9.999000000000000000e+03
-9.999000000000000000e+03
-9.999000000000000000e+03
-9.999000000000000000e+03
-9.999000000000000000e+03
-8.742673695087432861e-02
-1.564924120903015137e-01
-2.015436440706253052e-01
-1.641285866498947144e-01
-1.305577009916305542e-01
-9.685748070478439331e-02
-8.530857414007186890e-02
-5.988247320055961609e-02
-3.951189666986465454e-02
-2.693173848092556000e-02
-3.006989508867263794e-02
-4.441285505890846252e-02
-7.184541225433349609e-02
-8.002304285764694214e-02
-7.007448375225067139e-02
-5.234277248382568359e-02
-5.781009048223495483e-02
-9.999000000000000000e+03
-9.999000000000000000e+03
-9.999000000000000000e+03
-9.999000000000000000e+03
-9.999000000000000000e+03
-9.999000000000000000e+03
-9.999000000000000000e+03
-9.999000000000000000e+03
-9.999000000000000000e+03
-9.999000000000000000e+03
-9.999000000000000000e+03
-9.999000000000000000e+03
-9.999000000000000000e+03
-9.999000000000000000e+03
-9.999000000000000000e+03
-1.300218999385833740e-01
-1.726100295782089233e-01
-9.999000000000000000e+03
-8.510695397853851318e-02
-1.100822016596794128e-01
-1.059792935848236084e-01
-8.835996687412261963e-02
-6.881805509328842163e-02
-6.198288500308990479e-02
-6.641025841236114502e-02
-9.721035510301589966e-02
-9.661749005317687988e-02
-7.875815033912658691e-02
-5.400178581476211548e-02
-4.165530204772949219e-02
-9.999000000000000000e+03
-9.999000000000000000e+03
-9.999000000000000000e+03
-9.999000000000000000e+03
-9.999000000000000000e+03
-9.999000000000000000e+03
-9.999000000000000000e+03
-9.999000000000000000e+03
-9.999000000000000000e+03
-9.999000000000000000e+03
-9.999000000000000000e+03
-9.999000000000000000e+03
-9.999000000000000000e+03
-9.999000000000000000e+03
-9.999000000000000000e+03
-9.999000000000000000e+03
-9.527771174907684326e-02
-1.316945403814315796e-01
-9.999000000000000000e+03
-9.999000000000000000e+03
-9.387404471635818481e-02
-1.094073429703712463e-01
-1.058413982391357422e-01
-9.297261387109756470e-02
-9.164150804281234741e-02
-9.393236041069030762e-02
-9.725791215896606445e-02
-7.290711253881454468e-02
-6.117329373955726624e-02
-3.427468240261077881e-02
-9.999000000000000000e+03
-9.999000000000000000e+03
-9.999000000000000000e+03
-9.999000000000000000e+03
-9.999000000000000000e+03
-9.999000000000000000e+03
-9.999000000000000000e+03
-9.999000000000000000e+03
-9.999000000000000000e+03
-9.999000000000000000e+03
-9.999000000000000000e+03
-9.999000000000000000e+03
-9.999000000000000000e+03
-9.999000000000000000e+03
-9.999000000000000000e+03
-9.999000000000000000e+03
-9.999000000000000000e+03
-5.275198072195053101e-02
-8.022630959749221802e-02
-9.999000000000000000e+03
-9.999000000000000000e+03
-6.026699766516685486e-02
-7.901877909898757935e-02
-8.675826340913772583e-02
-8.492181450128555298e-02
-6.709212064743041992e-02
-5.820795893669128418e-02
-4.964026063680648804e-02
-3.479685634374618530e-02
-2.886065840721130371e-02
-2.952538058161735535e-02
-9.999000000000000000e+03
-9.999000000000000000e+03
-9.999000000000000000e+03
-9.999000000000000000e+03
-9.999000000000000000e+03
-9.999000000000000000e+03
-9.999000000000000000e+03
-9.999000000000000000e+03
-9.999000000000000000e+03
-9.999000000000000000e+03
-9.999000000000000000e+03
-9.999000000000000000e+03
-9.999000000000000000e+03
-9.999000000000000000e+03
-9.999000000000000000e+03
-9.999000000000000000e+03
-9.999000000000000000e+03
-9.999000000000000000e+03
-9.999000000000000000e+03
-9.999000000000000000e+03
-9.999000000000000000e+03
-2.303090132772922516e-02
-3.539464622735977173e-02
-3.911980986595153809e-02
-3.822368383407592773e-02
-2.543008513748645782e-02
-2.226702868938446045e-02
-1.155705843120813370e-02
-4.573969170451164246e-02
-4.702010005712509155e-02
-4.352410137653350830e-02
-9.999000000000000000e+03
-9.999000000000000000e+03
-9.999000000000000000e+03
-9.999000000000000000e+03
-9.999000000000000000e+03
-9.999000000000000000e+03
-9.999000000000000000e+03
-9.999000000000000000e+03
-9.999000000000000000e+03
-9.999000000000000000e+03
-9.999000000000000000e+03
-9.999000000000000000e+03
-9.999000000000000000e+03
-9.999000000000000000e+03
-9.999000000000000000e+03
-9.999000000000000000e+03
-9.999000000000000000e+03
-9.999000000000000000e+03
-9.999000000000000000e+03
-9.999000000000000000e+03
-9.999000000000000000e+03
-9.999000000000000000e+03
-7.771198172122240067e-03
-2.265667542815208435e-02
-1.281942427158355713e-02
1.022823248058557510e-02
1.395000889897346497e-02
1.102946233004331589e-03
-3.223718609660863876e-03
-3.999892249703407288e-02
-9.999000000000000000e+03
-9.999000000000000000e+03
-9.999000000000000000e+03
-9.999000000000000000e+03
-9.999000000000000000e+03
-9.999000000000000000e+03
-9.999000000000000000e+03
-9.999000000000000000e+03
-9.999000000000000000e+03
-9.999000000000000000e+03
-9.999000000000000000e+03
-9.999000000000000000e+03
-9.999000000000000000e+03
-9.999000000000000000e+03
-9.999000000000000000e+03
-9.999000000000000000e+03
-9.999000000000000000e+03
-9.999000000000000000e+03
-9.999000000000000000e+03
-9.999000000000000000e+03
-9.999000000000000000e+03
-9.999000000000000000e+03
-9.999000000000000000e+03
-5.283947568386793137e-03
-2.268747054040431976e-02
-2.218322269618511200e-02
-1.696753781288862228e-03
3.973280638456344604e-02
1.744354330003261566e-02
1.222239062190055847e-01
1.634391248226165771e-01
1.118084862828254700e-01
-9.999000000000000000e+03
-9.999000000000000000e+03
-9.999000000000000000e+03
-9.999000000000000000e+03
-9.999000000000000000e+03
-9.999000000000000000e+03
-9.999000000000000000e+03
-9.999000000000000000e+03
-9.999000000000000000e+03
-9.999000000000000000e+03
-9.999000000000000000e+03
-9.999000000000000000e+03
-9.999000000000000000e+03
-9.999000000000000000e+03
-9.999000000000000000e+03
-9.999000000000000000e+03
-9.999000000000000000e+03
-9.999000000000000000e+03
-9.999000000000000000e+03
-9.999000000000000000e+03
-9.999000000000000000e+03
-9.999000000000000000e+03
-9.999000000000000000e+03
-1.774974353611469269e-02
-2.218012139201164246e-02
-1.054699253290891647e-02
1.545502990484237671e-02
5.975187197327613831e-02
6.858263164758682251e-02
1.908511072397232056e-01
2.033783197402954102e-01
-9.999000000000000000e+03
-9.999000000000000000e+03
-9.999000000000000000e+03
-9.999000000000000000e+03
-9.999000000000000000e+03
-9.999000000000000000e+03
-9.999000000000000000e+03
-9.999000000000000000e+03
-9.999000000000000000e+03
-9.999000000000000000e+03
-9.999000000000000000e+03
-9.999000000000000000e+03
-9.999000000000000000e+03
-9.999000000000000000e+03
-9.999000000000000000e+03
-9.999000000000000000e+03
-9.999000000000000000e+03
-9.999000000000000000e+03
-9.999000000000000000e+03
-9.999000000000000000e+03
-9.999000000000000000e+03
-9.999000000000000000e+03
-9.999000000000000000e+03
-2.391050197184085846e-02
-2.840269915759563446e-02
-3.407624363899230957e-02
-9.501749277114868164e-02
-1.272181421518325806e-01
-1.502624601125717163e-01
-6.882889568805694580e-02
4.313462600111961365e-02
6.712902337312698364e-02
-9.999000000000000000e+03
-9.999000000000000000e+03
-9.999000000000000000e+03
-9.999000000000000000e+03
-9.999000000000000000e+03
-9.999000000000000000e+03
-9.999000000000000000e+03
-9.999000000000000000e+03
-9.999000000000000000e+03
-9.999000000000000000e+03
-9.999000000000000000e+03
-9.999000000000000000e+03
-9.999000000000000000e+03
-9.999000000000000000e+03
-9.999000000000000000e+03
-9.999000000000000000e+03
-9.999000000000000000e+03
-9.999000000000000000e+03
-9.999000000000000000e+03
-9.999000000000000000e+03
-9.999000000000000000e+03
-9.999000000000000000e+03
-2.381664514541625977e-02
-6.345265358686447144e-02
-9.617582708597183228e-02
-1.160011887550354004e-01
-1.342257559299468994e-01
-1.348137259483337402e-01
-1.372986733913421631e-01
-1.101246476173400879e-01
-3.525287285447120667e-02
2.833770215511322021e-02
3.428258374333381653e-02
2.803054451942443848e-02
2.009596303105354309e-02
-9.999000000000000000e+03
-9.999000000000000000e+03
-9.999000000000000000e+03
-9.999000000000000000e+03
-9.999000000000000000e+03
-9.999000000000000000e+03
-9.999000000000000000e+03
-9.999000000000000000e+03
-9.999000000000000000e+03
-9.999000000000000000e+03
-9.999000000000000000e+03
-9.999000000000000000e+03
-9.999000000000000000e+03
-9.999000000000000000e+03
-9.999000000000000000e+03
-9.999000000000000000e+03
-9.999000000000000000e+03
-4.622599110007286072e-02
-4.486661031842231750e-02
-4.824528843164443970e-02
-7.595057785511016846e-02
-8.324738591909408569e-02
-8.717039972543716431e-02
-8.520499616861343384e-02
-8.879028260707855225e-02
-7.819175720214843750e-02
-1.445160433650016785e-02
1.812212355434894562e-02
1.854604296386241913e-02
1.311802864074707031e-02
1.535651180893182755e-02
-9.999000000000000000e+03
-9.999000000000000000e+03
-9.999000000000000000e+03
-9.999000000000000000e+03
-9.999000000000000000e+03
-9.999000000000000000e+03
-9.999000000000000000e+03
-9.999000000000000000e+03
-9.999000000000000000e+03
-9.999000000000000000e+03
-9.999000000000000000e+03
-9.999000000000000000e+03
-9.999000000000000000e+03
-9.999000000000000000e+03
-9.999000000000000000e+03
-4.204319417476654053e-02
-4.972577467560768127e-02
-8.114524930715560913e-02
-8.675163239240646362e-02
-7.076075673103332520e-02
-5.879011750221252441e-02
-4.194054007530212402e-02
-4.162956774234771729e-02
-4.315220192074775696e-02
-5.517355352640151978e-02
-4.435016214847564697e-02
-2.771594002842903137e-02
-7.350200321525335312e-03
-2.505473420023918152e-02
-9.999000000000000000e+03
-9.999000000000000000e+03
-9.999000000000000000e+03
-9.999000000000000000e+03
-9.999000000000000000e+03
-9.999000000000000000e+03
-9.999000000000000000e+03
-9.999000000000000000e+03
-9.999000000000000000e+03
-9.999000000000000000e+03
-9.999000000000000000e+03
-9.999000000000000000e+03
-9.999000000000000000e+03
-9.999000000000000000e+03
-9.999000000000000000e+03
-9.999000000000000000e+03
-2.598571591079235077e-02
-5.441768467426300049e-02
-7.682122290134429932e-02
-9.786070883274078369e-02
-1.042632386088371277e-01
-8.005753904581069946e-02
-4.701152816414833069e-02
-2.899188175797462463e-02
-2.537617646157741547e-02
-3.234695270657539368e-02
-5.438352748751640320e-02
-7.705746591091156006e-02
-9.686104953289031982e-02
-6.058149039745330811e-02
-9.999000000000000000e+03
-9.999000000000000000e+03
-9.999000000000000000e+03
-9.999000000000000000e+03
-9.999000000000000000e+03
-9.999000000000000000e+03
-9.999000000000000000e+03
-9.999000000000000000e+03
-9.999000000000000000e+03
-9.999000000000000000e+03
-9.999000000000000000e+03
-9.999000000000000000e+03
-9.999000000000000000e+03
-9.999000000000000000e+03
-9.999000000000000000e+03
-9.999000000000000000e+03
-9.999000000000000000e+03
-2.892177738249301910e-02
-6.393436342477798462e-02
-1.008856818079948425e-01
-1.034976243972778320e-01
-9.180100262165069580e-02
-8.068791031837463379e-02
-6.399591267108917236e-02
-4.392603039741516113e-02
-2.330098487436771393e-02
4.145827610045671463e-03
-1.836651004850864410e-03
-2.311908639967441559e-02
-2.754980884492397308e-02
-6.073185801506042480e-02
-9.999000000000000000e+03
-9.999000000000000000e+03
-9.999000000000000000e+03
-9.999000000000000000e+03
-9.999000000000000000e+03
-9.999000000000000000e+03
-9.999000000000000000e+03
-9.999000000000000000e+03
-9.999000000000000000e+03
-9.999000000000000000e+03
-9.999000000000000000e+03
-9.999000000000000000e+03
-9.999000000000000000e+03
-9.999000000000000000e+03
-9.999000000000000000e+03
-9.999000000000000000e+03
-9.999000000000000000e+03
-5.979117751121520996e-02
-8.010043948888778687e-02
-9.285196661949157715e-02
-9.205892682075500488e-02
-8.570308238267898560e-02
-7.149115949869155884e-02
-5.393314734101295471e-02
-2.781719900667667389e-02
-8.872045204043388367e-03
1.477397326380014420e-02
1.564688980579376221e-02
2.508036047220230103e-02
1.002475619316101074e-02
-9.999000000000000000e+03
-9.999000000000000000e+03
-9.999000000000000000e+03
-9.999000000000000000e+03
-9.999000000000000000e+03
-9.999000000000000000e+03
-9.999000000000000000e+03
-9.999000000000000000e+03
-9.999000000000000000e+03
-9.999000000000000000e+03
-9.999000000000000000e+03
-9.999000000000000000e+03
-9.999000000000000000e+03
-9.999000000000000000e+03
-9.999000000000000000e+03
-9.999000000000000000e+03
-9.999000000000000000e+03
-9.999000000000000000e+03
-3.844866156578063965e-02
-4.316825419664382935e-02
-4.394290968775749207e-02
-5.755148828029632568e-02
-4.330928996205329895e-02
-3.226224333047866821e-02
-1.396985724568367004e-02
1.319782342761754990e-02
6.384808104485273361e-03
2.102269418537616730e-02
1.461763307452201843e-02
9.410653728991746902e-04
-9.999000000000000000e+03
-9.999000000000000000e+03
-9.999000000000000000e+03
-9.999000000000000000e+03
-9.999000000000000000e+03
-9.999000000000000000e+03
-9.999000000000000000e+03
-9.999000000000000000e+03
-9.999000000000000000e+03
-9.999000000000000000e+03
-9.999000000000000000e+03
-9.999000000000000000e+03
-9.999000000000000000e+03
-9.999000000000000000e+03
-9.999000000000000000e+03
-9.999000000000000000e+03
-9.999000000000000000e+03
-9.999000000000000000e+03
-9.999000000000000000e+03
-1.236616168171167374e-02
5.758634069934487343e-04
5.211431533098220825e-03
-6.351685617119073868e-03
2.318065427243709564e-02
2.307442389428615570e-02
2.928044088184833527e-02
2.329540811479091644e-02
1.408936083316802979e-02
5.375032313168048859e-03
-9.999000000000000000e+03
-9.999000000000000000e+03
-9.999000000000000000e+03
-9.999000000000000000e+03
-9.999000000000000000e+03
-9.999000000000000000e+03
-9.999000000000000000e+03
-9.999000000000000000e+03
-9.999000000000000000e+03
-9.999000000000000000e+03
-9.999000000000000000e+03
-9.999000000000000000e+03
-9.999000000000000000e+03
-9.999000000000000000e+03
-9.999000000000000000e+03
-9.999000000000000000e+03
-9.999000000000000000e+03
-9.999000000000000000e+03
-9.999000000000000000e+03
-9.999000000000000000e+03
-9.999000000000000000e+03
-4.417422751430422068e-04
4.141887277364730835e-02
5.922634899616241455e-02
6.425083428621292114e-02
5.907034873962402344e-02
2.774429880082607269e-02
-9.999000000000000000e+03
-9.999000000000000000e+03
-9.999000000000000000e+03
-9.999000000000000000e+03
-9.999000000000000000e+03
-9.999000000000000000e+03
-9.999000000000000000e+03
-9.999000000000000000e+03
-9.999000000000000000e+03
-9.999000000000000000e+03
-9.999000000000000000e+03
-9.999000000000000000e+03
-9.999000000000000000e+03
-9.999000000000000000e+03
-9.999000000000000000e+03
-9.999000000000000000e+03
-9.999000000000000000e+03
-9.999000000000000000e+03
-9.999000000000000000e+03
-9.999000000000000000e+03
-9.999000000000000000e+03
-9.999000000000000000e+03
-9.999000000000000000e+03
-9.999000000000000000e+03
-9.999000000000000000e+03
-1.573668979108333588e-02
8.271023631095886230e-03
6.144691258668899536e-02
-9.999000000000000000e+03
-9.999000000000000000e+03
-9.999000000000000000e+03
-9.999000000000000000e+03
-9.999000000000000000e+03
-9.999000000000000000e+03
-9.999000000000000000e+03
-9.999000000000000000e+03
-9.999000000000000000e+03
-9.999000000000000000e+03
-9.999000000000000000e+03
-9.999000000000000000e+03
-9.999000000000000000e+03
-9.999000000000000000e+03
-9.999000000000000000e+03
-9.999000000000000000e+03
-9.999000000000000000e+03
-9.999000000000000000e+03
-9.999000000000000000e+03
-9.999000000000000000e+03
-9.999000000000000000e+03
-9.999000000000000000e+03
-9.999000000000000000e+03
-9.999000000000000000e+03
-9.999000000000000000e+03
-9.999000000000000000e+03
-9.999000000000000000e+03
-9.999000000000000000e+03
