-1.561643034219741821e-01
-1.188820749521255493e-01
-6.293737888336181641e-02
-9.883319959044456482e-03
3.552133217453956604e-02
7.710425555706024170e-02
1.254073381423950195e-01
1.671013832092285156e-01
2.171276360750198364e-01
2.446158677339553833e-01
2.336235940456390381e-01
-9.999000000000000000e+03
-9.999000000000000000e+03
-9.999000000000000000e+03
-9.999000000000000000e+03
-9.999000000000000000e+03
-9.999000000000000000e+03
-9.999000000000000000e+03
-9.999000000000000000e+03
-9.999000000000000000e+03
-9.999000000000000000e+03
-9.999000000000000000e+03
-9.999000000000000000e+03
-8.356333710253238678e-04
2.371236495673656464e-02
3.781512007117271423e-02
5.199129134416580200e-02
3.570172563195228577e-02
3.178874030709266663e-02
1.949064992368221283e-02
1.548454258590936661e-02
-1.484063565731048584e-01
-1.099171936511993408e-01
-5.944360420107841492e-02
-1.488406304270029068e-02
3.666034340858459473e-02
8.272089064121246338e-02
1.474392116069793701e-01
1.986304968595504761e-01
2.392063140869140625e-01
2.627229690551757812e-01
2.574971616268157959e-01
1.465371996164321899e-01
-9.999000000000000000e+03
-9.999000000000000000e+03
-9.999000000000000000e+03
-9.999000000000000000e+03
-9.999000000000000000e+03
-9.999000000000000000e+03
-9.999000000000000000e+03
-9.999000000000000000e+03
-9.999000000000000000e+03
-9.866070002317428589e-03
-1.428312901407480240e-02
-1.459024101495742798e-02
-1.298352610319852829e-02
6.508086808025836945e-03
1.525094150565564632e-03
-5.825913976877927780e-03
-5.600354168564081192e-03
8.064910653047263622e-04
1.415451988577842712e-02
-1.464844197034835815e-01
-9.599853307008743286e-02
-4.572251066565513611e-02
-2.065256121568381786e-04
4.264708608388900757e-02
8.983156085014343262e-02
1.494649052619934082e-01
2.122755795717239380e-01
2.532640099525451660e-01
2.688356935977935791e-01
2.446589916944503784e-01
1.589554101228713989e-01
-9.999000000000000000e+03
-9.999000000000000000e+03
-9.999000000000000000e+03
-9.999000000000000000e+03
-9.999000000000000000e+03
-9.999000000000000000e+03
-9.999000000000000000e+03
-1.923500001430511475e-02
-1.295997947454452515e-02
-9.655632078647613525e-03
-1.659009605646133423e-02
-2.096156217157840729e-02
-8.474665693938732147e-03
-1.412593852728605270e-02
-1.884175091981887817e-02
-1.813153550028800964e-02
-1.474730111658573151e-02
-7.261600345373153687e-03
1.450993679463863373e-02
-1.245153173804283142e-01
-8.778911083936691284e-02
-4.739630967378616333e-02
2.467025769874453545e-04
5.621885880827903748e-02
1.131427288055419922e-01
1.619601100683212280e-01
2.110613435506820679e-01
2.418807148933410645e-01
2.608919739723205566e-01
2.515876293182373047e-01
1.755009591579437256e-01
9.100799262523651123e-02
-9.999000000000000000e+03
-9.999000000000000000e+03
-9.999000000000000000e+03
-3.612714633345603943e-02
-4.574941098690032959e-02
-4.006599262356758118e-02
-1.956602744758129120e-02
-1.009363681077957153e-02
-6.920539774000644684e-03
-7.059186697006225586e-03
-1.143424585461616516e-02
6.146333646029233932e-03
-2.118004672229290009e-02
-1.536943763494491577e-02
-2.141037024557590485e-02
-2.305622957646846771e-02
-1.164975948631763458e-02
2.378229983150959015e-03
-1.125434264540672302e-01
-7.162654399871826172e-02
-2.422215789556503296e-02
1.616222597658634186e-02
6.103869155049324036e-02
1.046668887138366699e-01
1.460870504379272461e-01
1.923420876264572144e-01
2.140953093767166138e-01
2.183408588171005249e-01
2.042062729597091675e-01
1.470774412155151367e-01
7.810343801975250244e-02
2.359507232904434204e-02
-3.384796530008316040e-02
-5.530612915754318237e-02
-5.621922388672828674e-02
-4.168657213449478149e-02
-2.432115934789180756e-02
1.755304401740431786e-03
1.457100640982389450e-02
1.592526771128177643e-02
7.006390020251274109e-03
-1.354695018380880356e-02
-2.656472846865653992e-02
-4.657961428165435791e-02
-4.567760974168777466e-02
-4.513629525899887085e-02
-3.985562175512313843e-02
-2.199656143784523010e-02
-1.971883000805974007e-03
-9.179681539535522461e-02
-6.410516053438186646e-02
-2.573799714446067810e-02
2.150420285761356354e-02
6.537561863660812378e-02
9.741605818271636963e-02
1.195102035999298096e-01
1.492454260587692261e-01
1.603611707687377930e-01
1.699620187282562256e-01
1.544275581836700439e-01
9.054981917142868042e-02
4.637247323989868164e-02
-6.030546035617589951e-03
-3.933875635266304016e-02
-5.196528136730194092e-02
-4.134753346443176270e-02
-1.449176692403852940e-03
2.382756769657135010e-02
5.289747193455696106e-02
4.718209058046340942e-02
2.844583988189697266e-02
3.158879699185490608e-04
-3.423508256673812866e-02
-5.960120633244514465e-02
-8.488480746746063232e-02
-7.860162854194641113e-02
-7.985847443342208862e-02
-7.195736467838287354e-02
-4.533901438117027283e-02
-2.072803862392902374e-02
-5.648774653673171997e-02
-2.858105860650539398e-02
1.845644321292638779e-03
2.879749052226543427e-02
5.257739499211311340e-02
7.409713417291641235e-02
9.136106073856353760e-02
1.061141565442085266e-01
1.021977663040161133e-01
8.926126360893249512e-02
8.264095336198806763e-02
5.422552675008773804e-02
3.170314058661460876e-02
-1.452047750353813171e-02
-2.017517760396003723e-02
-1.059254072606563568e-02
2.210227772593498230e-02
5.585068091750144958e-02
6.484064459800720215e-02
7.593524456024169922e-02
5.014987289905548096e-02
1.409276109188795090e-02
-2.306625247001647949e-02
-5.865877121686935425e-02
-9.487929195165634155e-02
-1.220443397760391235e-01
-1.253200471401214600e-01
-1.389191746711730957e-01
-1.294749230146408081e-01
-8.113935589790344238e-02
-6.394045799970626831e-02
-5.306494235992431641e-02
-1.721647754311561584e-02
1.986459083855152130e-02
2.804538048803806305e-02
4.369180276989936829e-02
6.188984215259552002e-02
7.049860060214996338e-02
7.176688313484191895e-02
5.339103192090988159e-02
4.049442335963249207e-02
5.152655392885208130e-02
2.686741203069686890e-02
1.939025521278381348e-02
1.188978273421525955e-02
2.544467151165008545e-02
3.959554433822631836e-02
8.309514820575714111e-02
9.338641911745071411e-02
8.388798683881759644e-02
7.253267616033554077e-02
5.215771868824958801e-02
2.749856188893318176e-02
-2.120226854458451271e-03
-6.938680261373519897e-02
-1.482756882905960083e-01
-1.643096953630447388e-01
-1.941327452659606934e-01
-2.085184454917907715e-01
-1.911080479621887207e-01
-1.353582739830017090e-01
-1.072380244731903076e-01
-3.867565840482711792e-02
-1.110422890633344650e-02
7.552321068942546844e-03
1.408095564693212509e-02
2.547882869839668274e-02
4.150294512510299683e-02
5.035729333758354187e-02
3.683343902230262756e-02
2.019738219678401947e-02
1.777838170528411865e-02
3.308345004916191101e-02
3.449310362339019775e-02
4.237571731209754944e-02
5.531544610857963562e-02
8.598314970731735229e-02
8.928391337394714355e-02
9.896026551723480225e-02
9.178162366151809692e-02
8.142572641372680664e-02
7.482037693262100220e-02
4.795794188976287842e-02
2.791165560483932495e-02
-4.502742551267147064e-03
-5.114561691880226135e-02
-8.523353934288024902e-02
-1.605889797210693359e-01
-2.267736196517944336e-01
-2.667916715145111084e-01
-2.352669835090637207e-01
-1.730377525091171265e-01
-1.178034394979476929e-01
-2.746076323091983795e-02
-4.537569358944892883e-03
8.739802055060863495e-03
2.815116569399833679e-02
2.579203993082046509e-02
3.000913932919502258e-02
3.280645981431007385e-02
2.165821753442287445e-02
-3.260093741118907928e-03
2.960975281894207001e-03
3.492376580834388733e-02
6.081766635179519653e-02
8.202371001243591309e-02
9.528713673353195190e-02
1.071743890643119812e-01
1.013341993093490601e-01
9.176886081695556641e-02
6.081997975707054138e-02
5.369712784886360168e-02
3.050233423709869385e-02
3.123151883482933044e-02
-9.999000000000000000e+03
-9.999000000000000000e+03
-9.999000000000000000e+03
-9.999000000000000000e+03
-9.999000000000000000e+03
-9.999000000000000000e+03
-2.099490314722061157e-01
-2.559241056442260742e-01
-1.959185004234313965e-01
-1.324166059494018555e-01
-3.904299437999725342e-02
-2.174407616257667542e-02
7.500701583921909332e-03
3.547159954905509949e-02
3.653898090124130249e-02
2.416574396193027496e-02
1.474464591592550278e-02
-2.923402935266494751e-03
-1.026378385722637177e-02
1.657220162451267242e-02
4.978288710117340088e-02
9.397785365581512451e-02
1.074611842632293701e-01
1.119858697056770325e-01
9.877809882164001465e-02
8.694912493228912354e-02
9.436429291963577271e-02
-9.999000000000000000e+03
-9.999000000000000000e+03
-9.999000000000000000e+03
-9.999000000000000000e+03
-9.999000000000000000e+03
-9.999000000000000000e+03
-9.999000000000000000e+03
-9.999000000000000000e+03
-9.999000000000000000e+03
-9.999000000000000000e+03
-1.637578457593917847e-01
-2.156358361244201660e-01
-2.077542990446090698e-01
-1.478316634893417358e-01
-9.057647734880447388e-02
-6.423757225275039673e-02
-2.062324061989784241e-02
1.665965188294649124e-03
1.239394396543502808e-02
7.288750726729631424e-03
3.300339449197053909e-03
-1.373259443789720535e-02
6.934528704732656479e-03
6.707938760519027710e-02
8.356799930334091187e-02
1.020845845341682434e-01
1.106391996145248413e-01
1.056246981024742126e-01
5.386389419436454773e-02
5.511364340782165527e-02
-9.999000000000000000e+03
-9.999000000000000000e+03
-9.999000000000000000e+03
-9.999000000000000000e+03
-9.999000000000000000e+03
-9.999000000000000000e+03
-9.999000000000000000e+03
-9.999000000000000000e+03
-9.999000000000000000e+03
-9.999000000000000000e+03
-9.999000000000000000e+03
-9.999000000000000000e+03
-1.279418915510177612e-01
-1.611918956041336060e-01
-1.038308143615722656e-01
-9.136741608381271362e-02
-9.424226731061935425e-02
-7.100848108530044556e-02
-3.218051418662071228e-02
-9.284312836825847626e-03
2.400531200692057610e-03
-8.750227279961109161e-03
8.771552704274654388e-03
5.190148949623107910e-02
9.160681813955307007e-02
8.800029009580612183e-02
9.916422516107559204e-02
7.986647635698318481e-02
9.076006710529327393e-02
-9.999000000000000000e+03
-9.999000000000000000e+03
-9.999000000000000000e+03
-9.999000000000000000e+03
-9.999000000000000000e+03
-9.999000000000000000e+03
-9.999000000000000000e+03
-9.999000000000000000e+03
-9.999000000000000000e+03
-9.999000000000000000e+03
-9.999000000000000000e+03
-9.999000000000000000e+03
-9.999000000000000000e+03
-9.999000000000000000e+03
-9.999000000000000000e+03
-1.080665215849876404e-01
-7.717639207839965820e-02
-9.999000000000000000e+03
-8.975349366664886475e-02
-9.108210355043411255e-02
-5.475164577364921570e-02
-1.768759638071060181e-02
-1.457595033571124077e-03
-9.121565148234367371e-03
5.261670053005218506e-02
1.011615917086601257e-01
9.585168957710266113e-02
9.176999330520629883e-02
8.874870836734771729e-02
5.811579897999763489e-02
-9.999000000000000000e+03
-9.999000000000000000e+03
-9.999000000000000000e+03
-9.999000000000000000e+03
-9.999000000000000000e+03
-9.999000000000000000e+03
-9.999000000000000000e+03
-9.999000000000000000e+03
-9.999000000000000000e+03
-9.999000000000000000e+03
-9.999000000000000000e+03
-9.999000000000000000e+03
-9.999000000000000000e+03
-9.999000000000000000e+03
-9.999000000000000000e+03
-9.999000000000000000e+03
-3.467935696244239807e-02
-2.473481930792331696e-02
-9.999000000000000000e+03
-9.999000000000000000e+03
-9.517321735620498657e-02
-6.382660567760467529e-02
-2.241280488669872284e-02
-1.710121636278927326e-03
3.491866588592529297e-02
7.577443122863769531e-02
9.901414066553115845e-02
9.068638086318969727e-02
8.113134652376174927e-02
2.398100309073925018e-02
-9.999000000000000000e+03
-9.999000000000000000e+03
-9.999000000000000000e+03
-9.999000000000000000e+03
-9.999000000000000000e+03
-9.999000000000000000e+03
-9.999000000000000000e+03
-9.999000000000000000e+03
-9.999000000000000000e+03
-9.999000000000000000e+03
-9.999000000000000000e+03
-9.999000000000000000e+03
-9.999000000000000000e+03
-9.999000000000000000e+03
-9.999000000000000000e+03
-9.999000000000000000e+03
-9.999000000000000000e+03
-4.323516506701707840e-03
9.224606677889823914e-03
-9.999000000000000000e+03
-9.999000000000000000e+03
-6.488490104675292969e-02
-6.582115590572357178e-02
-3.471456468105316162e-02
9.218730963766574860e-03
5.753581970930099487e-02
7.766884565353393555e-02
8.493872731924057007e-02
7.646639645099639893e-02
5.804894492030143738e-02
2.658950351178646088e-02
-9.999000000000000000e+03
-9.999000000000000000e+03
-9.999000000000000000e+03
-9.999000000000000000e+03
-9.999000000000000000e+03
-9.999000000000000000e+03
-9.999000000000000000e+03
-9.999000000000000000e+03
-9.999000000000000000e+03
-9.999000000000000000e+03
-9.999000000000000000e+03
-9.999000000000000000e+03
-9.999000000000000000e+03
-9.999000000000000000e+03
-9.999000000000000000e+03
-9.999000000000000000e+03
-9.999000000000000000e+03
-9.999000000000000000e+03
-9.999000000000000000e+03
-9.999000000000000000e+03
-9.999000000000000000e+03
-5.062396451830863953e-02
-7.965490221977233887e-02
-4.904525727033615112e-02
7.023329380899667740e-03
3.397045284509658813e-02
5.955000594258308411e-02
7.653012871742248535e-02
8.616355806589126587e-02
5.319165810942649841e-02
3.515178337693214417e-02
-9.999000000000000000e+03
-9.999000000000000000e+03
-9.999000000000000000e+03
-9.999000000000000000e+03
-9.999000000000000000e+03
-9.999000000000000000e+03
-9.999000000000000000e+03
-9.999000000000000000e+03
-9.999000000000000000e+03
-9.999000000000000000e+03
-9.999000000000000000e+03
-9.999000000000000000e+03
-9.999000000000000000e+03
-9.999000000000000000e+03
-9.999000000000000000e+03
-9.999000000000000000e+03
-9.999000000000000000e+03
-9.999000000000000000e+03
-9.999000000000000000e+03
-9.999000000000000000e+03
-9.999000000000000000e+03
-9.999000000000000000e+03
-6.924477964639663696e-02
-7.248558104038238525e-02
-9.925295598804950714e-03
-3.503763675689697266e-02
1.974339410662651062e-02
7.836940139532089233e-02
1.184888482093811035e-01
8.059307187795639038e-02
-9.999000000000000000e+03
-9.999000000000000000e+03
-9.999000000000000000e+03
-9.999000000000000000e+03
-9.999000000000000000e+03
-9.999000000000000000e+03
-9.999000000000000000e+03
-9.999000000000000000e+03
-9.999000000000000000e+03
-9.999000000000000000e+03
-9.999000000000000000e+03
-9.999000000000000000e+03
-9.999000000000000000e+03
-9.999000000000000000e+03
-9.999000000000000000e+03
-9.999000000000000000e+03
-9.999000000000000000e+03
-9.999000000000000000e+03
-9.999000000000000000e+03
-9.999000000000000000e+03
-9.999000000000000000e+03
-9.999000000000000000e+03
-9.999000000000000000e+03
-6.204783916473388672e-02
-5.097732692956924438e-02
-4.997069761157035828e-02
-7.910382002592086792e-02
-3.187369788065552711e-03
7.619917392730712891e-02
1.342186629772186279e-01
7.283397763967514038e-02
3.210775926709175110e-02
-9.999000000000000000e+03
-9.999000000000000000e+03
-9.999000000000000000e+03
-9.999000000000000000e+03
-9.999000000000000000e+03
-9.999000000000000000e+03
-9.999000000000000000e+03
-9.999000000000000000e+03
-9.999000000000000000e+03
-9.999000000000000000e+03
-9.999000000000000000e+03
-9.999000000000000000e+03
-9.999000000000000000e+03
-9.999000000000000000e+03
-9.999000000000000000e+03
-9.999000000000000000e+03
-9.999000000000000000e+03
-9.999000000000000000e+03
-9.999000000000000000e+03
-9.999000000000000000e+03
-9.999000000000000000e+03
-9.999000000000000000e+03
-9.999000000000000000e+03
-4.010698571801185608e-02
-6.991118937730789185e-02
-6.042389571666717529e-02
-1.269736560061573982e-03
7.433803752064704895e-03
-2.964322827756404877e-02
2.460178686305880547e-03
5.510464310646057129e-02
-9.999000000000000000e+03
-9.999000000000000000e+03
-9.999000000000000000e+03
-9.999000000000000000e+03
-9.999000000000000000e+03
-9.999000000000000000e+03
-9.999000000000000000e+03
-9.999000000000000000e+03
-9.999000000000000000e+03
-9.999000000000000000e+03
-9.999000000000000000e+03
-9.999000000000000000e+03
-9.999000000000000000e+03
-9.999000000000000000e+03
-9.999000000000000000e+03
-9.999000000000000000e+03
-9.999000000000000000e+03
-9.999000000000000000e+03
-9.999000000000000000e+03
-9.999000000000000000e+03
-9.999000000000000000e+03
-9.999000000000000000e+03
-9.999000000000000000e+03
-4.429996758699417114e-02
-6.809471547603607178e-02
-5.446190387010574341e-02
-5.061202868819236755e-02
-1.145600602030754089e-01
-1.673529744148254395e-01
-1.066461130976676941e-01
-8.133797906339168549e-03
4.361583665013313293e-02
-9.999000000000000000e+03
-9.999000000000000000e+03
-9.999000000000000000e+03
-9.999000000000000000e+03
-9.999000000000000000e+03
-9.999000000000000000e+03
-9.999000000000000000e+03
-9.999000000000000000e+03
-9.999000000000000000e+03
-9.999000000000000000e+03
-9.999000000000000000e+03
-9.999000000000000000e+03
-9.999000000000000000e+03
-9.999000000000000000e+03
-9.999000000000000000e+03
-9.999000000000000000e+03
-9.999000000000000000e+03
-9.999000000000000000e+03
-9.999000000000000000e+03
-9.999000000000000000e+03
-9.999000000000000000e+03
-9.999000000000000000e+03
1.253442559391260147e-02
-1.414082292467355728e-02
-3.922164440155029297e-02
-8.214790374040603638e-02
-1.237924247980117798e-01
-1.593427211046218872e-01
-1.106309443712234497e-01
-3.840074641630053520e-03
7.705841958522796631e-02
-9.026276879012584686e-03
-4.631367698311805725e-02
1.288671139627695084e-02
1.799724437296390533e-02
-9.999000000000000000e+03
-9.999000000000000000e+03
-9.999000000000000000e+03
-9.999000000000000000e+03
-9.999000000000000000e+03
-9.999000000000000000e+03
-9.999000000000000000e+03
-9.999000000000000000e+03
-9.999000000000000000e+03
-9.999000000000000000e+03
-9.999000000000000000e+03
-9.999000000000000000e+03
-9.999000000000000000e+03
-9.999000000000000000e+03
-9.999000000000000000e+03
-9.999000000000000000e+03
-9.999000000000000000e+03
1.649552211165428162e-02
2.847170084714889526e-02
3.207655251026153564e-02
-2.760721556842327118e-02
-7.887308299541473389e-02
-1.090679168701171875e-01
-1.129769757390022278e-01
-9.528318047523498535e-02
-4.228539764881134033e-02
3.209442272782325745e-02
-4.850468598306179047e-03
3.881094604730606079e-02
2.454890869557857513e-02
1.794927380979061127e-02
-9.999000000000000000e+03
-9.999000000000000000e+03
-9.999000000000000000e+03
-9.999000000000000000e+03
-9.999000000000000000e+03
-9.999000000000000000e+03
-9.999000000000000000e+03
-9.999000000000000000e+03
-9.999000000000000000e+03
-9.999000000000000000e+03
-9.999000000000000000e+03
-9.999000000000000000e+03
-9.999000000000000000e+03
-9.999000000000000000e+03
-9.999000000000000000e+03
3.304614871740341187e-02
1.962170936167240143e-02
7.296211551874876022e-03
2.259372547268867493e-02
5.965678486973047256e-03
-3.536276519298553467e-02
-6.381037831306457520e-02
-8.363956958055496216e-02
-1.022278666496276855e-01
-9.634766727685928345e-02
-6.267844885587692261e-02
-1.051293127238750458e-02
4.936069250106811523e-02
8.215743303298950195e-02
-9.999000000000000000e+03
-9.999000000000000000e+03
-9.999000000000000000e+03
-9.999000000000000000e+03
-9.999000000000000000e+03
-9.999000000000000000e+03
-9.999000000000000000e+03
-9.999000000000000000e+03
-9.999000000000000000e+03
-9.999000000000000000e+03
-9.999000000000000000e+03
-9.999000000000000000e+03
-9.999000000000000000e+03
-9.999000000000000000e+03
-9.999000000000000000e+03
-9.999000000000000000e+03
2.953409776091575623e-02
4.613143578171730042e-02
4.969876259565353394e-02
2.852959744632244110e-02
1.005190238356590271e-02
-2.147347293794155121e-02
-5.894193425774574280e-02
-5.064467713236808777e-02
-5.250978097319602966e-02
-6.170934438705444336e-02
-8.062722533941268921e-02
-8.299237489700317383e-02
-3.962981328368186951e-02
6.888873875141143799e-02
-9.999000000000000000e+03
-9.999000000000000000e+03
-9.999000000000000000e+03
-9.999000000000000000e+03
-9.999000000000000000e+03
-9.999000000000000000e+03
-9.999000000000000000e+03
-9.999000000000000000e+03
-9.999000000000000000e+03
-9.999000000000000000e+03
-9.999000000000000000e+03
-9.999000000000000000e+03
-9.999000000000000000e+03
-9.999000000000000000e+03
-9.999000000000000000e+03
-9.999000000000000000e+03
-9.999000000000000000e+03
4.414292797446250916e-02
4.735764488577842712e-02
7.050085067749023438e-02
2.899014391005039215e-02
-1.239947043359279633e-02
-4.456579685211181641e-02
-6.112920120358467102e-02
-4.509727656841278076e-02
-2.403348498046398163e-02
-2.903453260660171509e-02
-4.466716200113296509e-02
-5.459103360772132874e-02
-1.651251688599586487e-02
4.325694590806961060e-02
-9.999000000000000000e+03
-9.999000000000000000e+03
-9.999000000000000000e+03
-9.999000000000000000e+03
-9.999000000000000000e+03
-9.999000000000000000e+03
-9.999000000000000000e+03
-9.999000000000000000e+03
-9.999000000000000000e+03
-9.999000000000000000e+03
-9.999000000000000000e+03
-9.999000000000000000e+03
-9.999000000000000000e+03
-9.999000000000000000e+03
-9.999000000000000000e+03
-9.999000000000000000e+03
-9.999000000000000000e+03
5.481981486082077026e-02
8.286829292774200439e-02
7.493411749601364136e-02
3.497698158025741577e-02
-1.691866852343082428e-02
-6.244456395506858826e-02
-6.633084267377853394e-02
-3.817941248416900635e-02
-1.827842928469181061e-02
-2.274050191044807434e-02
-3.897815942764282227e-02
-2.767371572554111481e-02
8.211415261030197144e-03
-9.999000000000000000e+03
-9.999000000000000000e+03
-9.999000000000000000e+03
-9.999000000000000000e+03
-9.999000000000000000e+03
-9.999000000000000000e+03
-9.999000000000000000e+03
-9.999000000000000000e+03
-9.999000000000000000e+03
-9.999000000000000000e+03
-9.999000000000000000e+03
-9.999000000000000000e+03
-9.999000000000000000e+03
-9.999000000000000000e+03
-9.999000000000000000e+03
-9.999000000000000000e+03
-9.999000000000000000e+03
-9.999000000000000000e+03
8.210481703281402588e-02
1.089151874184608459e-01
5.985369160771369934e-02
9.704505093395709991e-03
-4.538954421877861023e-02
-8.066795766353607178e-02
-8.480855822563171387e-02
-5.977575480937957764e-02
-2.948386780917644501e-02
-1.488914620131254196e-02
-1.456484571099281311e-02
-1.812248863279819489e-02
-9.999000000000000000e+03
-9.999000000000000000e+03
-9.999000000000000000e+03
-9.999000000000000000e+03
-9.999000000000000000e+03
-9.999000000000000000e+03
-9.999000000000000000e+03
-9.999000000000000000e+03
-9.999000000000000000e+03
-9.999000000000000000e+03
-9.999000000000000000e+03
-9.999000000000000000e+03
-9.999000000000000000e+03
-9.999000000000000000e+03
-9.999000000000000000e+03
-9.999000000000000000e+03
-9.999000000000000000e+03
-9.999000000000000000e+03
-9.999000000000000000e+03
9.524748474359512329e-02
8.975449204444885254e-02
4.890161007642745972e-02
2.156973117962479591e-03
-9.217096120119094849e-02
-9.135774523019790649e-02
-6.962817162275314331e-02
-4.378123953938484192e-02
-3.480943292379379272e-02
-1.987184956669807434e-02
-9.999000000000000000e+03
-9.999000000000000000e+03
-9.999000000000000000e+03
-9.999000000000000000e+03
-9.999000000000000000e+03
-9.999000000000000000e+03
-9.999000000000000000e+03
-9.999000000000000000e+03
-9.999000000000000000e+03
-9.999000000000000000e+03
-9.999000000000000000e+03
-9.999000000000000000e+03
-9.999000000000000000e+03
-9.999000000000000000e+03
-9.999000000000000000e+03
-9.999000000000000000e+03
-9.999000000000000000e+03
-9.999000000000000000e+03
-9.999000000000000000e+03
-9.999000000000000000e+03
-9.999000000000000000e+03
7.062369585037231445e-02
4.810546711087226868e-02
2.265100926160812378e-02
-3.444013372063636780e-02
-6.866593658924102783e-02
-6.738278269767761230e-02
-9.999000000000000000e+03
-9.999000000000000000e+03
-9.999000000000000000e+03
-9.999000000000000000e+03
-9.999000000000000000e+03
-9.999000000000000000e+03
-9.999000000000000000e+03
-9.999000000000000000e+03
-9.999000000000000000e+03
-9.999000000000000000e+03
-9.999000000000000000e+03
-9.999000000000000000e+03
-9.999000000000000000e+03
-9.999000000000000000e+03
-9.999000000000000000e+03
-9.999000000000000000e+03
-9.999000000000000000e+03
-9.999000000000000000e+03
-9.999000000000000000e+03
-9.999000000000000000e+03
-9.999000000000000000e+03
-9.999000000000000000e+03
-9.999000000000000000e+03
-9.999000000000000000e+03
-9.999000000000000000e+03
1.782175898551940918e-02
2.534298226237297058e-02
1.444802805781364441e-02
-9.999000000000000000e+03
-9.999000000000000000e+03
-9.999000000000000000e+03
-9.999000000000000000e+03
-9.999000000000000000e+03
-9.999000000000000000e+03
-9.999000000000000000e+03
-9.999000000000000000e+03
-9.999000000000000000e+03
-9.999000000000000000e+03
-9.999000000000000000e+03
-9.999000000000000000e+03
-9.999000000000000000e+03
-9.999000000000000000e+03
-9.999000000000000000e+03
-9.999000000000000000e+03
-9.999000000000000000e+03
-9.999000000000000000e+03
-9.999000000000000000e+03
-9.999000000000000000e+03
-9.999000000000000000e+03
-9.999000000000000000e+03
-9.999000000000000000e+03
-9.999000000000000000e+03
-9.999000000000000000e+03
-9.999000000000000000e+03
-9.999000000000000000e+03
-9.999000000000000000e+03
