-1.486602723598480225e-01
-1.066747307777404785e-01
-5.030433833599090576e-02
1.319426391273736954e-02
5.768835172057151794e-02
8.710506558418273926e-02
1.154886037111282349e-01
1.431143134832382202e-01
1.845592260360717773e-01
2.158807963132858276e-01
2.102963775396347046e-01
-9.999000000000000000e+03
-9.999000000000000000e+03
-9.999000000000000000e+03
-9.999000000000000000e+03
-9.999000000000000000e+03
-9.999000000000000000e+03
-9.999000000000000000e+03
-9.999000000000000000e+03
-9.999000000000000000e+03
-9.999000000000000000e+03
-9.999000000000000000e+03
-9.999000000000000000e+03
1.680386252701282501e-02
7.685049623250961304e-02
9.295960515737533569e-02
1.057726591825485229e-01
9.468419104814529419e-02
8.719372749328613281e-02
7.071898132562637329e-02
6.083172187209129333e-02
-1.493067443370819092e-01
-1.061426401138305664e-01
-4.477286338806152344e-02
1.018652878701686859e-02
5.969095975160598755e-02
9.114263206720352173e-02
1.318078339099884033e-01
1.691050827503204346e-01
2.036394476890563965e-01
2.268560379743576050e-01
2.237082272768020630e-01
1.205826401710510254e-01
-9.999000000000000000e+03
-9.999000000000000000e+03
-9.999000000000000000e+03
-9.999000000000000000e+03
-9.999000000000000000e+03
-9.999000000000000000e+03
-9.999000000000000000e+03
-9.999000000000000000e+03
-9.999000000000000000e+03
-6.466923747211694717e-03
-1.010609883815050125e-02
4.913315642625093460e-03
2.473342604935169220e-02
6.324404478073120117e-02
8.109883219003677368e-02
7.822168618440628052e-02
7.112189382314682007e-02
6.506225466728210449e-02
6.492795050144195557e-02
-1.515039950609207153e-01
-9.654223918914794922e-02
-3.041864372789859772e-02
1.191546954214572906e-02
5.274920538067817688e-02
8.902745693922042847e-02
1.347638964653015137e-01
1.819429397583007812e-01
2.155127972364425659e-01
2.259273976087570190e-01
1.969655901193618774e-01
1.203567311167716980e-01
-9.999000000000000000e+03
-9.999000000000000000e+03
-9.999000000000000000e+03
-9.999000000000000000e+03
-9.999000000000000000e+03
-9.999000000000000000e+03
-9.999000000000000000e+03
-1.572930626571178436e-02
-1.051910314708948135e-02
1.877808594144880772e-03
-1.839080266654491425e-02
-5.469277966767549515e-03
3.386117517948150635e-02
4.433315247297286987e-02
5.519568175077438354e-02
5.281895026564598083e-02
5.715473368763923645e-02
5.466309934854507446e-02
6.657755374908447266e-02
-1.376540213823318481e-01
-9.831847250461578369e-02
-5.320644006133079529e-02
-7.432999089360237122e-03
4.929546639323234558e-02
1.037103012204170227e-01
1.464840471744537354e-01
1.846695691347122192e-01
2.078953087329864502e-01
2.189521044492721558e-01
2.036630362272262573e-01
1.266113221645355225e-01
6.021726131439208984e-02
-9.999000000000000000e+03
-9.999000000000000000e+03
-9.999000000000000000e+03
-2.615258656442165375e-02
-3.218501433730125427e-02
-3.040904924273490906e-02
-6.752857472747564316e-03
2.456409274600446224e-04
9.739256929606199265e-04
1.024039927870035172e-03
1.356161385774612427e-02
5.799869075417518616e-02
2.403728663921356201e-02
4.059094563126564026e-02
3.633224964141845703e-02
3.841466084122657776e-02
5.016008764505386353e-02
6.299796700477600098e-02
-1.319125741720199585e-01
-8.600606769323348999e-02
-4.405228421092033386e-02
-2.413969254121184349e-03
4.772830381989479065e-02
9.341067075729370117e-02
1.353697478771209717e-01
1.749510914087295532e-01
1.968481689691543579e-01
2.002633213996887207e-01
1.808232665061950684e-01
1.308301538228988647e-01
6.058590114116668701e-02
-1.136448816396296024e-03
-2.451552636921405792e-02
-4.088950529694557190e-02
-3.727189078927040100e-02
-2.105335332453250885e-02
-7.900821045041084290e-03
1.528556179255247116e-02
1.680818945169448853e-02
2.082933112978935242e-02
1.913760975003242493e-02
1.268765237182378769e-02
7.133658044040203094e-03
-1.200008578598499298e-02
-3.246784908697009087e-03
5.058540496975183487e-03
1.599220372736454010e-02
3.929235041141510010e-02
5.797865986824035645e-02
-1.009479239583015442e-01
-7.524406164884567261e-02
-4.528601095080375671e-02
6.587650277651846409e-04
5.479111522436141968e-02
9.504740685224533081e-02
1.197020933032035828e-01
1.464862674474716187e-01
1.585472375154495239e-01
1.722832620143890381e-01
1.684918403625488281e-01
1.071230918169021606e-01
5.169280990958213806e-02
-1.936185173690319061e-03
-2.656875364482402802e-02
-3.328833729028701782e-02
-1.390702091157436371e-02
2.392388321459293365e-02
3.896053507924079895e-02
5.066434666514396667e-02
3.921599686145782471e-02
2.391671575605869293e-02
3.506339155137538910e-03
-2.086765691637992859e-02
-4.066501185297966003e-02
-6.397265940904617310e-02
-4.133920371532440186e-02
-3.704732283949851990e-02
-2.406547032296657562e-02
8.641866035759449005e-03
3.463389351963996887e-02
-5.797126144170761108e-02
-3.993899747729301453e-02
-1.637301966547966003e-02
1.475847605615854263e-02
4.665535688400268555e-02
7.723610103130340576e-02
9.826375544071197510e-02
1.167580932378768921e-01
1.177069842815399170e-01
1.217658221721649170e-01
1.175246015191078186e-01
7.871185988187789917e-02
4.580551013350486755e-02
-8.978481637313961983e-04
2.248556353151798248e-03
1.666590198874473572e-02
4.858350381255149841e-02
7.235281169414520264e-02
7.438765466213226318e-02
7.496462017297744751e-02
5.180664360523223877e-02
1.607422716915607452e-02
-3.194554895162582397e-02
-6.830956786870956421e-02
-9.967344254255294800e-02
-1.180195882916450500e-01
-1.021866947412490845e-01
-1.113051846623420715e-01
-8.982329815626144409e-02
-2.718996815383434296e-02
-3.894028952345252037e-03
-4.098603501915931702e-02
-2.453538402915000916e-02
2.812906168401241302e-03
1.898725144565105438e-02
4.183154553174972534e-02
6.234934926033020020e-02
7.315330207347869873e-02
8.557745069265365601e-02
7.747609168291091919e-02
8.308812975883483887e-02
8.354767411947250366e-02
4.875304549932479858e-02
3.761845082044601440e-02
3.190818428993225098e-02
5.226979404687881470e-02
6.809849292039871216e-02
9.801243245601654053e-02
1.013416647911071777e-01
9.263154864311218262e-02
8.551385253667831421e-02
6.068139895796775818e-02
2.698986791074275970e-02
-2.567259781062602997e-02
-9.396353363990783691e-02
-1.596560180187225342e-01
-1.720588207244873047e-01
-1.837279200553894043e-01
-1.872166246175765991e-01
-1.539475023746490479e-01
-8.038946241140365601e-02
-5.004037544131278992e-02
-2.498884685337543488e-02
-1.004043035209178925e-02
-7.027090177871286869e-04
3.817980410531163216e-03
2.148983441293239594e-02
3.625845164060592651e-02
3.556789830327033997e-02
4.742419719696044922e-02
5.172609910368919373e-02
6.712979823350906372e-02
7.372740656137466431e-02
5.601926520466804504e-02
6.170096620917320251e-02
7.864892482757568359e-02
1.031616479158401489e-01
1.078847423195838928e-01
1.139949932694435120e-01
1.071552261710166931e-01
9.946591407060623169e-02
8.886259794235229492e-02
4.584196954965591431e-02
5.102693568915128708e-03
-2.183390036225318909e-02
-6.416222453117370605e-02
-8.319976180791854858e-02
-1.637960970401763916e-01
-2.184872776269912720e-01
-2.417154610157012939e-01
-1.962780058383941650e-01
-1.220309361815452576e-01
-6.183481961488723755e-02
-1.076715998351573944e-02
-6.942830048501491547e-03
-8.749279193580150604e-03
-5.503391847014427185e-03
5.044867866672575474e-04
6.034012418240308762e-03
8.366963826119899750e-03
2.352011203765869141e-02
3.259679302573204041e-02
6.228641420602798462e-02
7.416594773530960083e-02
8.532258123159408569e-02
9.494831413030624390e-02
1.041280627250671387e-01
1.137628182768821716e-01
1.154530644416809082e-01
1.111668199300765991e-01
7.134810835123062134e-02
6.879681348800659180e-02
3.839708119630813599e-02
2.786478772759437561e-02
-9.999000000000000000e+03
-9.999000000000000000e+03
-9.999000000000000000e+03
-9.999000000000000000e+03
-9.999000000000000000e+03
-9.999000000000000000e+03
-2.080842852592468262e-01
-2.401230037212371826e-01
-1.592586487531661987e-01
-8.503223955631256104e-02
-1.139642018824815750e-02
-3.387379925698041916e-03
3.177939914166927338e-03
1.335564348846673965e-02
3.463369794189929962e-03
-6.314474157989025116e-03
-2.865090267732739449e-03
1.008487492799758911e-02
3.454486653208732605e-02
7.254975289106369019e-02
9.177844226360321045e-02
1.152469292283058167e-01
1.140274479985237122e-01
1.135723665356636047e-01
1.045835986733436584e-01
9.619777649641036987e-02
1.028564795851707458e-01
-9.999000000000000000e+03
-9.999000000000000000e+03
-9.999000000000000000e+03
-9.999000000000000000e+03
-9.999000000000000000e+03
-9.999000000000000000e+03
-9.999000000000000000e+03
-9.999000000000000000e+03
-9.999000000000000000e+03
-9.999000000000000000e+03
-1.650673896074295044e-01
-2.189050465822219849e-01
-1.990467607975006104e-01
-1.277920603752136230e-01
-2.038069255650043488e-02
-1.605011150240898132e-02
2.869450021535158157e-03
8.035365492105484009e-03
-4.278817214071750641e-03
-2.181856520473957062e-02
-1.903722807765007019e-02
4.222464282065629959e-03
5.535136908292770386e-02
1.047873944044113159e-01
1.133746430277824402e-01
1.260253638029098511e-01
1.247359067201614380e-01
1.087031736969947815e-01
5.331826210021972656e-02
5.788762867450714111e-02
-9.999000000000000000e+03
-9.999000000000000000e+03
-9.999000000000000000e+03
-9.999000000000000000e+03
-9.999000000000000000e+03
-9.999000000000000000e+03
-9.999000000000000000e+03
-9.999000000000000000e+03
-9.999000000000000000e+03
-9.999000000000000000e+03
-9.999000000000000000e+03
-9.999000000000000000e+03
-1.390053182840347290e-01
-1.672949790954589844e-01
-9.880032390356063843e-02
-5.685087665915489197e-02
-6.227019801735877991e-02
-4.180238768458366394e-02
-2.207778580486774445e-02
-2.369982562959194183e-02
-3.080538660287857056e-02
-1.452138274908065796e-02
2.989718690514564514e-02
8.438358455896377563e-02
1.075545474886894226e-01
1.122355610132217407e-01
1.444746702909469604e-01
9.634012728929519653e-02
1.003181263804435730e-01
-9.999000000000000000e+03
-9.999000000000000000e+03
-9.999000000000000000e+03
-9.999000000000000000e+03
-9.999000000000000000e+03
-9.999000000000000000e+03
-9.999000000000000000e+03
-9.999000000000000000e+03
-9.999000000000000000e+03
-9.999000000000000000e+03
-9.999000000000000000e+03
-9.999000000000000000e+03
-9.999000000000000000e+03
-9.999000000000000000e+03
-9.999000000000000000e+03
-1.247553527355194092e-01
-8.572898805141448975e-02
-9.999000000000000000e+03
-7.934220135211944580e-02
-7.860916107892990112e-02
-5.155213549733161926e-02
-2.841209061443805695e-02
-2.184509858489036560e-02
1.028022263199090958e-03
7.775136083364486694e-02
1.010408625006675720e-01
9.843584150075912476e-02
1.178607717156410217e-01
1.279784440994262695e-01
7.361408323049545288e-02
-9.999000000000000000e+03
-9.999000000000000000e+03
-9.999000000000000000e+03
-9.999000000000000000e+03
-9.999000000000000000e+03
-9.999000000000000000e+03
-9.999000000000000000e+03
-9.999000000000000000e+03
-9.999000000000000000e+03
-9.999000000000000000e+03
-9.999000000000000000e+03
-9.999000000000000000e+03
-9.999000000000000000e+03
-9.999000000000000000e+03
-9.999000000000000000e+03
-9.999000000000000000e+03
-5.585055053234100342e-02
-4.100501537322998047e-02
-9.999000000000000000e+03
-9.999000000000000000e+03
-9.955316036939620972e-02
-6.662834435701370239e-02
-3.098318539559841156e-02
-6.434896495193243027e-03
4.868188500404357910e-02
9.455160051584243774e-02
9.667535126209259033e-02
9.187679737806320190e-02
1.037962585687637329e-01
2.299628220498561859e-02
-9.999000000000000000e+03
-9.999000000000000000e+03
-9.999000000000000000e+03
-9.999000000000000000e+03
-9.999000000000000000e+03
-9.999000000000000000e+03
-9.999000000000000000e+03
-9.999000000000000000e+03
-9.999000000000000000e+03
-9.999000000000000000e+03
-9.999000000000000000e+03
-9.999000000000000000e+03
-9.999000000000000000e+03
-9.999000000000000000e+03
-9.999000000000000000e+03
-9.999000000000000000e+03
-9.999000000000000000e+03
-2.309397980570793152e-02
-1.950066909193992615e-02
-9.999000000000000000e+03
-9.999000000000000000e+03
-7.429641485214233398e-02
-6.930433958768844604e-02
-3.338973969221115112e-02
4.520481452345848083e-03
6.907417625188827515e-02
8.689338713884353638e-02
9.653183072805404663e-02
9.225800633430480957e-02
7.359085977077484131e-02
2.994809113442897797e-02
-9.999000000000000000e+03
-9.999000000000000000e+03
-9.999000000000000000e+03
-9.999000000000000000e+03
-9.999000000000000000e+03
-9.999000000000000000e+03
-9.999000000000000000e+03
-9.999000000000000000e+03
-9.999000000000000000e+03
-9.999000000000000000e+03
-9.999000000000000000e+03
-9.999000000000000000e+03
-9.999000000000000000e+03
-9.999000000000000000e+03
-9.999000000000000000e+03
-9.999000000000000000e+03
-9.999000000000000000e+03
-9.999000000000000000e+03
-9.999000000000000000e+03
-9.999000000000000000e+03
-9.999000000000000000e+03
-5.275705456733703613e-02
-5.821965634822845459e-02
-2.092766575515270233e-02
2.410495467483997345e-02
4.029016941785812378e-02
7.061357051134109497e-02
1.140138134360313416e-01
9.666575491428375244e-02
4.799792915582656860e-02
3.234441578388214111e-02
-9.999000000000000000e+03
-9.999000000000000000e+03
-9.999000000000000000e+03
-9.999000000000000000e+03
-9.999000000000000000e+03
-9.999000000000000000e+03
-9.999000000000000000e+03
-9.999000000000000000e+03
-9.999000000000000000e+03
-9.999000000000000000e+03
-9.999000000000000000e+03
-9.999000000000000000e+03
-9.999000000000000000e+03
-9.999000000000000000e+03
-9.999000000000000000e+03
-9.999000000000000000e+03
-9.999000000000000000e+03
-9.999000000000000000e+03
-9.999000000000000000e+03
-9.999000000000000000e+03
-9.999000000000000000e+03
-9.999000000000000000e+03
-4.371985793113708496e-02
-2.501725777983665466e-02
2.080040983855724335e-02
-4.660298675298690796e-02
4.383581504225730896e-02
1.123888492584228516e-01
1.350259482860565186e-01
8.755445480346679688e-02
-9.999000000000000000e+03
-9.999000000000000000e+03
-9.999000000000000000e+03
-9.999000000000000000e+03
-9.999000000000000000e+03
-9.999000000000000000e+03
-9.999000000000000000e+03
-9.999000000000000000e+03
-9.999000000000000000e+03
-9.999000000000000000e+03
-9.999000000000000000e+03
-9.999000000000000000e+03
-9.999000000000000000e+03
-9.999000000000000000e+03
-9.999000000000000000e+03
-9.999000000000000000e+03
-9.999000000000000000e+03
-9.999000000000000000e+03
-9.999000000000000000e+03
-9.999000000000000000e+03
-9.999000000000000000e+03
-9.999000000000000000e+03
-9.999000000000000000e+03
-3.433987498283386230e-02
-1.604143157601356506e-02
-2.035936526954174042e-02
-7.035406678915023804e-02
2.324771322309970856e-02
1.273922324180603027e-01
1.723865270614624023e-01
1.493543982505798340e-01
1.016103997826576233e-01
-9.999000000000000000e+03
-9.999000000000000000e+03
-9.999000000000000000e+03
-9.999000000000000000e+03
-9.999000000000000000e+03
-9.999000000000000000e+03
-9.999000000000000000e+03
-9.999000000000000000e+03
-9.999000000000000000e+03
-9.999000000000000000e+03
-9.999000000000000000e+03
-9.999000000000000000e+03
-9.999000000000000000e+03
-9.999000000000000000e+03
-9.999000000000000000e+03
-9.999000000000000000e+03
-9.999000000000000000e+03
-9.999000000000000000e+03
-9.999000000000000000e+03
-9.999000000000000000e+03
-9.999000000000000000e+03
-9.999000000000000000e+03
-9.999000000000000000e+03
-3.280475735664367676e-02
-5.253626033663749695e-02
-5.603763461112976074e-02
1.148571074008941650e-02
5.553004145622253418e-02
2.961065992712974548e-02
9.549579769372940063e-02
9.476354718208312988e-02
-9.999000000000000000e+03
-9.999000000000000000e+03
-9.999000000000000000e+03
-9.999000000000000000e+03
-9.999000000000000000e+03
-9.999000000000000000e+03
-9.999000000000000000e+03
-9.999000000000000000e+03
-9.999000000000000000e+03
-9.999000000000000000e+03
-9.999000000000000000e+03
-9.999000000000000000e+03
-9.999000000000000000e+03
-9.999000000000000000e+03
-9.999000000000000000e+03
-9.999000000000000000e+03
-9.999000000000000000e+03
-9.999000000000000000e+03
-9.999000000000000000e+03
-9.999000000000000000e+03
-9.999000000000000000e+03
-9.999000000000000000e+03
-9.999000000000000000e+03
-4.533562436699867249e-02
-7.790374010801315308e-02
-8.280820399522781372e-02
-8.712088316679000854e-02
-1.173015385866165161e-01
-1.419916749000549316e-01
-7.436698675155639648e-02
2.488458901643753052e-02
8.459785580635070801e-02
-9.999000000000000000e+03
-9.999000000000000000e+03
-9.999000000000000000e+03
-9.999000000000000000e+03
-9.999000000000000000e+03
-9.999000000000000000e+03
-9.999000000000000000e+03
-9.999000000000000000e+03
-9.999000000000000000e+03
-9.999000000000000000e+03
-9.999000000000000000e+03
-9.999000000000000000e+03
-9.999000000000000000e+03
-9.999000000000000000e+03
-9.999000000000000000e+03
-9.999000000000000000e+03
-9.999000000000000000e+03
-9.999000000000000000e+03
-9.999000000000000000e+03
-9.999000000000000000e+03
-9.999000000000000000e+03
-9.999000000000000000e+03
1.161627471446990967e-02
-4.388019442558288574e-02
-8.296876400709152222e-02
-1.202179342508316040e-01
-1.496055871248245239e-01
-1.775539368391036987e-01
-1.228242143988609314e-01
1.627497025765478611e-03
9.947984665632247925e-02
3.910146281123161316e-02
-1.588961458764970303e-03
1.893910765647888184e-02
1.164233125746250153e-02
-9.999000000000000000e+03
-9.999000000000000000e+03
-9.999000000000000000e+03
-9.999000000000000000e+03
-9.999000000000000000e+03
-9.999000000000000000e+03
-9.999000000000000000e+03
-9.999000000000000000e+03
-9.999000000000000000e+03
-9.999000000000000000e+03
-9.999000000000000000e+03
-9.999000000000000000e+03
-9.999000000000000000e+03
-9.999000000000000000e+03
-9.999000000000000000e+03
-9.999000000000000000e+03
-9.999000000000000000e+03
4.661005921661853790e-03
9.602750651538372040e-03
-1.319071627222001553e-03
-5.302002280950546265e-02
-9.709128737449645996e-02
-1.405511796474456787e-01
-1.421713829040527344e-01
-1.064363867044448853e-01
-2.976527623832225800e-02
6.404735893011093140e-02
2.438180707395076752e-02
3.143291175365447998e-02
1.583899557590484619e-02
5.964388605207204819e-03
-9.999000000000000000e+03
-9.999000000000000000e+03
-9.999000000000000000e+03
-9.999000000000000000e+03
-9.999000000000000000e+03
-9.999000000000000000e+03
-9.999000000000000000e+03
-9.999000000000000000e+03
-9.999000000000000000e+03
-9.999000000000000000e+03
-9.999000000000000000e+03
-9.999000000000000000e+03
-9.999000000000000000e+03
-9.999000000000000000e+03
-9.999000000000000000e+03
1.857957616448402405e-02
1.087165810167789459e-02
-3.671414451673626900e-03
1.017645094543695450e-02
-4.670471884310245514e-03
-3.366180881857872009e-02
-6.401348114013671875e-02
-1.045241281390190125e-01
-1.260747909545898438e-01
-1.072570979595184326e-01
-4.264827817678451538e-02
1.496938872151076794e-03
5.388425290584564209e-02
6.359397619962692261e-02
-9.999000000000000000e+03
-9.999000000000000000e+03
-9.999000000000000000e+03
-9.999000000000000000e+03
-9.999000000000000000e+03
-9.999000000000000000e+03
-9.999000000000000000e+03
-9.999000000000000000e+03
-9.999000000000000000e+03
-9.999000000000000000e+03
-9.999000000000000000e+03
-9.999000000000000000e+03
-9.999000000000000000e+03
-9.999000000000000000e+03
-9.999000000000000000e+03
-9.999000000000000000e+03
2.063741907477378845e-02
3.317213058471679688e-02
5.709106475114822388e-02
4.959012567996978760e-02
2.969304285943508148e-02
-3.077115165069699287e-03
-4.128767549991607666e-02
-4.821978509426116943e-02
-6.277753412723541260e-02
-8.625526726245880127e-02
-1.054081097245216370e-01
-7.736186683177947998e-02
-3.168851509690284729e-02
7.043507695198059082e-02
-9.999000000000000000e+03
-9.999000000000000000e+03
-9.999000000000000000e+03
-9.999000000000000000e+03
-9.999000000000000000e+03
-9.999000000000000000e+03
-9.999000000000000000e+03
-9.999000000000000000e+03
-9.999000000000000000e+03
-9.999000000000000000e+03
-9.999000000000000000e+03
-9.999000000000000000e+03
-9.999000000000000000e+03
-9.999000000000000000e+03
-9.999000000000000000e+03
-9.999000000000000000e+03
-9.999000000000000000e+03
2.802416682243347168e-02
4.637334123253822327e-02
1.118340864777565002e-01
7.764767110347747803e-02
3.354405239224433899e-02
-1.273031532764434814e-02
-4.490967839956283569e-02
-4.470901563763618469e-02
-3.290407732129096985e-02
-6.036711111664772034e-02
-7.050956785678863525e-02
-5.623007193207740784e-02
-1.917498558759689331e-02
3.610377013683319092e-02
-9.999000000000000000e+03
-9.999000000000000000e+03
-9.999000000000000000e+03
-9.999000000000000000e+03
-9.999000000000000000e+03
-9.999000000000000000e+03
-9.999000000000000000e+03
-9.999000000000000000e+03
-9.999000000000000000e+03
-9.999000000000000000e+03
-9.999000000000000000e+03
-9.999000000000000000e+03
-9.999000000000000000e+03
-9.999000000000000000e+03
-9.999000000000000000e+03
-9.999000000000000000e+03
-9.999000000000000000e+03
6.664563715457916260e-02
1.142503395676612854e-01
1.290208846330642700e-01
9.195874631404876709e-02
3.951127082109451294e-02
-2.947564795613288879e-02
-5.609248951077461243e-02
-4.903307557106018066e-02
-2.471740357577800751e-02
-2.788392454385757446e-02
-4.172459989786148071e-02
-3.068018518388271332e-02
-2.742444165050983429e-02
-9.999000000000000000e+03
-9.999000000000000000e+03
-9.999000000000000000e+03
-9.999000000000000000e+03
-9.999000000000000000e+03
-9.999000000000000000e+03
-9.999000000000000000e+03
-9.999000000000000000e+03
-9.999000000000000000e+03
-9.999000000000000000e+03
-9.999000000000000000e+03
-9.999000000000000000e+03
-9.999000000000000000e+03
-9.999000000000000000e+03
-9.999000000000000000e+03
-9.999000000000000000e+03
-9.999000000000000000e+03
-9.999000000000000000e+03
9.130484610795974731e-02
1.328585892915725708e-01
1.140787973999977112e-01
7.670341432094573975e-02
6.817013490945100784e-03
-4.640547558665275574e-02
-6.665568053722381592e-02
-6.533130258321762085e-02
-1.791440695524215698e-02
7.094665896147489548e-03
-7.654343498870730400e-04
-2.147061936557292938e-02
-9.999000000000000000e+03
-9.999000000000000000e+03
-9.999000000000000000e+03
-9.999000000000000000e+03
-9.999000000000000000e+03
-9.999000000000000000e+03
-9.999000000000000000e+03
-9.999000000000000000e+03
-9.999000000000000000e+03
-9.999000000000000000e+03
-9.999000000000000000e+03
-9.999000000000000000e+03
-9.999000000000000000e+03
-9.999000000000000000e+03
-9.999000000000000000e+03
-9.999000000000000000e+03
-9.999000000000000000e+03
-9.999000000000000000e+03
-9.999000000000000000e+03
8.559982478618621826e-02
1.094489395618438721e-01
1.012279540300369263e-01
7.033521682024002075e-02
-4.594784975051879883e-02
-5.937086790800094604e-02
-5.638482049107551575e-02
-3.257736191153526306e-02
-1.164561696350574493e-02
-2.877827733755111694e-03
-9.999000000000000000e+03
-9.999000000000000000e+03
-9.999000000000000000e+03
-9.999000000000000000e+03
-9.999000000000000000e+03
-9.999000000000000000e+03
-9.999000000000000000e+03
-9.999000000000000000e+03
-9.999000000000000000e+03
-9.999000000000000000e+03
-9.999000000000000000e+03
-9.999000000000000000e+03
-9.999000000000000000e+03
-9.999000000000000000e+03
-9.999000000000000000e+03
-9.999000000000000000e+03
-9.999000000000000000e+03
-9.999000000000000000e+03
-9.999000000000000000e+03
-9.999000000000000000e+03
-9.999000000000000000e+03
6.754416227340698242e-02
8.245506137609481812e-02
6.353461742401123047e-02
7.026685401797294617e-03
-3.855578228831291199e-02
-4.338371008634567261e-02
-9.999000000000000000e+03
-9.999000000000000000e+03
-9.999000000000000000e+03
-9.999000000000000000e+03
-9.999000000000000000e+03
-9.999000000000000000e+03
-9.999000000000000000e+03
-9.999000000000000000e+03
-9.999000000000000000e+03
-9.999000000000000000e+03
-9.999000000000000000e+03
-9.999000000000000000e+03
-9.999000000000000000e+03
-9.999000000000000000e+03
-9.999000000000000000e+03
-9.999000000000000000e+03
-9.999000000000000000e+03
-9.999000000000000000e+03
-9.999000000000000000e+03
-9.999000000000000000e+03
-9.999000000000000000e+03
-9.999000000000000000e+03
-9.999000000000000000e+03
-9.999000000000000000e+03
-9.999000000000000000e+03
3.027649410068988800e-02
3.837982565164566040e-02
4.320022463798522949e-02
-9.999000000000000000e+03
-9.999000000000000000e+03
-9.999000000000000000e+03
-9.999000000000000000e+03
-9.999000000000000000e+03
-9.999000000000000000e+03
-9.999000000000000000e+03
-9.999000000000000000e+03
-9.999000000000000000e+03
-9.999000000000000000e+03
-9.999000000000000000e+03
-9.999000000000000000e+03
-9.999000000000000000e+03
-9.999000000000000000e+03
-9.999000000000000000e+03
-9.999000000000000000e+03
-9.999000000000000000e+03
-9.999000000000000000e+03
-9.999000000000000000e+03
-9.999000000000000000e+03
-9.999000000000000000e+03
-9.999000000000000000e+03
-9.999000000000000000e+03
-9.999000000000000000e+03
-9.999000000000000000e+03
-9.999000000000000000e+03
-9.999000000000000000e+03
-9.999000000000000000e+03
