-1.267789602279663086e-01
-7.898876070976257324e-02
-3.597835451364517212e-02
2.855716459453105927e-02
1.018859744071960449e-01
1.642902940511703491e-01
2.198407351970672607e-01
2.585522234439849854e-01
2.853396534919738770e-01
3.090664148330688477e-01
3.061062395572662354e-01
-9.999000000000000000e+03
-9.999000000000000000e+03
-9.999000000000000000e+03
-9.999000000000000000e+03
-9.999000000000000000e+03
-9.999000000000000000e+03
-9.999000000000000000e+03
-9.999000000000000000e+03
-9.999000000000000000e+03
-9.999000000000000000e+03
-9.999000000000000000e+03
-9.999000000000000000e+03
1.938314549624919891e-02
-1.092820148915052414e-02
2.151858434081077576e-02
4.535964503884315491e-02
3.899151459336280823e-02
3.823799639940261841e-02
3.044719994068145752e-02
3.523744270205497742e-02
-1.050738245248794556e-01
-7.136254757642745972e-02
-3.279271349310874939e-02
2.160281315445899963e-02
1.019218415021896362e-01
1.749866008758544922e-01
2.305292040109634399e-01
2.637092471122741699e-01
2.801097929477691650e-01
2.980054020881652832e-01
2.966321706771850586e-01
1.662672609090805054e-01
-9.999000000000000000e+03
-9.999000000000000000e+03
-9.999000000000000000e+03
-9.999000000000000000e+03
-9.999000000000000000e+03
-9.999000000000000000e+03
-9.999000000000000000e+03
-9.999000000000000000e+03
-9.999000000000000000e+03
-1.248247176408767700e-02
-5.015106406062841415e-03
1.100276689976453781e-02
4.219388123601675034e-03
2.379115670919418335e-02
2.629008330404758453e-02
2.326742187142372131e-02
2.052742801606655121e-02
2.721829898655414581e-02
4.072080925107002258e-02
-1.006441861391067505e-01
-5.252145230770111084e-02
-1.102379057556390762e-02
5.128829926252365112e-02
1.165006384253501892e-01
1.780013293027877808e-01
2.254637032747268677e-01
2.570321559906005859e-01
2.678748965263366699e-01
2.715013027191162109e-01
2.527897655963897705e-01
1.674822121858596802e-01
-9.999000000000000000e+03
-9.999000000000000000e+03
-9.999000000000000000e+03
-9.999000000000000000e+03
-9.999000000000000000e+03
-9.999000000000000000e+03
-9.999000000000000000e+03
-4.448032751679420471e-02
-3.324706479907035828e-02
-2.249127998948097229e-02
-1.418041810393333435e-02
3.301405115053057671e-03
2.413954772055149078e-02
2.790723368525505066e-02
1.887126639485359192e-02
6.064419634640216827e-03
9.106641635298728943e-03
2.199209108948707581e-02
1.764093339443206787e-02
-7.538353651762008667e-02
-2.926999144256114960e-02
8.812821470201015472e-03
6.518584489822387695e-02
1.355151534080505371e-01
1.943210214376449585e-01
2.238184064626693726e-01
2.427611052989959717e-01
2.419973611831665039e-01
2.432455569505691528e-01
2.311854809522628784e-01
1.646363735198974609e-01
7.806490361690521240e-02
-9.999000000000000000e+03
-9.999000000000000000e+03
-9.999000000000000000e+03
-4.151375219225883484e-02
-6.205694749951362610e-02
-7.137117534875869751e-02
-4.074179753661155701e-02
-1.593962870538234711e-02
-2.426469727652147412e-04
1.651957258582115173e-02
1.623661071062088013e-02
2.403184771537780762e-02
1.880369894206523895e-02
-3.021538432221859694e-04
-1.892256550490856171e-02
-2.973848953843116760e-02
-2.059769630432128906e-02
-1.945713721215724945e-02
-6.364386528730392456e-02
-1.743999542668461800e-03
4.747753590345382690e-02
9.002011269330978394e-02
1.396793127059936523e-01
1.796749383211135864e-01
2.027863413095474243e-01
2.135668098926544189e-01
2.041661888360977173e-01
2.019562870264053345e-01
1.730089783668518066e-01
1.090432032942771912e-01
5.001968145370483398e-02
1.030074711889028549e-02
-3.603852912783622742e-02
-5.996788293123245239e-02
-7.108450680971145630e-02
-6.432612985372543335e-02
-5.137623474001884460e-02
-2.020093426108360291e-02
1.170998252928256989e-02
4.042068496346473694e-02
6.606953591108322144e-02
4.604469239711761475e-02
2.868330851197242737e-02
-1.561708631925284863e-03
-2.735223807394504547e-02
-5.921401455998420715e-02
-7.673867046833038330e-02
-6.724496930837631226e-02
-6.025778502225875854e-02
-4.713444411754608154e-02
2.863644855096936226e-03
5.255668610334396362e-02
9.564081579446792603e-02
1.431666463613510132e-01
1.680344343185424805e-01
1.720222830772399902e-01
1.793464422225952148e-01
1.793457418680191040e-01
1.743474900722503662e-01
1.213272809982299805e-01
4.734810441732406616e-02
8.450366556644439697e-03
-2.776573039591312408e-02
-5.315861105918884277e-02
-6.502659618854522705e-02
-6.323430687189102173e-02
-2.955844812095165253e-02
-1.001387368887662888e-02
3.542406857013702393e-02
5.614850670099258423e-02
7.025571912527084351e-02
7.607635855674743652e-02
5.336911603808403015e-02
1.731655187904834747e-02
-3.519050776958465576e-02
-6.868383288383483887e-02
-1.015314832329750061e-01
-1.192508041858673096e-01
-1.129328981041908264e-01
-1.058982983231544495e-01
-2.820209972560405731e-02
2.140818163752555847e-02
6.924927979707717896e-02
1.005028337240219116e-01
1.289165914058685303e-01
1.471218913793563843e-01
1.553746312856674194e-01
1.644529700279235840e-01
1.626054048538208008e-01
1.254900842905044556e-01
7.674069702625274658e-02
2.390738576650619507e-02
-9.921346791088581085e-03
-4.289805889129638672e-02
-3.765193372964859009e-02
-3.014219552278518677e-02
-4.681333899497985840e-03
2.421376667916774750e-02
3.536600619554519653e-02
6.437561661005020142e-02
7.415978610515594482e-02
7.810267806053161621e-02
5.737517401576042175e-02
2.677106484770774841e-02
-1.607871428132057190e-02
-5.422871932387351990e-02
-9.274326264858245850e-02
-1.322994828224182129e-01
-1.538643985986709595e-01
-1.458622962236404419e-01
-1.333076655864715576e-01
-1.867621392011642456e-02
2.224384807050228119e-02
8.127085864543914795e-02
9.484628587961196899e-02
1.103357821702957153e-01
1.288109123706817627e-01
1.467693299055099487e-01
1.563639789819717407e-01
1.456845253705978394e-01
8.705387264490127563e-02
2.873721346259117126e-02
-1.208626478910446167e-02
-1.118814758956432343e-02
-6.781463976949453354e-03
1.179851498454809189e-02
1.899434626102447510e-02
4.643321037292480469e-02
6.262246519327163696e-02
6.445340067148208618e-02
6.620612740516662598e-02
6.766193360090255737e-02
6.554660201072692871e-02
4.580717161297798157e-02
6.682548555545508862e-04
-5.055956542491912842e-02
-9.224639832973480225e-02
-1.275099813938140869e-01
-1.608299762010574341e-01
-1.784403771162033081e-01
-1.691754311323165894e-01
-1.559017002582550049e-01
-7.855314761400222778e-03
3.314655274152755737e-02
6.636606156826019287e-02
7.272391766309738159e-02
9.076191484928131104e-02
1.121074035763740540e-01
1.388280689716339111e-01
1.296313554048538208e-01
9.973641484975814819e-02
5.315619707107543945e-02
1.810598559677600861e-02
-2.470524748787283897e-03
2.478772401809692383e-02
4.738310724496841431e-02
6.060889363288879395e-02
6.243740394711494446e-02
6.988804042339324951e-02
6.691170483827590942e-02
5.896454304456710815e-02
5.904281139373779297e-02
5.905767530202865601e-02
5.289841443300247192e-02
3.003923408687114716e-02
2.395802875980734825e-04
-3.082740120589733124e-02
-8.937832713127136230e-02
-1.391962021589279175e-01
-1.883780807256698608e-01
-2.036743313074111938e-01
-1.943114101886749268e-01
-1.742581874132156372e-01
1.561535336077213287e-02
3.408718481659889221e-02
4.468995332717895508e-02
4.991633817553520203e-02
8.034000545740127563e-02
1.110103651881217957e-01
1.214904338121414185e-01
1.096446290612220764e-01
8.637465536594390869e-02
4.041970893740653992e-02
2.096214331686496735e-02
4.415931180119514465e-02
6.379757821559906006e-02
7.253909856081008911e-02
7.802401483058929443e-02
8.031383901834487915e-02
7.765961438417434692e-02
4.276622086763381958e-02
3.453358635306358337e-02
2.818168699741363525e-02
4.418744519352912903e-02
-9.999000000000000000e+03
-9.999000000000000000e+03
-9.999000000000000000e+03
-9.999000000000000000e+03
-9.999000000000000000e+03
-9.999000000000000000e+03
-1.398163586854934692e-01
-1.974182724952697754e-01
-2.060586810111999512e-01
-1.781765669584274292e-01
-2.038071677088737488e-02
-3.530201793182641268e-04
2.308475039899349213e-02
4.157854244112968445e-02
7.516787201166152954e-02
9.747552126646041870e-02
1.065840646624565125e-01
9.863089770078659058e-02
7.930346578359603882e-02
6.237264350056648254e-02
5.051168054342269897e-02
9.326610714197158813e-02
8.597114682197570801e-02
8.140464127063751221e-02
7.722349464893341064e-02
7.037474960088729858e-02
7.583051174879074097e-02
-9.999000000000000000e+03
-9.999000000000000000e+03
-9.999000000000000000e+03
-9.999000000000000000e+03
-9.999000000000000000e+03
-9.999000000000000000e+03
-9.999000000000000000e+03
-9.999000000000000000e+03
-9.999000000000000000e+03
-9.999000000000000000e+03
-1.195455044507980347e-01
-1.808945238590240479e-01
-2.048429250717163086e-01
-1.819460690021514893e-01
-7.135047018527984619e-02
-3.467952460050582886e-02
7.152816746383905411e-03
3.948622196912765503e-02
6.324904412031173706e-02
8.373108506202697754e-02
1.026534289121627808e-01
9.611162543296813965e-02
8.902285993099212646e-02
1.118557378649711609e-01
1.122955754399299622e-01
1.128155663609504700e-01
9.829436987638473511e-02
8.256158232688903809e-02
4.331382736563682556e-02
4.035428166389465332e-02
-9.999000000000000000e+03
-9.999000000000000000e+03
-9.999000000000000000e+03
-9.999000000000000000e+03
-9.999000000000000000e+03
-9.999000000000000000e+03
-9.999000000000000000e+03
-9.999000000000000000e+03
-9.999000000000000000e+03
-9.999000000000000000e+03
-9.999000000000000000e+03
-9.999000000000000000e+03
-1.177309155464172363e-01
-1.688121110200881958e-01
-1.368186324834823608e-01
-6.024792045354843140e-02
-5.147856101393699646e-02
-1.764946430921554565e-02
1.463853940367698669e-02
4.670430347323417664e-02
8.570253849029541016e-02
9.524970501661300659e-02
1.060470640659332275e-01
1.219964101910591125e-01
1.465338766574859619e-01
1.434710025787353516e-01
1.215413734316825867e-01
8.966094255447387695e-02
9.046215564012527466e-02
-9.999000000000000000e+03
-9.999000000000000000e+03
-9.999000000000000000e+03
-9.999000000000000000e+03
-9.999000000000000000e+03
-9.999000000000000000e+03
-9.999000000000000000e+03
-9.999000000000000000e+03
-9.999000000000000000e+03
-9.999000000000000000e+03
-9.999000000000000000e+03
-9.999000000000000000e+03
-9.999000000000000000e+03
-9.999000000000000000e+03
-9.999000000000000000e+03
-1.232234165072441101e-01
-9.738109260797500610e-02
-9.999000000000000000e+03
-5.382759869098663330e-02
-4.522696137428283691e-02
-1.709973812103271484e-02
2.832246385514736176e-02
6.528417766094207764e-02
8.469605445861816406e-02
1.274751573801040649e-01
1.620325446128845215e-01
1.563827991485595703e-01
1.346807777881622314e-01
1.103637814521789551e-01
7.603508979082107544e-02
-9.999000000000000000e+03
-9.999000000000000000e+03
-9.999000000000000000e+03
-9.999000000000000000e+03
-9.999000000000000000e+03
-9.999000000000000000e+03
-9.999000000000000000e+03
-9.999000000000000000e+03
-9.999000000000000000e+03
-9.999000000000000000e+03
-9.999000000000000000e+03
-9.999000000000000000e+03
-9.999000000000000000e+03
-9.999000000000000000e+03
-9.999000000000000000e+03
-9.999000000000000000e+03
-6.901130825281143188e-02
-4.874485731124877930e-02
-9.999000000000000000e+03
-9.999000000000000000e+03
-6.469169259071350098e-02
-3.198563680052757263e-02
2.723350375890731812e-02
6.735111027956008911e-02
1.040962338447570801e-01
1.323755234479904175e-01
1.476567536592483521e-01
1.342693269252777100e-01
1.000171750783920288e-01
5.175562202930450439e-02
-9.999000000000000000e+03
-9.999000000000000000e+03
-9.999000000000000000e+03
-9.999000000000000000e+03
-9.999000000000000000e+03
-9.999000000000000000e+03
-9.999000000000000000e+03
-9.999000000000000000e+03
-9.999000000000000000e+03
-9.999000000000000000e+03
-9.999000000000000000e+03
-9.999000000000000000e+03
-9.999000000000000000e+03
-9.999000000000000000e+03
-9.999000000000000000e+03
-9.999000000000000000e+03
-9.999000000000000000e+03
-4.069925099611282349e-02
-3.234660625457763672e-02
-9.999000000000000000e+03
-9.999000000000000000e+03
-4.136057198047637939e-02
-1.956657320261001587e-02
2.633905597031116486e-02
7.279132306575775146e-02
1.205607652664184570e-01
1.264443993568420410e-01
1.205928996205329895e-01
1.082900688052177429e-01
9.154661744832992554e-02
8.727913349866867065e-02
-9.999000000000000000e+03
-9.999000000000000000e+03
-9.999000000000000000e+03
-9.999000000000000000e+03
-9.999000000000000000e+03
-9.999000000000000000e+03
-9.999000000000000000e+03
-9.999000000000000000e+03
-9.999000000000000000e+03
-9.999000000000000000e+03
-9.999000000000000000e+03
-9.999000000000000000e+03
-9.999000000000000000e+03
-9.999000000000000000e+03
-9.999000000000000000e+03
-9.999000000000000000e+03
-9.999000000000000000e+03
-9.999000000000000000e+03
-9.999000000000000000e+03
-9.999000000000000000e+03
-9.999000000000000000e+03
-2.424010448157787323e-02
-4.184530582278966904e-03
2.796806767582893372e-02
7.383251190185546875e-02
1.095412746071815491e-01
1.254047006368637085e-01
1.273263990879058838e-01
1.170622184872627258e-01
8.396520465612411499e-02
6.879653036594390869e-02
-9.999000000000000000e+03
-9.999000000000000000e+03
-9.999000000000000000e+03
-9.999000000000000000e+03
-9.999000000000000000e+03
-9.999000000000000000e+03
-9.999000000000000000e+03
-9.999000000000000000e+03
-9.999000000000000000e+03
-9.999000000000000000e+03
-9.999000000000000000e+03
-9.999000000000000000e+03
-9.999000000000000000e+03
-9.999000000000000000e+03
-9.999000000000000000e+03
-9.999000000000000000e+03
-9.999000000000000000e+03
-9.999000000000000000e+03
-9.999000000000000000e+03
-9.999000000000000000e+03
-9.999000000000000000e+03
-9.999000000000000000e+03
-1.342971716076135635e-02
1.567165367305278778e-02
6.276386231184005737e-02
1.022022292017936707e-01
1.198995560407638550e-01
1.453080177307128906e-01
1.484068334102630615e-01
8.670039474964141846e-02
-9.999000000000000000e+03
-9.999000000000000000e+03
-9.999000000000000000e+03
-9.999000000000000000e+03
-9.999000000000000000e+03
-9.999000000000000000e+03
-9.999000000000000000e+03
-9.999000000000000000e+03
-9.999000000000000000e+03
-9.999000000000000000e+03
-9.999000000000000000e+03
-9.999000000000000000e+03
-9.999000000000000000e+03
-9.999000000000000000e+03
-9.999000000000000000e+03
-9.999000000000000000e+03
-9.999000000000000000e+03
-9.999000000000000000e+03
-9.999000000000000000e+03
-9.999000000000000000e+03
-9.999000000000000000e+03
-9.999000000000000000e+03
-9.999000000000000000e+03
-3.457472659647464752e-03
1.305450778454542160e-02
4.157819971442222595e-02
6.378526985645294189e-02
1.011836081743240356e-01
1.504163295030593872e-01
1.611083745956420898e-01
9.561245888471603394e-02
5.083730071783065796e-02
-9.999000000000000000e+03
-9.999000000000000000e+03
-9.999000000000000000e+03
-9.999000000000000000e+03
-9.999000000000000000e+03
-9.999000000000000000e+03
-9.999000000000000000e+03
-9.999000000000000000e+03
-9.999000000000000000e+03
-9.999000000000000000e+03
-9.999000000000000000e+03
-9.999000000000000000e+03
-9.999000000000000000e+03
-9.999000000000000000e+03
-9.999000000000000000e+03
-9.999000000000000000e+03
-9.999000000000000000e+03
-9.999000000000000000e+03
-9.999000000000000000e+03
-9.999000000000000000e+03
-9.999000000000000000e+03
-9.999000000000000000e+03
-9.999000000000000000e+03
1.207598950713872910e-02
2.578831464052200317e-02
3.082142211496829987e-02
4.521504789590835571e-02
8.528731763362884521e-02
5.076716467738151550e-02
5.166557803750038147e-02
6.236702948808670044e-02
-9.999000000000000000e+03
-9.999000000000000000e+03
-9.999000000000000000e+03
-9.999000000000000000e+03
-9.999000000000000000e+03
-9.999000000000000000e+03
-9.999000000000000000e+03
-9.999000000000000000e+03
-9.999000000000000000e+03
-9.999000000000000000e+03
-9.999000000000000000e+03
-9.999000000000000000e+03
-9.999000000000000000e+03
-9.999000000000000000e+03
-9.999000000000000000e+03
-9.999000000000000000e+03
-9.999000000000000000e+03
-9.999000000000000000e+03
-9.999000000000000000e+03
-9.999000000000000000e+03
-9.999000000000000000e+03
-9.999000000000000000e+03
-9.999000000000000000e+03
6.636278703808784485e-03
7.508425507694482803e-03
-3.546553896740078926e-03
-2.207570336759090424e-02
-3.198924288153648376e-02
-7.219209522008895874e-02
-5.927895754575729370e-02
1.387818530201911926e-02
7.630866765975952148e-02
-9.999000000000000000e+03
-9.999000000000000000e+03
-9.999000000000000000e+03
-9.999000000000000000e+03
-9.999000000000000000e+03
-9.999000000000000000e+03
-9.999000000000000000e+03
-9.999000000000000000e+03
-9.999000000000000000e+03
-9.999000000000000000e+03
-9.999000000000000000e+03
-9.999000000000000000e+03
-9.999000000000000000e+03
-9.999000000000000000e+03
-9.999000000000000000e+03
-9.999000000000000000e+03
-9.999000000000000000e+03
-9.999000000000000000e+03
-9.999000000000000000e+03
-9.999000000000000000e+03
-9.999000000000000000e+03
-9.999000000000000000e+03
1.546732988208532333e-02
-2.012733835726976395e-03
-1.474197488278150558e-02
-3.205762058496475220e-02
-4.057452082633972168e-02
-7.785858958959579468e-02
-8.000713586807250977e-02
-6.228170823305845261e-03
6.109026819467544556e-02
4.849143326282501221e-02
2.460828423500061035e-02
2.287002094089984894e-02
2.144172042608261108e-02
-9.999000000000000000e+03
-9.999000000000000000e+03
-9.999000000000000000e+03
-9.999000000000000000e+03
-9.999000000000000000e+03
-9.999000000000000000e+03
-9.999000000000000000e+03
-9.999000000000000000e+03
-9.999000000000000000e+03
-9.999000000000000000e+03
-9.999000000000000000e+03
-9.999000000000000000e+03
-9.999000000000000000e+03
-9.999000000000000000e+03
-9.999000000000000000e+03
-9.999000000000000000e+03
-9.999000000000000000e+03
3.865859657526016235e-02
3.413013741374015808e-02
9.421218186616897583e-03
-2.713659405708312988e-02
-4.771993309259414673e-02
-5.489509552717208862e-02
-6.034563854336738586e-02
-5.732492730021476746e-02
-2.485484257340431213e-02
1.804440282285213470e-02
1.697275601327419281e-02
3.225199878215789795e-02
1.536758337169885635e-02
2.170911058783531189e-02
-9.999000000000000000e+03
-9.999000000000000000e+03
-9.999000000000000000e+03
-9.999000000000000000e+03
-9.999000000000000000e+03
-9.999000000000000000e+03
-9.999000000000000000e+03
-9.999000000000000000e+03
-9.999000000000000000e+03
-9.999000000000000000e+03
-9.999000000000000000e+03
-9.999000000000000000e+03
-9.999000000000000000e+03
-9.999000000000000000e+03
-9.999000000000000000e+03
3.377581015229225159e-02
3.272811695933341980e-02
4.397279396653175354e-02
2.891935966908931732e-02
-5.930451210588216782e-03
-3.309385851025581360e-02
-4.018138349056243896e-02
-3.687358275055885315e-02
-3.684128075838088989e-02
-4.632580280303955078e-02
-4.099302366375923157e-02
-2.458418160676956177e-02
2.106754295527935028e-02
4.317008331418037415e-02
-9.999000000000000000e+03
-9.999000000000000000e+03
-9.999000000000000000e+03
-9.999000000000000000e+03
-9.999000000000000000e+03
-9.999000000000000000e+03
-9.999000000000000000e+03
-9.999000000000000000e+03
-9.999000000000000000e+03
-9.999000000000000000e+03
-9.999000000000000000e+03
-9.999000000000000000e+03
-9.999000000000000000e+03
-9.999000000000000000e+03
-9.999000000000000000e+03
-9.999000000000000000e+03
3.383585810661315918e-02
4.290220141410827637e-02
5.916075035929679871e-02
4.781129956245422363e-02
1.290137041360139847e-02
-3.125289455056190491e-02
-4.816661402583122253e-02
-3.734979778528213501e-02
-1.525454316288232803e-02
-1.133528631180524826e-02
-2.956067956984043121e-02
-5.084424093365669250e-02
-8.346952497959136963e-02
1.771656982600688934e-02
-9.999000000000000000e+03
-9.999000000000000000e+03
-9.999000000000000000e+03
-9.999000000000000000e+03
-9.999000000000000000e+03
-9.999000000000000000e+03
-9.999000000000000000e+03
-9.999000000000000000e+03
-9.999000000000000000e+03
-9.999000000000000000e+03
-9.999000000000000000e+03
-9.999000000000000000e+03
-9.999000000000000000e+03
-9.999000000000000000e+03
-9.999000000000000000e+03
-9.999000000000000000e+03
-9.999000000000000000e+03
6.341671198606491089e-02
7.501069456338882446e-02
9.129793941974639893e-02
4.299622029066085815e-02
-1.097698416560888290e-02
-4.359022900462150574e-02
-5.446990579366683960e-02
-4.509499669075012207e-02
-8.385390974581241608e-03
3.138718660920858383e-03
-1.144678425043821335e-02
-5.619452893733978271e-02
-5.592632293701171875e-02
-1.169372070580720901e-02
-9.999000000000000000e+03
-9.999000000000000000e+03
-9.999000000000000000e+03
-9.999000000000000000e+03
-9.999000000000000000e+03
-9.999000000000000000e+03
-9.999000000000000000e+03
-9.999000000000000000e+03
-9.999000000000000000e+03
-9.999000000000000000e+03
-9.999000000000000000e+03
-9.999000000000000000e+03
-9.999000000000000000e+03
-9.999000000000000000e+03
-9.999000000000000000e+03
-9.999000000000000000e+03
-9.999000000000000000e+03
1.082128882408142090e-01
1.211386919021606445e-01
1.003585681319236755e-01
5.237742513418197632e-02
-5.019525066018104553e-03
-3.796726465225219727e-02
-5.138951167464256287e-02
-4.886696115136146545e-02
-2.361598424613475800e-02
-5.381343886256217957e-03
-7.575613446533679962e-03
-5.639432370662689209e-02
-5.365607142448425293e-02
-9.999000000000000000e+03
-9.999000000000000000e+03
-9.999000000000000000e+03
-9.999000000000000000e+03
-9.999000000000000000e+03
-9.999000000000000000e+03
-9.999000000000000000e+03
-9.999000000000000000e+03
-9.999000000000000000e+03
-9.999000000000000000e+03
-9.999000000000000000e+03
-9.999000000000000000e+03
-9.999000000000000000e+03
-9.999000000000000000e+03
-9.999000000000000000e+03
-9.999000000000000000e+03
-9.999000000000000000e+03
-9.999000000000000000e+03
1.391817331314086914e-01
1.534023135900497437e-01
9.739663451910018921e-02
3.493911027908325195e-02
-1.577590964734554291e-02
-4.714368656277656555e-02
-5.880858749151229858e-02
-5.487539619207382202e-02
-2.135067433118820190e-02
1.184367015957832336e-02
1.450565061531960964e-03
-3.152794763445854187e-02
-9.999000000000000000e+03
-9.999000000000000000e+03
-9.999000000000000000e+03
-9.999000000000000000e+03
-9.999000000000000000e+03
-9.999000000000000000e+03
-9.999000000000000000e+03
-9.999000000000000000e+03
-9.999000000000000000e+03
-9.999000000000000000e+03
-9.999000000000000000e+03
-9.999000000000000000e+03
-9.999000000000000000e+03
-9.999000000000000000e+03
-9.999000000000000000e+03
-9.999000000000000000e+03
-9.999000000000000000e+03
-9.999000000000000000e+03
-9.999000000000000000e+03
1.246918439865112305e-01
1.357686221599578857e-01
1.030548512935638428e-01
3.698399662971496582e-02
-5.439856275916099548e-02
-7.264086604118347168e-02
-6.268093734979629517e-02
-4.056352749466896057e-02
-1.947393827140331268e-02
3.561083925887942314e-03
-9.999000000000000000e+03
-9.999000000000000000e+03
-9.999000000000000000e+03
-9.999000000000000000e+03
-9.999000000000000000e+03
-9.999000000000000000e+03
-9.999000000000000000e+03
-9.999000000000000000e+03
-9.999000000000000000e+03
-9.999000000000000000e+03
-9.999000000000000000e+03
-9.999000000000000000e+03
-9.999000000000000000e+03
-9.999000000000000000e+03
-9.999000000000000000e+03
-9.999000000000000000e+03
-9.999000000000000000e+03
-9.999000000000000000e+03
-9.999000000000000000e+03
-9.999000000000000000e+03
-9.999000000000000000e+03
1.011474728584289551e-01
1.257117390632629395e-01
6.886219978332519531e-02
9.892222471535205841e-03
-3.841469809412956238e-02
-6.236635148525238037e-02
-9.999000000000000000e+03
-9.999000000000000000e+03
-9.999000000000000000e+03
-9.999000000000000000e+03
-9.999000000000000000e+03
-9.999000000000000000e+03
-9.999000000000000000e+03
-9.999000000000000000e+03
-9.999000000000000000e+03
-9.999000000000000000e+03
-9.999000000000000000e+03
-9.999000000000000000e+03
-9.999000000000000000e+03
-9.999000000000000000e+03
-9.999000000000000000e+03
-9.999000000000000000e+03
-9.999000000000000000e+03
-9.999000000000000000e+03
-9.999000000000000000e+03
-9.999000000000000000e+03
-9.999000000000000000e+03
-9.999000000000000000e+03
-9.999000000000000000e+03
-9.999000000000000000e+03
-9.999000000000000000e+03
5.986437201499938965e-02
6.256129592657089233e-02
5.115731433033943176e-02
-9.999000000000000000e+03
-9.999000000000000000e+03
-9.999000000000000000e+03
-9.999000000000000000e+03
-9.999000000000000000e+03
-9.999000000000000000e+03
-9.999000000000000000e+03
-9.999000000000000000e+03
-9.999000000000000000e+03
-9.999000000000000000e+03
-9.999000000000000000e+03
-9.999000000000000000e+03
-9.999000000000000000e+03
-9.999000000000000000e+03
-9.999000000000000000e+03
-9.999000000000000000e+03
-9.999000000000000000e+03
-9.999000000000000000e+03
-9.999000000000000000e+03
-9.999000000000000000e+03
-9.999000000000000000e+03
-9.999000000000000000e+03
-9.999000000000000000e+03
-9.999000000000000000e+03
-9.999000000000000000e+03
-9.999000000000000000e+03
-9.999000000000000000e+03
-9.999000000000000000e+03
