1.253280639648437500e-01
1.305022090673446655e-01
1.105182245373725891e-01
8.869611471891403198e-02
1.034546643495559692e-01
9.546166658401489258e-02
9.370344877243041992e-02
8.843231201171875000e-02
6.707420200109481812e-02
5.826806649565696716e-02
6.359025370329618454e-03
-9.999000000000000000e+03
-9.999000000000000000e+03
-9.999000000000000000e+03
-9.999000000000000000e+03
-9.999000000000000000e+03
-9.999000000000000000e+03
-9.999000000000000000e+03
-9.999000000000000000e+03
-9.999000000000000000e+03
-9.999000000000000000e+03
-9.999000000000000000e+03
-9.999000000000000000e+03
-2.992349117994308472e-02
-4.340997710824012756e-02
4.524197895079851151e-03
4.456260427832603455e-02
8.125986158847808838e-02
1.064299568533897400e-01
1.193315163254737854e-01
1.211199164390563965e-01
4.965583235025405884e-02
5.584196001291275024e-02
4.318482428789138794e-02
3.035422042012214661e-02
4.412941262125968933e-02
4.423991218209266663e-02
3.961018472909927368e-02
3.955308347940444946e-02
2.643944881856441498e-02
3.016581758856773376e-02
2.922086231410503387e-02
2.209851890802383423e-02
-9.999000000000000000e+03
-9.999000000000000000e+03
-9.999000000000000000e+03
-9.999000000000000000e+03
-9.999000000000000000e+03
-9.999000000000000000e+03
-9.999000000000000000e+03
-9.999000000000000000e+03
-9.999000000000000000e+03
1.135047059506177902e-02
2.541409991681575775e-02
1.783000491559505463e-02
2.888064645230770111e-02
3.646359220147132874e-02
5.898874998092651367e-02
8.542222529649734497e-02
9.771775454282760620e-02
9.986487030982971191e-02
1.115012019872665405e-01
-2.694381959736347198e-02
-2.611229754984378815e-02
-3.810449317097663879e-02
-3.959795832633972168e-02
-9.991595521569252014e-03
-5.290675442665815353e-03
-3.334098495543003082e-03
3.260988043621182442e-03
-1.010728534311056137e-02
-4.843789152801036835e-03
-3.103158902376890182e-03
-3.421342000365257263e-03
-9.999000000000000000e+03
-9.999000000000000000e+03
-9.999000000000000000e+03
-9.999000000000000000e+03
-9.999000000000000000e+03
-9.999000000000000000e+03
-9.999000000000000000e+03
5.401264876127243042e-02
4.165245965123176575e-02
4.879237338900566101e-02
6.278307735919952393e-02
6.256887316703796387e-02
5.667765066027641296e-02
6.766606122255325317e-02
7.874016463756561279e-02
9.358125180006027222e-02
1.160779073834419250e-01
1.345248669385910034e-01
1.483542323112487793e-01
-1.067537963390350342e-01
-1.062151864171028137e-01
-1.097607761621475220e-01
-1.082180663943290710e-01
-7.549765706062316895e-02
-7.018984109163284302e-02
-7.164100557565689087e-02
-5.416525900363922119e-02
-5.282182991504669189e-02
-3.469808027148246765e-02
-3.040974587202072144e-02
-3.442350402474403381e-02
-4.068190231919288635e-02
-9.999000000000000000e+03
-9.999000000000000000e+03
-9.999000000000000000e+03
4.885211586952209473e-02
6.847666949033737183e-02
8.178602159023284912e-02
4.558689892292022705e-02
1.897728629410266876e-02
1.038496568799018860e-02
-2.629035850986838341e-03
3.176159784197807312e-02
5.021321028470993042e-02
4.922987148165702820e-02
9.151265025138854980e-02
1.076318547129631042e-01
1.229222565889358521e-01
1.418175995349884033e-01
1.443272829055786133e-01
-1.689938604831695557e-01
-1.804390102624893188e-01
-1.788485199213027954e-01
-1.762623041868209839e-01
-1.510747522115707397e-01
-1.419446468353271484e-01
-1.307463496923446655e-01
-1.078107059001922607e-01
-9.641347080469131470e-02
-7.781943678855895996e-02
-5.840257182717323303e-02
-5.069535970687866211e-02
-4.881546273827552795e-02
-4.428278282284736633e-02
7.950571365654468536e-03
3.976869955658912659e-02
4.561738669872283936e-02
2.926256693899631500e-02
1.582334935665130615e-02
-3.397206217050552368e-02
-5.831396207213401794e-02
-9.287628531455993652e-02
-1.020798683166503906e-01
-6.137682870030403137e-02
-4.072323068976402283e-02
-1.594319194555282593e-02
2.736505307257175446e-02
5.641147494316101074e-02
8.668774366378784180e-02
1.152438521385192871e-01
1.243798583745956421e-01
-2.053789645433425903e-01
-2.208476662635803223e-01
-2.332975566387176514e-01
-2.273216992616653442e-01
-2.077359855175018311e-01
-2.006141692399978638e-01
-1.821018457412719727e-01
-1.494424790143966675e-01
-1.313899010419845581e-01
-9.886888414621353149e-02
-7.375498861074447632e-02
-3.528175503015518188e-02
-2.453888952732086182e-02
-1.252510957419872284e-02
-3.629140788689255714e-03
8.777536451816558838e-03
-1.095524895936250687e-02
-6.258253753185272217e-02
-9.697426110506057739e-02
-1.464434117078781128e-01
-1.663650721311569214e-01
-1.728083044290542603e-01
-1.886514276266098022e-01
-1.470208466053009033e-01
-1.195410788059234619e-01
-9.988686442375183105e-02
-3.666884824633598328e-02
-9.406683035194873810e-03
3.150027245283126831e-02
7.749188691377639771e-02
9.788800776004791260e-02
-2.248590290546417236e-01
-2.374289780855178833e-01
-2.452339679002761841e-01
-2.410843819379806519e-01
-2.314684391021728516e-01
-2.268876582384109497e-01
-2.045711725950241089e-01
-1.679569631814956665e-01
-1.317755281925201416e-01
-1.019202172756195068e-01
-7.193066179752349854e-02
-4.986107721924781799e-02
-2.780332230031490326e-02
-1.455194689333438873e-02
-4.772873595356941223e-02
-6.956718116998672485e-02
-1.101367026567459106e-01
-1.474981307983398438e-01
-1.636104434728622437e-01
-1.996650397777557373e-01
-2.268274277448654175e-01
-2.576786279678344727e-01
-2.727762162685394287e-01
-2.507551908493041992e-01
-2.321943789720535278e-01
-2.098688483238220215e-01
-1.388256847858428955e-01
-9.756298363208770752e-02
-4.518076404929161072e-02
2.120193652808666229e-02
5.174726247787475586e-02
-2.024291902780532837e-01
-2.227214127779006958e-01
-2.350132018327713013e-01
-2.247592210769653320e-01
-2.180952727794647217e-01
-2.037587761878967285e-01
-1.850207448005676270e-01
-1.630576103925704956e-01
-1.274924576282501221e-01
-1.003553867340087891e-01
-7.858007401227951050e-02
-6.930460035800933838e-02
-7.025999575853347778e-02
-7.826077938079833984e-02
-1.127391904592514038e-01
-1.365664452314376831e-01
-1.813624650239944458e-01
-1.927324831485748291e-01
-2.035287916660308838e-01
-2.147355228662490845e-01
-2.225376218557357788e-01
-2.499366253614425659e-01
-2.456733137369155884e-01
-2.580272853374481201e-01
-2.879460155963897705e-01
-2.990897893905639648e-01
-2.274453938007354736e-01
-1.756757199764251709e-01
-1.216803267598152161e-01
-4.910307377576828003e-02
-2.604589425027370453e-02
-1.646775603294372559e-01
-1.821732670068740845e-01
-1.966912597417831421e-01
-1.892180144786834717e-01
-1.904616355895996094e-01
-1.756179630756378174e-01
-1.629369705915451050e-01
-1.384406387805938721e-01
-1.119322627782821655e-01
-9.884193539619445801e-02
-8.896723389625549316e-02
-9.242966771125793457e-02
-1.190903559327125549e-01
-1.503495573997497559e-01
-1.862068772315979004e-01
-1.898400038480758667e-01
-1.955606788396835327e-01
-1.834122836589813232e-01
-1.833047419786453247e-01
-1.647362709045410156e-01
-1.304530501365661621e-01
-1.340200752019882202e-01
-1.101763173937797546e-01
-1.516449898481369019e-01
-1.347352713346481323e-01
-2.406430244445800781e-01
-2.323383241891860962e-01
-2.180136591196060181e-01
-1.738345772027969360e-01
-1.212643012404441833e-01
-1.028120890259742737e-01
-1.513552218675613403e-01
-1.558926254510879517e-01
-1.621863842010498047e-01
-1.524026542901992798e-01
-1.505734175443649292e-01
-1.439838260412216187e-01
-1.326720863580703735e-01
-1.282885223627090454e-01
-1.003205627202987671e-01
-1.159513294696807861e-01
-1.294257789850234985e-01
-1.581561714410781860e-01
-1.763271242380142212e-01
-1.902409195899963379e-01
-2.017063349485397339e-01
-1.923102438449859619e-01
-1.763952076435089111e-01
-1.190914288163185120e-01
-1.232487410306930542e-01
-7.734317332506179810e-02
-5.732322111725807190e-02
-9.999000000000000000e+03
-9.999000000000000000e+03
-9.999000000000000000e+03
-9.999000000000000000e+03
-9.999000000000000000e+03
-9.999000000000000000e+03
-2.486484050750732422e-01
-2.161889225244522095e-01
-1.728305518627166748e-01
-1.581690013408660889e-01
-1.349993646144866943e-01
-1.315084099769592285e-01
-1.311281919479370117e-01
-1.255172491073608398e-01
-1.263563781976699829e-01
-1.141932010650634766e-01
-1.111803948879241943e-01
-1.117699816823005676e-01
-1.237411350011825562e-01
-1.526009589433670044e-01
-1.668544411659240723e-01
-2.014257162809371948e-01
-2.009401768445968628e-01
-1.929388493299484253e-01
-1.703944951295852661e-01
-1.422562450170516968e-01
-1.155869066715240479e-01
-9.999000000000000000e+03
-9.999000000000000000e+03
-9.999000000000000000e+03
-9.999000000000000000e+03
-9.999000000000000000e+03
-9.999000000000000000e+03
-9.999000000000000000e+03
-9.999000000000000000e+03
-9.999000000000000000e+03
-9.999000000000000000e+03
-1.317439526319503784e-01
-1.878719627857208252e-01
-2.160641849040985107e-01
-2.121366858482360840e-01
-1.316392719745635986e-01
-1.271220296621322632e-01
-1.138893067836761475e-01
-1.059364005923271179e-01
-1.025221794843673706e-01
-1.038882657885551453e-01
-1.055425181984901428e-01
-1.163794398307800293e-01
-1.574064642190933228e-01
-1.865638941526412964e-01
-1.912153959274291992e-01
-1.920798718929290771e-01
-1.794117093086242676e-01
-1.698804497718811035e-01
-8.794788271188735962e-02
-8.639339357614517212e-02
-9.999000000000000000e+03
-9.999000000000000000e+03
-9.999000000000000000e+03
-9.999000000000000000e+03
-9.999000000000000000e+03
-9.999000000000000000e+03
-9.999000000000000000e+03
-9.999000000000000000e+03
-9.999000000000000000e+03
-9.999000000000000000e+03
-9.999000000000000000e+03
-9.999000000000000000e+03
-1.117549762129783630e-01
-2.102885693311691284e-01
-2.399900853633880615e-01
-1.799889504909515381e-01
-1.373444646596908569e-01
-1.046925261616706848e-01
-8.746081590652465820e-02
-7.360831648111343384e-02
-7.540112733840942383e-02
-8.471223711967468262e-02
-1.197239235043525696e-01
-1.586373746395111084e-01
-1.702468842267990112e-01
-1.712811887264251709e-01
-1.662394255399703979e-01
-1.076914891600608826e-01
-1.114538088440895081e-01
-9.999000000000000000e+03
-9.999000000000000000e+03
-9.999000000000000000e+03
-9.999000000000000000e+03
-9.999000000000000000e+03
-9.999000000000000000e+03
-9.999000000000000000e+03
-9.999000000000000000e+03
-9.999000000000000000e+03
-9.999000000000000000e+03
-9.999000000000000000e+03
-9.999000000000000000e+03
-9.999000000000000000e+03
-9.999000000000000000e+03
-9.999000000000000000e+03
-1.737063378095626831e-01
-2.351774275302886963e-01
-9.999000000000000000e+03
-7.420805841684341431e-02
-8.378728479146957397e-02
-6.848156452178955078e-02
-5.498292297124862671e-02
-5.225161090493202209e-02
-6.555106490850448608e-02
-1.121493875980377197e-01
-1.333103477954864502e-01
-1.263517439365386963e-01
-1.272664666175842285e-01
-1.065108180046081543e-01
-8.126249909400939941e-02
-9.999000000000000000e+03
-9.999000000000000000e+03
-9.999000000000000000e+03
-9.999000000000000000e+03
-9.999000000000000000e+03
-9.999000000000000000e+03
-9.999000000000000000e+03
-9.999000000000000000e+03
-9.999000000000000000e+03
-9.999000000000000000e+03
-9.999000000000000000e+03
-9.999000000000000000e+03
-9.999000000000000000e+03
-9.999000000000000000e+03
-9.999000000000000000e+03
-9.999000000000000000e+03
-1.322594434022903442e-01
-1.993799954652786255e-01
-9.999000000000000000e+03
-9.999000000000000000e+03
-6.210831180214881897e-02
-5.993686243891716003e-02
-5.179751291871070862e-02
-4.861500114202499390e-02
-6.588716059923171997e-02
-8.834569901227951050e-02
-8.940326422452926636e-02
-8.173368871212005615e-02
-8.434765785932540894e-02
-3.089147247374057770e-02
-9.999000000000000000e+03
-9.999000000000000000e+03
-9.999000000000000000e+03
-9.999000000000000000e+03
-9.999000000000000000e+03
-9.999000000000000000e+03
-9.999000000000000000e+03
-9.999000000000000000e+03
-9.999000000000000000e+03
-9.999000000000000000e+03
-9.999000000000000000e+03
-9.999000000000000000e+03
-9.999000000000000000e+03
-9.999000000000000000e+03
-9.999000000000000000e+03
-9.999000000000000000e+03
-9.999000000000000000e+03
-7.305394858121871948e-02
-1.319001019001007080e-01
-9.999000000000000000e+03
-9.999000000000000000e+03
-2.925315499305725098e-02
-4.504836350679397583e-02
-5.055434629321098328e-02
-4.371215030550956726e-02
-5.034876242280006409e-02
-4.440355673432350159e-02
-4.822659865021705627e-02
-4.030004888772964478e-02
-4.092001542448997498e-02
-1.716206222772598267e-02
-9.999000000000000000e+03
-9.999000000000000000e+03
-9.999000000000000000e+03
-9.999000000000000000e+03
-9.999000000000000000e+03
-9.999000000000000000e+03
-9.999000000000000000e+03
-9.999000000000000000e+03
-9.999000000000000000e+03
-9.999000000000000000e+03
-9.999000000000000000e+03
-9.999000000000000000e+03
-9.999000000000000000e+03
-9.999000000000000000e+03
-9.999000000000000000e+03
-9.999000000000000000e+03
-9.999000000000000000e+03
-9.999000000000000000e+03
-9.999000000000000000e+03
-9.999000000000000000e+03
-9.999000000000000000e+03
-6.579661276191473007e-03
-1.941936463117599487e-02
-3.605522587895393372e-02
-4.151400551199913025e-02
-1.941316016018390656e-02
-1.102875801734626293e-03
2.456774702295660973e-03
1.146802306175231934e-02
-5.035181529819965363e-03
-6.955613382160663605e-03
-9.999000000000000000e+03
-9.999000000000000000e+03
-9.999000000000000000e+03
-9.999000000000000000e+03
-9.999000000000000000e+03
-9.999000000000000000e+03
-9.999000000000000000e+03
-9.999000000000000000e+03
-9.999000000000000000e+03
-9.999000000000000000e+03
-9.999000000000000000e+03
-9.999000000000000000e+03
-9.999000000000000000e+03
-9.999000000000000000e+03
-9.999000000000000000e+03
-9.999000000000000000e+03
-9.999000000000000000e+03
-9.999000000000000000e+03
-9.999000000000000000e+03
-9.999000000000000000e+03
-9.999000000000000000e+03
-9.999000000000000000e+03
-1.656918227672576904e-02
-3.453840687870979309e-02
-5.131754651665687561e-02
3.176113590598106384e-02
3.863393515348434448e-02
4.797960445284843445e-02
7.004257291555404663e-02
3.886256366968154907e-02
-9.999000000000000000e+03
-9.999000000000000000e+03
-9.999000000000000000e+03
-9.999000000000000000e+03
-9.999000000000000000e+03
-9.999000000000000000e+03
-9.999000000000000000e+03
-9.999000000000000000e+03
-9.999000000000000000e+03
-9.999000000000000000e+03
-9.999000000000000000e+03
-9.999000000000000000e+03
-9.999000000000000000e+03
-9.999000000000000000e+03
-9.999000000000000000e+03
-9.999000000000000000e+03
-9.999000000000000000e+03
-9.999000000000000000e+03
-9.999000000000000000e+03
-9.999000000000000000e+03
-9.999000000000000000e+03
-9.999000000000000000e+03
-9.999000000000000000e+03
-2.195541560649871826e-02
-4.964518174529075623e-02
-4.510919377207756042e-02
-1.408453285694122314e-02
2.321578375995159149e-02
3.716297447681427002e-02
1.229436844587326050e-01
1.691605448722839355e-01
1.215943619608879089e-01
-9.999000000000000000e+03
-9.999000000000000000e+03
-9.999000000000000000e+03
-9.999000000000000000e+03
-9.999000000000000000e+03
-9.999000000000000000e+03
-9.999000000000000000e+03
-9.999000000000000000e+03
-9.999000000000000000e+03
-9.999000000000000000e+03
-9.999000000000000000e+03
-9.999000000000000000e+03
-9.999000000000000000e+03
-9.999000000000000000e+03
-9.999000000000000000e+03
-9.999000000000000000e+03
-9.999000000000000000e+03
-9.999000000000000000e+03
-9.999000000000000000e+03
-9.999000000000000000e+03
-9.999000000000000000e+03
-9.999000000000000000e+03
-9.999000000000000000e+03
-5.159552395343780518e-02
-3.654291108250617981e-02
-4.876667633652687073e-02
-3.447942063212394714e-02
1.212000288069248199e-02
3.924067318439483643e-02
1.710751950740814209e-01
1.850244551897048950e-01
-9.999000000000000000e+03
-9.999000000000000000e+03
-9.999000000000000000e+03
-9.999000000000000000e+03
-9.999000000000000000e+03
-9.999000000000000000e+03
-9.999000000000000000e+03
-9.999000000000000000e+03
-9.999000000000000000e+03
-9.999000000000000000e+03
-9.999000000000000000e+03
-9.999000000000000000e+03
-9.999000000000000000e+03
-9.999000000000000000e+03
-9.999000000000000000e+03
-9.999000000000000000e+03
-9.999000000000000000e+03
-9.999000000000000000e+03
-9.999000000000000000e+03
-9.999000000000000000e+03
-9.999000000000000000e+03
-9.999000000000000000e+03
-9.999000000000000000e+03
-5.719435587525367737e-02
-8.970461785793304443e-02
-1.326065510511398315e-01
-1.205878779292106628e-01
-1.072482913732528687e-01
-8.026825636625289917e-02
-3.908478654921054840e-03
8.742292225360870361e-02
8.686516433954238892e-02
-9.999000000000000000e+03
-9.999000000000000000e+03
-9.999000000000000000e+03
-9.999000000000000000e+03
-9.999000000000000000e+03
-9.999000000000000000e+03
-9.999000000000000000e+03
-9.999000000000000000e+03
-9.999000000000000000e+03
-9.999000000000000000e+03
-9.999000000000000000e+03
-9.999000000000000000e+03
-9.999000000000000000e+03
-9.999000000000000000e+03
-9.999000000000000000e+03
-9.999000000000000000e+03
-9.999000000000000000e+03
-9.999000000000000000e+03
-9.999000000000000000e+03
-9.999000000000000000e+03
-9.999000000000000000e+03
-9.999000000000000000e+03
-1.796263828873634338e-02
-7.993328571319580078e-02
-1.051619574427604675e-01
-1.049584895372390747e-01
-9.628187119960784912e-02
-7.829067111015319824e-02
-7.163534313440322876e-02
-7.027955353260040283e-02
-3.059865161776542664e-02
1.911075226962566376e-02
1.774344034492969513e-02
4.632533062249422073e-03
1.044284924864768982e-02
-9.999000000000000000e+03
-9.999000000000000000e+03
-9.999000000000000000e+03
-9.999000000000000000e+03
-9.999000000000000000e+03
-9.999000000000000000e+03
-9.999000000000000000e+03
-9.999000000000000000e+03
-9.999000000000000000e+03
-9.999000000000000000e+03
-9.999000000000000000e+03
-9.999000000000000000e+03
-9.999000000000000000e+03
-9.999000000000000000e+03
-9.999000000000000000e+03
-9.999000000000000000e+03
-9.999000000000000000e+03
-9.735383093357086182e-03
-3.309807274490594864e-03
-2.796447603031992912e-03
-1.359053235501050949e-02
-5.022013559937477112e-02
-6.442729383707046509e-02
-6.054423749446868896e-02
-5.585899204015731812e-02
-4.602459818124771118e-02
5.439186934381723404e-03
3.036064095795154572e-02
7.252868730574846268e-03
1.329229958355426788e-02
7.455308455973863602e-03
-9.999000000000000000e+03
-9.999000000000000000e+03
-9.999000000000000000e+03
-9.999000000000000000e+03
-9.999000000000000000e+03
-9.999000000000000000e+03
-9.999000000000000000e+03
-9.999000000000000000e+03
-9.999000000000000000e+03
-9.999000000000000000e+03
-9.999000000000000000e+03
-9.999000000000000000e+03
-9.999000000000000000e+03
-9.999000000000000000e+03
-9.999000000000000000e+03
-7.515310309827327728e-03
-1.412520743906497955e-02
-2.947196736931800842e-02
-2.791758440434932709e-02
-7.621329743415117264e-03
-1.233095885254442692e-03
-8.119815960526466370e-03
-3.804019093513488770e-02
-5.998508632183074951e-02
-5.432480946183204651e-02
-2.743304520845413208e-02
-6.352426018565893173e-03
1.839267276227474213e-02
6.264755502343177795e-03
-9.999000000000000000e+03
-9.999000000000000000e+03
-9.999000000000000000e+03
-9.999000000000000000e+03
-9.999000000000000000e+03
-9.999000000000000000e+03
-9.999000000000000000e+03
-9.999000000000000000e+03
-9.999000000000000000e+03
-9.999000000000000000e+03
-9.999000000000000000e+03
-9.999000000000000000e+03
-9.999000000000000000e+03
-9.999000000000000000e+03
-9.999000000000000000e+03
-9.999000000000000000e+03
-1.566563732922077179e-02
-1.086083147674798965e-02
-2.300222218036651611e-02
-4.077935963869094849e-02
-5.356525257229804993e-02
-3.135462850332260132e-02
8.469546446576714516e-04
7.939845323562622070e-03
-5.793964955955743790e-03
-2.106093987822532654e-02
-5.019977688789367676e-02
-6.767458468675613403e-02
-7.427316904067993164e-02
-5.667000263929367065e-02
-9.999000000000000000e+03
-9.999000000000000000e+03
-9.999000000000000000e+03
-9.999000000000000000e+03
-9.999000000000000000e+03
-9.999000000000000000e+03
-9.999000000000000000e+03
-9.999000000000000000e+03
-9.999000000000000000e+03
-9.999000000000000000e+03
-9.999000000000000000e+03
-9.999000000000000000e+03
-9.999000000000000000e+03
-9.999000000000000000e+03
-9.999000000000000000e+03
-9.999000000000000000e+03
-9.999000000000000000e+03
-3.763807564973831177e-02
-5.822335183620452881e-02
-8.192249387502670288e-02
-8.847012370824813843e-02
-7.883303612470626831e-02
-4.869805276393890381e-02
-2.000870555639266968e-02
-4.292731173336505890e-03
3.750547999516129494e-03
1.115480624139308929e-02
-3.811144735664129257e-03
-4.037873446941375732e-02
-4.653024673461914062e-02
-6.058860570192337036e-02
-9.999000000000000000e+03
-9.999000000000000000e+03
-9.999000000000000000e+03
-9.999000000000000000e+03
-9.999000000000000000e+03
-9.999000000000000000e+03
-9.999000000000000000e+03
-9.999000000000000000e+03
-9.999000000000000000e+03
-9.999000000000000000e+03
-9.999000000000000000e+03
-9.999000000000000000e+03
-9.999000000000000000e+03
-9.999000000000000000e+03
-9.999000000000000000e+03
-9.999000000000000000e+03
-9.999000000000000000e+03
-6.320012360811233521e-02
-9.628652781248092651e-02
-1.121935918927192688e-01
-1.071047186851501465e-01
-8.441997319459915161e-02
-4.623775556683540344e-02
-2.605991996824741364e-02
-1.170056033879518509e-02
4.882240900769829750e-04
3.870020853355526924e-03
-7.042785640805959702e-03
-1.204746682196855545e-02
-1.247876882553100586e-02
-9.999000000000000000e+03
-9.999000000000000000e+03
-9.999000000000000000e+03
-9.999000000000000000e+03
-9.999000000000000000e+03
-9.999000000000000000e+03
-9.999000000000000000e+03
-9.999000000000000000e+03
-9.999000000000000000e+03
-9.999000000000000000e+03
-9.999000000000000000e+03
-9.999000000000000000e+03
-9.999000000000000000e+03
-9.999000000000000000e+03
-9.999000000000000000e+03
-9.999000000000000000e+03
-9.999000000000000000e+03
-9.999000000000000000e+03
-5.795603618025779724e-02
-7.682215422391891479e-02
-6.885204464197158813e-02
-6.366576254367828369e-02
-2.681428566575050354e-02
-1.051505841314792633e-02
-9.774077683687210083e-03
6.814847700297832489e-03
1.243977993726730347e-02
4.158847033977508545e-02
1.244286540895700455e-02
-2.333023957908153534e-02
-9.999000000000000000e+03
-9.999000000000000000e+03
-9.999000000000000000e+03
-9.999000000000000000e+03
-9.999000000000000000e+03
-9.999000000000000000e+03
-9.999000000000000000e+03
-9.999000000000000000e+03
-9.999000000000000000e+03
-9.999000000000000000e+03
-9.999000000000000000e+03
-9.999000000000000000e+03
-9.999000000000000000e+03
-9.999000000000000000e+03
-9.999000000000000000e+03
-9.999000000000000000e+03
-9.999000000000000000e+03
-9.999000000000000000e+03
-9.999000000000000000e+03
-4.115176945924758911e-02
-3.681620955467224121e-02
-2.363807521760463715e-02
-8.874906226992607117e-03
7.001385837793350220e-02
6.618462502956390381e-02
5.675435811281204224e-02
3.439181298017501831e-02
2.147125080227851868e-02
1.802531629800796509e-02
-9.999000000000000000e+03
-9.999000000000000000e+03
-9.999000000000000000e+03
-9.999000000000000000e+03
-9.999000000000000000e+03
-9.999000000000000000e+03
-9.999000000000000000e+03
-9.999000000000000000e+03
-9.999000000000000000e+03
-9.999000000000000000e+03
-9.999000000000000000e+03
-9.999000000000000000e+03
-9.999000000000000000e+03
-9.999000000000000000e+03
-9.999000000000000000e+03
-9.999000000000000000e+03
-9.999000000000000000e+03
-9.999000000000000000e+03
-9.999000000000000000e+03
-9.999000000000000000e+03
-9.999000000000000000e+03
-2.107769623398780823e-02
1.023378688842058182e-02
4.441351816058158875e-02
7.480076700448989868e-02
1.007632166147232056e-01
8.495803177356719971e-02
-9.999000000000000000e+03
-9.999000000000000000e+03
-9.999000000000000000e+03
-9.999000000000000000e+03
-9.999000000000000000e+03
-9.999000000000000000e+03
-9.999000000000000000e+03
-9.999000000000000000e+03
-9.999000000000000000e+03
-9.999000000000000000e+03
-9.999000000000000000e+03
-9.999000000000000000e+03
-9.999000000000000000e+03
-9.999000000000000000e+03
-9.999000000000000000e+03
-9.999000000000000000e+03
-9.999000000000000000e+03
-9.999000000000000000e+03
-9.999000000000000000e+03
-9.999000000000000000e+03
-9.999000000000000000e+03
-9.999000000000000000e+03
-9.999000000000000000e+03
-9.999000000000000000e+03
-9.999000000000000000e+03
-6.431405898183584213e-03
1.244478300213813782e-02
5.832755565643310547e-02
-9.999000000000000000e+03
-9.999000000000000000e+03
-9.999000000000000000e+03
-9.999000000000000000e+03
-9.999000000000000000e+03
-9.999000000000000000e+03
-9.999000000000000000e+03
-9.999000000000000000e+03
-9.999000000000000000e+03
-9.999000000000000000e+03
-9.999000000000000000e+03
-9.999000000000000000e+03
-9.999000000000000000e+03
-9.999000000000000000e+03
-9.999000000000000000e+03
-9.999000000000000000e+03
-9.999000000000000000e+03
-9.999000000000000000e+03
-9.999000000000000000e+03
-9.999000000000000000e+03
-9.999000000000000000e+03
-9.999000000000000000e+03
-9.999000000000000000e+03
-9.999000000000000000e+03
-9.999000000000000000e+03
-9.999000000000000000e+03
-9.999000000000000000e+03
-9.999000000000000000e+03
