-1.470598876476287842e-01
-9.357734024524688721e-02
-5.526969581842422485e-02
-1.354044489562511444e-02
3.455176949501037598e-02
9.969610720872879028e-02
1.704616546630859375e-01
2.245144098997116089e-01
2.703999876976013184e-01
3.091053664684295654e-01
2.951821684837341309e-01
-9.999000000000000000e+03
-9.999000000000000000e+03
-9.999000000000000000e+03
-9.999000000000000000e+03
-9.999000000000000000e+03
-9.999000000000000000e+03
-9.999000000000000000e+03
-9.999000000000000000e+03
-9.999000000000000000e+03
-9.999000000000000000e+03
-9.999000000000000000e+03
-9.999000000000000000e+03
1.963556557893753052e-02
-2.073333784937858582e-02
-1.062112767249345779e-02
6.572007667273283005e-03
-6.875878199934959412e-03
-9.921438060700893402e-03
-2.231969125568866730e-02
-2.696290146559476852e-03
-1.382693648338317871e-01
-9.242040663957595825e-02
-5.089348182082176208e-02
-1.000673137605190277e-02
4.485525563359260559e-02
1.192835345864295959e-01
1.846503168344497681e-01
2.349564433097839355e-01
2.654198110103607178e-01
2.962135672569274902e-01
2.985442876815795898e-01
1.635888218879699707e-01
-9.999000000000000000e+03
-9.999000000000000000e+03
-9.999000000000000000e+03
-9.999000000000000000e+03
-9.999000000000000000e+03
-9.999000000000000000e+03
-9.999000000000000000e+03
-9.999000000000000000e+03
-9.999000000000000000e+03
-2.010859176516532898e-02
-1.874860562384128571e-02
-8.325765840709209442e-03
-2.900086343288421631e-02
-2.059255167841911316e-02
-2.875195629894733429e-02
-2.944500930607318878e-02
-2.670912817120552063e-02
-1.896716840565204620e-02
-8.235798217356204987e-03
-1.444092392921447754e-01
-8.619808405637741089e-02
-3.865884244441986084e-02
1.493177283555269241e-02
6.811136007308959961e-02
1.257384866476058960e-01
1.789944618940353394e-01
2.272832691669464111e-01
2.471903711557388306e-01
2.705572843551635742e-01
2.550305426120758057e-01
1.708320826292037964e-01
-9.999000000000000000e+03
-9.999000000000000000e+03
-9.999000000000000000e+03
-9.999000000000000000e+03
-9.999000000000000000e+03
-9.999000000000000000e+03
-9.999000000000000000e+03
-3.974711149930953979e-02
-3.131649270653724670e-02
-2.783350460231304169e-02
-2.822143398225307465e-02
-2.985694073140621185e-02
-1.991852931678295135e-02
-1.446755044162273407e-02
-2.838935144245624542e-02
-3.572500124573707581e-02
-3.744513913989067078e-02
-3.481359779834747314e-02
-3.778193518519401550e-02
-1.192301437258720398e-01
-7.577455043792724609e-02
-3.581972047686576843e-02
2.055711671710014343e-02
8.622755855321884155e-02
1.414459943771362305e-01
1.777472943067550659e-01
2.107373923063278198e-01
2.301810085773468018e-01
2.486929148435592651e-01
2.461998611688613892e-01
1.867993921041488647e-01
1.034476161003112793e-01
-9.999000000000000000e+03
-9.999000000000000000e+03
-9.999000000000000000e+03
-3.238504752516746521e-02
-5.393226072192192078e-02
-6.735289096832275391e-02
-4.857978969812393188e-02
-2.838848158717155457e-02
-2.018681727349758148e-02
-1.099941134452819824e-02
-1.594051159918308258e-02
-1.237382646650075912e-02
-9.498176164925098419e-03
-3.075242973864078522e-02
-5.589596927165985107e-02
-7.648940384387969971e-02
-7.699628174304962158e-02
-7.519375532865524292e-02
-1.021792888641357422e-01
-4.910518601536750793e-02
9.377467213198542595e-04
4.537751898169517517e-02
9.249176830053329468e-02
1.329481899738311768e-01
1.637727916240692139e-01
1.945234686136245728e-01
2.132939100265502930e-01
2.176753580570220947e-01
1.969337314367294312e-01
1.373855471611022949e-01
7.921963185071945190e-02
3.652773052453994751e-02
-2.549303881824016571e-02
-4.878965765237808228e-02
-5.921138077974319458e-02
-6.090692803263664246e-02
-5.594525858759880066e-02
-3.005900792777538300e-02
-2.563488204032182693e-03
1.605874672532081604e-02
3.605304658412933350e-02
1.232357695698738098e-02
-6.417859811335802078e-03
-3.292348608374595642e-02
-5.402654036879539490e-02
-8.586350828409194946e-02
-1.166509389877319336e-01
-1.170741990208625793e-01
-1.110733449459075928e-01
-8.805456757545471191e-02
-3.954804316163063049e-02
1.099753845483064651e-02
5.482136085629463196e-02
9.736682474613189697e-02
1.283091157674789429e-01
1.445142179727554321e-01
1.668186187744140625e-01
1.783624738454818726e-01
1.835409700870513916e-01
1.434335559606552124e-01
4.781471565365791321e-02
9.679772891104221344e-03
-2.459732070565223694e-02
-4.403539001941680908e-02
-5.095827579498291016e-02
-4.719446226954460144e-02
-3.728409484028816223e-02
-2.075700461864471436e-02
1.991458982229232788e-02
4.735695198178291321e-02
5.678648129105567932e-02
4.837725684046745300e-02
1.684660837054252625e-02
-2.643853425979614258e-02
-6.760570406913757324e-02
-9.760436415672302246e-02
-1.349883079528808594e-01
-1.621844768524169922e-01
-1.598653942346572876e-01
-1.522218734025955200e-01
-8.521578460931777954e-02
-3.358964622020721436e-02
2.406245283782482147e-02
6.248874217271804810e-02
8.986385911703109741e-02
1.105298921465873718e-01
1.288876682519912720e-01
1.470285803079605103e-01
1.476217061281204224e-01
9.849785268306732178e-02
4.930980876088142395e-02
-1.123656425625085831e-02
-3.184448182582855225e-02
-4.627490416169166565e-02
-2.546020224690437317e-02
-2.398055791854858398e-02
-1.713112741708755493e-02
-2.089563291519880295e-03
9.455186314880847931e-03
4.995617270469665527e-02
6.617368012666702271e-02
5.830115452408790588e-02
2.143055573105812073e-02
-8.932624012231826782e-03
-4.707397520542144775e-02
-8.033991605043411255e-02
-1.296966224908828735e-01
-1.836892664432525635e-01
-2.158352434635162354e-01
-2.077745795249938965e-01
-1.922094523906707764e-01
-7.358399778604507446e-02
-4.327864944934844971e-02
2.546537294983863831e-02
6.394945830106735229e-02
8.697269111871719360e-02
1.087618470191955566e-01
1.240960434079170227e-01
1.290426999330520630e-01
1.068835034966468811e-01
3.404568508267402649e-02
-2.038968913257122040e-02
-5.175800621509552002e-02
-3.736910596489906311e-02
-1.544222421944141388e-02
6.515610963106155396e-03
9.037593379616737366e-03
1.693240739405155182e-02
4.353017359972000122e-02
5.437632650136947632e-02
6.758274137973785400e-02
6.714232265949249268e-02
5.476858094334602356e-02
2.802493236958980560e-02
-9.380031377077102661e-03
-5.630263313651084900e-02
-1.102538928389549255e-01
-1.730951815843582153e-01
-2.236028909683227539e-01
-2.481924742460250854e-01
-2.412175834178924561e-01
-2.074952125549316406e-01
-4.040006175637245178e-02
-2.143210358917713165e-02
1.408222876489162445e-02
3.950968757271766663e-02
6.792336702346801758e-02
9.854451566934585571e-02
1.133736968040466309e-01
9.408193081617355347e-02
5.331768840551376343e-02
2.005700953304767609e-03
-3.398601710796356201e-02
-5.309974402189254761e-02
-8.952338248491287231e-03
2.541542053222656250e-02
4.362114518880844116e-02
4.691872745752334595e-02
5.714907124638557434e-02
6.412700563669204712e-02
6.369446218013763428e-02
6.785760074853897095e-02
6.229018419981002808e-02
5.312656983733177185e-02
3.216680511832237244e-02
5.900806281715631485e-03
-2.718885242938995361e-02
-1.119194850325584412e-01
-1.930944621562957764e-01
-2.573801875114440918e-01
-2.647855877876281738e-01
-2.466991245746612549e-01
-2.062049508094787598e-01
-2.590730041265487671e-02
-2.045722678303718567e-03
1.860860548913478851e-02
3.447099030017852783e-02
6.362841278314590454e-02
9.143630415201187134e-02
9.516923129558563232e-02
7.490783184766769409e-02
4.412152618169784546e-02
-1.345194759778678417e-03
-2.620791085064411163e-02
4.954970441758632660e-03
3.300948813557624817e-02
4.929637163877487183e-02
5.911346897482872009e-02
6.914126873016357422e-02
7.653587311506271362e-02
4.742857068777084351e-02
4.044680669903755188e-02
3.345078229904174805e-02
4.927142709493637085e-02
-9.999000000000000000e+03
-9.999000000000000000e+03
-9.999000000000000000e+03
-9.999000000000000000e+03
-9.999000000000000000e+03
-9.999000000000000000e+03
-1.879284083843231201e-01
-2.451409250497817993e-01
-2.434922903776168823e-01
-1.971134841442108154e-01
-1.387956924736499786e-02
6.039693485945463181e-03
2.116005681455135345e-02
3.984060510993003845e-02
7.072489708662033081e-02
8.750320971012115479e-02
7.832987606525421143e-02
6.168239936232566833e-02
3.312639519572257996e-02
1.340839080512523651e-02
8.997643366456031799e-03
6.345497816801071167e-02
5.786663666367530823e-02
5.670889467000961304e-02
6.129136309027671814e-02
6.430216133594512939e-02
7.503822445869445801e-02
-9.999000000000000000e+03
-9.999000000000000000e+03
-9.999000000000000000e+03
-9.999000000000000000e+03
-9.999000000000000000e+03
-9.999000000000000000e+03
-9.999000000000000000e+03
-9.999000000000000000e+03
-9.999000000000000000e+03
-9.999000000000000000e+03
-1.374326348304748535e-01
-1.871733516454696655e-01
-2.185943573713302612e-01
-1.918896287679672241e-01
-4.561964049935340881e-02
-1.840904913842678070e-02
6.788509432226419449e-03
3.577838465571403503e-02
5.537445470690727234e-02
6.490035355091094971e-02
7.597500830888748169e-02
5.781545490026473999e-02
2.759873680770397186e-02
5.521567165851593018e-02
6.658534705638885498e-02
7.286071777343750000e-02
6.201439350843429565e-02
5.472838133573532104e-02
3.261758387088775635e-02
3.954748436808586121e-02
-9.999000000000000000e+03
-9.999000000000000000e+03
-9.999000000000000000e+03
-9.999000000000000000e+03
-9.999000000000000000e+03
-9.999000000000000000e+03
-9.999000000000000000e+03
-9.999000000000000000e+03
-9.999000000000000000e+03
-9.999000000000000000e+03
-9.999000000000000000e+03
-9.999000000000000000e+03
-1.060837805271148682e-01
-1.691791266202926636e-01
-1.315512806177139282e-01
-7.345228642225265503e-02
-6.906801462173461914e-02
-3.853065893054008484e-02
-3.340288065373897552e-03
3.060089051723480225e-02
6.484505534172058105e-02
6.279100477695465088e-02
6.344732642173767090e-02
6.881661713123321533e-02
9.261360764503479004e-02
8.941717445850372314e-02
6.043015792965888977e-02
4.605027660727500916e-02
5.158187821507453918e-02
-9.999000000000000000e+03
-9.999000000000000000e+03
-9.999000000000000000e+03
-9.999000000000000000e+03
-9.999000000000000000e+03
-9.999000000000000000e+03
-9.999000000000000000e+03
-9.999000000000000000e+03
-9.999000000000000000e+03
-9.999000000000000000e+03
-9.999000000000000000e+03
-9.999000000000000000e+03
-9.999000000000000000e+03
-9.999000000000000000e+03
-9.999000000000000000e+03
-1.038884520530700684e-01
-9.954962134361267090e-02
-9.999000000000000000e+03
-8.299899846315383911e-02
-6.771512329578399658e-02
-2.391115389764308929e-02
2.027258090674877167e-02
5.027529597282409668e-02
5.541366338729858398e-02
8.680322766304016113e-02
1.183175519108772278e-01
1.053848490118980408e-01
7.753341645002365112e-02
5.523831769824028015e-02
3.543435037136077881e-02
-9.999000000000000000e+03
-9.999000000000000000e+03
-9.999000000000000000e+03
-9.999000000000000000e+03
-9.999000000000000000e+03
-9.999000000000000000e+03
-9.999000000000000000e+03
-9.999000000000000000e+03
-9.999000000000000000e+03
-9.999000000000000000e+03
-9.999000000000000000e+03
-9.999000000000000000e+03
-9.999000000000000000e+03
-9.999000000000000000e+03
-9.999000000000000000e+03
-9.999000000000000000e+03
-3.672670945525169373e-02
-2.992528490722179413e-02
-9.999000000000000000e+03
-9.999000000000000000e+03
-8.459585160017013550e-02
-2.391169220209121704e-02
2.606992982327938080e-02
5.356400087475776672e-02
8.720809966325759888e-02
1.093254461884498596e-01
1.220118924975395203e-01
1.059955805540084839e-01
5.906737223267555237e-02
2.765110321342945099e-02
-9.999000000000000000e+03
-9.999000000000000000e+03
-9.999000000000000000e+03
-9.999000000000000000e+03
-9.999000000000000000e+03
-9.999000000000000000e+03
-9.999000000000000000e+03
-9.999000000000000000e+03
-9.999000000000000000e+03
-9.999000000000000000e+03
-9.999000000000000000e+03
-9.999000000000000000e+03
-9.999000000000000000e+03
-9.999000000000000000e+03
-9.999000000000000000e+03
-9.999000000000000000e+03
-9.999000000000000000e+03
-2.099327510222792625e-03
1.263607107102870941e-02
-9.999000000000000000e+03
-9.999000000000000000e+03
-6.345608085393905640e-02
-3.554555401206016541e-02
2.210469916462898254e-02
6.473262608051300049e-02
1.090285480022430420e-01
1.076182648539543152e-01
1.005465388298034668e-01
8.491300046443939209e-02
6.922655552625656128e-02
6.728446483612060547e-02
-9.999000000000000000e+03
-9.999000000000000000e+03
-9.999000000000000000e+03
-9.999000000000000000e+03
-9.999000000000000000e+03
-9.999000000000000000e+03
-9.999000000000000000e+03
-9.999000000000000000e+03
-9.999000000000000000e+03
-9.999000000000000000e+03
-9.999000000000000000e+03
-9.999000000000000000e+03
-9.999000000000000000e+03
-9.999000000000000000e+03
-9.999000000000000000e+03
-9.999000000000000000e+03
-9.999000000000000000e+03
-9.999000000000000000e+03
-9.999000000000000000e+03
-9.999000000000000000e+03
-9.999000000000000000e+03
-5.092564597725868225e-02
-4.732234776020050049e-02
9.080337360501289368e-03
6.031243503093719482e-02
8.376543223857879639e-02
8.718006312847137451e-02
7.566864043474197388e-02
8.268129080533981323e-02
7.600206136703491211e-02
6.366401910781860352e-02
-9.999000000000000000e+03
-9.999000000000000000e+03
-9.999000000000000000e+03
-9.999000000000000000e+03
-9.999000000000000000e+03
-9.999000000000000000e+03
-9.999000000000000000e+03
-9.999000000000000000e+03
-9.999000000000000000e+03
-9.999000000000000000e+03
-9.999000000000000000e+03
-9.999000000000000000e+03
-9.999000000000000000e+03
-9.999000000000000000e+03
-9.999000000000000000e+03
-9.999000000000000000e+03
-9.999000000000000000e+03
-9.999000000000000000e+03
-9.999000000000000000e+03
-9.999000000000000000e+03
-9.999000000000000000e+03
-9.999000000000000000e+03
-4.708291962742805481e-02
-2.693410962820053101e-02
3.669475764036178589e-02
6.798720359802246094e-02
5.872431769967079163e-02
8.911156654357910156e-02
1.159466803073883057e-01
7.831823080778121948e-02
-9.999000000000000000e+03
-9.999000000000000000e+03
-9.999000000000000000e+03
-9.999000000000000000e+03
-9.999000000000000000e+03
-9.999000000000000000e+03
-9.999000000000000000e+03
-9.999000000000000000e+03
-9.999000000000000000e+03
-9.999000000000000000e+03
-9.999000000000000000e+03
-9.999000000000000000e+03
-9.999000000000000000e+03
-9.999000000000000000e+03
-9.999000000000000000e+03
-9.999000000000000000e+03
-9.999000000000000000e+03
-9.999000000000000000e+03
-9.999000000000000000e+03
-9.999000000000000000e+03
-9.999000000000000000e+03
-9.999000000000000000e+03
-9.999000000000000000e+03
-4.216673597693443298e-02
-3.033876419067382812e-02
8.388580754399299622e-03
3.247344493865966797e-02
5.014688149094581604e-02
1.103235781192779541e-01
1.447486877441406250e-01
1.023096069693565369e-01
6.306140124797821045e-02
-9.999000000000000000e+03
-9.999000000000000000e+03
-9.999000000000000000e+03
-9.999000000000000000e+03
-9.999000000000000000e+03
-9.999000000000000000e+03
-9.999000000000000000e+03
-9.999000000000000000e+03
-9.999000000000000000e+03
-9.999000000000000000e+03
-9.999000000000000000e+03
-9.999000000000000000e+03
-9.999000000000000000e+03
-9.999000000000000000e+03
-9.999000000000000000e+03
-9.999000000000000000e+03
-9.999000000000000000e+03
-9.999000000000000000e+03
-9.999000000000000000e+03
-9.999000000000000000e+03
-9.999000000000000000e+03
-9.999000000000000000e+03
-9.999000000000000000e+03
-2.047488279640674591e-02
2.165674930438399315e-03
1.222710590809583664e-02
3.439498320221900940e-02
7.167790830135345459e-02
5.208970606327056885e-02
6.155556440353393555e-02
8.703129738569259644e-02
-9.999000000000000000e+03
-9.999000000000000000e+03
-9.999000000000000000e+03
-9.999000000000000000e+03
-9.999000000000000000e+03
-9.999000000000000000e+03
-9.999000000000000000e+03
-9.999000000000000000e+03
-9.999000000000000000e+03
-9.999000000000000000e+03
-9.999000000000000000e+03
-9.999000000000000000e+03
-9.999000000000000000e+03
-9.999000000000000000e+03
-9.999000000000000000e+03
-9.999000000000000000e+03
-9.999000000000000000e+03
-9.999000000000000000e+03
-9.999000000000000000e+03
-9.999000000000000000e+03
-9.999000000000000000e+03
-9.999000000000000000e+03
-9.999000000000000000e+03
-6.520864088088274002e-03
-7.167918607592582703e-03
9.165730327367782593e-03
9.424016810953617096e-03
-2.888091839849948883e-02
-9.377297013998031616e-02
-7.706737518310546875e-02
-1.089352997951209545e-03
4.536769166588783264e-02
-9.999000000000000000e+03
-9.999000000000000000e+03
-9.999000000000000000e+03
-9.999000000000000000e+03
-9.999000000000000000e+03
-9.999000000000000000e+03
-9.999000000000000000e+03
-9.999000000000000000e+03
-9.999000000000000000e+03
-9.999000000000000000e+03
-9.999000000000000000e+03
-9.999000000000000000e+03
-9.999000000000000000e+03
-9.999000000000000000e+03
-9.999000000000000000e+03
-9.999000000000000000e+03
-9.999000000000000000e+03
-9.999000000000000000e+03
-9.999000000000000000e+03
-9.999000000000000000e+03
-9.999000000000000000e+03
-9.999000000000000000e+03
4.052519798278808594e-02
2.386414632201194763e-02
3.273437172174453735e-02
2.291056513786315918e-02
-1.141095347702503204e-02
-6.432272493839263916e-02
-9.009615331888198853e-02
-4.360586404800415039e-02
2.348653227090835571e-02
2.512522786855697632e-02
1.814606250263750553e-03
-6.196522619575262070e-03
3.720133332535624504e-03
-9.999000000000000000e+03
-9.999000000000000000e+03
-9.999000000000000000e+03
-9.999000000000000000e+03
-9.999000000000000000e+03
-9.999000000000000000e+03
-9.999000000000000000e+03
-9.999000000000000000e+03
-9.999000000000000000e+03
-9.999000000000000000e+03
-9.999000000000000000e+03
-9.999000000000000000e+03
-9.999000000000000000e+03
-9.999000000000000000e+03
-9.999000000000000000e+03
-9.999000000000000000e+03
-9.999000000000000000e+03
6.350751221179962158e-02
6.470234692096710205e-02
5.434141680598258972e-02
4.843571037054061890e-02
2.864468283951282501e-02
-2.126017818227410316e-03
-2.337557263672351837e-02
-4.446002840995788574e-02
-4.348512738943099976e-02
-1.477636210620403290e-02
-6.182859069667756557e-04
3.190445946529507637e-03
-3.176962025463581085e-03
2.446898026391863823e-03
-9.999000000000000000e+03
-9.999000000000000000e+03
-9.999000000000000000e+03
-9.999000000000000000e+03
-9.999000000000000000e+03
-9.999000000000000000e+03
-9.999000000000000000e+03
-9.999000000000000000e+03
-9.999000000000000000e+03
-9.999000000000000000e+03
-9.999000000000000000e+03
-9.999000000000000000e+03
-9.999000000000000000e+03
-9.999000000000000000e+03
-9.999000000000000000e+03
4.531607404351234436e-02
5.858120694756507874e-02
7.300253212451934814e-02
8.036243170499801636e-02
6.218284741044044495e-02
4.618522152304649353e-02
2.706251665949821472e-02
1.254011318087577820e-02
1.265544997295364738e-04
-2.193042822182178497e-02
-4.365156963467597961e-02
-3.213302046060562134e-02
2.283348143100738525e-02
4.741989821195602417e-02
-9.999000000000000000e+03
-9.999000000000000000e+03
-9.999000000000000000e+03
-9.999000000000000000e+03
-9.999000000000000000e+03
-9.999000000000000000e+03
-9.999000000000000000e+03
-9.999000000000000000e+03
-9.999000000000000000e+03
-9.999000000000000000e+03
-9.999000000000000000e+03
-9.999000000000000000e+03
-9.999000000000000000e+03
-9.999000000000000000e+03
-9.999000000000000000e+03
-9.999000000000000000e+03
1.975429244339466095e-03
4.263192787766456604e-02
9.380225092172622681e-02
1.019164249300956726e-01
8.557492494583129883e-02
5.006255581974983215e-02
2.985447458922863007e-02
1.937962137162685394e-02
2.379220537841320038e-02
1.655024662613868713e-02
-8.277580142021179199e-03
-4.037572070956230164e-02
-6.338374316692352295e-02
4.720648750662803650e-02
-9.999000000000000000e+03
-9.999000000000000000e+03
-9.999000000000000000e+03
-9.999000000000000000e+03
-9.999000000000000000e+03
-9.999000000000000000e+03
-9.999000000000000000e+03
-9.999000000000000000e+03
-9.999000000000000000e+03
-9.999000000000000000e+03
-9.999000000000000000e+03
-9.999000000000000000e+03
-9.999000000000000000e+03
-9.999000000000000000e+03
-9.999000000000000000e+03
-9.999000000000000000e+03
-9.999000000000000000e+03
1.307694613933563232e-02
5.258411541581153870e-02
1.183526590466499329e-01
1.038464233279228210e-01
5.648635700345039368e-02
2.844295278191566467e-02
1.164518110454082489e-02
7.568401051685214043e-04
1.779297739267349243e-02
1.945130899548530579e-02
1.877472503110766411e-03
-4.022402688860893250e-02
-2.936731837689876556e-02
2.894542366266250610e-02
-9.999000000000000000e+03
-9.999000000000000000e+03
-9.999000000000000000e+03
-9.999000000000000000e+03
-9.999000000000000000e+03
-9.999000000000000000e+03
-9.999000000000000000e+03
-9.999000000000000000e+03
-9.999000000000000000e+03
-9.999000000000000000e+03
-9.999000000000000000e+03
-9.999000000000000000e+03
-9.999000000000000000e+03
-9.999000000000000000e+03
-9.999000000000000000e+03
-9.999000000000000000e+03
-9.999000000000000000e+03
4.987536370754241943e-02
8.634541183710098267e-02
9.975510090589523315e-02
7.590153813362121582e-02
2.666174992918968201e-02
-1.512590097263455391e-03
-2.490617148578166962e-02
-3.025120310485363007e-02
-1.710101403295993805e-02
-1.268912944942712784e-02
-2.374629303812980652e-02
-5.840561538934707642e-02
-3.890285640954971313e-02
-9.999000000000000000e+03
-9.999000000000000000e+03
-9.999000000000000000e+03
-9.999000000000000000e+03
-9.999000000000000000e+03
-9.999000000000000000e+03
-9.999000000000000000e+03
-9.999000000000000000e+03
-9.999000000000000000e+03
-9.999000000000000000e+03
-9.999000000000000000e+03
-9.999000000000000000e+03
-9.999000000000000000e+03
-9.999000000000000000e+03
-9.999000000000000000e+03
-9.999000000000000000e+03
-9.999000000000000000e+03
-9.999000000000000000e+03
7.467646151781082153e-02
8.822879195213317871e-02
5.714382231235504150e-02
1.792627014219760895e-02
-2.443400211632251740e-02
-4.468983784317970276e-02
-5.704470723867416382e-02
-6.442946940660476685e-02
-4.903661087155342102e-02
-4.342229291796684265e-02
-3.618769720196723938e-02
-4.731656983494758606e-02
-9.999000000000000000e+03
-9.999000000000000000e+03
-9.999000000000000000e+03
-9.999000000000000000e+03
-9.999000000000000000e+03
-9.999000000000000000e+03
-9.999000000000000000e+03
-9.999000000000000000e+03
-9.999000000000000000e+03
-9.999000000000000000e+03
-9.999000000000000000e+03
-9.999000000000000000e+03
-9.999000000000000000e+03
-9.999000000000000000e+03
-9.999000000000000000e+03
-9.999000000000000000e+03
-9.999000000000000000e+03
-9.999000000000000000e+03
-9.999000000000000000e+03
7.426100224256515503e-02
7.234603911638259888e-02
3.802800178527832031e-02
-1.113239023834466934e-02
-8.594116568565368652e-02
-9.024760872125625610e-02
-7.196110486984252930e-02
-5.230164900422096252e-02
-4.894107207655906677e-02
-3.796827793121337891e-02
-9.999000000000000000e+03
-9.999000000000000000e+03
-9.999000000000000000e+03
-9.999000000000000000e+03
-9.999000000000000000e+03
-9.999000000000000000e+03
-9.999000000000000000e+03
-9.999000000000000000e+03
-9.999000000000000000e+03
-9.999000000000000000e+03
-9.999000000000000000e+03
-9.999000000000000000e+03
-9.999000000000000000e+03
-9.999000000000000000e+03
-9.999000000000000000e+03
-9.999000000000000000e+03
-9.999000000000000000e+03
-9.999000000000000000e+03
-9.999000000000000000e+03
-9.999000000000000000e+03
-9.999000000000000000e+03
5.361816287040710449e-02
3.921944275498390198e-02
1.396693661808967590e-02
-4.676011204719543457e-02
-8.182577788829803467e-02
-8.149571716785430908e-02
-9.999000000000000000e+03
-9.999000000000000000e+03
-9.999000000000000000e+03
-9.999000000000000000e+03
-9.999000000000000000e+03
-9.999000000000000000e+03
-9.999000000000000000e+03
-9.999000000000000000e+03
-9.999000000000000000e+03
-9.999000000000000000e+03
-9.999000000000000000e+03
-9.999000000000000000e+03
-9.999000000000000000e+03
-9.999000000000000000e+03
-9.999000000000000000e+03
-9.999000000000000000e+03
-9.999000000000000000e+03
-9.999000000000000000e+03
-9.999000000000000000e+03
-9.999000000000000000e+03
-9.999000000000000000e+03
-9.999000000000000000e+03
-9.999000000000000000e+03
-9.999000000000000000e+03
-9.999000000000000000e+03
4.238253924995660782e-03
1.092380378395318985e-02
5.469469819217920303e-03
-9.999000000000000000e+03
-9.999000000000000000e+03
-9.999000000000000000e+03
-9.999000000000000000e+03
-9.999000000000000000e+03
-9.999000000000000000e+03
-9.999000000000000000e+03
-9.999000000000000000e+03
-9.999000000000000000e+03
-9.999000000000000000e+03
-9.999000000000000000e+03
-9.999000000000000000e+03
-9.999000000000000000e+03
-9.999000000000000000e+03
-9.999000000000000000e+03
-9.999000000000000000e+03
-9.999000000000000000e+03
-9.999000000000000000e+03
-9.999000000000000000e+03
-9.999000000000000000e+03
-9.999000000000000000e+03
-9.999000000000000000e+03
-9.999000000000000000e+03
-9.999000000000000000e+03
-9.999000000000000000e+03
-9.999000000000000000e+03
-9.999000000000000000e+03
-9.999000000000000000e+03
