1.374979913234710693e-01
1.449416130781173706e-01
1.292304545640945435e-01
1.149099171161651611e-01
1.290933638811111450e-01
1.161404252052307129e-01
1.060406342148780823e-01
9.766069799661636353e-02
7.759085297584533691e-02
6.146069243550300598e-02
1.967380056157708168e-03
-9.999000000000000000e+03
-9.999000000000000000e+03
-9.999000000000000000e+03
-9.999000000000000000e+03
-9.999000000000000000e+03
-9.999000000000000000e+03
-9.999000000000000000e+03
-9.999000000000000000e+03
-9.999000000000000000e+03
-9.999000000000000000e+03
-9.999000000000000000e+03
-9.999000000000000000e+03
1.758606918156147003e-02
4.108645766973495483e-02
7.799786329269409180e-02
1.114142015576362610e-01
1.480405032634735107e-01
1.646743118762969971e-01
1.643831580877304077e-01
1.641142517328262329e-01
6.652410328388214111e-02
7.001563161611557007e-02
5.926635116338729858e-02
4.936110600829124451e-02
6.465663760900497437e-02
5.678356811404228210e-02
4.365435242652893066e-02
4.483844339847564697e-02
3.476906195282936096e-02
4.029549658298492432e-02
3.455604985356330872e-02
2.362762391567230225e-02
-9.999000000000000000e+03
-9.999000000000000000e+03
-9.999000000000000000e+03
-9.999000000000000000e+03
-9.999000000000000000e+03
-9.999000000000000000e+03
-9.999000000000000000e+03
-9.999000000000000000e+03
-9.999000000000000000e+03
5.403370782732963562e-02
8.440956473350524902e-02
8.419703692197799683e-02
1.170955374836921692e-01
1.250647902488708496e-01
1.428146511316299438e-01
1.617615371942520142e-01
1.677296310663223267e-01
1.657033115625381470e-01
1.693865805864334106e-01
5.515414755791425705e-03
-3.251728834584355354e-03
-2.366900816559791565e-02
-4.420888796448707581e-02
-2.128157205879688263e-02
-2.455078065395355225e-02
-1.688579842448234558e-02
-3.324655117467045784e-03
-6.756548304110765457e-03
1.232561375945806503e-02
2.706561237573623657e-02
3.042122349143028259e-02
-9.999000000000000000e+03
-9.999000000000000000e+03
-9.999000000000000000e+03
-9.999000000000000000e+03
-9.999000000000000000e+03
-9.999000000000000000e+03
-9.999000000000000000e+03
8.762288838624954224e-02
8.709375560283660889e-02
1.177723184227943420e-01
1.242955401539802551e-01
1.311818957328796387e-01
1.281543076038360596e-01
1.390877813100814819e-01
1.540772467851638794e-01
1.571515202522277832e-01
1.672519296407699585e-01
1.807928234338760376e-01
1.807354390621185303e-01
-5.907275155186653137e-02
-7.199078053236007690e-02
-9.385458379983901978e-02
-1.190374270081520081e-01
-1.099402904510498047e-01
-1.068641766905784607e-01
-9.080071747303009033e-02
-5.974997952580451965e-02
-4.490985721349716187e-02
-1.264119055122137070e-02
1.156198978424072266e-02
4.956854507327079773e-02
7.180772721767425537e-02
-9.999000000000000000e+03
-9.999000000000000000e+03
-9.999000000000000000e+03
8.502175658941268921e-02
1.148412004113197327e-01
1.246610581874847412e-01
1.008928865194320679e-01
7.918557524681091309e-02
7.171674817800521851e-02
5.372723191976547241e-02
8.634206652641296387e-02
9.293484687805175781e-02
8.084069192409515381e-02
1.234264746308326721e-01
1.303822696208953857e-01
1.450249403715133667e-01
1.605554074048995972e-01
1.602728515863418579e-01
-1.109002828598022461e-01
-1.367545723915100098e-01
-1.585806012153625488e-01
-1.759393364191055298e-01
-1.707862466573715210e-01
-1.597915440797805786e-01
-1.340242475271224976e-01
-9.808880090713500977e-02
-7.221608608961105347e-02
-3.356797993183135986e-02
1.298127137124538422e-02
5.257635563611984253e-02
8.514907211065292358e-02
9.640232473611831665e-02
1.078080013394355774e-01
1.173196583986282349e-01
1.175151541829109192e-01
9.920390695333480835e-02
8.394198119640350342e-02
3.053775615990161896e-02
-1.005414756946265697e-03
-4.423361644148826599e-02
-6.746630370616912842e-02
-2.722775191068649292e-02
-1.736980490386486053e-02
5.010084249079227448e-03
4.879141971468925476e-02
8.192672580480575562e-02
1.145283579826354980e-01
1.417849063873291016e-01
1.497467458248138428e-01
-1.386585980653762817e-01
-1.636266857385635376e-01
-1.912089586257934570e-01
-2.065660208463668823e-01
-2.022463828325271606e-01
-1.834538877010345459e-01
-1.535780578851699829e-01
-1.174888461828231812e-01
-9.139554202556610107e-02
-4.693036153912544250e-02
7.170320488512516022e-03
5.589303001761436462e-02
8.508910983800888062e-02
9.749350696802139282e-02
9.203664213418960571e-02
9.219350665807723999e-02
6.565496325492858887e-02
-1.440082327462732792e-03
-4.183486104011535645e-02
-1.049498468637466431e-01
-1.225026398897171021e-01
-1.255038529634475708e-01
-1.358295679092407227e-01
-9.956625103950500488e-02
-7.002217322587966919e-02
-5.461636185646057129e-02
1.134193618781864643e-03
3.232003375887870789e-02
7.299529016017913818e-02
1.160886287689208984e-01
1.318951845169067383e-01
-1.486929804086685181e-01
-1.665460020303726196e-01
-1.930062025785446167e-01
-2.030820697546005249e-01
-2.042407989501953125e-01
-1.909523606300354004e-01
-1.574395149946212769e-01
-1.202565133571624756e-01
-8.954890817403793335e-02
-4.725963994860649109e-02
-1.548627857118844986e-03
2.846749499440193176e-02
6.585239619016647339e-02
7.979574054479598999e-02
2.678035944700241089e-02
-5.095391999930143356e-03
-5.870902165770530701e-02
-1.086013987660408020e-01
-1.308778226375579834e-01
-1.711907982826232910e-01
-1.777219623327255249e-01
-1.883244514465332031e-01
-2.021155804395675659e-01
-1.814600229263305664e-01
-1.619783490896224976e-01
-1.441033333539962769e-01
-7.998903095722198486e-02
-4.093641042709350586e-02
2.225285861641168594e-03
6.106884032487869263e-02
7.788885384798049927e-02
-1.459533423185348511e-01
-1.542472392320632935e-01
-1.772909015417098999e-01
-1.788731068372726440e-01
-1.708533614873886108e-01
-1.555053442716598511e-01
-1.372843682765960693e-01
-1.132278069853782654e-01
-8.089400827884674072e-02
-4.273291677236557007e-02
-9.679553098976612091e-03
6.596642546355724335e-03
9.834172204136848450e-03
-3.377834334969520569e-03
-5.366730690002441406e-02
-8.556288480758666992e-02
-1.428222656250000000e-01
-1.642523407936096191e-01
-1.715587377548217773e-01
-1.757159382104873657e-01
-1.799149960279464722e-01
-1.981385052204132080e-01
-2.084046304225921631e-01
-2.099568992853164673e-01
-2.237490564584732056e-01
-2.302155047655105591e-01
-1.656287908554077148e-01
-1.225840300321578979e-01
-7.541280239820480347e-02
-1.245190761983394623e-02
-5.249240901321172714e-03
-1.251205056905746460e-01
-1.311134845018386841e-01
-1.468052417039871216e-01
-1.500940471887588501e-01
-1.487791538238525391e-01
-1.243702769279479980e-01
-1.203497946262359619e-01
-9.370638430118560791e-02
-5.996206030249595642e-02
-3.625207021832466125e-02
-2.073301188647747040e-02
-2.414221875369548798e-02
-5.658601224422454834e-02
-9.954646974802017212e-02
-1.454337984323501587e-01
-1.510040611028671265e-01
-1.637719124555587769e-01
-1.592861562967300415e-01
-1.576644778251647949e-01
-1.460327059030532837e-01
-1.268175840377807617e-01
-1.344341784715652466e-01
-1.091424375772476196e-01
-1.333257555961608887e-01
-1.088219359517097473e-01
-1.864768564701080322e-01
-1.767411828041076660e-01
-1.682966053485870361e-01
-1.302918344736099243e-01
-8.733946830034255981e-02
-7.981984317302703857e-02
-1.066954508423805237e-01
-1.133075580000877380e-01
-1.219302490353584290e-01
-1.147960722446441650e-01
-1.218366771936416626e-01
-1.159113422036170959e-01
-1.013871431350708008e-01
-9.010683745145797729e-02
-6.037411838769912720e-02
-5.975201725959777832e-02
-7.215040177106857300e-02
-1.059936285018920898e-01
-1.303706765174865723e-01
-1.510184109210968018e-01
-1.701869666576385498e-01
-1.627074778079986572e-01
-1.529701203107833862e-01
-1.071107387542724609e-01
-1.179398074746131897e-01
-8.527994155883789062e-02
-6.991618871688842773e-02
-9.999000000000000000e+03
-9.999000000000000000e+03
-9.999000000000000000e+03
-9.999000000000000000e+03
-9.999000000000000000e+03
-9.999000000000000000e+03
-1.884530037641525269e-01
-1.642987579107284546e-01
-1.381185352802276611e-01
-1.407775878906250000e-01
-9.875584393739700317e-02
-9.189736843109130859e-02
-9.570358693599700928e-02
-9.345006197690963745e-02
-9.802588820457458496e-02
-9.668827801942825317e-02
-8.457600325345993042e-02
-7.005228102207183838e-02
-7.197259366512298584e-02
-9.780192375183105469e-02
-1.187162026762962341e-01
-1.559479087591171265e-01
-1.624869853258132935e-01
-1.653938740491867065e-01
-1.505936980247497559e-01
-1.262139976024627686e-01
-1.030902564525604248e-01
-9.999000000000000000e+03
-9.999000000000000000e+03
-9.999000000000000000e+03
-9.999000000000000000e+03
-9.999000000000000000e+03
-9.999000000000000000e+03
-9.999000000000000000e+03
-9.999000000000000000e+03
-9.999000000000000000e+03
-9.999000000000000000e+03
-1.034358367323875427e-01
-1.529165506362915039e-01
-1.816531568765640259e-01
-1.869475245475769043e-01
-1.006749272346496582e-01
-8.706559985876083374e-02
-8.361548930406570435e-02
-8.399486541748046875e-02
-8.289963752031326294e-02
-8.392371237277984619e-02
-7.750693708658218384e-02
-6.383115053176879883e-02
-8.804229646921157837e-02
-1.300522238016128540e-01
-1.436306834220886230e-01
-1.449743956327438354e-01
-1.393354088068008423e-01
-1.423820406198501587e-01
-7.724611461162567139e-02
-8.049017190933227539e-02
-9.999000000000000000e+03
-9.999000000000000000e+03
-9.999000000000000000e+03
-9.999000000000000000e+03
-9.999000000000000000e+03
-9.999000000000000000e+03
-9.999000000000000000e+03
-9.999000000000000000e+03
-9.999000000000000000e+03
-9.999000000000000000e+03
-9.999000000000000000e+03
-9.999000000000000000e+03
-9.211571514606475830e-02
-1.849504560232162476e-01
-2.183437347412109375e-01
-1.399221867322921753e-01
-1.078509986400604248e-01
-7.894361764192581177e-02
-6.775440275669097900e-02
-6.079356372356414795e-02
-5.802628397941589355e-02
-4.236518219113349915e-02
-5.637840181589126587e-02
-8.866030722856521606e-02
-1.164054200053215027e-01
-1.233736947178840637e-01
-1.104482710361480713e-01
-7.661985605955123901e-02
-8.739166706800460815e-02
-9.999000000000000000e+03
-9.999000000000000000e+03
-9.999000000000000000e+03
-9.999000000000000000e+03
-9.999000000000000000e+03
-9.999000000000000000e+03
-9.999000000000000000e+03
-9.999000000000000000e+03
-9.999000000000000000e+03
-9.999000000000000000e+03
-9.999000000000000000e+03
-9.999000000000000000e+03
-9.999000000000000000e+03
-9.999000000000000000e+03
-9.999000000000000000e+03
-1.448182016611099243e-01
-2.062546908855438232e-01
-9.999000000000000000e+03
-6.468846648931503296e-02
-7.611507922410964966e-02
-5.964180827140808105e-02
-4.300051182508468628e-02
-4.013589024543762207e-02
-3.663207963109016418e-02
-6.416301429271697998e-02
-9.379082173109054565e-02
-8.956137299537658691e-02
-8.504898846149444580e-02
-6.768202036619186401e-02
-5.414618924260139465e-02
-9.999000000000000000e+03
-9.999000000000000000e+03
-9.999000000000000000e+03
-9.999000000000000000e+03
-9.999000000000000000e+03
-9.999000000000000000e+03
-9.999000000000000000e+03
-9.999000000000000000e+03
-9.999000000000000000e+03
-9.999000000000000000e+03
-9.999000000000000000e+03
-9.999000000000000000e+03
-9.999000000000000000e+03
-9.999000000000000000e+03
-9.999000000000000000e+03
-9.999000000000000000e+03
-9.027349203824996948e-02
-1.503534168004989624e-01
-9.999000000000000000e+03
-9.999000000000000000e+03
-6.247127428650856018e-02
-5.458425730466842651e-02
-3.496151790022850037e-02
-2.946730330586433411e-02
-4.509220644831657410e-02
-6.767447292804718018e-02
-7.511122524738311768e-02
-6.718084216117858887e-02
-5.849467217922210693e-02
-2.203911170363426208e-02
-9.999000000000000000e+03
-9.999000000000000000e+03
-9.999000000000000000e+03
-9.999000000000000000e+03
-9.999000000000000000e+03
-9.999000000000000000e+03
-9.999000000000000000e+03
-9.999000000000000000e+03
-9.999000000000000000e+03
-9.999000000000000000e+03
-9.999000000000000000e+03
-9.999000000000000000e+03
-9.999000000000000000e+03
-9.999000000000000000e+03
-9.999000000000000000e+03
-9.999000000000000000e+03
-9.999000000000000000e+03
-3.323345258831977844e-02
-5.430703610181808472e-02
-9.999000000000000000e+03
-9.999000000000000000e+03
-2.785736881196498871e-02
-3.391430899500846863e-02
-3.087959811091423035e-02
-1.660438068211078644e-02
-1.725118048489093781e-02
-3.019867092370986938e-02
-3.585075214505195618e-02
-2.666580304503440857e-02
-3.135384619235992432e-02
-1.805733330547809601e-02
-9.999000000000000000e+03
-9.999000000000000000e+03
-9.999000000000000000e+03
-9.999000000000000000e+03
-9.999000000000000000e+03
-9.999000000000000000e+03
-9.999000000000000000e+03
-9.999000000000000000e+03
-9.999000000000000000e+03
-9.999000000000000000e+03
-9.999000000000000000e+03
-9.999000000000000000e+03
-9.999000000000000000e+03
-9.999000000000000000e+03
-9.999000000000000000e+03
-9.999000000000000000e+03
-9.999000000000000000e+03
-9.999000000000000000e+03
-9.999000000000000000e+03
-9.999000000000000000e+03
-9.999000000000000000e+03
-1.019925624132156372e-02
-1.080263219773769379e-02
-2.089169435203075409e-02
-1.503994502127170563e-02
5.123613402247428894e-03
1.384980604052543640e-02
2.660014480352401733e-02
1.955181173980236053e-02
-4.127151798456907272e-03
-6.784809287637472153e-03
-9.999000000000000000e+03
-9.999000000000000000e+03
-9.999000000000000000e+03
-9.999000000000000000e+03
-9.999000000000000000e+03
-9.999000000000000000e+03
-9.999000000000000000e+03
-9.999000000000000000e+03
-9.999000000000000000e+03
-9.999000000000000000e+03
-9.999000000000000000e+03
-9.999000000000000000e+03
-9.999000000000000000e+03
-9.999000000000000000e+03
-9.999000000000000000e+03
-9.999000000000000000e+03
-9.999000000000000000e+03
-9.999000000000000000e+03
-9.999000000000000000e+03
-9.999000000000000000e+03
-9.999000000000000000e+03
-9.999000000000000000e+03
-2.743336372077465057e-02
-3.598938882350921631e-02
-2.587424404919147491e-02
4.119502380490303040e-02
5.271823331713676453e-02
5.307706072926521301e-02
6.479592621326446533e-02
3.711210936307907104e-02
-9.999000000000000000e+03
-9.999000000000000000e+03
-9.999000000000000000e+03
-9.999000000000000000e+03
-9.999000000000000000e+03
-9.999000000000000000e+03
-9.999000000000000000e+03
-9.999000000000000000e+03
-9.999000000000000000e+03
-9.999000000000000000e+03
-9.999000000000000000e+03
-9.999000000000000000e+03
-9.999000000000000000e+03
-9.999000000000000000e+03
-9.999000000000000000e+03
-9.999000000000000000e+03
-9.999000000000000000e+03
-9.999000000000000000e+03
-9.999000000000000000e+03
-9.999000000000000000e+03
-9.999000000000000000e+03
-9.999000000000000000e+03
-9.999000000000000000e+03
-2.898382768034934998e-02
-6.013829261064529419e-02
-4.229899495840072632e-02
-4.103303421288728714e-03
3.101238980889320374e-02
5.496256053447723389e-02
1.191054955124855042e-01
1.680928766727447510e-01
1.244107186794281006e-01
-9.999000000000000000e+03
-9.999000000000000000e+03
-9.999000000000000000e+03
-9.999000000000000000e+03
-9.999000000000000000e+03
-9.999000000000000000e+03
-9.999000000000000000e+03
-9.999000000000000000e+03
-9.999000000000000000e+03
-9.999000000000000000e+03
-9.999000000000000000e+03
-9.999000000000000000e+03
-9.999000000000000000e+03
-9.999000000000000000e+03
-9.999000000000000000e+03
-9.999000000000000000e+03
-9.999000000000000000e+03
-9.999000000000000000e+03
-9.999000000000000000e+03
-9.999000000000000000e+03
-9.999000000000000000e+03
-9.999000000000000000e+03
-9.999000000000000000e+03
-5.603638663887977600e-02
-3.974725678563117981e-02
-4.698277637362480164e-02
-6.348438560962677002e-02
-5.162882804870605469e-02
-4.556881263852119446e-02
1.202619820833206177e-01
1.385477483272552490e-01
-9.999000000000000000e+03
-9.999000000000000000e+03
-9.999000000000000000e+03
-9.999000000000000000e+03
-9.999000000000000000e+03
-9.999000000000000000e+03
-9.999000000000000000e+03
-9.999000000000000000e+03
-9.999000000000000000e+03
-9.999000000000000000e+03
-9.999000000000000000e+03
-9.999000000000000000e+03
-9.999000000000000000e+03
-9.999000000000000000e+03
-9.999000000000000000e+03
-9.999000000000000000e+03
-9.999000000000000000e+03
-9.999000000000000000e+03
-9.999000000000000000e+03
-9.999000000000000000e+03
-9.999000000000000000e+03
-9.999000000000000000e+03
-9.999000000000000000e+03
-4.499524086713790894e-02
-7.792150974273681641e-02
-1.258540749549865723e-01
-1.395430415868759155e-01
-1.566888093948364258e-01
-1.425926834344863892e-01
-8.894392848014831543e-02
-1.281663682311773300e-02
-2.458249777555465698e-02
-9.999000000000000000e+03
-9.999000000000000000e+03
-9.999000000000000000e+03
-9.999000000000000000e+03
-9.999000000000000000e+03
-9.999000000000000000e+03
-9.999000000000000000e+03
-9.999000000000000000e+03
-9.999000000000000000e+03
-9.999000000000000000e+03
-9.999000000000000000e+03
-9.999000000000000000e+03
-9.999000000000000000e+03
-9.999000000000000000e+03
-9.999000000000000000e+03
-9.999000000000000000e+03
-9.999000000000000000e+03
-9.999000000000000000e+03
-9.999000000000000000e+03
-9.999000000000000000e+03
-9.999000000000000000e+03
-9.999000000000000000e+03
5.870472523383796215e-04
-6.091928109526634216e-02
-9.004476666450500488e-02
-1.040567979216575623e-01
-1.114999502897262573e-01
-1.103509739041328430e-01
-1.140163615345954895e-01
-9.695389121770858765e-02
-5.492030829191207886e-02
-3.328603133559226990e-02
-2.211651019752025604e-02
-8.741955389268696308e-04
1.166709512472152710e-02
-9.999000000000000000e+03
-9.999000000000000000e+03
-9.999000000000000000e+03
-9.999000000000000000e+03
-9.999000000000000000e+03
-9.999000000000000000e+03
-9.999000000000000000e+03
-9.999000000000000000e+03
-9.999000000000000000e+03
-9.999000000000000000e+03
-9.999000000000000000e+03
-9.999000000000000000e+03
-9.999000000000000000e+03
-9.999000000000000000e+03
-9.999000000000000000e+03
-9.999000000000000000e+03
-9.999000000000000000e+03
-5.629397463053464890e-03
-1.697924104519188404e-03
-3.310442902147769928e-03
-1.874576695263385773e-02
-4.619406908750534058e-02
-6.626265496015548706e-02
-6.370247900485992432e-02
-6.467913091182708740e-02
-6.039267778396606445e-02
-5.025391932576894760e-03
3.428502753376960754e-02
2.790338359773159027e-03
5.503759719431400299e-03
1.234898064285516739e-02
-9.999000000000000000e+03
-9.999000000000000000e+03
-9.999000000000000000e+03
-9.999000000000000000e+03
-9.999000000000000000e+03
-9.999000000000000000e+03
-9.999000000000000000e+03
-9.999000000000000000e+03
-9.999000000000000000e+03
-9.999000000000000000e+03
-9.999000000000000000e+03
-9.999000000000000000e+03
-9.999000000000000000e+03
-9.999000000000000000e+03
-9.999000000000000000e+03
-1.156195718795061111e-02
-1.153368968516588211e-02
-2.609797008335590363e-02
-2.568809129297733307e-02
-9.213080629706382751e-03
-2.924868138507008553e-03
-8.270888589322566986e-03
-3.418189659714698792e-02
-5.910623818635940552e-02
-6.368755549192428589e-02
-4.712405800819396973e-02
-3.393306583166122437e-02
-3.276932751759886742e-03
-2.057715691626071930e-02
-9.999000000000000000e+03
-9.999000000000000000e+03
-9.999000000000000000e+03
-9.999000000000000000e+03
-9.999000000000000000e+03
-9.999000000000000000e+03
-9.999000000000000000e+03
-9.999000000000000000e+03
-9.999000000000000000e+03
-9.999000000000000000e+03
-9.999000000000000000e+03
-9.999000000000000000e+03
-9.999000000000000000e+03
-9.999000000000000000e+03
-9.999000000000000000e+03
-9.999000000000000000e+03
-2.039123140275478363e-02
-1.496535446494817734e-02
-1.107264868915081024e-02
-1.814465969800949097e-02
-3.231402486562728882e-02
-1.855565421283245087e-02
3.701459150761365891e-03
9.357672184705734253e-03
-5.568286404013633728e-03
-2.406472153961658478e-02
-6.291598826646804810e-02
-8.915615081787109375e-02
-8.269048482179641724e-02
-6.078442931175231934e-02
-9.999000000000000000e+03
-9.999000000000000000e+03
-9.999000000000000000e+03
-9.999000000000000000e+03
-9.999000000000000000e+03
-9.999000000000000000e+03
-9.999000000000000000e+03
-9.999000000000000000e+03
-9.999000000000000000e+03
-9.999000000000000000e+03
-9.999000000000000000e+03
-9.999000000000000000e+03
-9.999000000000000000e+03
-9.999000000000000000e+03
-9.999000000000000000e+03
-9.999000000000000000e+03
-9.999000000000000000e+03
-2.900172583758831024e-02
-2.967170439660549164e-02
-3.704698756337165833e-02
-4.469613358378410339e-02
-5.376748368144035339e-02
-3.745208308100700378e-02
-1.251213531941175461e-02
9.205834940075874329e-03
1.504982449114322662e-02
2.660802565515041351e-02
9.755476377904415131e-03
-3.296437487006187439e-02
-4.253030568361282349e-02
-5.834087356925010681e-02
-9.999000000000000000e+03
-9.999000000000000000e+03
-9.999000000000000000e+03
-9.999000000000000000e+03
-9.999000000000000000e+03
-9.999000000000000000e+03
-9.999000000000000000e+03
-9.999000000000000000e+03
-9.999000000000000000e+03
-9.999000000000000000e+03
-9.999000000000000000e+03
-9.999000000000000000e+03
-9.999000000000000000e+03
-9.999000000000000000e+03
-9.999000000000000000e+03
-9.999000000000000000e+03
-9.999000000000000000e+03
-4.524346813559532166e-02
-5.754208192229270935e-02
-5.908672884106636047e-02
-5.519755929708480835e-02
-5.573239177465438843e-02
-3.288274630904197693e-02
-1.544315600767731667e-03
9.702356532216072083e-03
1.728740148246288300e-02
1.909070648252964020e-02
1.403608266264200211e-02
1.248053647577762604e-02
-9.743642061948776245e-03
-9.999000000000000000e+03
-9.999000000000000000e+03
-9.999000000000000000e+03
-9.999000000000000000e+03
-9.999000000000000000e+03
-9.999000000000000000e+03
-9.999000000000000000e+03
-9.999000000000000000e+03
-9.999000000000000000e+03
-9.999000000000000000e+03
-9.999000000000000000e+03
-9.999000000000000000e+03
-9.999000000000000000e+03
-9.999000000000000000e+03
-9.999000000000000000e+03
-9.999000000000000000e+03
-9.999000000000000000e+03
-9.999000000000000000e+03
-4.836223646998405457e-02
-5.914578959345817566e-02
-4.861317947506904602e-02
-4.210989549756050110e-02
-1.417007483541965485e-02
1.439950661733746529e-03
9.845041669905185699e-03
1.383000891655683517e-02
2.175514586269855499e-02
5.048085004091262817e-02
2.327966131269931793e-02
-1.140789873898029327e-02
-9.999000000000000000e+03
-9.999000000000000000e+03
-9.999000000000000000e+03
-9.999000000000000000e+03
-9.999000000000000000e+03
-9.999000000000000000e+03
-9.999000000000000000e+03
-9.999000000000000000e+03
-9.999000000000000000e+03
-9.999000000000000000e+03
-9.999000000000000000e+03
-9.999000000000000000e+03
-9.999000000000000000e+03
-9.999000000000000000e+03
-9.999000000000000000e+03
-9.999000000000000000e+03
-9.999000000000000000e+03
-9.999000000000000000e+03
-9.999000000000000000e+03
-3.868197277188301086e-02
-3.240322694182395935e-02
-1.940902322530746460e-02
-9.529631584882736206e-03
6.265322118997573853e-02
6.372127681970596313e-02
4.377700388431549072e-02
2.414090558886528015e-02
1.610366627573966980e-02
1.140552852302789688e-02
-9.999000000000000000e+03
-9.999000000000000000e+03
-9.999000000000000000e+03
-9.999000000000000000e+03
-9.999000000000000000e+03
-9.999000000000000000e+03
-9.999000000000000000e+03
-9.999000000000000000e+03
-9.999000000000000000e+03
-9.999000000000000000e+03
-9.999000000000000000e+03
-9.999000000000000000e+03
-9.999000000000000000e+03
-9.999000000000000000e+03
-9.999000000000000000e+03
-9.999000000000000000e+03
-9.999000000000000000e+03
-9.999000000000000000e+03
-9.999000000000000000e+03
-9.999000000000000000e+03
-9.999000000000000000e+03
-1.145917456597089767e-02
1.551747694611549377e-02
4.167311638593673706e-02
7.151679694652557373e-02
9.661177545785903931e-02
7.906424999237060547e-02
-9.999000000000000000e+03
-9.999000000000000000e+03
-9.999000000000000000e+03
-9.999000000000000000e+03
-9.999000000000000000e+03
-9.999000000000000000e+03
-9.999000000000000000e+03
-9.999000000000000000e+03
-9.999000000000000000e+03
-9.999000000000000000e+03
-9.999000000000000000e+03
-9.999000000000000000e+03
-9.999000000000000000e+03
-9.999000000000000000e+03
-9.999000000000000000e+03
-9.999000000000000000e+03
-9.999000000000000000e+03
-9.999000000000000000e+03
-9.999000000000000000e+03
-9.999000000000000000e+03
-9.999000000000000000e+03
-9.999000000000000000e+03
-9.999000000000000000e+03
-9.999000000000000000e+03
-9.999000000000000000e+03
-4.526976030319929123e-03
1.613023132085800171e-02
5.471760779619216919e-02
-9.999000000000000000e+03
-9.999000000000000000e+03
-9.999000000000000000e+03
-9.999000000000000000e+03
-9.999000000000000000e+03
-9.999000000000000000e+03
-9.999000000000000000e+03
-9.999000000000000000e+03
-9.999000000000000000e+03
-9.999000000000000000e+03
-9.999000000000000000e+03
-9.999000000000000000e+03
-9.999000000000000000e+03
-9.999000000000000000e+03
-9.999000000000000000e+03
-9.999000000000000000e+03
-9.999000000000000000e+03
-9.999000000000000000e+03
-9.999000000000000000e+03
-9.999000000000000000e+03
-9.999000000000000000e+03
-9.999000000000000000e+03
-9.999000000000000000e+03
-9.999000000000000000e+03
-9.999000000000000000e+03
-9.999000000000000000e+03
-9.999000000000000000e+03
-9.999000000000000000e+03
