9.945759922266006470e-02
1.137429177761077881e-01
1.038499251008033752e-01
7.731697708368301392e-02
7.266754657030105591e-02
4.706288129091262817e-02
3.585860133171081543e-02
2.924717962741851807e-02
9.638440795242786407e-03
-2.585971727967262268e-03
-4.387962073087692261e-02
-9.999000000000000000e+03
-9.999000000000000000e+03
-9.999000000000000000e+03
-9.999000000000000000e+03
-9.999000000000000000e+03
-9.999000000000000000e+03
-9.999000000000000000e+03
-9.999000000000000000e+03
-9.999000000000000000e+03
-9.999000000000000000e+03
-9.999000000000000000e+03
-9.999000000000000000e+03
-4.006318747997283936e-02
-6.921893358230590820e-02
-2.653885819017887115e-02
7.137563545256853104e-03
4.843589290976524353e-02
7.765839248895645142e-02
1.017924249172210693e-01
9.815715253353118896e-02
2.077124267816543579e-02
3.747759014368057251e-02
3.425082936882972717e-02
1.538313925266265869e-02
5.438949912786483765e-03
-1.606878824532032013e-02
-2.150108665227890015e-02
-1.885238662362098694e-02
-2.702361159026622772e-02
-2.238695509731769562e-02
-2.357175946235656738e-02
-1.270969677716493607e-02
-9.999000000000000000e+03
-9.999000000000000000e+03
-9.999000000000000000e+03
-9.999000000000000000e+03
-9.999000000000000000e+03
-9.999000000000000000e+03
-9.999000000000000000e+03
-9.999000000000000000e+03
-9.999000000000000000e+03
2.853164216503500938e-03
7.500791456550359726e-03
-1.329712383449077606e-02
-1.162658911198377609e-02
1.040494628250598907e-02
4.158381000161170959e-02
6.261561065912246704e-02
7.669565826654434204e-02
8.156343549489974976e-02
8.863990008831024170e-02
-5.700256675481796265e-02
-4.301099106669425964e-02
-4.954669997096061707e-02
-7.330247014760971069e-02
-6.440853327512741089e-02
-7.364919781684875488e-02
-6.728782504796981812e-02
-5.142112448811531067e-02
-5.692651495337486267e-02
-4.742658138275146484e-02
-3.734353557229042053e-02
-1.844785921275615692e-02
-9.999000000000000000e+03
-9.999000000000000000e+03
-9.999000000000000000e+03
-9.999000000000000000e+03
-9.999000000000000000e+03
-9.999000000000000000e+03
-9.999000000000000000e+03
3.582519665360450745e-02
4.054043814539909363e-02
5.440708622336387634e-02
6.032877042889595032e-02
4.186855256557464600e-02
3.262832760810852051e-02
5.033715814352035522e-02
6.153447926044464111e-02
7.166044414043426514e-02
8.964423090219497681e-02
1.064339280128479004e-01
1.390800476074218750e-01
-1.376397162675857544e-01
-1.291510015726089478e-01
-1.320890039205551147e-01
-1.466575860977172852e-01
-1.386081427335739136e-01
-1.408270597457885742e-01
-1.273213326930999756e-01
-1.009162068367004395e-01
-9.165319800376892090e-02
-6.813862174749374390e-02
-5.335097759962081909e-02
-2.096435800194740295e-02
-1.836445368826389313e-02
-9.999000000000000000e+03
-9.999000000000000000e+03
-9.999000000000000000e+03
4.734104499220848083e-03
1.300049014389514923e-02
3.082311153411865234e-02
2.063983306288719177e-02
1.826843433082103729e-02
2.497583813965320587e-02
1.364845130592584610e-02
3.807811066508293152e-02
5.052496120333671570e-02
4.956448450684547424e-02
8.831994980573654175e-02
1.119591295719146729e-01
1.230760738253593445e-01
1.382468044757843018e-01
1.540330350399017334e-01
-2.023074477910995483e-01
-2.073309719562530518e-01
-2.120289653539657593e-01
-2.159471213817596436e-01
-2.000178396701812744e-01
-1.905585527420043945e-01
-1.671238392591476440e-01
-1.327248066663742065e-01
-1.111199632287025452e-01
-8.126430958509445190e-02
-4.936179891228675842e-02
-3.090806677937507629e-02
-2.762066759169101715e-02
-4.005252197384834290e-02
-2.557528205215930939e-02
-1.148840971291065216e-02
-1.961718872189521790e-02
-3.899994865059852600e-02
-4.019570723176002502e-02
-7.186746597290039062e-02
-6.709926575422286987e-02
-7.364819198846817017e-02
-8.205523341894149780e-02
-5.213827639818191528e-02
-3.241996467113494873e-02
-2.576631726697087288e-03
4.149495065212249756e-02
7.631056755781173706e-02
1.059357672929763794e-01
1.282633543014526367e-01
1.383340060710906982e-01
-2.248555421829223633e-01
-2.418683767318725586e-01
-2.597057819366455078e-01
-2.568233013153076172e-01
-2.380105257034301758e-01
-2.189603596925735474e-01
-1.878352910280227661e-01
-1.477257609367370605e-01
-1.221686229109764099e-01
-8.636491000652313232e-02
-4.102378338575363159e-02
-8.965142071247100830e-03
-1.617947220802307129e-02
-2.224666438996791840e-02
-3.346472233533859253e-02
-4.027694836258888245e-02
-7.243265956640243530e-02
-1.273200362920761108e-01
-1.527877599000930786e-01
-1.908024549484252930e-01
-1.984151452779769897e-01
-1.830517202615737915e-01
-1.900073289871215820e-01
-1.391546279191970825e-01
-1.069788411259651184e-01
-8.323116600513458252e-02
-1.216309983283281326e-02
2.059252746403217316e-02
5.827874690294265747e-02
9.579317271709442139e-02
1.056580692529678345e-01
-2.299532443284988403e-01
-2.437227517366409302e-01
-2.577126920223236084e-01
-2.506610155105590820e-01
-2.419593483209609985e-01
-2.272753268480300903e-01
-1.916022598743438721e-01
-1.439721882343292236e-01
-1.070157960057258606e-01
-8.113847672939300537e-02
-4.616507887840270996e-02
-2.428787015378475189e-02
-1.272491179406642914e-02
-2.220423519611358643e-02
-7.909726351499557495e-02
-1.153725907206535339e-01
-1.666999757289886475e-01
-2.096854150295257568e-01
-2.250698953866958618e-01
-2.590985000133514404e-01
-2.752329111099243164e-01
-2.872437536716461182e-01
-2.914289236068725586e-01
-2.602544724941253662e-01
-2.306677997112274170e-01
-2.018341869115829468e-01
-1.234722957015037537e-01
-8.562305569648742676e-02
-3.583901003003120422e-02
2.751780115067958832e-02
4.703633859753608704e-02
-1.968320906162261963e-01
-2.224905192852020264e-01
-2.357507199048995972e-01
-2.184388339519500732e-01
-2.040477097034454346e-01
-1.831229776144027710e-01
-1.550703793764114380e-01
-1.294753700494766235e-01
-9.556903690099716187e-02
-8.353310823440551758e-02
-6.888353824615478516e-02
-6.750667095184326172e-02
-7.030987739562988281e-02
-9.316950291395187378e-02
-1.414001733064651489e-01
-1.754719913005828857e-01
-2.323868870735168457e-01
-2.520132660865783691e-01
-2.652303576469421387e-01
-2.668131291866302490e-01
-2.605156600475311279e-01
-2.796202301979064941e-01
-2.685713469982147217e-01
-2.868701219558715820e-01
-3.232103586196899414e-01
-3.114777207374572754e-01
-2.260347306728363037e-01
-1.734360903501510620e-01
-1.256520897150039673e-01
-6.541703641414642334e-02
-4.215035215020179749e-02
-1.616001427173614502e-01
-1.831210255622863770e-01
-1.964520663022994995e-01
-1.800612509250640869e-01
-1.702739149332046509e-01
-1.468695551156997681e-01
-1.220369338989257812e-01
-1.041065454483032227e-01
-8.923794329166412354e-02
-8.744438737630844116e-02
-9.139277786016464233e-02
-1.034968048334121704e-01
-1.327398717403411865e-01
-1.736070960760116577e-01
-2.116507887840270996e-01
-2.212983220815658569e-01
-2.353533208370208740e-01
-2.269168943166732788e-01
-2.275940775871276855e-01
-1.860598474740982056e-01
-1.339769214391708374e-01
-1.382895708084106445e-01
-1.147323325276374817e-01
-1.670456230640411377e-01
-1.512873321771621704e-01
-2.575528025627136230e-01
-2.418695688247680664e-01
-2.149771749973297119e-01
-1.682872772216796875e-01
-1.262145638465881348e-01
-1.062243953347206116e-01
-1.374553292989730835e-01
-1.473155021667480469e-01
-1.596206873655319214e-01
-1.532816886901855469e-01
-1.384851485490798950e-01
-1.196560785174369812e-01
-9.708531945943832397e-02
-8.783277869224548340e-02
-8.140062540769577026e-02
-1.010489612817764282e-01
-1.297397464513778687e-01
-1.691359728574752808e-01
-1.978616118431091309e-01
-2.187867611646652222e-01
-2.307670265436172485e-01
-2.236525416374206543e-01
-2.102780938148498535e-01
-1.420447975397109985e-01
-1.413929611444473267e-01
-7.746358960866928101e-02
-4.865587130188941956e-02
-9.999000000000000000e+03
-9.999000000000000000e+03
-9.999000000000000000e+03
-9.999000000000000000e+03
-9.999000000000000000e+03
-9.999000000000000000e+03
-2.529859840869903564e-01
-2.077720314264297485e-01
-1.576453149318695068e-01
-1.373752802610397339e-01
-1.051901578903198242e-01
-1.020197197794914246e-01
-1.198585107922554016e-01
-1.192161962389945984e-01
-1.189524382352828979e-01
-9.526249766349792480e-02
-7.620101422071456909e-02
-7.662608474493026733e-02
-9.920057654380798340e-02
-1.373276263475418091e-01
-1.625123172998428345e-01
-2.132034301757812500e-01
-2.245267033576965332e-01
-2.261537462472915649e-01
-2.034993767738342285e-01
-1.699935942888259888e-01
-1.384336650371551514e-01
-9.999000000000000000e+03
-9.999000000000000000e+03
-9.999000000000000000e+03
-9.999000000000000000e+03
-9.999000000000000000e+03
-9.999000000000000000e+03
-9.999000000000000000e+03
-9.999000000000000000e+03
-9.999000000000000000e+03
-9.999000000000000000e+03
-1.280843615531921387e-01
-1.758157461881637573e-01
-1.975635290145874023e-01
-1.875763386487960815e-01
-1.058032885193824768e-01
-9.100481867790222168e-02
-9.105682373046875000e-02
-9.176857769489288330e-02
-9.646917134523391724e-02
-9.683371335268020630e-02
-9.438952803611755371e-02
-9.898942708969116211e-02
-1.524460762739181519e-01
-1.804526150226593018e-01
-1.917023509740829468e-01
-2.023835927248001099e-01
-2.000696361064910889e-01
-1.993411928415298462e-01
-1.056275665760040283e-01
-1.059060320258140564e-01
-9.999000000000000000e+03
-9.999000000000000000e+03
-9.999000000000000000e+03
-9.999000000000000000e+03
-9.999000000000000000e+03
-9.999000000000000000e+03
-9.999000000000000000e+03
-9.999000000000000000e+03
-9.999000000000000000e+03
-9.999000000000000000e+03
-9.999000000000000000e+03
-9.999000000000000000e+03
-1.027286350727081299e-01
-1.915576905012130737e-01
-2.171134352684020996e-01
-1.448622643947601318e-01
-1.245249956846237183e-01
-9.748469293117523193e-02
-8.200135082006454468e-02
-8.187177032232284546e-02
-9.403509646654129028e-02
-1.058474481105804443e-01
-1.297655850648880005e-01
-1.637823730707168579e-01
-1.711178421974182129e-01
-1.740822941064834595e-01
-1.706405431032180786e-01
-1.180860400199890137e-01
-1.302000582218170166e-01
-9.999000000000000000e+03
-9.999000000000000000e+03
-9.999000000000000000e+03
-9.999000000000000000e+03
-9.999000000000000000e+03
-9.999000000000000000e+03
-9.999000000000000000e+03
-9.999000000000000000e+03
-9.999000000000000000e+03
-9.999000000000000000e+03
-9.999000000000000000e+03
-9.999000000000000000e+03
-9.999000000000000000e+03
-9.999000000000000000e+03
-9.999000000000000000e+03
-1.630272716283798218e-01
-2.206992805004119873e-01
-9.999000000000000000e+03
-8.771559596061706543e-02
-9.495262056589126587e-02
-7.578629255294799805e-02
-6.772403419017791748e-02
-7.770779728889465332e-02
-9.570273756980895996e-02
-1.344520598649978638e-01
-1.428289711475372314e-01
-1.372396796941757202e-01
-1.368831098079681396e-01
-1.159537583589553833e-01
-8.751004189252853394e-02
-9.999000000000000000e+03
-9.999000000000000000e+03
-9.999000000000000000e+03
-9.999000000000000000e+03
-9.999000000000000000e+03
-9.999000000000000000e+03
-9.999000000000000000e+03
-9.999000000000000000e+03
-9.999000000000000000e+03
-9.999000000000000000e+03
-9.999000000000000000e+03
-9.999000000000000000e+03
-9.999000000000000000e+03
-9.999000000000000000e+03
-9.999000000000000000e+03
-9.999000000000000000e+03
-1.365472376346588135e-01
-2.076225429773330688e-01
-9.999000000000000000e+03
-9.999000000000000000e+03
-8.651788532733917236e-02
-6.812591105699539185e-02
-5.883626267313957214e-02
-6.723545491695404053e-02
-9.075900167226791382e-02
-1.110845282673835754e-01
-1.067188084125518799e-01
-1.039951890707015991e-01
-9.940326958894729614e-02
-4.209934920072555542e-02
-9.999000000000000000e+03
-9.999000000000000000e+03
-9.999000000000000000e+03
-9.999000000000000000e+03
-9.999000000000000000e+03
-9.999000000000000000e+03
-9.999000000000000000e+03
-9.999000000000000000e+03
-9.999000000000000000e+03
-9.999000000000000000e+03
-9.999000000000000000e+03
-9.999000000000000000e+03
-9.999000000000000000e+03
-9.999000000000000000e+03
-9.999000000000000000e+03
-9.999000000000000000e+03
-9.999000000000000000e+03
-8.280897140502929688e-02
-1.562223732471466064e-01
-9.999000000000000000e+03
-9.999000000000000000e+03
-5.783206969499588013e-02
-6.235865503549575806e-02
-5.366458743810653687e-02
-5.345519259572029114e-02
-6.813175231218338013e-02
-6.549035757780075073e-02
-7.471278309822082520e-02
-7.286563515663146973e-02
-6.417804211378097534e-02
-3.371943905949592590e-02
-9.999000000000000000e+03
-9.999000000000000000e+03
-9.999000000000000000e+03
-9.999000000000000000e+03
-9.999000000000000000e+03
-9.999000000000000000e+03
-9.999000000000000000e+03
-9.999000000000000000e+03
-9.999000000000000000e+03
-9.999000000000000000e+03
-9.999000000000000000e+03
-9.999000000000000000e+03
-9.999000000000000000e+03
-9.999000000000000000e+03
-9.999000000000000000e+03
-9.999000000000000000e+03
-9.999000000000000000e+03
-9.999000000000000000e+03
-9.999000000000000000e+03
-9.999000000000000000e+03
-9.999000000000000000e+03
-3.964579850435256958e-02
-4.555198550224304199e-02
-3.758982568979263306e-02
-4.317890852689743042e-02
-2.969488315284252167e-02
-2.581801451742649078e-02
-2.977254986763000488e-02
-3.943099081516265869e-02
-4.482469707727432251e-02
-3.942151740193367004e-02
-9.999000000000000000e+03
-9.999000000000000000e+03
-9.999000000000000000e+03
-9.999000000000000000e+03
-9.999000000000000000e+03
-9.999000000000000000e+03
-9.999000000000000000e+03
-9.999000000000000000e+03
-9.999000000000000000e+03
-9.999000000000000000e+03
-9.999000000000000000e+03
-9.999000000000000000e+03
-9.999000000000000000e+03
-9.999000000000000000e+03
-9.999000000000000000e+03
-9.999000000000000000e+03
-9.999000000000000000e+03
-9.999000000000000000e+03
-9.999000000000000000e+03
-9.999000000000000000e+03
-9.999000000000000000e+03
-9.999000000000000000e+03
-3.171279653906822205e-02
-3.890506550669670105e-02
-4.338131844997406006e-02
2.823532186448574066e-02
1.403340231627225876e-02
3.623423981480300426e-04
9.766848757863044739e-03
-1.630664058029651642e-02
-9.999000000000000000e+03
-9.999000000000000000e+03
-9.999000000000000000e+03
-9.999000000000000000e+03
-9.999000000000000000e+03
-9.999000000000000000e+03
-9.999000000000000000e+03
-9.999000000000000000e+03
-9.999000000000000000e+03
-9.999000000000000000e+03
-9.999000000000000000e+03
-9.999000000000000000e+03
-9.999000000000000000e+03
-9.999000000000000000e+03
-9.999000000000000000e+03
-9.999000000000000000e+03
-9.999000000000000000e+03
-9.999000000000000000e+03
-9.999000000000000000e+03
-9.999000000000000000e+03
-9.999000000000000000e+03
-9.999000000000000000e+03
-9.999000000000000000e+03
-3.755887225270271301e-02
-5.765173584222793579e-02
-3.142650052905082703e-02
-2.373572904616594315e-03
5.779444240033626556e-03
-8.764488622546195984e-03
8.285286277532577515e-02
1.419294625520706177e-01
1.004225909709930420e-01
-9.999000000000000000e+03
-9.999000000000000000e+03
-9.999000000000000000e+03
-9.999000000000000000e+03
-9.999000000000000000e+03
-9.999000000000000000e+03
-9.999000000000000000e+03
-9.999000000000000000e+03
-9.999000000000000000e+03
-9.999000000000000000e+03
-9.999000000000000000e+03
-9.999000000000000000e+03
-9.999000000000000000e+03
-9.999000000000000000e+03
-9.999000000000000000e+03
-9.999000000000000000e+03
-9.999000000000000000e+03
-9.999000000000000000e+03
-9.999000000000000000e+03
-9.999000000000000000e+03
-9.999000000000000000e+03
-9.999000000000000000e+03
-9.999000000000000000e+03
-8.009438216686248779e-02
-5.258446931838989258e-02
-6.791493296623229980e-02
-6.353581696748733521e-02
-2.915555052459239960e-02
-1.120549347251653671e-02
1.417467594146728516e-01
1.811008900403976440e-01
-9.999000000000000000e+03
-9.999000000000000000e+03
-9.999000000000000000e+03
-9.999000000000000000e+03
-9.999000000000000000e+03
-9.999000000000000000e+03
-9.999000000000000000e+03
-9.999000000000000000e+03
-9.999000000000000000e+03
-9.999000000000000000e+03
-9.999000000000000000e+03
-9.999000000000000000e+03
-9.999000000000000000e+03
-9.999000000000000000e+03
-9.999000000000000000e+03
-9.999000000000000000e+03
-9.999000000000000000e+03
-9.999000000000000000e+03
-9.999000000000000000e+03
-9.999000000000000000e+03
-9.999000000000000000e+03
-9.999000000000000000e+03
-9.999000000000000000e+03
-1.007424890995025635e-01
-1.436424404382705688e-01
-1.860812455415725708e-01
-1.651195138692855835e-01
-1.461607068777084351e-01
-1.211799234151840210e-01
-4.544614627957344055e-02
6.400375068187713623e-02
7.307504862546920776e-02
-9.999000000000000000e+03
-9.999000000000000000e+03
-9.999000000000000000e+03
-9.999000000000000000e+03
-9.999000000000000000e+03
-9.999000000000000000e+03
-9.999000000000000000e+03
-9.999000000000000000e+03
-9.999000000000000000e+03
-9.999000000000000000e+03
-9.999000000000000000e+03
-9.999000000000000000e+03
-9.999000000000000000e+03
-9.999000000000000000e+03
-9.999000000000000000e+03
-9.999000000000000000e+03
-9.999000000000000000e+03
-9.999000000000000000e+03
-9.999000000000000000e+03
-9.999000000000000000e+03
-9.999000000000000000e+03
-9.999000000000000000e+03
-5.358155816793441772e-02
-1.249167248606681824e-01
-1.434660553932189941e-01
-1.486159116029739380e-01
-1.340737044811248779e-01
-1.205607727169990540e-01
-1.106637641787528992e-01
-8.771464973688125610e-02
-6.360638141632080078e-02
-1.968738436698913574e-02
-1.887438446283340454e-02
-3.664478287100791931e-02
-1.907660812139511108e-02
-9.999000000000000000e+03
-9.999000000000000000e+03
-9.999000000000000000e+03
-9.999000000000000000e+03
-9.999000000000000000e+03
-9.999000000000000000e+03
-9.999000000000000000e+03
-9.999000000000000000e+03
-9.999000000000000000e+03
-9.999000000000000000e+03
-9.999000000000000000e+03
-9.999000000000000000e+03
-9.999000000000000000e+03
-9.999000000000000000e+03
-9.999000000000000000e+03
-9.999000000000000000e+03
-9.999000000000000000e+03
-2.787629701197147369e-02
-3.248327970504760742e-02
-4.840910434722900391e-02
-5.585379526019096375e-02
-1.035620644688606262e-01
-1.245077326893806458e-01
-1.118655651807785034e-01
-1.020416840910911560e-01
-9.366407990455627441e-02
-4.790427535772323608e-02
-1.236754003912210464e-02
-1.028962247073650360e-02
-1.367615628987550735e-02
-2.424861490726470947e-02
-9.999000000000000000e+03
-9.999000000000000000e+03
-9.999000000000000000e+03
-9.999000000000000000e+03
-9.999000000000000000e+03
-9.999000000000000000e+03
-9.999000000000000000e+03
-9.999000000000000000e+03
-9.999000000000000000e+03
-9.999000000000000000e+03
-9.999000000000000000e+03
-9.999000000000000000e+03
-9.999000000000000000e+03
-9.999000000000000000e+03
-9.999000000000000000e+03
9.476819541305303574e-04
-1.239811815321445465e-02
-4.546283558011054993e-02
-5.999605357646942139e-02
-5.477495118975639343e-02
-5.220158770680427551e-02
-5.616261437535285950e-02
-8.596409112215042114e-02
-9.276587516069412231e-02
-8.047626912593841553e-02
-5.674629285931587219e-02
-2.019531093537807465e-02
1.420099288225173950e-02
1.589541509747505188e-02
-9.999000000000000000e+03
-9.999000000000000000e+03
-9.999000000000000000e+03
-9.999000000000000000e+03
-9.999000000000000000e+03
-9.999000000000000000e+03
-9.999000000000000000e+03
-9.999000000000000000e+03
-9.999000000000000000e+03
-9.999000000000000000e+03
-9.999000000000000000e+03
-9.999000000000000000e+03
-9.999000000000000000e+03
-9.999000000000000000e+03
-9.999000000000000000e+03
-9.999000000000000000e+03
-8.491523563861846924e-03
-2.326482208445668221e-03
-8.499960415065288544e-03
-3.235847875475883484e-02
-6.627739965915679932e-02
-7.055643200874328613e-02
-4.452821612358093262e-02
-2.310138940811157227e-02
-3.262307867407798767e-02
-3.983763977885246277e-02
-6.603301316499710083e-02
-9.209915995597839355e-02
-1.053986027836799622e-01
-6.258261203765869141e-02
-9.999000000000000000e+03
-9.999000000000000000e+03
-9.999000000000000000e+03
-9.999000000000000000e+03
-9.999000000000000000e+03
-9.999000000000000000e+03
-9.999000000000000000e+03
-9.999000000000000000e+03
-9.999000000000000000e+03
-9.999000000000000000e+03
-9.999000000000000000e+03
-9.999000000000000000e+03
-9.999000000000000000e+03
-9.999000000000000000e+03
-9.999000000000000000e+03
-9.999000000000000000e+03
-9.999000000000000000e+03
-3.971405699849128723e-02
-5.890970677137374878e-02
-6.923649460077285767e-02
-7.740108668804168701e-02
-7.900996506214141846e-02
-6.392677873373031616e-02
-3.819008171558380127e-02
-1.591570302844047546e-02
-7.042562123388051987e-03
-1.260388526134192944e-03
-2.094312757253646851e-02
-6.555249541997909546e-02
-7.186298072338104248e-02
-8.237390220165252686e-02
-9.999000000000000000e+03
-9.999000000000000000e+03
-9.999000000000000000e+03
-9.999000000000000000e+03
-9.999000000000000000e+03
-9.999000000000000000e+03
-9.999000000000000000e+03
-9.999000000000000000e+03
-9.999000000000000000e+03
-9.999000000000000000e+03
-9.999000000000000000e+03
-9.999000000000000000e+03
-9.999000000000000000e+03
-9.999000000000000000e+03
-9.999000000000000000e+03
-9.999000000000000000e+03
-9.999000000000000000e+03
-8.413013815879821777e-02
-1.012233123183250427e-01
-9.918392449617385864e-02
-8.586753904819488525e-02
-6.810501962900161743e-02
-3.566985204815864563e-02
-1.432884857058525085e-02
-3.602567361667752266e-03
1.730751595459878445e-03
-1.086925738491117954e-03
-1.527689490467309952e-02
-2.449909970164299011e-02
-1.761679165065288544e-02
-9.999000000000000000e+03
-9.999000000000000000e+03
-9.999000000000000000e+03
-9.999000000000000000e+03
-9.999000000000000000e+03
-9.999000000000000000e+03
-9.999000000000000000e+03
-9.999000000000000000e+03
-9.999000000000000000e+03
-9.999000000000000000e+03
-9.999000000000000000e+03
-9.999000000000000000e+03
-9.999000000000000000e+03
-9.999000000000000000e+03
-9.999000000000000000e+03
-9.999000000000000000e+03
-9.999000000000000000e+03
-9.999000000000000000e+03
-8.807889372110366821e-02
-9.259370714426040649e-02
-6.360854953527450562e-02
-4.204373806715011597e-02
-5.719242617487907410e-03
9.508196264505386353e-03
1.226594112813472748e-02
2.605759911239147186e-02
1.853333599865436554e-02
4.123140871524810791e-02
1.296739839017391205e-02
-1.618400029838085175e-02
-9.999000000000000000e+03
-9.999000000000000000e+03
-9.999000000000000000e+03
-9.999000000000000000e+03
-9.999000000000000000e+03
-9.999000000000000000e+03
-9.999000000000000000e+03
-9.999000000000000000e+03
-9.999000000000000000e+03
-9.999000000000000000e+03
-9.999000000000000000e+03
-9.999000000000000000e+03
-9.999000000000000000e+03
-9.999000000000000000e+03
-9.999000000000000000e+03
-9.999000000000000000e+03
-9.999000000000000000e+03
-9.999000000000000000e+03
-9.999000000000000000e+03
-7.605557888746261597e-02
-5.775499343872070312e-02
-2.701705880463123322e-02
1.195907127112150192e-02
8.561817556619644165e-02
8.459752053022384644e-02
7.244762033224105835e-02
4.571630805730819702e-02
2.996411360800266266e-02
2.226810902357101440e-02
-9.999000000000000000e+03
-9.999000000000000000e+03
-9.999000000000000000e+03
-9.999000000000000000e+03
-9.999000000000000000e+03
-9.999000000000000000e+03
-9.999000000000000000e+03
-9.999000000000000000e+03
-9.999000000000000000e+03
-9.999000000000000000e+03
-9.999000000000000000e+03
-9.999000000000000000e+03
-9.999000000000000000e+03
-9.999000000000000000e+03
-9.999000000000000000e+03
-9.999000000000000000e+03
-9.999000000000000000e+03
-9.999000000000000000e+03
-9.999000000000000000e+03
-9.999000000000000000e+03
-9.999000000000000000e+03
-4.871995747089385986e-02
-4.198722599539905787e-04
5.447789281606674194e-02
9.733921289443969727e-02
1.252884566783905029e-01
1.028471961617469788e-01
-9.999000000000000000e+03
-9.999000000000000000e+03
-9.999000000000000000e+03
-9.999000000000000000e+03
-9.999000000000000000e+03
-9.999000000000000000e+03
-9.999000000000000000e+03
-9.999000000000000000e+03
-9.999000000000000000e+03
-9.999000000000000000e+03
-9.999000000000000000e+03
-9.999000000000000000e+03
-9.999000000000000000e+03
-9.999000000000000000e+03
-9.999000000000000000e+03
-9.999000000000000000e+03
-9.999000000000000000e+03
-9.999000000000000000e+03
-9.999000000000000000e+03
-9.999000000000000000e+03
-9.999000000000000000e+03
-9.999000000000000000e+03
-9.999000000000000000e+03
-9.999000000000000000e+03
-9.999000000000000000e+03
-1.996508985757827759e-02
4.062748514115810394e-03
7.331629097461700439e-02
-9.999000000000000000e+03
-9.999000000000000000e+03
-9.999000000000000000e+03
-9.999000000000000000e+03
-9.999000000000000000e+03
-9.999000000000000000e+03
-9.999000000000000000e+03
-9.999000000000000000e+03
-9.999000000000000000e+03
-9.999000000000000000e+03
-9.999000000000000000e+03
-9.999000000000000000e+03
-9.999000000000000000e+03
-9.999000000000000000e+03
-9.999000000000000000e+03
-9.999000000000000000e+03
-9.999000000000000000e+03
-9.999000000000000000e+03
-9.999000000000000000e+03
-9.999000000000000000e+03
-9.999000000000000000e+03
-9.999000000000000000e+03
-9.999000000000000000e+03
-9.999000000000000000e+03
-9.999000000000000000e+03
-9.999000000000000000e+03
-9.999000000000000000e+03
-9.999000000000000000e+03
