-1.485881656408309937e-01
-1.011701226234436035e-01
-6.306719034910202026e-02
-1.787788234651088715e-02
3.012150526046752930e-02
9.503967314958572388e-02
1.649411916732788086e-01
2.216484248638153076e-01
2.672105133533477783e-01
3.045064210891723633e-01
2.970092296600341797e-01
-9.999000000000000000e+03
-9.999000000000000000e+03
-9.999000000000000000e+03
-9.999000000000000000e+03
-9.999000000000000000e+03
-9.999000000000000000e+03
-9.999000000000000000e+03
-9.999000000000000000e+03
-9.999000000000000000e+03
-9.999000000000000000e+03
-9.999000000000000000e+03
-9.999000000000000000e+03
9.639660827815532684e-03
-1.676958054304122925e-02
-2.397281117737293243e-03
1.719234511256217957e-02
7.827558554708957672e-03
7.560736034065485001e-03
-1.792932889657095075e-04
2.158483304083347321e-02
-1.395371258258819580e-01
-9.635930508375167847e-02
-5.367344245314598083e-02
-9.791516698896884918e-03
4.573435708880424500e-02
1.196394190192222595e-01
1.798190772533416748e-01
2.288808673620223999e-01
2.600448727607727051e-01
2.914005219936370850e-01
2.973656952381134033e-01
1.725722551345825195e-01
-9.999000000000000000e+03
-9.999000000000000000e+03
-9.999000000000000000e+03
-9.999000000000000000e+03
-9.999000000000000000e+03
-9.999000000000000000e+03
-9.999000000000000000e+03
-9.999000000000000000e+03
-9.999000000000000000e+03
-6.669343449175357819e-03
-6.241690833121538162e-03
-7.231342606246471405e-03
-3.002147376537322998e-02
-1.788560859858989716e-02
-1.479117572307586670e-02
-3.514962736517190933e-03
-2.306358190253376961e-03
5.350905936211347580e-03
1.587215252220630646e-02
-1.493493020534515381e-01
-9.136282652616500854e-02
-4.156136140227317810e-02
1.409990992397069931e-02
6.906459480524063110e-02
1.245840191841125488e-01
1.741849184036254883e-01
2.194244414567947388e-01
2.426661998033523560e-01
2.707307338714599609e-01
2.669095695018768311e-01
1.863429099321365356e-01
-9.999000000000000000e+03
-9.999000000000000000e+03
-9.999000000000000000e+03
-9.999000000000000000e+03
-9.999000000000000000e+03
-9.999000000000000000e+03
-9.999000000000000000e+03
-3.120679035782814026e-02
-1.784950681030750275e-02
-8.635712787508964539e-03
-9.751651436090469360e-03
-1.535196229815483093e-02
-1.397872809320688248e-02
-8.911862969398498535e-03
-1.574574969708919525e-02
-1.900065131485462189e-02
-2.096789330244064331e-02
-1.895046234130859375e-02
-1.782653108239173889e-02
-1.333171725273132324e-01
-8.841267973184585571e-02
-4.768971726298332214e-02
1.120992470532655716e-02
8.061831444501876831e-02
1.357380151748657227e-01
1.735929399728775024e-01
2.070792019367218018e-01
2.297229021787643433e-01
2.511735856533050537e-01
2.546516358852386475e-01
2.040997147560119629e-01
1.136428192257881165e-01
-9.999000000000000000e+03
-9.999000000000000000e+03
-9.999000000000000000e+03
-3.774974495172500610e-02
-5.246685072779655457e-02
-5.771671235561370850e-02
-3.240101039409637451e-02
-1.169594936072826385e-02
-1.415171427652239799e-03
1.111240871250629425e-02
5.676576402038335800e-03
1.790665439330041409e-03
3.009272622875869274e-04
-1.971466653048992157e-02
-4.624707996845245361e-02
-6.618728488683700562e-02
-6.489015370607376099e-02
-5.925790220499038696e-02
-1.236193552613258362e-01
-6.742309778928756714e-02
-1.430754922330379486e-02
3.391738981008529663e-02
8.334179967641830444e-02
1.269930303096771240e-01
1.616441011428833008e-01
1.949267685413360596e-01
2.149497717618942261e-01
2.171765863895416260e-01
2.012615203857421875e-01
1.458468884229660034e-01
8.665032684803009033e-02
4.188283905386924744e-02
-2.504689246416091919e-02
-5.029197409749031067e-02
-5.657975375652313232e-02
-5.321068689227104187e-02
-4.343717172741889954e-02
-1.669493876397609711e-02
1.428626198321580887e-02
3.881173580884933472e-02
5.897455289959907532e-02
3.363635390996932983e-02
8.460696786642074585e-03
-2.501301467418670654e-02
-4.787325114011764526e-02
-7.892980426549911499e-02
-1.059880033135414124e-01
-1.038135737180709839e-01
-9.435423463582992554e-02
-1.020418405532836914e-01
-5.487963184714317322e-02
-2.834153128787875175e-03
5.191185325384140015e-02
9.459187090396881104e-02
1.285726875066757202e-01
1.458835303783416748e-01
1.684829294681549072e-01
1.784263402223587036e-01
1.800804287195205688e-01
1.452101022005081177e-01
6.328014284372329712e-02
2.605624496936798096e-02
-1.043543219566345215e-02
-3.361908718943595886e-02
-4.599343985319137573e-02
-4.241255298256874084e-02
-2.609249390661716461e-02
-1.190643385052680969e-02
3.474348038434982300e-02
6.401111185550689697e-02
7.417364418506622314e-02
6.377067416906356812e-02
3.421559557318687439e-02
-1.668276824057102203e-02
-6.495552510023117065e-02
-9.472761303186416626e-02
-1.286152154207229614e-01
-1.498167663812637329e-01
-1.434986144304275513e-01
-1.332798004150390625e-01
-8.107201009988784790e-02
-2.608445659279823303e-02
2.937523834407329559e-02
7.232911139726638794e-02
9.638266265392303467e-02
1.170935034751892090e-01
1.348847895860671997e-01
1.524638533592224121e-01
1.535458117723464966e-01
1.135416403412818909e-01
7.271177321672439575e-02
1.934579387307167053e-02
-3.452992998063564301e-03
-2.257278002798557281e-02
-7.425472605973482132e-03
-7.016587071120738983e-03
8.527768659405410290e-04
1.407337188720703125e-02
2.337164618074893951e-02
6.601222604513168335e-02
8.059828728437423706e-02
6.996502727270126343e-02
3.076854534447193146e-02
1.968119293451309204e-03
-3.947661817073822021e-02
-7.789885252714157104e-02
-1.267762482166290283e-01
-1.780911684036254883e-01
-2.025941312313079834e-01
-1.866209954023361206e-01
-1.679803878068923950e-01
-4.964113980531692505e-02
-1.884688623249530792e-02
4.569392651319503784e-02
8.431302756071090698e-02
1.021446809172630310e-01
1.229682713747024536e-01
1.388169527053833008e-01
1.431963890790939331e-01
1.300132870674133301e-01
6.243542209267616272e-02
1.304458081722259521e-02
-1.846228726208209991e-02
-9.441627189517021179e-03
8.365540765225887299e-03
3.045269101858139038e-02
3.368896245956420898e-02
3.728716075420379639e-02
5.485090240836143494e-02
6.465585529804229736e-02
7.626500725746154785e-02
7.817836850881576538e-02
6.703737378120422363e-02
3.943895921111106873e-02
-7.105139084160327911e-04
-5.289572104811668396e-02
-1.100447028875350952e-01
-1.701389998197555542e-01
-2.193252593278884888e-01
-2.389433383941650391e-01
-2.226728349924087524e-01
-1.833888292312622070e-01
-1.075750775635242462e-02
3.941365983337163925e-03
3.457397967576980591e-02
5.565281212329864502e-02
8.358407765626907349e-02
1.165499091148376465e-01
1.314623057842254639e-01
1.120177060365676880e-01
7.506073266267776489e-02
2.844094298779964447e-02
-3.422803478315472603e-03
-2.056008204817771912e-02
1.293415762484073639e-02
4.673608392477035522e-02
6.577526032924652100e-02
6.617435067892074585e-02
6.777547299861907959e-02
6.637810170650482178e-02
6.536742299795150757e-02
7.329269498586654663e-02
7.169817388057708740e-02
6.725748628377914429e-02
4.380033910274505615e-02
1.618491485714912415e-02
-1.938331127166748047e-02
-1.079302579164505005e-01
-1.843124777078628540e-01
-2.447843253612518311e-01
-2.513643801212310791e-01
-2.286594957113265991e-01
-1.793854385614395142e-01
-8.815341629087924957e-03
7.566211745142936707e-03
2.732335031032562256e-02
3.692220151424407959e-02
6.807447969913482666e-02
9.983545541763305664e-02
1.052443087100982666e-01
8.609870821237564087e-02
5.865504965186119080e-02
1.841789111495018005e-02
-8.310473058372735977e-04
2.524766884744167328e-02
4.826475307345390320e-02
6.443258374929428101e-02
7.472503930330276489e-02
7.875834405422210693e-02
7.576169073581695557e-02
4.461751133203506470e-02
4.007825255393981934e-02
3.428342565894126892e-02
5.176950991153717041e-02
-9.999000000000000000e+03
-9.999000000000000000e+03
-9.999000000000000000e+03
-9.999000000000000000e+03
-9.999000000000000000e+03
-9.999000000000000000e+03
-1.799888014793395996e-01
-2.307294607162475586e-01
-2.244478613138198853e-01
-1.710922420024871826e-01
-1.434141490608453751e-02
4.437386523932218552e-03
1.689274422824382782e-02
3.254757449030876160e-02
6.559500843286514282e-02
8.859463781118392944e-02
9.050432592630386353e-02
7.474144548177719116e-02
4.608780145645141602e-02
2.720627374947071075e-02
2.717204578220844269e-02
7.496409863233566284e-02
6.740333884954452515e-02
6.810571998357772827e-02
6.875570863485336304e-02
6.951016932725906372e-02
7.932180911302566528e-02
-9.999000000000000000e+03
-9.999000000000000000e+03
-9.999000000000000000e+03
-9.999000000000000000e+03
-9.999000000000000000e+03
-9.999000000000000000e+03
-9.999000000000000000e+03
-9.999000000000000000e+03
-9.999000000000000000e+03
-9.999000000000000000e+03
-1.279967278242111206e-01
-1.785305291414260864e-01
-2.042020708322525024e-01
-1.697078049182891846e-01
-2.865207195281982422e-02
-9.067556820809841156e-03
7.258139085024595261e-03
3.561979159712791443e-02
5.228891596198081970e-02
6.340779364109039307e-02
7.850494235754013062e-02
6.715859472751617432e-02
3.635736554861068726e-02
6.381412595510482788e-02
7.442992925643920898e-02
7.647563517093658447e-02
6.510701030492782593e-02
5.919269844889640808e-02
3.755278512835502625e-02
4.283224046230316162e-02
-9.999000000000000000e+03
-9.999000000000000000e+03
-9.999000000000000000e+03
-9.999000000000000000e+03
-9.999000000000000000e+03
-9.999000000000000000e+03
-9.999000000000000000e+03
-9.999000000000000000e+03
-9.999000000000000000e+03
-9.999000000000000000e+03
-9.999000000000000000e+03
-9.999000000000000000e+03
-9.998796135187149048e-02
-1.568853259086608887e-01
-1.155489310622215271e-01
-6.503511965274810791e-02
-6.230133026838302612e-02
-3.445786982774734497e-02
3.863025223836302757e-03
3.407243639230728149e-02
6.440317630767822266e-02
5.811117589473724365e-02
6.327430903911590576e-02
7.291719317436218262e-02
9.706677496433258057e-02
9.346031397581100464e-02
5.943741649389266968e-02
4.365623369812965393e-02
5.147022753953933716e-02
-9.999000000000000000e+03
-9.999000000000000000e+03
-9.999000000000000000e+03
-9.999000000000000000e+03
-9.999000000000000000e+03
-9.999000000000000000e+03
-9.999000000000000000e+03
-9.999000000000000000e+03
-9.999000000000000000e+03
-9.999000000000000000e+03
-9.999000000000000000e+03
-9.999000000000000000e+03
-9.999000000000000000e+03
-9.999000000000000000e+03
-9.999000000000000000e+03
-9.506715089082717896e-02
-8.758508414030075073e-02
-9.999000000000000000e+03
-8.067143708467483521e-02
-6.575305014848709106e-02
-2.338608913123607635e-02
2.171034924685955048e-02
5.240003392100334167e-02
5.133079737424850464e-02
8.366615325212478638e-02
1.202152967453002930e-01
1.114443838596343994e-01
8.529837429523468018e-02
6.077935174107551575e-02
3.389640152454376221e-02
-9.999000000000000000e+03
-9.999000000000000000e+03
-9.999000000000000000e+03
-9.999000000000000000e+03
-9.999000000000000000e+03
-9.999000000000000000e+03
-9.999000000000000000e+03
-9.999000000000000000e+03
-9.999000000000000000e+03
-9.999000000000000000e+03
-9.999000000000000000e+03
-9.999000000000000000e+03
-9.999000000000000000e+03
-9.999000000000000000e+03
-9.999000000000000000e+03
-9.999000000000000000e+03
-2.475921623408794403e-02
-1.874247193336486816e-02
-9.999000000000000000e+03
-9.999000000000000000e+03
-8.760941773653030396e-02
-3.326542302966117859e-02
1.526195742189884186e-02
4.711663350462913513e-02
7.675518840551376343e-02
1.009211167693138123e-01
1.208852231502532959e-01
1.091632023453712463e-01
6.702548265457153320e-02
3.153449296951293945e-02
-9.999000000000000000e+03
-9.999000000000000000e+03
-9.999000000000000000e+03
-9.999000000000000000e+03
-9.999000000000000000e+03
-9.999000000000000000e+03
-9.999000000000000000e+03
-9.999000000000000000e+03
-9.999000000000000000e+03
-9.999000000000000000e+03
-9.999000000000000000e+03
-9.999000000000000000e+03
-9.999000000000000000e+03
-9.999000000000000000e+03
-9.999000000000000000e+03
-9.999000000000000000e+03
-9.999000000000000000e+03
6.619319319725036621e-03
2.517560124397277832e-02
-9.999000000000000000e+03
-9.999000000000000000e+03
-6.293573975563049316e-02
-4.136720299720764160e-02
6.256967782974243164e-03
4.994791373610496521e-02
9.443840384483337402e-02
9.892378747463226318e-02
9.774335473775863647e-02
8.338758349418640137e-02
7.185140997171401978e-02
6.936234235763549805e-02
-9.999000000000000000e+03
-9.999000000000000000e+03
-9.999000000000000000e+03
-9.999000000000000000e+03
-9.999000000000000000e+03
-9.999000000000000000e+03
-9.999000000000000000e+03
-9.999000000000000000e+03
-9.999000000000000000e+03
-9.999000000000000000e+03
-9.999000000000000000e+03
-9.999000000000000000e+03
-9.999000000000000000e+03
-9.999000000000000000e+03
-9.999000000000000000e+03
-9.999000000000000000e+03
-9.999000000000000000e+03
-9.999000000000000000e+03
-9.999000000000000000e+03
-9.999000000000000000e+03
-9.999000000000000000e+03
-4.780462011694908142e-02
-4.587496444582939148e-02
-4.240995272994041443e-03
4.359611868858337402e-02
7.378301769495010376e-02
8.242154121398925781e-02
7.396895438432693481e-02
7.280752807855606079e-02
7.558099180459976196e-02
6.474385410547256470e-02
-9.999000000000000000e+03
-9.999000000000000000e+03
-9.999000000000000000e+03
-9.999000000000000000e+03
-9.999000000000000000e+03
-9.999000000000000000e+03
-9.999000000000000000e+03
-9.999000000000000000e+03
-9.999000000000000000e+03
-9.999000000000000000e+03
-9.999000000000000000e+03
-9.999000000000000000e+03
-9.999000000000000000e+03
-9.999000000000000000e+03
-9.999000000000000000e+03
-9.999000000000000000e+03
-9.999000000000000000e+03
-9.999000000000000000e+03
-9.999000000000000000e+03
-9.999000000000000000e+03
-9.999000000000000000e+03
-9.999000000000000000e+03
-4.018709808588027954e-02
-2.703663334250450134e-02
3.140245378017425537e-02
7.245226949453353882e-02
5.738658457994461060e-02
8.010770380496978760e-02
1.049911305308341980e-01
7.876989245414733887e-02
-9.999000000000000000e+03
-9.999000000000000000e+03
-9.999000000000000000e+03
-9.999000000000000000e+03
-9.999000000000000000e+03
-9.999000000000000000e+03
-9.999000000000000000e+03
-9.999000000000000000e+03
-9.999000000000000000e+03
-9.999000000000000000e+03
-9.999000000000000000e+03
-9.999000000000000000e+03
-9.999000000000000000e+03
-9.999000000000000000e+03
-9.999000000000000000e+03
-9.999000000000000000e+03
-9.999000000000000000e+03
-9.999000000000000000e+03
-9.999000000000000000e+03
-9.999000000000000000e+03
-9.999000000000000000e+03
-9.999000000000000000e+03
-9.999000000000000000e+03
-3.244417905807495117e-02
-2.065310254693031311e-02
1.657080277800559998e-02
3.647309914231300354e-02
4.317973181605339050e-02
9.489431977272033691e-02
1.282742321491241455e-01
9.319210797548294067e-02
5.707264319062232971e-02
-9.999000000000000000e+03
-9.999000000000000000e+03
-9.999000000000000000e+03
-9.999000000000000000e+03
-9.999000000000000000e+03
-9.999000000000000000e+03
-9.999000000000000000e+03
-9.999000000000000000e+03
-9.999000000000000000e+03
-9.999000000000000000e+03
-9.999000000000000000e+03
-9.999000000000000000e+03
-9.999000000000000000e+03
-9.999000000000000000e+03
-9.999000000000000000e+03
-9.999000000000000000e+03
-9.999000000000000000e+03
-9.999000000000000000e+03
-9.999000000000000000e+03
-9.999000000000000000e+03
-9.999000000000000000e+03
-9.999000000000000000e+03
-9.999000000000000000e+03
-1.330558024346828461e-02
1.528612151741981506e-02
1.833611913025379181e-02
4.208067804574966431e-02
7.099215686321258545e-02
5.278917029500007629e-02
5.802737176418304443e-02
6.947337836027145386e-02
-9.999000000000000000e+03
-9.999000000000000000e+03
-9.999000000000000000e+03
-9.999000000000000000e+03
-9.999000000000000000e+03
-9.999000000000000000e+03
-9.999000000000000000e+03
-9.999000000000000000e+03
-9.999000000000000000e+03
-9.999000000000000000e+03
-9.999000000000000000e+03
-9.999000000000000000e+03
-9.999000000000000000e+03
-9.999000000000000000e+03
-9.999000000000000000e+03
-9.999000000000000000e+03
-9.999000000000000000e+03
-9.999000000000000000e+03
-9.999000000000000000e+03
-9.999000000000000000e+03
-9.999000000000000000e+03
-9.999000000000000000e+03
-9.999000000000000000e+03
2.504263073205947876e-03
6.748240557499229908e-04
1.107094250619411469e-02
3.263192996382713318e-02
-1.450794003903865814e-02
-7.622054964303970337e-02
-5.640848353505134583e-02
8.619262836873531342e-03
5.828504264354705811e-02
-9.999000000000000000e+03
-9.999000000000000000e+03
-9.999000000000000000e+03
-9.999000000000000000e+03
-9.999000000000000000e+03
-9.999000000000000000e+03
-9.999000000000000000e+03
-9.999000000000000000e+03
-9.999000000000000000e+03
-9.999000000000000000e+03
-9.999000000000000000e+03
-9.999000000000000000e+03
-9.999000000000000000e+03
-9.999000000000000000e+03
-9.999000000000000000e+03
-9.999000000000000000e+03
-9.999000000000000000e+03
-9.999000000000000000e+03
-9.999000000000000000e+03
-9.999000000000000000e+03
-9.999000000000000000e+03
-9.999000000000000000e+03
5.388866364955902100e-02
3.796786442399024963e-02
4.971767589449882507e-02
4.048431292176246643e-02
-1.415894894307712093e-05
-5.813787877559661865e-02
-6.713821738958358765e-02
-1.222087070345878601e-02
5.205031856894493103e-02
4.536239430308341980e-02
1.379210036247968674e-02
3.320474643260240555e-03
9.840634651482105255e-03
-9.999000000000000000e+03
-9.999000000000000000e+03
-9.999000000000000000e+03
-9.999000000000000000e+03
-9.999000000000000000e+03
-9.999000000000000000e+03
-9.999000000000000000e+03
-9.999000000000000000e+03
-9.999000000000000000e+03
-9.999000000000000000e+03
-9.999000000000000000e+03
-9.999000000000000000e+03
-9.999000000000000000e+03
-9.999000000000000000e+03
-9.999000000000000000e+03
-9.999000000000000000e+03
-9.999000000000000000e+03
7.442495971918106079e-02
7.811990380287170410e-02
7.320817559957504272e-02
6.225402280688285828e-02
3.845022246241569519e-02
-2.953423187136650085e-03
-2.458950690925121307e-02
-3.718594834208488464e-02
-2.778604254126548767e-02
-2.325687790289521217e-03
2.091842144727706909e-02
2.109114080667495728e-02
9.115134365856647491e-03
8.279511705040931702e-03
-9.999000000000000000e+03
-9.999000000000000000e+03
-9.999000000000000000e+03
-9.999000000000000000e+03
-9.999000000000000000e+03
-9.999000000000000000e+03
-9.999000000000000000e+03
-9.999000000000000000e+03
-9.999000000000000000e+03
-9.999000000000000000e+03
-9.999000000000000000e+03
-9.999000000000000000e+03
-9.999000000000000000e+03
-9.999000000000000000e+03
-9.999000000000000000e+03
6.215824931859970093e-02
7.475931197404861450e-02
8.428692817687988281e-02
8.992090076208114624e-02
7.876946032047271729e-02
5.943581834435462952e-02
3.235645219683647156e-02
7.295360323041677475e-03
-1.267298124730587006e-02
-3.521447256207466125e-02
-5.329394340515136719e-02
-2.709411457180976868e-02
3.932101279497146606e-02
6.288149207830429077e-02
-9.999000000000000000e+03
-9.999000000000000000e+03
-9.999000000000000000e+03
-9.999000000000000000e+03
-9.999000000000000000e+03
-9.999000000000000000e+03
-9.999000000000000000e+03
-9.999000000000000000e+03
-9.999000000000000000e+03
-9.999000000000000000e+03
-9.999000000000000000e+03
-9.999000000000000000e+03
-9.999000000000000000e+03
-9.999000000000000000e+03
-9.999000000000000000e+03
-9.999000000000000000e+03
7.457476109266281128e-03
5.824904516339302063e-02
1.059287264943122864e-01
1.062533706426620483e-01
8.731769770383834839e-02
5.997775495052337646e-02
3.307444229722023010e-02
2.321116626262664795e-02
2.229217067360877991e-02
1.263067312538623810e-02
-1.874765381217002869e-02
-5.368827283382415771e-02
-5.299044772982597351e-02
6.362553685903549194e-02
-9.999000000000000000e+03
-9.999000000000000000e+03
-9.999000000000000000e+03
-9.999000000000000000e+03
-9.999000000000000000e+03
-9.999000000000000000e+03
-9.999000000000000000e+03
-9.999000000000000000e+03
-9.999000000000000000e+03
-9.999000000000000000e+03
-9.999000000000000000e+03
-9.999000000000000000e+03
-9.999000000000000000e+03
-9.999000000000000000e+03
-9.999000000000000000e+03
-9.999000000000000000e+03
-9.999000000000000000e+03
2.270467020571231842e-02
6.325271725654602051e-02
1.212349459528923035e-01
1.044208332896232605e-01
5.650693923234939575e-02
3.164757415652275085e-02
1.410212274640798569e-02
6.966772954910993576e-03
2.639955282211303711e-02
2.751854807138442993e-02
-5.157595151104032993e-04
-3.280102089047431946e-02
-1.493392698466777802e-02
4.244178906083106995e-02
-9.999000000000000000e+03
-9.999000000000000000e+03
-9.999000000000000000e+03
-9.999000000000000000e+03
-9.999000000000000000e+03
-9.999000000000000000e+03
-9.999000000000000000e+03
-9.999000000000000000e+03
-9.999000000000000000e+03
-9.999000000000000000e+03
-9.999000000000000000e+03
-9.999000000000000000e+03
-9.999000000000000000e+03
-9.999000000000000000e+03
-9.999000000000000000e+03
-9.999000000000000000e+03
-9.999000000000000000e+03
3.954336792230606079e-02
8.335644006729125977e-02
1.039919778704643250e-01
8.474523574113845825e-02
3.632891923189163208e-02
7.957317866384983063e-03
-2.153035439550876617e-02
-3.065366856753826141e-02
-1.444012392312288284e-02
-7.597471587359905243e-03
-1.421994250267744064e-02
-3.417928516864776611e-02
-1.398439891636371613e-02
-9.999000000000000000e+03
-9.999000000000000000e+03
-9.999000000000000000e+03
-9.999000000000000000e+03
-9.999000000000000000e+03
-9.999000000000000000e+03
-9.999000000000000000e+03
-9.999000000000000000e+03
-9.999000000000000000e+03
-9.999000000000000000e+03
-9.999000000000000000e+03
-9.999000000000000000e+03
-9.999000000000000000e+03
-9.999000000000000000e+03
-9.999000000000000000e+03
-9.999000000000000000e+03
-9.999000000000000000e+03
-9.999000000000000000e+03
5.719488114118576050e-02
8.032835274934768677e-02
6.533455103635787964e-02
3.545327112078666687e-02
-8.335984311997890472e-03
-3.318785130977630615e-02
-5.583645030856132507e-02
-6.183350458741188049e-02
-4.135438427329063416e-02
-6.381984334439039230e-03
-6.189433857798576355e-03
-1.815724559128284454e-02
-9.999000000000000000e+03
-9.999000000000000000e+03
-9.999000000000000000e+03
-9.999000000000000000e+03
-9.999000000000000000e+03
-9.999000000000000000e+03
-9.999000000000000000e+03
-9.999000000000000000e+03
-9.999000000000000000e+03
-9.999000000000000000e+03
-9.999000000000000000e+03
-9.999000000000000000e+03
-9.999000000000000000e+03
-9.999000000000000000e+03
-9.999000000000000000e+03
-9.999000000000000000e+03
-9.999000000000000000e+03
-9.999000000000000000e+03
-9.999000000000000000e+03
5.974933505058288574e-02
6.446029245853424072e-02
4.194938018918037415e-02
7.333023939281702042e-03
-7.754974812269210815e-02
-7.139203697443008423e-02
-4.649292305111885071e-02
-2.814512141048908234e-02
-2.445548027753829956e-02
-8.250359445810317993e-03
-9.999000000000000000e+03
-9.999000000000000000e+03
-9.999000000000000000e+03
-9.999000000000000000e+03
-9.999000000000000000e+03
-9.999000000000000000e+03
-9.999000000000000000e+03
-9.999000000000000000e+03
-9.999000000000000000e+03
-9.999000000000000000e+03
-9.999000000000000000e+03
-9.999000000000000000e+03
-9.999000000000000000e+03
-9.999000000000000000e+03
-9.999000000000000000e+03
-9.999000000000000000e+03
-9.999000000000000000e+03
-9.999000000000000000e+03
-9.999000000000000000e+03
-9.999000000000000000e+03
-9.999000000000000000e+03
3.504981845617294312e-02
2.275911159813404083e-02
4.784391261637210846e-03
-4.031230881810188293e-02
-6.351576000452041626e-02
-5.355361476540565491e-02
-9.999000000000000000e+03
-9.999000000000000000e+03
-9.999000000000000000e+03
-9.999000000000000000e+03
-9.999000000000000000e+03
-9.999000000000000000e+03
-9.999000000000000000e+03
-9.999000000000000000e+03
-9.999000000000000000e+03
-9.999000000000000000e+03
-9.999000000000000000e+03
-9.999000000000000000e+03
-9.999000000000000000e+03
-9.999000000000000000e+03
-9.999000000000000000e+03
-9.999000000000000000e+03
-9.999000000000000000e+03
-9.999000000000000000e+03
-9.999000000000000000e+03
-9.999000000000000000e+03
-9.999000000000000000e+03
-9.999000000000000000e+03
-9.999000000000000000e+03
-9.999000000000000000e+03
-9.999000000000000000e+03
-1.070500258356332779e-02
-5.725246737711131573e-04
-5.578526295721530914e-03
-9.999000000000000000e+03
-9.999000000000000000e+03
-9.999000000000000000e+03
-9.999000000000000000e+03
-9.999000000000000000e+03
-9.999000000000000000e+03
-9.999000000000000000e+03
-9.999000000000000000e+03
-9.999000000000000000e+03
-9.999000000000000000e+03
-9.999000000000000000e+03
-9.999000000000000000e+03
-9.999000000000000000e+03
-9.999000000000000000e+03
-9.999000000000000000e+03
-9.999000000000000000e+03
-9.999000000000000000e+03
-9.999000000000000000e+03
-9.999000000000000000e+03
-9.999000000000000000e+03
-9.999000000000000000e+03
-9.999000000000000000e+03
-9.999000000000000000e+03
-9.999000000000000000e+03
-9.999000000000000000e+03
-9.999000000000000000e+03
-9.999000000000000000e+03
-9.999000000000000000e+03
