-1.694429665803909302e-01
-1.193973943591117859e-01
-6.979231536388397217e-02
-2.681515738368034363e-02
3.391753882169723511e-02
1.051927357912063599e-01
1.807112544775009155e-01
2.369380742311477661e-01
2.863135635852813721e-01
3.115648627281188965e-01
3.061858713626861572e-01
-9.999000000000000000e+03
-9.999000000000000000e+03
-9.999000000000000000e+03
-9.999000000000000000e+03
-9.999000000000000000e+03
-9.999000000000000000e+03
-9.999000000000000000e+03
-9.999000000000000000e+03
-9.999000000000000000e+03
-9.999000000000000000e+03
-9.999000000000000000e+03
-9.999000000000000000e+03
2.265007048845291138e-02
3.633014057413674891e-05
1.670638471841812134e-02
3.392063453793525696e-02
2.112080156803131104e-02
2.762745507061481476e-02
2.629669196903705597e-02
4.233027622103691101e-02
-1.428652107715606689e-01
-1.081817895174026489e-01
-6.980276107788085938e-02
-2.718288823962211609e-02
3.867569565773010254e-02
1.239542886614799500e-01
2.028337419033050537e-01
2.567139267921447754e-01
2.883167564868927002e-01
3.122109472751617432e-01
3.112235367298126221e-01
1.846532821655273438e-01
-9.999000000000000000e+03
-9.999000000000000000e+03
-9.999000000000000000e+03
-9.999000000000000000e+03
-9.999000000000000000e+03
-9.999000000000000000e+03
-9.999000000000000000e+03
-9.999000000000000000e+03
-9.999000000000000000e+03
1.088280882686376572e-02
2.286412939429283142e-02
2.699337713420391083e-02
1.414050115272402763e-03
2.692856593057513237e-03
-1.167953666299581528e-02
-8.756511844694614410e-03
-7.978404028108343482e-05
1.629611849784851074e-02
3.705186769366264343e-02
-1.284563392400741577e-01
-8.400416374206542969e-02
-4.788824915885925293e-02
1.253962982445955276e-02
7.339483499526977539e-02
1.417673528194427490e-01
2.031538188457489014e-01
2.551156282424926758e-01
2.777367830276489258e-01
2.988751828670501709e-01
2.933913767337799072e-01
2.062095850706100464e-01
-9.999000000000000000e+03
-9.999000000000000000e+03
-9.999000000000000000e+03
-9.999000000000000000e+03
-9.999000000000000000e+03
-9.999000000000000000e+03
-9.999000000000000000e+03
-1.278078067116439342e-03
8.633164688944816589e-03
2.045262232422828674e-02
1.784514822065830231e-02
1.947463117539882660e-02
1.625906117260456085e-02
7.984236814081668854e-03
-8.325869217514991760e-03
-1.757468841969966888e-02
-1.176381297409534454e-02
1.011969707906246185e-02
2.994825877249240875e-02
-9.426841884851455688e-02
-5.966350808739662170e-02
-2.877507172524929047e-02
2.827971801161766052e-02
1.009746491909027100e-01
1.646089851856231689e-01
2.047209292650222778e-01
2.393892705440521240e-01
2.540693283081054688e-01
2.741213738918304443e-01
2.869391441345214844e-01
2.265546321868896484e-01
1.169351190328598022e-01
-9.999000000000000000e+03
-9.999000000000000000e+03
-9.999000000000000000e+03
-3.783237189054489136e-02
-4.240206256508827209e-02
-2.669414691627025604e-02
-1.262930920347571373e-03
2.261731214821338654e-02
2.775820344686508179e-02
3.009269572794437408e-02
2.436225116252899170e-02
1.941263675689697266e-02
2.355723874643445015e-03
-1.872845552861690521e-02
-3.381107375025749207e-02
-3.641157969832420349e-02
-1.680014468729496002e-02
5.110247991979122162e-03
-6.971687078475952148e-02
-2.947194688022136688e-02
1.463678758591413498e-02
5.982670560479164124e-02
1.073706001043319702e-01
1.488927155733108521e-01
1.789672672748565674e-01
2.098484039306640625e-01
2.145720422267913818e-01
2.140870094299316406e-01
2.024717032909393311e-01
1.475729048252105713e-01
8.656227588653564453e-02
3.163297101855278015e-02
-2.119079791009426117e-02
-5.028164386749267578e-02
-5.622421577572822571e-02
-4.552184417843818665e-02
-2.290538884699344635e-02
1.572254858911037445e-02
4.630384966731071472e-02
4.470051079988479614e-02
5.793448910117149353e-02
3.281232342123985291e-02
1.012080442160367966e-02
-2.224157564342021942e-02
-4.576344043016433716e-02
-6.568345427513122559e-02
-6.651791185140609741e-02
-3.929165750741958618e-02
-1.136772613972425461e-02
-5.003765225410461426e-02
-1.497374568134546280e-02
2.350392565131187439e-02
7.421670109033584595e-02
1.142861768603324890e-01
1.377290338277816772e-01
1.468202322721481323e-01
1.651601493358612061e-01
1.696526706218719482e-01
1.706991195678710938e-01
1.293562501668930054e-01
8.819936960935592651e-02
5.365398153662681580e-02
1.366999931633472443e-02
-1.456686202436685562e-02
-3.485244512557983398e-02
-3.334698453545570374e-02
-6.487726233899593353e-03
2.761098556220531464e-02
7.873147726058959961e-02
9.488050639629364014e-02
8.474406599998474121e-02
6.196495890617370605e-02
2.553511410951614380e-02
-1.722764782607555389e-02
-6.443400681018829346e-02
-8.256121724843978882e-02
-9.845423698425292969e-02
-9.360627084970474243e-02
-6.667244434356689453e-02
-3.541965782642364502e-02
-2.905903942883014679e-02
1.228808611631393433e-02
4.982689023017883301e-02
8.225468546152114868e-02
1.092909723520278931e-01
1.294338852167129517e-01
1.330071687698364258e-01
1.444353610277175903e-01
1.503663957118988037e-01
1.344621926546096802e-01
1.081554740667343140e-01
7.654767483472824097e-02
4.804081097245216370e-02
1.140646729618310928e-02
4.213983193039894104e-03
5.864982027560472488e-03
2.981166355311870575e-02
6.371184438467025757e-02
7.915383577346801758e-02
1.188630685210227966e-01
1.069509610533714294e-01
7.198848575353622437e-02
1.975771971046924591e-02
-1.378088537603616714e-02
-5.883260443806648254e-02
-9.563652426004409790e-02
-1.166068539023399353e-01
-1.298802793025970459e-01
-1.206983849406242371e-01
-8.092825859785079956e-02
-5.701402947306632996e-02
-1.965205185115337372e-02
1.257531158626079559e-02
5.240845307707786560e-02
7.959198951721191406e-02
1.055059581995010376e-01
1.245588883757591248e-01
1.362368464469909668e-01
1.406352519989013672e-01
1.407788693904876709e-01
1.067891269922256470e-01
7.607711106538772583e-02
3.847149387001991272e-02
3.417016565799713135e-02
3.138643503189086914e-02
4.430588707327842712e-02
5.629251524806022644e-02
9.992041438817977905e-02
1.202545315027236938e-01
1.202405318617820740e-01
1.079633310437202454e-01
8.387391269207000732e-02
5.669696629047393799e-02
1.726009137928485870e-02
-3.216652199625968933e-02
-9.740547090768814087e-02
-1.317178159952163696e-01
-1.603182405233383179e-01
-1.757421046495437622e-01
-1.683371365070343018e-01
-1.182471662759780884e-01
-9.463290870189666748e-02
-1.003241166472434998e-02
1.161736715584993362e-02
3.773974254727363586e-02
5.796843022108078003e-02
8.756620436906814575e-02
1.160856261849403381e-01
1.399333477020263672e-01
1.325279325246810913e-01
1.040318459272384644e-01
6.657291948795318604e-02
4.729281365871429443e-02
3.318123519420623779e-02
5.313327163457870483e-02
7.218088954687118530e-02
9.965816885232925415e-02
1.091331169009208679e-01
1.225083842873573303e-01
1.135018542408943176e-01
1.027604192495346069e-01
8.085505664348602295e-02
5.691423639655113220e-02
3.732886165380477905e-02
1.189386658370494843e-02
-1.975751854479312897e-02
-5.265967175364494324e-02
-1.230202391743659973e-01
-1.767011582851409912e-01
-2.305096983909606934e-01
-2.237634509801864624e-01
-1.791156083345413208e-01
-1.391228586435317993e-01
-7.859450764954090118e-03
1.716371625661849976e-02
3.398411348462104797e-02
4.498021677136421204e-02
8.354128152132034302e-02
1.148787736892700195e-01
1.233323365449905396e-01
1.169989407062530518e-01
7.999189198017120361e-02
3.921463340520858765e-02
3.498213365674018860e-02
6.271794438362121582e-02
8.506440371274948120e-02
9.945429116487503052e-02
1.170748546719551086e-01
1.236927509307861328e-01
1.080989241600036621e-01
6.312848627567291260e-02
4.814012721180915833e-02
2.421458065509796143e-02
3.763702884316444397e-02
-9.999000000000000000e+03
-9.999000000000000000e+03
-9.999000000000000000e+03
-9.999000000000000000e+03
-9.999000000000000000e+03
-9.999000000000000000e+03
-1.775324195623397827e-01
-2.332596927881240845e-01
-2.126886397600173950e-01
-1.496071964502334595e-01
-2.185231447219848633e-02
-2.684839069843292236e-03
1.854729093611240387e-02
3.339236229658126831e-02
7.916639000177383423e-02
1.017279550433158875e-01
9.459249675273895264e-02
8.701842278242111206e-02
5.804665014147758484e-02
4.441975429654121399e-02
5.098559334874153137e-02
1.017664298415184021e-01
1.028792709112167358e-01
1.086994633078575134e-01
1.083519682288169861e-01
1.050522923469543457e-01
1.143247559666633606e-01
-9.999000000000000000e+03
-9.999000000000000000e+03
-9.999000000000000000e+03
-9.999000000000000000e+03
-9.999000000000000000e+03
-9.999000000000000000e+03
-9.999000000000000000e+03
-9.999000000000000000e+03
-9.999000000000000000e+03
-9.999000000000000000e+03
-1.456001996994018555e-01
-2.086425423622131348e-01
-2.133364975452423096e-01
-1.607348471879959106e-01
-6.091832742094993591e-02
-4.423745349049568176e-02
-5.480429623275995255e-03
3.108571097254753113e-02
5.903399363160133362e-02
7.544891536235809326e-02
8.542833477258682251e-02
7.408238202333450317e-02
5.085524916648864746e-02
9.016551822423934937e-02
1.058284342288970947e-01
1.171601265668869019e-01
1.142843142151832581e-01
1.062086224555969238e-01
5.939625576138496399e-02
6.292777508497238159e-02
-9.999000000000000000e+03
-9.999000000000000000e+03
-9.999000000000000000e+03
-9.999000000000000000e+03
-9.999000000000000000e+03
-9.999000000000000000e+03
-9.999000000000000000e+03
-9.999000000000000000e+03
-9.999000000000000000e+03
-9.999000000000000000e+03
-9.999000000000000000e+03
-9.999000000000000000e+03
-1.318087130784988403e-01
-1.678870171308517456e-01
-1.153178438544273376e-01
-9.080491960048675537e-02
-8.426004648208618164e-02
-4.206889867782592773e-02
5.912706721574068069e-03
4.209112003445625305e-02
7.663997262716293335e-02
6.516595929861068726e-02
7.076171785593032837e-02
8.575501292943954468e-02
1.234029754996299744e-01
1.346328556537628174e-01
1.262542307376861572e-01
1.024077683687210083e-01
1.104918196797370911e-01
-9.999000000000000000e+03
-9.999000000000000000e+03
-9.999000000000000000e+03
-9.999000000000000000e+03
-9.999000000000000000e+03
-9.999000000000000000e+03
-9.999000000000000000e+03
-9.999000000000000000e+03
-9.999000000000000000e+03
-9.999000000000000000e+03
-9.999000000000000000e+03
-9.999000000000000000e+03
-9.999000000000000000e+03
-9.999000000000000000e+03
-9.999000000000000000e+03
-1.176252067089080811e-01
-8.242528885602951050e-02
-9.999000000000000000e+03
-8.175437152385711670e-02
-6.816074997186660767e-02
-3.084301203489303589e-02
1.521495170891284943e-02
4.931563511490821838e-02
4.627982154488563538e-02
8.893204480409622192e-02
1.318197995424270630e-01
1.341191083192825317e-01
1.299823075532913208e-01
1.155731454491615295e-01
7.944651693105697632e-02
-9.999000000000000000e+03
-9.999000000000000000e+03
-9.999000000000000000e+03
-9.999000000000000000e+03
-9.999000000000000000e+03
-9.999000000000000000e+03
-9.999000000000000000e+03
-9.999000000000000000e+03
-9.999000000000000000e+03
-9.999000000000000000e+03
-9.999000000000000000e+03
-9.999000000000000000e+03
-9.999000000000000000e+03
-9.999000000000000000e+03
-9.999000000000000000e+03
-9.999000000000000000e+03
-4.628187045454978943e-02
-2.116715721786022186e-02
-9.999000000000000000e+03
-9.999000000000000000e+03
-8.436897397041320801e-02
-5.732356011867523193e-02
-8.258351124823093414e-03
3.035764023661613464e-02
7.059027999639511108e-02
1.046791225671768188e-01
1.292990297079086304e-01
1.208119392395019531e-01
9.392256289720535278e-02
2.018623799085617065e-02
-9.999000000000000000e+03
-9.999000000000000000e+03
-9.999000000000000000e+03
-9.999000000000000000e+03
-9.999000000000000000e+03
-9.999000000000000000e+03
-9.999000000000000000e+03
-9.999000000000000000e+03
-9.999000000000000000e+03
-9.999000000000000000e+03
-9.999000000000000000e+03
-9.999000000000000000e+03
-9.999000000000000000e+03
-9.999000000000000000e+03
-9.999000000000000000e+03
-9.999000000000000000e+03
-9.999000000000000000e+03
-1.562165562063455582e-02
1.181432884186506271e-02
-9.999000000000000000e+03
-9.999000000000000000e+03
-5.371425300836563110e-02
-4.707945883274078369e-02
-1.767891272902488708e-02
3.130954131484031677e-02
1.005571931600570679e-01
1.125329211354255676e-01
1.138891205191612244e-01
9.851376712322235107e-02
7.500762492418289185e-02
3.673118725419044495e-02
-9.999000000000000000e+03
-9.999000000000000000e+03
-9.999000000000000000e+03
-9.999000000000000000e+03
-9.999000000000000000e+03
-9.999000000000000000e+03
-9.999000000000000000e+03
-9.999000000000000000e+03
-9.999000000000000000e+03
-9.999000000000000000e+03
-9.999000000000000000e+03
-9.999000000000000000e+03
-9.999000000000000000e+03
-9.999000000000000000e+03
-9.999000000000000000e+03
-9.999000000000000000e+03
-9.999000000000000000e+03
-9.999000000000000000e+03
-9.999000000000000000e+03
-9.999000000000000000e+03
-9.999000000000000000e+03
-2.645320631563663483e-02
-2.683704718947410583e-02
-1.489228289574384689e-02
4.111099988222122192e-02
9.242259711027145386e-02
1.086179092526435852e-01
1.039566844701766968e-01
9.155115485191345215e-02
7.868923991918563843e-02
5.638001486659049988e-02
-9.999000000000000000e+03
-9.999000000000000000e+03
-9.999000000000000000e+03
-9.999000000000000000e+03
-9.999000000000000000e+03
-9.999000000000000000e+03
-9.999000000000000000e+03
-9.999000000000000000e+03
-9.999000000000000000e+03
-9.999000000000000000e+03
-9.999000000000000000e+03
-9.999000000000000000e+03
-9.999000000000000000e+03
-9.999000000000000000e+03
-9.999000000000000000e+03
-9.999000000000000000e+03
-9.999000000000000000e+03
-9.999000000000000000e+03
-9.999000000000000000e+03
-9.999000000000000000e+03
-9.999000000000000000e+03
-9.999000000000000000e+03
-1.653341576457023621e-02
-1.588411070406436920e-02
3.716983646154403687e-02
7.983896136283874512e-02
8.762382715940475464e-02
1.071276068687438965e-01
1.195529773831367493e-01
8.553620427846908569e-02
-9.999000000000000000e+03
-9.999000000000000000e+03
-9.999000000000000000e+03
-9.999000000000000000e+03
-9.999000000000000000e+03
-9.999000000000000000e+03
-9.999000000000000000e+03
-9.999000000000000000e+03
-9.999000000000000000e+03
-9.999000000000000000e+03
-9.999000000000000000e+03
-9.999000000000000000e+03
-9.999000000000000000e+03
-9.999000000000000000e+03
-9.999000000000000000e+03
-9.999000000000000000e+03
-9.999000000000000000e+03
-9.999000000000000000e+03
-9.999000000000000000e+03
-9.999000000000000000e+03
-9.999000000000000000e+03
-9.999000000000000000e+03
-9.999000000000000000e+03
-8.419369347393512726e-03
-2.409542212262749672e-03
1.435740757733583450e-02
2.793056517839431763e-02
6.858825683593750000e-02
1.315385550260543823e-01
1.244790032505989075e-01
7.109721750020980835e-02
3.506299853324890137e-02
-9.999000000000000000e+03
-9.999000000000000000e+03
-9.999000000000000000e+03
-9.999000000000000000e+03
-9.999000000000000000e+03
-9.999000000000000000e+03
-9.999000000000000000e+03
-9.999000000000000000e+03
-9.999000000000000000e+03
-9.999000000000000000e+03
-9.999000000000000000e+03
-9.999000000000000000e+03
-9.999000000000000000e+03
-9.999000000000000000e+03
-9.999000000000000000e+03
-9.999000000000000000e+03
-9.999000000000000000e+03
-9.999000000000000000e+03
-9.999000000000000000e+03
-9.999000000000000000e+03
-9.999000000000000000e+03
-9.999000000000000000e+03
-9.999000000000000000e+03
9.050618857145309448e-03
1.718420907855033875e-02
2.560227178037166595e-02
7.296176999807357788e-02
9.156399965286254883e-02
2.964593283832073212e-02
2.414574846625328064e-02
5.223315209150314331e-02
-9.999000000000000000e+03
-9.999000000000000000e+03
-9.999000000000000000e+03
-9.999000000000000000e+03
-9.999000000000000000e+03
-9.999000000000000000e+03
-9.999000000000000000e+03
-9.999000000000000000e+03
-9.999000000000000000e+03
-9.999000000000000000e+03
-9.999000000000000000e+03
-9.999000000000000000e+03
-9.999000000000000000e+03
-9.999000000000000000e+03
-9.999000000000000000e+03
-9.999000000000000000e+03
-9.999000000000000000e+03
-9.999000000000000000e+03
-9.999000000000000000e+03
-9.999000000000000000e+03
-9.999000000000000000e+03
-9.999000000000000000e+03
-9.999000000000000000e+03
3.204283863306045532e-02
3.093807213008403778e-02
2.765729650855064392e-02
3.709018975496292114e-02
-2.693444676697254181e-02
-1.120479404926300049e-01
-9.273510426282882690e-02
-1.816584542393684387e-02
4.019851982593536377e-02
-9.999000000000000000e+03
-9.999000000000000000e+03
-9.999000000000000000e+03
-9.999000000000000000e+03
-9.999000000000000000e+03
-9.999000000000000000e+03
-9.999000000000000000e+03
-9.999000000000000000e+03
-9.999000000000000000e+03
-9.999000000000000000e+03
-9.999000000000000000e+03
-9.999000000000000000e+03
-9.999000000000000000e+03
-9.999000000000000000e+03
-9.999000000000000000e+03
-9.999000000000000000e+03
-9.999000000000000000e+03
-9.999000000000000000e+03
-9.999000000000000000e+03
-9.999000000000000000e+03
-9.999000000000000000e+03
-9.999000000000000000e+03
6.537696719169616699e-02
5.018832907080650330e-02
3.980417177081108093e-02
1.127714104950428009e-02
-3.831329941749572754e-02
-1.141500174999237061e-01
-1.014686748385429382e-01
-2.158258855342864990e-02
7.351206988096237183e-02
5.574913322925567627e-02
2.735863812267780304e-02
3.189465031027793884e-02
3.648168593645095825e-02
-9.999000000000000000e+03
-9.999000000000000000e+03
-9.999000000000000000e+03
-9.999000000000000000e+03
-9.999000000000000000e+03
-9.999000000000000000e+03
-9.999000000000000000e+03
-9.999000000000000000e+03
-9.999000000000000000e+03
-9.999000000000000000e+03
-9.999000000000000000e+03
-9.999000000000000000e+03
-9.999000000000000000e+03
-9.999000000000000000e+03
-9.999000000000000000e+03
-9.999000000000000000e+03
-9.999000000000000000e+03
6.611552089452743530e-02
7.025597989559173584e-02
6.580376625061035156e-02
3.633894771337509155e-02
1.258809235878288746e-03
-3.179385513067245483e-02
-4.229884594678878784e-02
-4.035307466983795166e-02
-1.284015923738479614e-02
4.143405705690383911e-02
6.059650704264640808e-02
7.918915152549743652e-02
4.506937414407730103e-02
3.855934366583824158e-02
-9.999000000000000000e+03
-9.999000000000000000e+03
-9.999000000000000000e+03
-9.999000000000000000e+03
-9.999000000000000000e+03
-9.999000000000000000e+03
-9.999000000000000000e+03
-9.999000000000000000e+03
-9.999000000000000000e+03
-9.999000000000000000e+03
-9.999000000000000000e+03
-9.999000000000000000e+03
-9.999000000000000000e+03
-9.999000000000000000e+03
-9.999000000000000000e+03
6.004352867603302002e-02
6.248205527663230896e-02
5.838693678379058838e-02
5.204862356185913086e-02
3.973793983459472656e-02
1.707665435969829559e-02
2.374311909079551697e-03
-5.200434941798448563e-03
-1.248218957334756851e-02
-1.976859197020530701e-02
-1.720429584383964539e-02
2.377049438655376434e-02
8.329627662897109985e-02
1.069069132208824158e-01
-9.999000000000000000e+03
-9.999000000000000000e+03
-9.999000000000000000e+03
-9.999000000000000000e+03
-9.999000000000000000e+03
-9.999000000000000000e+03
-9.999000000000000000e+03
-9.999000000000000000e+03
-9.999000000000000000e+03
-9.999000000000000000e+03
-9.999000000000000000e+03
-9.999000000000000000e+03
-9.999000000000000000e+03
-9.999000000000000000e+03
-9.999000000000000000e+03
-9.999000000000000000e+03
2.034957706928253174e-02
5.482244119048118591e-02
8.202584087848663330e-02
6.513911485671997070e-02
4.301368817687034607e-02
1.197720598429441452e-02
-9.936362504959106445e-03
7.941310759633779526e-04
1.361339073628187180e-02
1.242163032293319702e-02
-1.010619383305311203e-02
-3.377155959606170654e-02
-4.584910813719034195e-03
1.019129306077957153e-01
-9.999000000000000000e+03
-9.999000000000000000e+03
-9.999000000000000000e+03
-9.999000000000000000e+03
-9.999000000000000000e+03
-9.999000000000000000e+03
-9.999000000000000000e+03
-9.999000000000000000e+03
-9.999000000000000000e+03
-9.999000000000000000e+03
-9.999000000000000000e+03
-9.999000000000000000e+03
-9.999000000000000000e+03
-9.999000000000000000e+03
-9.999000000000000000e+03
-9.999000000000000000e+03
-9.999000000000000000e+03
4.213129729032516479e-02
5.654746294021606445e-02
9.542456269264221191e-02
6.859795004129409790e-02
2.472238242626190186e-02
-7.098201196640729904e-03
-2.089793421328067780e-02
-6.138874217867851257e-03
2.375477738678455353e-02
3.003575280308723450e-02
1.313711516559123993e-02
-1.614381931722164154e-02
6.429552100598812103e-03
6.982015818357467651e-02
-9.999000000000000000e+03
-9.999000000000000000e+03
-9.999000000000000000e+03
-9.999000000000000000e+03
-9.999000000000000000e+03
-9.999000000000000000e+03
-9.999000000000000000e+03
-9.999000000000000000e+03
-9.999000000000000000e+03
-9.999000000000000000e+03
-9.999000000000000000e+03
-9.999000000000000000e+03
-9.999000000000000000e+03
-9.999000000000000000e+03
-9.999000000000000000e+03
-9.999000000000000000e+03
-9.999000000000000000e+03
6.806679069995880127e-02
1.018263623118400574e-01
1.048723757266998291e-01
7.302755862474441528e-02
2.565512061119079590e-02
-1.284757908433675766e-02
-2.546611428260803223e-02
-1.421420462429523468e-02
9.876229800283908844e-03
2.259396202862262726e-02
1.771324127912521362e-02
-1.295244693756103516e-02
3.154530422762036324e-03
-9.999000000000000000e+03
-9.999000000000000000e+03
-9.999000000000000000e+03
-9.999000000000000000e+03
-9.999000000000000000e+03
-9.999000000000000000e+03
-9.999000000000000000e+03
-9.999000000000000000e+03
-9.999000000000000000e+03
-9.999000000000000000e+03
-9.999000000000000000e+03
-9.999000000000000000e+03
-9.999000000000000000e+03
-9.999000000000000000e+03
-9.999000000000000000e+03
-9.999000000000000000e+03
-9.999000000000000000e+03
-9.999000000000000000e+03
1.095363795757293701e-01
1.457211077213287354e-01
1.129303723573684692e-01
6.807547807693481445e-02
1.898010075092315674e-02
-1.961676403880119324e-02
-3.747737780213356018e-02
-2.271443046629428864e-02
6.163033191114664078e-03
3.672935813665390015e-02
1.397119462490081787e-02
-4.501426592469215393e-03
-9.999000000000000000e+03
-9.999000000000000000e+03
-9.999000000000000000e+03
-9.999000000000000000e+03
-9.999000000000000000e+03
-9.999000000000000000e+03
-9.999000000000000000e+03
-9.999000000000000000e+03
-9.999000000000000000e+03
-9.999000000000000000e+03
-9.999000000000000000e+03
-9.999000000000000000e+03
-9.999000000000000000e+03
-9.999000000000000000e+03
-9.999000000000000000e+03
-9.999000000000000000e+03
-9.999000000000000000e+03
-9.999000000000000000e+03
-9.999000000000000000e+03
1.245411634445190430e-01
1.343879699707031250e-01
1.131773889064788818e-01
7.374420017004013062e-02
-1.136856712400913239e-02
-3.702830895781517029e-02
-2.656481973826885223e-02
-9.387828409671783447e-03
4.837824963033199310e-03
1.185181923210620880e-02
-9.999000000000000000e+03
-9.999000000000000000e+03
-9.999000000000000000e+03
-9.999000000000000000e+03
-9.999000000000000000e+03
-9.999000000000000000e+03
-9.999000000000000000e+03
-9.999000000000000000e+03
-9.999000000000000000e+03
-9.999000000000000000e+03
-9.999000000000000000e+03
-9.999000000000000000e+03
-9.999000000000000000e+03
-9.999000000000000000e+03
-9.999000000000000000e+03
-9.999000000000000000e+03
-9.999000000000000000e+03
-9.999000000000000000e+03
-9.999000000000000000e+03
-9.999000000000000000e+03
-9.999000000000000000e+03
9.818010032176971436e-02
1.057144552469253540e-01
6.889393925666809082e-02
3.331482410430908203e-02
-6.927199661731719971e-03
-3.066529333591461182e-02
-9.999000000000000000e+03
-9.999000000000000000e+03
-9.999000000000000000e+03
-9.999000000000000000e+03
-9.999000000000000000e+03
-9.999000000000000000e+03
-9.999000000000000000e+03
-9.999000000000000000e+03
-9.999000000000000000e+03
-9.999000000000000000e+03
-9.999000000000000000e+03
-9.999000000000000000e+03
-9.999000000000000000e+03
-9.999000000000000000e+03
-9.999000000000000000e+03
-9.999000000000000000e+03
-9.999000000000000000e+03
-9.999000000000000000e+03
-9.999000000000000000e+03
-9.999000000000000000e+03
-9.999000000000000000e+03
-9.999000000000000000e+03
-9.999000000000000000e+03
-9.999000000000000000e+03
-9.999000000000000000e+03
3.842227533459663391e-02
4.811727255582809448e-02
4.654467478394508362e-02
-9.999000000000000000e+03
-9.999000000000000000e+03
-9.999000000000000000e+03
-9.999000000000000000e+03
-9.999000000000000000e+03
-9.999000000000000000e+03
-9.999000000000000000e+03
-9.999000000000000000e+03
-9.999000000000000000e+03
-9.999000000000000000e+03
-9.999000000000000000e+03
-9.999000000000000000e+03
-9.999000000000000000e+03
-9.999000000000000000e+03
-9.999000000000000000e+03
-9.999000000000000000e+03
-9.999000000000000000e+03
-9.999000000000000000e+03
-9.999000000000000000e+03
-9.999000000000000000e+03
-9.999000000000000000e+03
-9.999000000000000000e+03
-9.999000000000000000e+03
-9.999000000000000000e+03
-9.999000000000000000e+03
-9.999000000000000000e+03
-9.999000000000000000e+03
-9.999000000000000000e+03
