1.326994597911834717e-01
1.412082761526107788e-01
1.259431838989257812e-01
1.034851744771003723e-01
1.143701821565628052e-01
9.690187126398086548e-02
8.764510601758956909e-02
7.768388837575912476e-02
5.731542035937309265e-02
4.984288290143013000e-02
-2.329647773876786232e-03
-9.999000000000000000e+03
-9.999000000000000000e+03
-9.999000000000000000e+03
-9.999000000000000000e+03
-9.999000000000000000e+03
-9.999000000000000000e+03
-9.999000000000000000e+03
-9.999000000000000000e+03
-9.999000000000000000e+03
-9.999000000000000000e+03
-9.999000000000000000e+03
-9.999000000000000000e+03
-3.475824370980262756e-02
-5.575562641024589539e-02
-8.467623032629489899e-03
2.725793235003948212e-02
6.282597035169601440e-02
8.690555393695831299e-02
1.011165902018547058e-01
9.669478982686996460e-02
5.021326988935470581e-02
6.009673327207565308e-02
5.051869899034500122e-02
3.440963476896286011e-02
4.142599180340766907e-02
3.372372314333915710e-02
2.857019193470478058e-02
2.833781018853187561e-02
2.139694243669509888e-02
2.760353498160839081e-02
2.423785068094730377e-02
1.802094280719757080e-02
-9.999000000000000000e+03
-9.999000000000000000e+03
-9.999000000000000000e+03
-9.999000000000000000e+03
-9.999000000000000000e+03
-9.999000000000000000e+03
-9.999000000000000000e+03
-9.999000000000000000e+03
-9.999000000000000000e+03
1.221105270087718964e-02
2.389684133231639862e-02
8.963590487837791443e-03
1.305988058447837830e-02
2.342665195465087891e-02
4.849538952112197876e-02
6.994498521089553833e-02
8.315083384513854980e-02
8.403536677360534668e-02
9.088274091482162476e-02
-2.613165974617004395e-02
-2.356272004544734955e-02
-3.849705308675765991e-02
-5.049151182174682617e-02
-2.641373500227928162e-02
-2.329150773584842682e-02
-1.512991450726985931e-02
-5.715114530175924301e-03
-8.694279938936233521e-03
-2.480983035638928413e-03
1.628832076676189899e-03
7.545047905296087265e-03
-9.999000000000000000e+03
-9.999000000000000000e+03
-9.999000000000000000e+03
-9.999000000000000000e+03
-9.999000000000000000e+03
-9.999000000000000000e+03
-9.999000000000000000e+03
5.448749288916587830e-02
4.834445565938949585e-02
6.213031709194183350e-02
7.192290574312210083e-02
6.106101721525192261e-02
5.212610214948654175e-02
6.399629265069961548e-02
7.183524221181869507e-02
8.587563782930374146e-02
1.059767007827758789e-01
1.233105137944221497e-01
1.438124030828475952e-01
-1.032928898930549622e-01
-1.048440560698509216e-01
-1.146601811051368713e-01
-1.223581135272979736e-01
-9.429337084293365479e-02
-8.244767785072326660e-02
-7.578648626804351807e-02
-5.572662502527236938e-02
-5.055093392729759216e-02
-3.052257932722568512e-02
-2.536380290985107422e-02
-1.984048169106245041e-03
-8.088590577244758606e-03
-9.999000000000000000e+03
-9.999000000000000000e+03
-9.999000000000000000e+03
3.774438425898551941e-02
5.749430134892463684e-02
7.418429106473922729e-02
4.781135916709899902e-02
3.092938102781772614e-02
2.678110450506210327e-02
1.605054736137390137e-02
4.726867377758026123e-02
6.489723920822143555e-02
6.305879354476928711e-02
1.026542633771896362e-01
1.204524934291839600e-01
1.313215643167495728e-01
1.473267078399658203e-01
1.529153734445571899e-01
-1.685465574264526367e-01
-1.781177669763565063e-01
-1.815932840108871460e-01
-1.804382950067520142e-01
-1.582006961107254028e-01
-1.420818567276000977e-01
-1.227398365736007690e-01
-9.775989502668380737e-02
-8.407376706600189209e-02
-6.166784465312957764e-02
-3.468826040625572205e-02
-1.807863451540470123e-02
-1.693550497293472290e-02
-2.685752697288990021e-02
6.185340229421854019e-03
2.687467262148857117e-02
2.855832502245903015e-02
1.431130524724721909e-02
8.825738914310932159e-03
-3.349858522415161133e-02
-4.569652676582336426e-02
-6.815719604492187500e-02
-7.631310075521469116e-02
-4.103099927306175232e-02
-1.950009912252426147e-02
6.135792005807161331e-03
4.630087688565254211e-02
7.551120221614837646e-02
1.021114960312843323e-01
1.235969066619873047e-01
1.302427649497985840e-01
-1.974585056304931641e-01
-2.112603634595870972e-01
-2.225626260042190552e-01
-2.174644023180007935e-01
-2.004804462194442749e-01
-1.860553026199340820e-01
-1.623256802558898926e-01
-1.292682737112045288e-01
-1.101486161351203918e-01
-7.447706907987594604e-02
-3.609538078308105469e-02
-2.124164253473281860e-03
-5.221515428274869919e-03
-3.842917038127779961e-03
-4.839802160859107971e-03
-1.386097515933215618e-03
-2.898232080042362213e-02
-7.803968340158462524e-02
-1.034796610474586487e-01
-1.451556831598281860e-01
-1.598314940929412842e-01
-1.579215228557586670e-01
-1.726332902908325195e-01
-1.302009224891662598e-01
-1.022482141852378845e-01
-7.627119868993759155e-02
-1.138351392000913620e-02
1.434023957699537277e-02
4.791106656193733215e-02
8.445579558610916138e-02
9.527811408042907715e-02
-2.060992419719696045e-01
-2.149528115987777710e-01
-2.231836318969726562e-01
-2.191906869411468506e-01
-2.144365608692169189e-01
-2.057737708091735840e-01
-1.786278039216995239e-01
-1.437201350927352905e-01
-1.082812026143074036e-01
-7.633305341005325317e-02
-4.128222912549972534e-02
-2.129000611603260040e-02
-9.164852090179920197e-03
-1.020443346351385117e-02
-5.279586091637611389e-02
-8.107702434062957764e-02
-1.250829845666885376e-01
-1.596318483352661133e-01
-1.704506278038024902e-01
-2.022806555032730103e-01
-2.268306463956832886e-01
-2.539789080619812012e-01
-2.674138247966766357e-01
-2.434907406568527222e-01
-2.198525965213775635e-01
-1.926147788763046265e-01
-1.168066486716270447e-01
-8.386734127998352051e-02
-3.985946625471115112e-02
2.089273743331432343e-02
4.601198807358741760e-02
-1.683092117309570312e-01
-1.912622004747390747e-01
-2.015635371208190918e-01
-1.911925524473190308e-01
-1.881948113441467285e-01
-1.738835126161575317e-01
-1.562874466180801392e-01
-1.372659951448440552e-01
-1.053716987371444702e-01
-8.181367814540863037e-02
-6.269764155149459839e-02
-5.673028156161308289e-02
-6.094074994325637817e-02
-7.780449837446212769e-02
-1.171657964587211609e-01
-1.437302082777023315e-01
-1.914001703262329102e-01
-1.993370950222015381e-01
-2.067990303039550781e-01
-2.131135314702987671e-01
-2.165075391530990601e-01
-2.442248463630676270e-01
-2.389496564865112305e-01
-2.580393254756927490e-01
-2.945726215839385986e-01
-2.944548130035400391e-01
-2.166407704353332520e-01
-1.678993999958038330e-01
-1.217174828052520752e-01
-5.852951854467391968e-02
-3.495538979768753052e-02
-1.248325407505035400e-01
-1.428104490041732788e-01
-1.607791185379028320e-01
-1.547977775335311890e-01
-1.567592471837997437e-01
-1.441890001296997070e-01
-1.338038295507431030e-01
-1.170132979750633240e-01
-9.251708537340164185e-02
-8.639379590749740601e-02
-8.623706549406051636e-02
-9.135004878044128418e-02
-1.182987838983535767e-01
-1.557563394308090210e-01
-1.893512904644012451e-01
-1.926171034574508667e-01
-1.978132277727127075e-01
-1.807650327682495117e-01
-1.747557073831558228e-01
-1.455164402723312378e-01
-1.072181090712547302e-01
-1.176195964217185974e-01
-9.981836378574371338e-02
-1.472972780466079712e-01
-1.349667310714721680e-01
-2.420990020036697388e-01
-2.319841980934143066e-01
-2.121766954660415649e-01
-1.711212843656539917e-01
-1.243056878447532654e-01
-1.030482351779937744e-01
-1.100546866655349731e-01
-1.112750619649887085e-01
-1.245260611176490784e-01
-1.211366802453994751e-01
-1.204103827476501465e-01
-1.137491092085838318e-01
-1.030717864632606506e-01
-1.047962605953216553e-01
-8.631867170333862305e-02
-1.080649048089981079e-01
-1.306085586547851562e-01
-1.628081947565078735e-01
-1.832995712757110596e-01
-1.991923898458480835e-01
-2.076752334833145142e-01
-1.950966417789459229e-01
-1.740091294050216675e-01
-1.121870651841163635e-01
-1.039547324180603027e-01
-5.272387713193893433e-02
-3.365879878401756287e-02
-9.999000000000000000e+03
-9.999000000000000000e+03
-9.999000000000000000e+03
-9.999000000000000000e+03
-9.999000000000000000e+03
-9.999000000000000000e+03
-2.470657974481582642e-01
-2.105578929185867310e-01
-1.710904985666275024e-01
-1.544706821441650391e-01
-8.878315985202789307e-02
-8.273393660783767700e-02
-8.841149508953094482e-02
-8.866529166698455811e-02
-9.772657603025436401e-02
-8.898746967315673828e-02
-8.524899184703826904e-02
-9.097368270158767700e-02
-1.117058545351028442e-01
-1.497647911310195923e-01
-1.721045225858688354e-01
-2.099143862724304199e-01
-2.125891596078872681e-01
-2.028167992830276489e-01
-1.752926707267761230e-01
-1.441383063793182373e-01
-1.155435591936111450e-01
-9.999000000000000000e+03
-9.999000000000000000e+03
-9.999000000000000000e+03
-9.999000000000000000e+03
-9.999000000000000000e+03
-9.999000000000000000e+03
-9.999000000000000000e+03
-9.999000000000000000e+03
-9.999000000000000000e+03
-9.999000000000000000e+03
-1.232983320951461792e-01
-1.753249317407608032e-01
-2.082916349172592163e-01
-2.067964226007461548e-01
-9.150464087724685669e-02
-8.730388432741165161e-02
-7.723608613014221191e-02
-7.702593505382537842e-02
-8.069986104965209961e-02
-8.749157190322875977e-02
-9.316323697566986084e-02
-1.079523265361785889e-01
-1.611015200614929199e-01
-1.915192306041717529e-01
-1.978818774223327637e-01
-2.004624307155609131e-01
-1.892335414886474609e-01
-1.775024831295013428e-01
-8.850812911987304688e-02
-8.588006347417831421e-02
-9.999000000000000000e+03
-9.999000000000000000e+03
-9.999000000000000000e+03
-9.999000000000000000e+03
-9.999000000000000000e+03
-9.999000000000000000e+03
-9.999000000000000000e+03
-9.999000000000000000e+03
-9.999000000000000000e+03
-9.999000000000000000e+03
-9.999000000000000000e+03
-9.999000000000000000e+03
-9.823768585920333862e-02
-1.959705203771591187e-01
-2.310102134943008423e-01
-1.476659625768661499e-01
-1.172070801258087158e-01
-8.450536429882049561e-02
-6.972862780094146729e-02
-6.412711739540100098e-02
-7.701585441827774048e-02
-9.267863631248474121e-02
-1.259343177080154419e-01
-1.650665700435638428e-01
-1.756148934364318848e-01
-1.781417727470397949e-01
-1.727188080549240112e-01
-1.125642582774162292e-01
-1.165045276284217834e-01
-9.999000000000000000e+03
-9.999000000000000000e+03
-9.999000000000000000e+03
-9.999000000000000000e+03
-9.999000000000000000e+03
-9.999000000000000000e+03
-9.999000000000000000e+03
-9.999000000000000000e+03
-9.999000000000000000e+03
-9.999000000000000000e+03
-9.999000000000000000e+03
-9.999000000000000000e+03
-9.999000000000000000e+03
-9.999000000000000000e+03
-9.999000000000000000e+03
-1.575521230697631836e-01
-2.231079041957855225e-01
-9.999000000000000000e+03
-7.297098636627197266e-02
-7.505950331687927246e-02
-5.542571470141410828e-02
-4.659130796790122986e-02
-5.560351163148880005e-02
-7.601372152566909790e-02
-1.241145282983779907e-01
-1.381364762783050537e-01
-1.321055293083190918e-01
-1.361186653375625610e-01
-1.140609085559844971e-01
-8.601324260234832764e-02
-9.999000000000000000e+03
-9.999000000000000000e+03
-9.999000000000000000e+03
-9.999000000000000000e+03
-9.999000000000000000e+03
-9.999000000000000000e+03
-9.999000000000000000e+03
-9.999000000000000000e+03
-9.999000000000000000e+03
-9.999000000000000000e+03
-9.999000000000000000e+03
-9.999000000000000000e+03
-9.999000000000000000e+03
-9.999000000000000000e+03
-9.999000000000000000e+03
-9.999000000000000000e+03
-1.245702654123306274e-01
-1.955804377794265747e-01
-9.999000000000000000e+03
-9.999000000000000000e+03
-5.965427681803703308e-02
-4.391938447952270508e-02
-3.720322251319885254e-02
-4.698223620653152466e-02
-7.399395108222961426e-02
-9.940952807664871216e-02
-9.785411506891250610e-02
-9.126024693250656128e-02
-9.924691915512084961e-02
-4.442608729004859924e-02
-9.999000000000000000e+03
-9.999000000000000000e+03
-9.999000000000000000e+03
-9.999000000000000000e+03
-9.999000000000000000e+03
-9.999000000000000000e+03
-9.999000000000000000e+03
-9.999000000000000000e+03
-9.999000000000000000e+03
-9.999000000000000000e+03
-9.999000000000000000e+03
-9.999000000000000000e+03
-9.999000000000000000e+03
-9.999000000000000000e+03
-9.999000000000000000e+03
-9.999000000000000000e+03
-9.999000000000000000e+03
-7.180101424455642700e-02
-1.368728280067443848e-01
-9.999000000000000000e+03
-9.999000000000000000e+03
-3.169606253504753113e-02
-3.515809029340744019e-02
-3.088897094130516052e-02
-3.764199838042259216e-02
-5.791266635060310364e-02
-5.313442647457122803e-02
-5.804359912872314453e-02
-5.696181580424308777e-02
-5.911622941493988037e-02
-3.211154043674468994e-02
-9.999000000000000000e+03
-9.999000000000000000e+03
-9.999000000000000000e+03
-9.999000000000000000e+03
-9.999000000000000000e+03
-9.999000000000000000e+03
-9.999000000000000000e+03
-9.999000000000000000e+03
-9.999000000000000000e+03
-9.999000000000000000e+03
-9.999000000000000000e+03
-9.999000000000000000e+03
-9.999000000000000000e+03
-9.999000000000000000e+03
-9.999000000000000000e+03
-9.999000000000000000e+03
-9.999000000000000000e+03
-9.999000000000000000e+03
-9.999000000000000000e+03
-9.999000000000000000e+03
-9.999000000000000000e+03
-1.560400333255529404e-02
-2.000341378152370453e-02
-1.861036010086536407e-02
-2.665606699883937836e-02
-1.845241524279117584e-02
-1.151117682456970215e-02
-6.522253155708312988e-03
-1.319340709596872330e-02
-2.867089956998825073e-02
-2.705700881779193878e-02
-9.999000000000000000e+03
-9.999000000000000000e+03
-9.999000000000000000e+03
-9.999000000000000000e+03
-9.999000000000000000e+03
-9.999000000000000000e+03
-9.999000000000000000e+03
-9.999000000000000000e+03
-9.999000000000000000e+03
-9.999000000000000000e+03
-9.999000000000000000e+03
-9.999000000000000000e+03
-9.999000000000000000e+03
-9.999000000000000000e+03
-9.999000000000000000e+03
-9.999000000000000000e+03
-9.999000000000000000e+03
-9.999000000000000000e+03
-9.999000000000000000e+03
-9.999000000000000000e+03
-9.999000000000000000e+03
-9.999000000000000000e+03
-1.917952112853527069e-02
-2.774588018655776978e-02
-3.450273722410202026e-02
3.199445828795433044e-02
2.927089855074882507e-02
2.605327032506465912e-02
4.080478474497795105e-02
1.217504963278770447e-02
-9.999000000000000000e+03
-9.999000000000000000e+03
-9.999000000000000000e+03
-9.999000000000000000e+03
-9.999000000000000000e+03
-9.999000000000000000e+03
-9.999000000000000000e+03
-9.999000000000000000e+03
-9.999000000000000000e+03
-9.999000000000000000e+03
-9.999000000000000000e+03
-9.999000000000000000e+03
-9.999000000000000000e+03
-9.999000000000000000e+03
-9.999000000000000000e+03
-9.999000000000000000e+03
-9.999000000000000000e+03
-9.999000000000000000e+03
-9.999000000000000000e+03
-9.999000000000000000e+03
-9.999000000000000000e+03
-9.999000000000000000e+03
-9.999000000000000000e+03
-3.578628227114677429e-02
-5.813161283731460571e-02
-3.665665909647941589e-02
-6.393001880496740341e-03
1.806106045842170715e-02
1.276296935975551605e-02
1.056720912456512451e-01
1.616755276918411255e-01
1.173623874783515930e-01
-9.999000000000000000e+03
-9.999000000000000000e+03
-9.999000000000000000e+03
-9.999000000000000000e+03
-9.999000000000000000e+03
-9.999000000000000000e+03
-9.999000000000000000e+03
-9.999000000000000000e+03
-9.999000000000000000e+03
-9.999000000000000000e+03
-9.999000000000000000e+03
-9.999000000000000000e+03
-9.999000000000000000e+03
-9.999000000000000000e+03
-9.999000000000000000e+03
-9.999000000000000000e+03
-9.999000000000000000e+03
-9.999000000000000000e+03
-9.999000000000000000e+03
-9.999000000000000000e+03
-9.999000000000000000e+03
-9.999000000000000000e+03
-9.999000000000000000e+03
-7.424382865428924561e-02
-5.168311670422554016e-02
-6.227163970470428467e-02
-4.988700523972511292e-02
-1.353901345282793045e-02
9.034510701894760132e-03
1.602615267038345337e-01
1.872208416461944580e-01
-9.999000000000000000e+03
-9.999000000000000000e+03
-9.999000000000000000e+03
-9.999000000000000000e+03
-9.999000000000000000e+03
-9.999000000000000000e+03
-9.999000000000000000e+03
-9.999000000000000000e+03
-9.999000000000000000e+03
-9.999000000000000000e+03
-9.999000000000000000e+03
-9.999000000000000000e+03
-9.999000000000000000e+03
-9.999000000000000000e+03
-9.999000000000000000e+03
-9.999000000000000000e+03
-9.999000000000000000e+03
-9.999000000000000000e+03
-9.999000000000000000e+03
-9.999000000000000000e+03
-9.999000000000000000e+03
-9.999000000000000000e+03
-9.999000000000000000e+03
-7.744476944208145142e-02
-1.231921017169952393e-01
-1.719814836978912354e-01
-1.471375077962875366e-01
-1.276928037405014038e-01
-9.470117092132568359e-02
-1.665231399238109589e-02
8.377197384834289551e-02
8.367352187633514404e-02
-9.999000000000000000e+03
-9.999000000000000000e+03
-9.999000000000000000e+03
-9.999000000000000000e+03
-9.999000000000000000e+03
-9.999000000000000000e+03
-9.999000000000000000e+03
-9.999000000000000000e+03
-9.999000000000000000e+03
-9.999000000000000000e+03
-9.999000000000000000e+03
-9.999000000000000000e+03
-9.999000000000000000e+03
-9.999000000000000000e+03
-9.999000000000000000e+03
-9.999000000000000000e+03
-9.999000000000000000e+03
-9.999000000000000000e+03
-9.999000000000000000e+03
-9.999000000000000000e+03
-9.999000000000000000e+03
-9.999000000000000000e+03
-1.410053577274084091e-02
-9.207343310117721558e-02
-1.190790757536888123e-01
-1.219320967793464661e-01
-1.063801124691963196e-01
-8.409704267978668213e-02
-7.703117281198501587e-02
-6.879847496747970581e-02
-3.522175550460815430e-02
9.250493720173835754e-03
1.425455790013074875e-02
1.102902926504611969e-02
2.483125030994415283e-02
-9.999000000000000000e+03
-9.999000000000000000e+03
-9.999000000000000000e+03
-9.999000000000000000e+03
-9.999000000000000000e+03
-9.999000000000000000e+03
-9.999000000000000000e+03
-9.999000000000000000e+03
-9.999000000000000000e+03
-9.999000000000000000e+03
-9.999000000000000000e+03
-9.999000000000000000e+03
-9.999000000000000000e+03
-9.999000000000000000e+03
-9.999000000000000000e+03
-9.999000000000000000e+03
-9.999000000000000000e+03
3.656930522993206978e-03
2.883504377678036690e-03
-1.912658219225704670e-03
-1.870782300829887390e-02
-6.611002236604690552e-02
-8.258226513862609863e-02
-7.064438611268997192e-02
-6.140964850783348083e-02
-5.512580648064613342e-02
-8.924508467316627502e-03
2.867307141423225403e-02
3.175526484847068787e-02
3.174738585948944092e-02
2.464281767606735229e-02
-9.999000000000000000e+03
-9.999000000000000000e+03
-9.999000000000000000e+03
-9.999000000000000000e+03
-9.999000000000000000e+03
-9.999000000000000000e+03
-9.999000000000000000e+03
-9.999000000000000000e+03
-9.999000000000000000e+03
-9.999000000000000000e+03
-9.999000000000000000e+03
-9.999000000000000000e+03
-9.999000000000000000e+03
-9.999000000000000000e+03
-9.999000000000000000e+03
2.150743640959262848e-02
1.104624569416046143e-02
-1.939842593856155872e-03
-2.661923505365848541e-02
-1.389580778777599335e-02
-9.857456199824810028e-03
-1.950840838253498077e-02
-5.107267946004867554e-02
-5.740231648087501526e-02
-4.900604113936424255e-02
-2.726365439593791962e-02
4.513753578066825867e-03
3.601783514022827148e-02
3.147353604435920715e-02
-9.999000000000000000e+03
-9.999000000000000000e+03
-9.999000000000000000e+03
-9.999000000000000000e+03
-9.999000000000000000e+03
-9.999000000000000000e+03
-9.999000000000000000e+03
-9.999000000000000000e+03
-9.999000000000000000e+03
-9.999000000000000000e+03
-9.999000000000000000e+03
-9.999000000000000000e+03
-9.999000000000000000e+03
-9.999000000000000000e+03
-9.999000000000000000e+03
-9.999000000000000000e+03
8.916235528886318207e-03
2.549554035067558289e-02
1.427447050809860229e-02
-7.608050946146249771e-03
-4.178396612405776978e-02
-3.806808963418006897e-02
-5.117251072078943253e-03
5.158602260053157806e-03
-6.878388579934835434e-03
-1.595463789999485016e-02
-4.080624878406524658e-02
-6.034051999449729919e-02
-7.256325334310531616e-02
-4.473996162414550781e-02
-9.999000000000000000e+03
-9.999000000000000000e+03
-9.999000000000000000e+03
-9.999000000000000000e+03
-9.999000000000000000e+03
-9.999000000000000000e+03
-9.999000000000000000e+03
-9.999000000000000000e+03
-9.999000000000000000e+03
-9.999000000000000000e+03
-9.999000000000000000e+03
-9.999000000000000000e+03
-9.999000000000000000e+03
-9.999000000000000000e+03
-9.999000000000000000e+03
-9.999000000000000000e+03
-9.999000000000000000e+03
-1.741263456642627716e-02
-3.031052649021148682e-02
-5.209041759371757507e-02
-6.285066157579421997e-02
-6.417567282915115356e-02
-4.286175221204757690e-02
-1.262783817946910858e-02
6.005144678056240082e-03
1.077218912541866302e-02
1.560558285564184189e-02
2.369952388107776642e-03
-3.098509088158607483e-02
-3.745959326624870300e-02
-5.606577545404434204e-02
-9.999000000000000000e+03
-9.999000000000000000e+03
-9.999000000000000000e+03
-9.999000000000000000e+03
-9.999000000000000000e+03
-9.999000000000000000e+03
-9.999000000000000000e+03
-9.999000000000000000e+03
-9.999000000000000000e+03
-9.999000000000000000e+03
-9.999000000000000000e+03
-9.999000000000000000e+03
-9.999000000000000000e+03
-9.999000000000000000e+03
-9.999000000000000000e+03
-9.999000000000000000e+03
-9.999000000000000000e+03
-5.002544075250625610e-02
-8.301528543233871460e-02
-9.392535686492919922e-02
-8.345224708318710327e-02
-6.272576749324798584e-02
-2.693565003573894501e-02
-5.613618530333042145e-03
5.586449522525072098e-03
1.396191399544477463e-02
1.361046917736530304e-02
2.799752401188015938e-03
4.016783088445663452e-03
2.743273740634322166e-03
-9.999000000000000000e+03
-9.999000000000000000e+03
-9.999000000000000000e+03
-9.999000000000000000e+03
-9.999000000000000000e+03
-9.999000000000000000e+03
-9.999000000000000000e+03
-9.999000000000000000e+03
-9.999000000000000000e+03
-9.999000000000000000e+03
-9.999000000000000000e+03
-9.999000000000000000e+03
-9.999000000000000000e+03
-9.999000000000000000e+03
-9.999000000000000000e+03
-9.999000000000000000e+03
-9.999000000000000000e+03
-9.999000000000000000e+03
-6.001586839556694031e-02
-8.086538314819335938e-02
-5.987635999917984009e-02
-4.207905754446983337e-02
-4.422103520482778549e-03
9.899105876684188843e-03
9.575877338647842407e-03
2.856635116040706635e-02
2.917531318962574005e-02
5.578444153070449829e-02
2.359103783965110779e-02
-5.349084734916687012e-03
-9.999000000000000000e+03
-9.999000000000000000e+03
-9.999000000000000000e+03
-9.999000000000000000e+03
-9.999000000000000000e+03
-9.999000000000000000e+03
-9.999000000000000000e+03
-9.999000000000000000e+03
-9.999000000000000000e+03
-9.999000000000000000e+03
-9.999000000000000000e+03
-9.999000000000000000e+03
-9.999000000000000000e+03
-9.999000000000000000e+03
-9.999000000000000000e+03
-9.999000000000000000e+03
-9.999000000000000000e+03
-9.999000000000000000e+03
-9.999000000000000000e+03
-5.164263397455215454e-02
-3.955170512199401855e-02
-1.642573438584804535e-02
9.712706319987773895e-03
8.595369756221771240e-02
8.400373160839080811e-02
7.504455000162124634e-02
5.155102536082267761e-02
4.007041081786155701e-02
3.121282905340194702e-02
-9.999000000000000000e+03
-9.999000000000000000e+03
-9.999000000000000000e+03
-9.999000000000000000e+03
-9.999000000000000000e+03
-9.999000000000000000e+03
-9.999000000000000000e+03
-9.999000000000000000e+03
-9.999000000000000000e+03
-9.999000000000000000e+03
-9.999000000000000000e+03
-9.999000000000000000e+03
-9.999000000000000000e+03
-9.999000000000000000e+03
-9.999000000000000000e+03
-9.999000000000000000e+03
-9.999000000000000000e+03
-9.999000000000000000e+03
-9.999000000000000000e+03
-9.999000000000000000e+03
-9.999000000000000000e+03
-2.806635573506355286e-02
1.953653432428836823e-02
6.556820124387741089e-02
9.963490068912506104e-02
1.238314732909202576e-01
1.022785454988479614e-01
-9.999000000000000000e+03
-9.999000000000000000e+03
-9.999000000000000000e+03
-9.999000000000000000e+03
-9.999000000000000000e+03
-9.999000000000000000e+03
-9.999000000000000000e+03
-9.999000000000000000e+03
-9.999000000000000000e+03
-9.999000000000000000e+03
-9.999000000000000000e+03
-9.999000000000000000e+03
-9.999000000000000000e+03
-9.999000000000000000e+03
-9.999000000000000000e+03
-9.999000000000000000e+03
-9.999000000000000000e+03
-9.999000000000000000e+03
-9.999000000000000000e+03
-9.999000000000000000e+03
-9.999000000000000000e+03
-9.999000000000000000e+03
-9.999000000000000000e+03
-9.999000000000000000e+03
-9.999000000000000000e+03
-6.358846556395292282e-03
1.767779141664505005e-02
8.121428638696670532e-02
-9.999000000000000000e+03
-9.999000000000000000e+03
-9.999000000000000000e+03
-9.999000000000000000e+03
-9.999000000000000000e+03
-9.999000000000000000e+03
-9.999000000000000000e+03
-9.999000000000000000e+03
-9.999000000000000000e+03
-9.999000000000000000e+03
-9.999000000000000000e+03
-9.999000000000000000e+03
-9.999000000000000000e+03
-9.999000000000000000e+03
-9.999000000000000000e+03
-9.999000000000000000e+03
-9.999000000000000000e+03
-9.999000000000000000e+03
-9.999000000000000000e+03
-9.999000000000000000e+03
-9.999000000000000000e+03
-9.999000000000000000e+03
-9.999000000000000000e+03
-9.999000000000000000e+03
-9.999000000000000000e+03
-9.999000000000000000e+03
-9.999000000000000000e+03
-9.999000000000000000e+03
