-1.448873579502105713e-01
-8.788514137268066406e-02
-4.974996298551559448e-02
-6.432400550693273544e-03
4.714173823595046997e-02
1.125351637601852417e-01
1.816412657499313354e-01
2.336398810148239136e-01
2.794388234615325928e-01
3.178597688674926758e-01
3.009134232997894287e-01
-9.999000000000000000e+03
-9.999000000000000000e+03
-9.999000000000000000e+03
-9.999000000000000000e+03
-9.999000000000000000e+03
-9.999000000000000000e+03
-9.999000000000000000e+03
-9.999000000000000000e+03
-9.999000000000000000e+03
-9.999000000000000000e+03
-9.999000000000000000e+03
-9.999000000000000000e+03
2.327470295131206512e-02
-1.943929120898246765e-02
-9.168026968836784363e-03
8.612264879047870636e-03
-6.619166582822799683e-03
-9.200483560562133789e-03
-2.334904484450817108e-02
-4.640475381165742874e-03
-1.338820308446884155e-01
-8.802714198827743530e-02
-4.812471568584442139e-02
-7.132464088499546051e-03
5.237794294953346252e-02
1.277207136154174805e-01
1.952052265405654907e-01
2.451143860816955566e-01
2.751546800136566162e-01
3.044933378696441650e-01
3.020794093608856201e-01
1.635175347328186035e-01
-9.999000000000000000e+03
-9.999000000000000000e+03
-9.999000000000000000e+03
-9.999000000000000000e+03
-9.999000000000000000e+03
-9.999000000000000000e+03
-9.999000000000000000e+03
-9.999000000000000000e+03
-9.999000000000000000e+03
-2.375302091240882874e-02
-2.153817564249038696e-02
-6.900761276483535767e-03
-2.577026002109050751e-02
-2.026831917464733124e-02
-3.412431851029396057e-02
-4.008497670292854309e-02
-3.450037911534309387e-02
-2.464618161320686340e-02
-1.080103963613510132e-02
-1.387981325387954712e-01
-8.112781494855880737e-02
-3.536383807659149170e-02
1.837733760476112366e-02
7.289195805788040161e-02
1.331494152545928955e-01
1.893353611230850220e-01
2.379807680845260620e-01
2.553652524948120117e-01
2.752863168716430664e-01
2.555956840515136719e-01
1.679041236639022827e-01
-9.999000000000000000e+03
-9.999000000000000000e+03
-9.999000000000000000e+03
-9.999000000000000000e+03
-9.999000000000000000e+03
-9.999000000000000000e+03
-9.999000000000000000e+03
-3.670615330338478088e-02
-3.020895086228847504e-02
-3.175786137580871582e-02
-3.149760141968727112e-02
-3.261651098728179932e-02
-2.134673669934272766e-02
-1.600733213126659393e-02
-3.168728947639465332e-02
-3.885680809617042542e-02
-3.902436047792434692e-02
-3.307596221566200256e-02
-3.675029054284095764e-02
-1.099958866834640503e-01
-6.759607791900634766e-02
-2.879587002098560333e-02
2.691855281591415405e-02
9.255594760179519653e-02
1.501382291316986084e-01
1.868315786123275757e-01
2.180219888687133789e-01
2.330074161291122437e-01
2.500478625297546387e-01
2.456060051918029785e-01
1.795366853475570679e-01
9.888043254613876343e-02
-9.999000000000000000e+03
-9.999000000000000000e+03
-9.999000000000000000e+03
-3.169692307710647583e-02
-5.414611101150512695e-02
-6.484442204236984253e-02
-4.772459715604782104e-02
-2.761529572308063507e-02
-2.113918587565422058e-02
-1.487665157765150070e-02
-2.126548439264297485e-02
-1.763679645955562592e-02
-1.163013372570276260e-02
-3.151038289070129395e-02
-5.420408397912979126e-02
-7.218682765960693359e-02
-7.075834274291992188e-02
-7.001660019159317017e-02
-8.993119746446609497e-02
-3.912422060966491699e-02
8.256638422608375549e-03
5.264218524098396301e-02
1.001458242535591125e-01
1.403394639492034912e-01
1.702805161476135254e-01
1.968893408775329590e-01
2.107303291559219360e-01
2.158248871564865112e-01
1.931363791227340698e-01
1.323745697736740112e-01
7.562573254108428955e-02
3.352883458137512207e-02
-2.674996666610240936e-02
-5.209727957844734192e-02
-6.611126661300659180e-02
-6.637223809957504272e-02
-5.950077250599861145e-02
-3.205846995115280151e-02
-5.273579154163599014e-03
8.876723237335681915e-03
2.803660184144973755e-02
6.925406865775585175e-03
-8.444319479167461395e-03
-3.242092207074165344e-02
-5.375566333532333374e-02
-8.561875671148300171e-02
-1.139377504587173462e-01
-1.114929318428039551e-01
-1.050008833408355713e-01
-7.725453376770019531e-02
-2.977297641336917877e-02
1.817286945879459381e-02
6.132958829402923584e-02
1.058585867285728455e-01
1.353010386228561401e-01
1.481777280569076538e-01
1.675795912742614746e-01
1.771479696035385132e-01
1.824473589658737183e-01
1.420617252588272095e-01
4.537290707230567932e-02
6.403541658073663712e-03
-2.962876297533512115e-02
-5.070418491959571838e-02
-5.863407254219055176e-02
-5.501794442534446716e-02
-4.000885784626007080e-02
-1.997331716120243073e-02
1.823748275637626648e-02
4.227654635906219482e-02
5.000922083854675293e-02
4.326296225190162659e-02
1.420747954398393631e-02
-2.340656332671642303e-02
-6.388242542743682861e-02
-9.400604665279388428e-02
-1.316051334142684937e-01
-1.578701585531234741e-01
-1.543167531490325928e-01
-1.466989070177078247e-01
-8.101122081279754639e-02
-2.903280593454837799e-02
2.910657785832881927e-02
6.661958247423171997e-02
9.530268609523773193e-02
1.148523390293121338e-01
1.278264671564102173e-01
1.440313905477523804e-01
1.429875791072845459e-01
9.526708722114562988e-02
4.631375148892402649e-02
-1.451790798455476761e-02
-3.606151416897773743e-02
-5.237003043293952942e-02
-3.465168178081512451e-02
-3.186072409152984619e-02
-1.973158679902553558e-02
3.301664037280716002e-05
1.191757712513208389e-02
4.899100214242935181e-02
6.224354729056358337e-02
5.427361652255058289e-02
2.082426100969314575e-02
-8.905625902116298676e-03
-4.497719928622245789e-02
-7.637050747871398926e-02
-1.233353167772293091e-01
-1.751414984464645386e-01
-2.065496742725372314e-01
-2.008519321680068970e-01
-1.880447119474411011e-01
-7.778193801641464233e-02
-4.262430965900421143e-02
3.055170364677906036e-02
6.282355636358261108e-02
8.458676189184188843e-02
1.035839691758155823e-01
1.182127222418785095e-01
1.237364187836647034e-01
1.014663800597190857e-01
3.011284209787845612e-02
-2.470126934349536896e-02
-5.761491134762763977e-02
-4.317740723490715027e-02
-2.364774048328399658e-02
-3.855756018310785294e-03
2.070271642878651619e-03
1.944172568619251251e-02
4.636278375983238220e-02
5.562166869640350342e-02
6.689148396253585815e-02
6.480629742145538330e-02
5.183984339237213135e-02
2.762858755886554718e-02
-1.032487582415342331e-02
-5.574084073305130005e-02
-1.067620888352394104e-01
-1.657508760690689087e-01
-2.135185897350311279e-01
-2.385064065456390381e-01
-2.334677428007125854e-01
-2.066757231950759888e-01
-4.788154363632202148e-02
-2.231828123331069946e-02
1.477410644292831421e-02
3.780717775225639343e-02
6.395620107650756836e-02
9.005188196897506714e-02
1.080655455589294434e-01
9.108862280845642090e-02
5.030634254217147827e-02
-2.518860623240470886e-03
-3.960694000124931335e-02
-5.930860713124275208e-02
-1.457508094608783722e-02
1.721667684614658356e-02
3.774831816554069519e-02
4.439947754144668579e-02
5.877530202269554138e-02
6.607601046562194824e-02
6.496471911668777466e-02
6.716278195381164551e-02
6.066655367612838745e-02
5.116391554474830627e-02
3.053940273821353912e-02
3.298970870673656464e-03
-3.011778369545936584e-02
-1.092915534973144531e-01
-1.875922828912734985e-01
-2.512885332107543945e-01
-2.609893977642059326e-01
-2.453453540802001953e-01
-2.113027274608612061e-01
-2.635972574353218079e-02
2.263466827571392059e-03
1.949145644903182983e-02
3.476367145776748657e-02
6.456413865089416504e-02
9.181562066078186035e-02
9.675966948270797729e-02
7.636857032775878906e-02
4.417002946138381958e-02
-4.376616328954696655e-03
-3.087684884667396545e-02
1.466650748625397682e-03
2.960026822984218597e-02
4.565108940005302429e-02
5.793509259819984436e-02
7.062823325395584106e-02
7.852794229984283447e-02
4.802951589226722717e-02
4.024428501725196838e-02
3.223748132586479187e-02
4.810163006186485291e-02
-9.999000000000000000e+03
-9.999000000000000000e+03
-9.999000000000000000e+03
-9.999000000000000000e+03
-9.999000000000000000e+03
-9.999000000000000000e+03
-1.825014948844909668e-01
-2.430776506662368774e-01
-2.452828139066696167e-01
-2.051862925291061401e-01
-1.075676362961530685e-02
8.304390124976634979e-03
2.420315705239772797e-02
4.205018654465675354e-02
7.401004433631896973e-02
9.293372929096221924e-02
7.973992079496383667e-02
6.252781301736831665e-02
3.427409008145332336e-02
1.425830274820327759e-02
6.515048444271087646e-03
6.148428842425346375e-02
5.797416344285011292e-02
5.842241272330284119e-02
6.312628835439682007e-02
6.660355627536773682e-02
7.684428989887237549e-02
-9.999000000000000000e+03
-9.999000000000000000e+03
-9.999000000000000000e+03
-9.999000000000000000e+03
-9.999000000000000000e+03
-9.999000000000000000e+03
-9.999000000000000000e+03
-9.999000000000000000e+03
-9.999000000000000000e+03
-9.999000000000000000e+03
-1.381899714469909668e-01
-1.885129511356353760e-01
-2.202132791280746460e-01
-1.975977569818496704e-01
-5.618523806333541870e-02
-2.660020999610424042e-02
4.634396173059940338e-03
3.347045183181762695e-02
5.520644411444664001e-02
6.649340689182281494e-02
7.575012743473052979e-02
5.659709498286247253e-02
3.067837096750736237e-02
5.863697454333305359e-02
6.888643652200698853e-02
7.692080736160278320e-02
6.672877818346023560e-02
5.864978209137916565e-02
3.204657137393951416e-02
4.124016687273979187e-02
-9.999000000000000000e+03
-9.999000000000000000e+03
-9.999000000000000000e+03
-9.999000000000000000e+03
-9.999000000000000000e+03
-9.999000000000000000e+03
-9.999000000000000000e+03
-9.999000000000000000e+03
-9.999000000000000000e+03
-9.999000000000000000e+03
-9.999000000000000000e+03
-9.999000000000000000e+03
-1.096656769514083862e-01
-1.717475950717926025e-01
-1.363528668880462646e-01
-7.729905843734741211e-02
-7.180904597043991089e-02
-4.021643847227096558e-02
-5.199314095079898834e-03
3.029027953743934631e-02
6.566879153251647949e-02
6.758341938257217407e-02
6.685518473386764526e-02
7.228291034698486328e-02
9.633872658014297485e-02
9.630045294761657715e-02
7.084352523088455200e-02
5.259104818105697632e-02
5.634658411145210266e-02
-9.999000000000000000e+03
-9.999000000000000000e+03
-9.999000000000000000e+03
-9.999000000000000000e+03
-9.999000000000000000e+03
-9.999000000000000000e+03
-9.999000000000000000e+03
-9.999000000000000000e+03
-9.999000000000000000e+03
-9.999000000000000000e+03
-9.999000000000000000e+03
-9.999000000000000000e+03
-9.999000000000000000e+03
-9.999000000000000000e+03
-9.999000000000000000e+03
-1.091192960739135742e-01
-1.003837510943412781e-01
-9.999000000000000000e+03
-7.965154200792312622e-02
-6.484223157167434692e-02
-2.215256169438362122e-02
2.222966961562633514e-02
5.340965464711189270e-02
6.330385804176330566e-02
9.426074475049972534e-02
1.218299940228462219e-01
1.098744049668312073e-01
8.407437056303024292e-02
6.199543923139572144e-02
4.139211401343345642e-02
-9.999000000000000000e+03
-9.999000000000000000e+03
-9.999000000000000000e+03
-9.999000000000000000e+03
-9.999000000000000000e+03
-9.999000000000000000e+03
-9.999000000000000000e+03
-9.999000000000000000e+03
-9.999000000000000000e+03
-9.999000000000000000e+03
-9.999000000000000000e+03
-9.999000000000000000e+03
-9.999000000000000000e+03
-9.999000000000000000e+03
-9.999000000000000000e+03
-9.999000000000000000e+03
-4.502691328525543213e-02
-3.362833708524703979e-02
-9.999000000000000000e+03
-9.999000000000000000e+03
-8.003570884466171265e-02
-1.855157501995563507e-02
3.194148465991020203e-02
5.917167291045188904e-02
9.424614161252975464e-02
1.166085228323936462e-01
1.266465038061141968e-01
1.078946143388748169e-01
6.194280460476875305e-02
2.916908636689186096e-02
-9.999000000000000000e+03
-9.999000000000000000e+03
-9.999000000000000000e+03
-9.999000000000000000e+03
-9.999000000000000000e+03
-9.999000000000000000e+03
-9.999000000000000000e+03
-9.999000000000000000e+03
-9.999000000000000000e+03
-9.999000000000000000e+03
-9.999000000000000000e+03
-9.999000000000000000e+03
-9.999000000000000000e+03
-9.999000000000000000e+03
-9.999000000000000000e+03
-9.999000000000000000e+03
-9.999000000000000000e+03
-1.035746373236179352e-02
5.854494869709014893e-03
-9.999000000000000000e+03
-9.999000000000000000e+03
-6.069593876600265503e-02
-3.113543242216110229e-02
2.830802276730537415e-02
7.063203305006027222e-02
1.143221929669380188e-01
1.138460934162139893e-01
1.045245081186294556e-01
8.867241442203521729e-02
7.111028581857681274e-02
6.803453713655471802e-02
-9.999000000000000000e+03
-9.999000000000000000e+03
-9.999000000000000000e+03
-9.999000000000000000e+03
-9.999000000000000000e+03
-9.999000000000000000e+03
-9.999000000000000000e+03
-9.999000000000000000e+03
-9.999000000000000000e+03
-9.999000000000000000e+03
-9.999000000000000000e+03
-9.999000000000000000e+03
-9.999000000000000000e+03
-9.999000000000000000e+03
-9.999000000000000000e+03
-9.999000000000000000e+03
-9.999000000000000000e+03
-9.999000000000000000e+03
-9.999000000000000000e+03
-9.999000000000000000e+03
-9.999000000000000000e+03
-5.008783936500549316e-02
-4.314639791846275330e-02
1.589398272335529327e-02
6.872133910655975342e-02
9.324496239423751831e-02
9.608802944421768188e-02
8.350419253110885620e-02
9.014849364757537842e-02
7.581348717212677002e-02
6.303361058235168457e-02
-9.999000000000000000e+03
-9.999000000000000000e+03
-9.999000000000000000e+03
-9.999000000000000000e+03
-9.999000000000000000e+03
-9.999000000000000000e+03
-9.999000000000000000e+03
-9.999000000000000000e+03
-9.999000000000000000e+03
-9.999000000000000000e+03
-9.999000000000000000e+03
-9.999000000000000000e+03
-9.999000000000000000e+03
-9.999000000000000000e+03
-9.999000000000000000e+03
-9.999000000000000000e+03
-9.999000000000000000e+03
-9.999000000000000000e+03
-9.999000000000000000e+03
-9.999000000000000000e+03
-9.999000000000000000e+03
-9.999000000000000000e+03
-4.302922636270523071e-02
-1.823138073086738586e-02
4.599719494581222534e-02
7.379889488220214844e-02
7.076160609722137451e-02
1.014841049909591675e-01
1.256053149700164795e-01
8.003917336463928223e-02
-9.999000000000000000e+03
-9.999000000000000000e+03
-9.999000000000000000e+03
-9.999000000000000000e+03
-9.999000000000000000e+03
-9.999000000000000000e+03
-9.999000000000000000e+03
-9.999000000000000000e+03
-9.999000000000000000e+03
-9.999000000000000000e+03
-9.999000000000000000e+03
-9.999000000000000000e+03
-9.999000000000000000e+03
-9.999000000000000000e+03
-9.999000000000000000e+03
-9.999000000000000000e+03
-9.999000000000000000e+03
-9.999000000000000000e+03
-9.999000000000000000e+03
-9.999000000000000000e+03
-9.999000000000000000e+03
-9.999000000000000000e+03
-9.999000000000000000e+03
-3.593771532177925110e-02
-2.182869426906108856e-02
1.319420058280229568e-02
3.574087843298912048e-02
6.207774579524993896e-02
1.228701621294021606e-01
1.556204706430435181e-01
1.100825294852256775e-01
6.887859851121902466e-02
-9.999000000000000000e+03
-9.999000000000000000e+03
-9.999000000000000000e+03
-9.999000000000000000e+03
-9.999000000000000000e+03
-9.999000000000000000e+03
-9.999000000000000000e+03
-9.999000000000000000e+03
-9.999000000000000000e+03
-9.999000000000000000e+03
-9.999000000000000000e+03
-9.999000000000000000e+03
-9.999000000000000000e+03
-9.999000000000000000e+03
-9.999000000000000000e+03
-9.999000000000000000e+03
-9.999000000000000000e+03
-9.999000000000000000e+03
-9.999000000000000000e+03
-9.999000000000000000e+03
-9.999000000000000000e+03
-9.999000000000000000e+03
-9.999000000000000000e+03
-1.273551024496555328e-02
4.731709603220224380e-03
1.471720915287733078e-02
3.508758172392845154e-02
7.338347285985946655e-02
4.961071535944938660e-02
6.420725584030151367e-02
9.267863631248474121e-02
-9.999000000000000000e+03
-9.999000000000000000e+03
-9.999000000000000000e+03
-9.999000000000000000e+03
-9.999000000000000000e+03
-9.999000000000000000e+03
-9.999000000000000000e+03
-9.999000000000000000e+03
-9.999000000000000000e+03
-9.999000000000000000e+03
-9.999000000000000000e+03
-9.999000000000000000e+03
-9.999000000000000000e+03
-9.999000000000000000e+03
-9.999000000000000000e+03
-9.999000000000000000e+03
-9.999000000000000000e+03
-9.999000000000000000e+03
-9.999000000000000000e+03
-9.999000000000000000e+03
-9.999000000000000000e+03
-9.999000000000000000e+03
-9.999000000000000000e+03
-4.834492225199937820e-03
-5.019030999392271042e-03
7.745028473436832428e-03
-1.791741466149687767e-03
-3.709169477224349976e-02
-1.024192497134208679e-01
-8.521957695484161377e-02
-2.740538213402032852e-03
4.601025581359863281e-02
-9.999000000000000000e+03
-9.999000000000000000e+03
-9.999000000000000000e+03
-9.999000000000000000e+03
-9.999000000000000000e+03
-9.999000000000000000e+03
-9.999000000000000000e+03
-9.999000000000000000e+03
-9.999000000000000000e+03
-9.999000000000000000e+03
-9.999000000000000000e+03
-9.999000000000000000e+03
-9.999000000000000000e+03
-9.999000000000000000e+03
-9.999000000000000000e+03
-9.999000000000000000e+03
-9.999000000000000000e+03
-9.999000000000000000e+03
-9.999000000000000000e+03
-9.999000000000000000e+03
-9.999000000000000000e+03
-9.999000000000000000e+03
3.526992350816726685e-02
1.856954954564571381e-02
2.308349870145320892e-02
1.119263749569654465e-02
-2.093561366200447083e-02
-7.246608287096023560e-02
-9.912596642971038818e-02
-4.690345004200935364e-02
2.424255758523941040e-02
2.600998058915138245e-02
6.333566270768642426e-03
-5.531648057512938976e-04
5.100067239254713058e-03
-9.999000000000000000e+03
-9.999000000000000000e+03
-9.999000000000000000e+03
-9.999000000000000000e+03
-9.999000000000000000e+03
-9.999000000000000000e+03
-9.999000000000000000e+03
-9.999000000000000000e+03
-9.999000000000000000e+03
-9.999000000000000000e+03
-9.999000000000000000e+03
-9.999000000000000000e+03
-9.999000000000000000e+03
-9.999000000000000000e+03
-9.999000000000000000e+03
-9.999000000000000000e+03
-9.999000000000000000e+03
5.834093689918518066e-02
5.855178833007812500e-02
4.557399824261665344e-02
3.991298750042915344e-02
2.097167819738388062e-02
-5.692611448466777802e-03
-2.506912127137184143e-02
-4.771288856863975525e-02
-4.494388774037361145e-02
-8.465110324323177338e-03
1.899314462207257748e-03
1.018032524734735489e-02
-1.573871239088475704e-03
5.871344823390245438e-03
-9.999000000000000000e+03
-9.999000000000000000e+03
-9.999000000000000000e+03
-9.999000000000000000e+03
-9.999000000000000000e+03
-9.999000000000000000e+03
-9.999000000000000000e+03
-9.999000000000000000e+03
-9.999000000000000000e+03
-9.999000000000000000e+03
-9.999000000000000000e+03
-9.999000000000000000e+03
-9.999000000000000000e+03
-9.999000000000000000e+03
-9.999000000000000000e+03
3.760974109172821045e-02
4.899017885327339172e-02
6.564167886972427368e-02
7.076110690832138062e-02
5.017930641770362854e-02
3.645846992731094360e-02
2.329248562455177307e-02
1.425936631858348846e-02
5.687951110303401947e-03
-1.673255115747451782e-02
-3.842568770051002502e-02
-2.947406843304634094e-02
2.314486913383007050e-02
4.899465665221214294e-02
-9.999000000000000000e+03
-9.999000000000000000e+03
-9.999000000000000000e+03
-9.999000000000000000e+03
-9.999000000000000000e+03
-9.999000000000000000e+03
-9.999000000000000000e+03
-9.999000000000000000e+03
-9.999000000000000000e+03
-9.999000000000000000e+03
-9.999000000000000000e+03
-9.999000000000000000e+03
-9.999000000000000000e+03
-9.999000000000000000e+03
-9.999000000000000000e+03
-9.999000000000000000e+03
3.663788316771388054e-03
3.668132424354553223e-02
8.357478678226470947e-02
9.189994633197784424e-02
7.513803243637084961e-02
3.678525611758232117e-02
2.101964503526687622e-02
1.471457723528146744e-02
2.456211112439632416e-02
1.981596834957599640e-02
-9.672588785178959370e-04
-3.264545649290084839e-02
-6.543672084808349609e-02
4.312375932931900024e-02
-9.999000000000000000e+03
-9.999000000000000000e+03
-9.999000000000000000e+03
-9.999000000000000000e+03
-9.999000000000000000e+03
-9.999000000000000000e+03
-9.999000000000000000e+03
-9.999000000000000000e+03
-9.999000000000000000e+03
-9.999000000000000000e+03
-9.999000000000000000e+03
-9.999000000000000000e+03
-9.999000000000000000e+03
-9.999000000000000000e+03
-9.999000000000000000e+03
-9.999000000000000000e+03
-9.999000000000000000e+03
1.704784668982028961e-02
5.037698522210121155e-02
1.110307872295379639e-01
9.356828033924102783e-02
4.622580856084823608e-02
1.735013723373413086e-02
2.453479683026671410e-03
-6.589142605662345886e-03
1.403263490647077560e-02
1.837597601115703583e-02
6.343025714159011841e-03
-4.025246202945709229e-02
-3.550716489553451538e-02
2.204448357224464417e-02
-9.999000000000000000e+03
-9.999000000000000000e+03
-9.999000000000000000e+03
-9.999000000000000000e+03
-9.999000000000000000e+03
-9.999000000000000000e+03
-9.999000000000000000e+03
-9.999000000000000000e+03
-9.999000000000000000e+03
-9.999000000000000000e+03
-9.999000000000000000e+03
-9.999000000000000000e+03
-9.999000000000000000e+03
-9.999000000000000000e+03
-9.999000000000000000e+03
-9.999000000000000000e+03
-9.999000000000000000e+03
6.094085797667503357e-02
9.003248810768127441e-02
9.611842781305313110e-02
6.818377226591110229e-02
1.740007661283016205e-02
-1.001954358071088791e-02
-3.004128858447074890e-02
-3.056674823164939880e-02
-1.567196473479270935e-02
-9.818987920880317688e-03
-2.381568960845470428e-02
-6.730207055807113647e-02
-5.111211538314819336e-02
-9.999000000000000000e+03
-9.999000000000000000e+03
-9.999000000000000000e+03
-9.999000000000000000e+03
-9.999000000000000000e+03
-9.999000000000000000e+03
-9.999000000000000000e+03
-9.999000000000000000e+03
-9.999000000000000000e+03
-9.999000000000000000e+03
-9.999000000000000000e+03
-9.999000000000000000e+03
-9.999000000000000000e+03
-9.999000000000000000e+03
-9.999000000000000000e+03
-9.999000000000000000e+03
-9.999000000000000000e+03
-9.999000000000000000e+03
8.873478323221206665e-02
9.704680740833282471e-02
5.725423619151115417e-02
1.243356801569461823e-02
-2.787226438522338867e-02
-4.579437151551246643e-02
-5.424159392714500427e-02
-6.096743047237396240e-02
-4.756794869899749756e-02
-5.098544061183929443e-02
-4.456098750233650208e-02
-5.849904194474220276e-02
-9.999000000000000000e+03
-9.999000000000000000e+03
-9.999000000000000000e+03
-9.999000000000000000e+03
-9.999000000000000000e+03
-9.999000000000000000e+03
-9.999000000000000000e+03
-9.999000000000000000e+03
-9.999000000000000000e+03
-9.999000000000000000e+03
-9.999000000000000000e+03
-9.999000000000000000e+03
-9.999000000000000000e+03
-9.999000000000000000e+03
-9.999000000000000000e+03
-9.999000000000000000e+03
-9.999000000000000000e+03
-9.999000000000000000e+03
-9.999000000000000000e+03
8.714382350444793701e-02
8.218418806791305542e-02
4.316724836826324463e-02
-1.096546556800603867e-02
-8.269079774618148804e-02
-9.038510173559188843e-02
-7.543064653873443604e-02
-5.794832482933998108e-02
-5.483932420611381531e-02
-4.286517947912216187e-02
-9.999000000000000000e+03
-9.999000000000000000e+03
-9.999000000000000000e+03
-9.999000000000000000e+03
-9.999000000000000000e+03
-9.999000000000000000e+03
-9.999000000000000000e+03
-9.999000000000000000e+03
-9.999000000000000000e+03
-9.999000000000000000e+03
-9.999000000000000000e+03
-9.999000000000000000e+03
-9.999000000000000000e+03
-9.999000000000000000e+03
-9.999000000000000000e+03
-9.999000000000000000e+03
-9.999000000000000000e+03
-9.999000000000000000e+03
-9.999000000000000000e+03
-9.999000000000000000e+03
-9.999000000000000000e+03
6.897797435522079468e-02
5.445618182420730591e-02
2.534111030399799347e-02
-3.972479701042175293e-02
-7.990323752164840698e-02
-8.529895544052124023e-02
-9.999000000000000000e+03
-9.999000000000000000e+03
-9.999000000000000000e+03
-9.999000000000000000e+03
-9.999000000000000000e+03
-9.999000000000000000e+03
-9.999000000000000000e+03
-9.999000000000000000e+03
-9.999000000000000000e+03
-9.999000000000000000e+03
-9.999000000000000000e+03
-9.999000000000000000e+03
-9.999000000000000000e+03
-9.999000000000000000e+03
-9.999000000000000000e+03
-9.999000000000000000e+03
-9.999000000000000000e+03
-9.999000000000000000e+03
-9.999000000000000000e+03
-9.999000000000000000e+03
-9.999000000000000000e+03
-9.999000000000000000e+03
-9.999000000000000000e+03
-9.999000000000000000e+03
-9.999000000000000000e+03
1.775936596095561981e-02
2.200242877006530762e-02
1.678729802370071411e-02
-9.999000000000000000e+03
-9.999000000000000000e+03
-9.999000000000000000e+03
-9.999000000000000000e+03
-9.999000000000000000e+03
-9.999000000000000000e+03
-9.999000000000000000e+03
-9.999000000000000000e+03
-9.999000000000000000e+03
-9.999000000000000000e+03
-9.999000000000000000e+03
-9.999000000000000000e+03
-9.999000000000000000e+03
-9.999000000000000000e+03
-9.999000000000000000e+03
-9.999000000000000000e+03
-9.999000000000000000e+03
-9.999000000000000000e+03
-9.999000000000000000e+03
-9.999000000000000000e+03
-9.999000000000000000e+03
-9.999000000000000000e+03
-9.999000000000000000e+03
-9.999000000000000000e+03
-9.999000000000000000e+03
-9.999000000000000000e+03
-9.999000000000000000e+03
-9.999000000000000000e+03
