-1.234744563698768616e-01
-8.072566241025924683e-02
-3.336977958679199219e-02
3.351924940943717957e-02
9.508074074983596802e-02
1.510440558195114136e-01
1.931044757366180420e-01
2.139876782894134521e-01
2.316776663064956665e-01
2.443241626024246216e-01
2.314854264259338379e-01
-9.999000000000000000e+03
-9.999000000000000000e+03
-9.999000000000000000e+03
-9.999000000000000000e+03
-9.999000000000000000e+03
-9.999000000000000000e+03
-9.999000000000000000e+03
-9.999000000000000000e+03
-9.999000000000000000e+03
-9.999000000000000000e+03
-9.999000000000000000e+03
-9.999000000000000000e+03
-3.971047699451446533e-04
-3.844359144568443298e-02
-2.382094506174325943e-03
3.535257652401924133e-02
3.553527221083641052e-02
4.800597578287124634e-02
5.728648602962493896e-02
6.871244311332702637e-02
-1.078563332557678223e-01
-6.594441831111907959e-02
-1.582919619977474213e-02
4.204827547073364258e-02
1.091443821787834167e-01
1.702180206775665283e-01
2.085286378860473633e-01
2.297866195440292358e-01
2.398506850004196167e-01
2.426474988460540771e-01
2.282612472772598267e-01
1.295958608388900757e-01
-9.999000000000000000e+03
-9.999000000000000000e+03
-9.999000000000000000e+03
-9.999000000000000000e+03
-9.999000000000000000e+03
-9.999000000000000000e+03
-9.999000000000000000e+03
-9.999000000000000000e+03
-9.999000000000000000e+03
2.149465028196573257e-03
-6.338728126138448715e-03
-1.606703177094459534e-02
-3.989614918828010559e-02
-2.062003314495086670e-02
1.142730703577399254e-03
1.100401300936937332e-02
2.543282322585582733e-02
4.076163470745086670e-02
4.308747127652168274e-02
-1.187210902571678162e-01
-4.994464293122291565e-02
8.992030285298824310e-03
6.821407377719879150e-02
1.254889219999313354e-01
1.734394729137420654e-01
2.084144800901412964e-01
2.344160377979278564e-01
2.360920757055282593e-01
2.293945103883743286e-01
2.001283764839172363e-01
1.213686168193817139e-01
-9.999000000000000000e+03
-9.999000000000000000e+03
-9.999000000000000000e+03
-9.999000000000000000e+03
-9.999000000000000000e+03
-9.999000000000000000e+03
-9.999000000000000000e+03
-2.204198949038982391e-02
-1.130341086536645889e-02
3.569782245904207230e-03
-1.624424383044242859e-02
-2.011148445308208466e-02
-1.591576077044010162e-02
-6.339289247989654541e-03
-8.599759079515933990e-03
-1.351527310907840729e-02
-3.526337211951613426e-03
9.402190335094928741e-03
8.863037452101707458e-03
-1.027290150523185730e-01
-4.324707388877868652e-02
3.185520181432366371e-03
6.030379235744476318e-02
1.300674378871917725e-01
1.788941919803619385e-01
2.068894952535629272e-01
2.228176891803741455e-01
2.249295562505722046e-01
2.205679565668106079e-01
1.970133632421493530e-01
1.271552592515945435e-01
6.578364223241806030e-02
-9.999000000000000000e+03
-9.999000000000000000e+03
-9.999000000000000000e+03
-2.589204162359237671e-02
-4.719810187816619873e-02
-4.565493017435073853e-02
-2.681624330580234528e-02
-9.043516591191291809e-03
-3.177866106852889061e-03
6.173443514853715897e-03
8.694158867001533508e-03
1.311620883643627167e-02
6.670775823295116425e-03
-2.278538793325424194e-02
-4.215367138385772705e-02
-5.456812679767608643e-02
-4.294568300247192383e-02
-3.587342798709869385e-02
-9.650544822216033936e-02
-2.737059071660041809e-02
2.845386415719985962e-02
7.388162612915039062e-02
1.262155026197433472e-01
1.688905954360961914e-01
1.973811984062194824e-01
2.168453186750411987e-01
2.237348109483718872e-01
2.146774977445602417e-01
1.769863516092300415e-01
1.182415038347244263e-01
5.996378138661384583e-02
2.528133615851402283e-02
-1.566647179424762726e-02
-4.465909302234649658e-02
-6.699246168136596680e-02
-6.350253522396087646e-02
-4.892370477318763733e-02
-1.929954066872596741e-02
6.481580436229705811e-03
2.723011747002601624e-02
5.649953335523605347e-02
4.654991999268531799e-02
2.527561970055103302e-02
-1.531645562499761581e-02
-4.765291884541511536e-02
-7.620901614427566528e-02
-1.027750596404075623e-01
-9.409888833761215210e-02
-8.184818178415298462e-02
-7.692549377679824829e-02
-3.177830576896667480e-02
2.508260682225227356e-02
7.776076346635818481e-02
1.353621631860733032e-01
1.717749387025833130e-01
1.888367682695388794e-01
2.083615511655807495e-01
2.178238630294799805e-01
2.074769735336303711e-01
1.500379443168640137e-01
7.071489095687866211e-02
3.317793458700180054e-02
2.537778811529278755e-03
-1.620717160403728485e-02
-3.798027336597442627e-02
-4.310755804181098938e-02
-2.882532589137554169e-02
-1.112145930528640747e-02
2.658595703542232513e-02
5.465267226099967957e-02
7.172191143035888672e-02
7.480691373348236084e-02
4.811550304293632507e-02
-4.784450400620698929e-03
-6.084411591291427612e-02
-9.401464462280273438e-02
-1.288265734910964966e-01
-1.482084989547729492e-01
-1.423644274473190308e-01
-1.302108764648437500e-01
-4.750962927937507629e-02
-1.770604215562343597e-02
3.362178057432174683e-02
8.290780335664749146e-02
1.275292634963989258e-01
1.615835428237915039e-01
1.821294575929641724e-01
2.079372406005859375e-01
1.991245150566101074e-01
1.498097777366638184e-01
9.628286212682723999e-02
4.291431978344917297e-02
1.677442900836467743e-02
4.769481252878904343e-03
1.216974016278982162e-02
8.201458491384983063e-03
1.371943857520818710e-02
2.235130593180656433e-02
2.426457591354846954e-02
5.321306362748146057e-02
7.499434053897857666e-02
8.036644756793975830e-02
5.151627957820892334e-02
1.690224744379520416e-02
-3.579808026552200317e-02
-7.602855563163757324e-02
-1.154675930738449097e-01
-1.503711044788360596e-01
-1.707077622413635254e-01
-1.661623120307922363e-01
-1.480305641889572144e-01
-1.263444125652313232e-02
5.558970384299755096e-03
4.761432483792304993e-02
8.201006054878234863e-02
1.202545091509819031e-01
1.495327651500701904e-01
1.751431375741958618e-01
1.912816166877746582e-01
1.611589789390563965e-01
9.653183817863464355e-02
4.131549224257469177e-02
4.686868749558925629e-03
1.429383642971515656e-02
2.789300680160522461e-02
4.258914664387702942e-02
4.639533534646034241e-02
5.729603394865989685e-02
6.399933248758316040e-02
6.110953912138938904e-02
6.241237372159957886e-02
6.329423934221267700e-02
6.233943626284599304e-02
4.351215437054634094e-02
6.185946986079216003e-03
-4.420463368296623230e-02
-8.597937226295471191e-02
-1.223876178264617920e-01
-1.523426920175552368e-01
-1.748768985271453857e-01
-1.759370714426040649e-01
-1.557136327028274536e-01
4.912027716636657715e-02
6.191954761743545532e-02
7.379918545484542847e-02
8.356638252735137939e-02
1.063799038529396057e-01
1.307822167873382568e-01
1.589316874742507935e-01
1.412671059370040894e-01
1.113802418112754822e-01
7.274693250656127930e-02
3.802667558193206787e-02
1.370656024664640427e-02
4.447896033525466919e-02
6.303683668375015259e-02
7.521644979715347290e-02
7.766768336296081543e-02
8.436211943626403809e-02
7.823894172906875610e-02
6.145134940743446350e-02
3.939342126250267029e-02
3.918007388710975647e-02
4.230583459138870239e-02
3.166642785072326660e-02
1.342330686748027802e-02
-1.719058305025100708e-02
-7.706299424171447754e-02
-1.220220327377319336e-01
-1.707508862018585205e-01
-1.859330683946609497e-01
-1.761736869812011719e-01
-1.479668468236923218e-01
3.706606104969978333e-02
5.171797797083854675e-02
8.152423053979873657e-02
8.040214329957962036e-02
1.001837030053138733e-01
1.249900758266448975e-01
1.304624974727630615e-01
1.157939657568931580e-01
1.043543964624404907e-01
7.002384215593338013e-02
5.285155400633811951e-02
7.786229997873306274e-02
8.941271901130676270e-02
9.051866829395294189e-02
9.464982897043228149e-02
9.822582453489303589e-02
9.967407584190368652e-02
4.466105625033378601e-02
2.672588825225830078e-02
9.698486886918544769e-03
2.273251861333847046e-02
-9.999000000000000000e+03
-9.999000000000000000e+03
-9.999000000000000000e+03
-9.999000000000000000e+03
-9.999000000000000000e+03
-9.999000000000000000e+03
-1.374302953481674194e-01
-1.806063652038574219e-01
-1.794714480638504028e-01
-1.451782733201980591e-01
-1.802380755543708801e-02
2.622104017063975334e-03
3.211516141891479492e-02
5.071165040135383606e-02
8.111388981342315674e-02
9.388270229101181030e-02
1.115118488669395447e-01
1.067283153533935547e-01
9.269094467163085938e-02
8.761838078498840332e-02
9.066684544086456299e-02
1.386204659938812256e-01
1.222629100084304810e-01
1.097704470157623291e-01
1.068984791636466980e-01
9.695716947317123413e-02
1.037354692816734314e-01
-9.999000000000000000e+03
-9.999000000000000000e+03
-9.999000000000000000e+03
-9.999000000000000000e+03
-9.999000000000000000e+03
-9.999000000000000000e+03
-9.999000000000000000e+03
-9.999000000000000000e+03
-9.999000000000000000e+03
-9.999000000000000000e+03
-1.045170724391937256e-01
-1.459839046001434326e-01
-1.599217057228088379e-01
-1.293414384126663208e-01
-2.642687782645225525e-02
-1.418097503483295441e-02
1.428080443292856216e-02
4.478117078542709351e-02
6.035697460174560547e-02
7.483180612325668335e-02
9.973014891147613525e-02
1.018365621566772461e-01
9.627395123243331909e-02
1.405232995748519897e-01
1.509161591529846191e-01
1.526456624269485474e-01
1.370591074228286743e-01
1.167635694146156311e-01
6.538916379213333130e-02
6.494256854057312012e-02
-9.999000000000000000e+03
-9.999000000000000000e+03
-9.999000000000000000e+03
-9.999000000000000000e+03
-9.999000000000000000e+03
-9.999000000000000000e+03
-9.999000000000000000e+03
-9.999000000000000000e+03
-9.999000000000000000e+03
-9.999000000000000000e+03
-9.999000000000000000e+03
-9.999000000000000000e+03
-8.063970506191253662e-02
-1.113844513893127441e-01
-7.480988651514053345e-02
-4.180917888879776001e-02
-4.036431014537811279e-02
-1.459957659244537354e-02
1.600315980613231659e-02
4.673938825726509094e-02
7.669404149055480957e-02
8.878280222415924072e-02
1.086179092526435852e-01
1.376893818378448486e-01
1.744289547204971313e-01
1.775012910366058350e-01
1.425880789756774902e-01
1.085288301110267639e-01
1.149662062525749207e-01
-9.999000000000000000e+03
-9.999000000000000000e+03
-9.999000000000000000e+03
-9.999000000000000000e+03
-9.999000000000000000e+03
-9.999000000000000000e+03
-9.999000000000000000e+03
-9.999000000000000000e+03
-9.999000000000000000e+03
-9.999000000000000000e+03
-9.999000000000000000e+03
-9.999000000000000000e+03
-9.999000000000000000e+03
-9.999000000000000000e+03
-9.999000000000000000e+03
-6.695800274610519409e-02
-4.725365713238716125e-02
-9.999000000000000000e+03
-5.416119843721389771e-02
-4.126062989234924316e-02
-1.979999244213104248e-03
4.566802829504013062e-02
7.751300185918807983e-02
9.797933697700500488e-02
1.419009864330291748e-01
1.846300661563873291e-01
1.775645315647125244e-01
1.548069566488265991e-01
1.201658248901367188e-01
8.521108329296112061e-02
-9.999000000000000000e+03
-9.999000000000000000e+03
-9.999000000000000000e+03
-9.999000000000000000e+03
-9.999000000000000000e+03
-9.999000000000000000e+03
-9.999000000000000000e+03
-9.999000000000000000e+03
-9.999000000000000000e+03
-9.999000000000000000e+03
-9.999000000000000000e+03
-9.999000000000000000e+03
-9.999000000000000000e+03
-9.999000000000000000e+03
-9.999000000000000000e+03
-9.999000000000000000e+03
-2.027165517210960388e-02
-1.202970463782548904e-02
-9.999000000000000000e+03
-9.999000000000000000e+03
-6.151560321450233459e-02
-1.129528880119323730e-02
5.202414467930793762e-02
9.909524768590927124e-02
1.359432935714721680e-01
1.543482542037963867e-01
1.646284908056259155e-01
1.400292962789535522e-01
1.093727648258209229e-01
6.007904186844825745e-02
-9.999000000000000000e+03
-9.999000000000000000e+03
-9.999000000000000000e+03
-9.999000000000000000e+03
-9.999000000000000000e+03
-9.999000000000000000e+03
-9.999000000000000000e+03
-9.999000000000000000e+03
-9.999000000000000000e+03
-9.999000000000000000e+03
-9.999000000000000000e+03
-9.999000000000000000e+03
-9.999000000000000000e+03
-9.999000000000000000e+03
-9.999000000000000000e+03
-9.999000000000000000e+03
-9.999000000000000000e+03
-8.435230702161788940e-03
-2.126273512840270996e-02
-9.999000000000000000e+03
-9.999000000000000000e+03
-4.100646823644638062e-02
-1.353476103395223618e-02
4.602436348795890808e-02
1.121386289596557617e-01
1.701063811779022217e-01
1.503061652183532715e-01
1.252110600471496582e-01
1.095056161284446716e-01
9.772422909736633301e-02
9.797710925340652466e-02
-9.999000000000000000e+03
-9.999000000000000000e+03
-9.999000000000000000e+03
-9.999000000000000000e+03
-9.999000000000000000e+03
-9.999000000000000000e+03
-9.999000000000000000e+03
-9.999000000000000000e+03
-9.999000000000000000e+03
-9.999000000000000000e+03
-9.999000000000000000e+03
-9.999000000000000000e+03
-9.999000000000000000e+03
-9.999000000000000000e+03
-9.999000000000000000e+03
-9.999000000000000000e+03
-9.999000000000000000e+03
-9.999000000000000000e+03
-9.999000000000000000e+03
-9.999000000000000000e+03
-9.999000000000000000e+03
-2.188208140432834625e-02
4.236613865941762924e-03
5.557623505592346191e-02
1.178104355931282043e-01
1.519277542829513550e-01
1.492711156606674194e-01
1.281293332576751709e-01
1.049058586359024048e-01
6.097761169075965881e-02
4.861028492450714111e-02
-9.999000000000000000e+03
-9.999000000000000000e+03
-9.999000000000000000e+03
-9.999000000000000000e+03
-9.999000000000000000e+03
-9.999000000000000000e+03
-9.999000000000000000e+03
-9.999000000000000000e+03
-9.999000000000000000e+03
-9.999000000000000000e+03
-9.999000000000000000e+03
-9.999000000000000000e+03
-9.999000000000000000e+03
-9.999000000000000000e+03
-9.999000000000000000e+03
-9.999000000000000000e+03
-9.999000000000000000e+03
-9.999000000000000000e+03
-9.999000000000000000e+03
-9.999000000000000000e+03
-9.999000000000000000e+03
-9.999000000000000000e+03
-9.741004556417465210e-03
2.863780222833156586e-02
9.761089831590652466e-02
1.320346146821975708e-01
1.429166048765182495e-01
1.453617811203002930e-01
1.191795468330383301e-01
4.577076435089111328e-02
-9.999000000000000000e+03
-9.999000000000000000e+03
-9.999000000000000000e+03
-9.999000000000000000e+03
-9.999000000000000000e+03
-9.999000000000000000e+03
-9.999000000000000000e+03
-9.999000000000000000e+03
-9.999000000000000000e+03
-9.999000000000000000e+03
-9.999000000000000000e+03
-9.999000000000000000e+03
-9.999000000000000000e+03
-9.999000000000000000e+03
-9.999000000000000000e+03
-9.999000000000000000e+03
-9.999000000000000000e+03
-9.999000000000000000e+03
-9.999000000000000000e+03
-9.999000000000000000e+03
-9.999000000000000000e+03
-9.999000000000000000e+03
-9.999000000000000000e+03
-1.178525295108556747e-02
1.098330318927764893e-02
5.724656209349632263e-02
8.921139687299728394e-02
1.161226555705070496e-01
1.452191174030303955e-01
1.202646046876907349e-01
6.774076074361801147e-02
3.410029411315917969e-02
-9.999000000000000000e+03
-9.999000000000000000e+03
-9.999000000000000000e+03
-9.999000000000000000e+03
-9.999000000000000000e+03
-9.999000000000000000e+03
-9.999000000000000000e+03
-9.999000000000000000e+03
-9.999000000000000000e+03
-9.999000000000000000e+03
-9.999000000000000000e+03
-9.999000000000000000e+03
-9.999000000000000000e+03
-9.999000000000000000e+03
-9.999000000000000000e+03
-9.999000000000000000e+03
-9.999000000000000000e+03
-9.999000000000000000e+03
-9.999000000000000000e+03
-9.999000000000000000e+03
-9.999000000000000000e+03
-9.999000000000000000e+03
-9.999000000000000000e+03
-9.717036038637161255e-03
1.070956978946924210e-02
2.973156981170177460e-02
6.619896739721298218e-02
9.167327731847763062e-02
5.497397109866142273e-02
5.242419987916946411e-02
6.869860738515853882e-02
-9.999000000000000000e+03
-9.999000000000000000e+03
-9.999000000000000000e+03
-9.999000000000000000e+03
-9.999000000000000000e+03
-9.999000000000000000e+03
-9.999000000000000000e+03
-9.999000000000000000e+03
-9.999000000000000000e+03
-9.999000000000000000e+03
-9.999000000000000000e+03
-9.999000000000000000e+03
-9.999000000000000000e+03
-9.999000000000000000e+03
-9.999000000000000000e+03
-9.999000000000000000e+03
-9.999000000000000000e+03
-9.999000000000000000e+03
-9.999000000000000000e+03
-9.999000000000000000e+03
-9.999000000000000000e+03
-9.999000000000000000e+03
-9.999000000000000000e+03
-2.538586407899856567e-02
-3.368163853883743286e-02
-1.382115110754966736e-02
7.790345232933759689e-03
5.878605879843235016e-04
-2.856158465147018433e-02
-2.988947369158267975e-02
2.092790044844150543e-02
6.920351833105087280e-02
-9.999000000000000000e+03
-9.999000000000000000e+03
-9.999000000000000000e+03
-9.999000000000000000e+03
-9.999000000000000000e+03
-9.999000000000000000e+03
-9.999000000000000000e+03
-9.999000000000000000e+03
-9.999000000000000000e+03
-9.999000000000000000e+03
-9.999000000000000000e+03
-9.999000000000000000e+03
-9.999000000000000000e+03
-9.999000000000000000e+03
-9.999000000000000000e+03
-9.999000000000000000e+03
-9.999000000000000000e+03
-9.999000000000000000e+03
-9.999000000000000000e+03
-9.999000000000000000e+03
-9.999000000000000000e+03
-9.999000000000000000e+03
1.701488718390464783e-02
-6.104452069848775864e-03
-1.356502436101436615e-02
-1.172864809632301331e-02
-2.299047261476516724e-02
-7.931071519851684570e-02
-7.002059370279312134e-02
-1.639614440500736237e-02
3.508614003658294678e-02
3.560802713036537170e-02
6.157922092825174332e-03
-5.433552432805299759e-04
2.317579463124275208e-02
-9.999000000000000000e+03
-9.999000000000000000e+03
-9.999000000000000000e+03
-9.999000000000000000e+03
-9.999000000000000000e+03
-9.999000000000000000e+03
-9.999000000000000000e+03
-9.999000000000000000e+03
-9.999000000000000000e+03
-9.999000000000000000e+03
-9.999000000000000000e+03
-9.999000000000000000e+03
-9.999000000000000000e+03
-9.999000000000000000e+03
-9.999000000000000000e+03
-9.999000000000000000e+03
-9.999000000000000000e+03
3.266805410385131836e-02
4.194419085979461670e-02
2.944418229162693024e-02
-3.145140409469604492e-02
-2.632242254912853241e-02
-4.891324043273925781e-02
-5.343071743845939636e-02
-4.870312288403511047e-02
-2.835126034915447235e-02
-9.660704992711544037e-03
-1.197589188814163208e-02
-1.339533925056457520e-02
1.349895261228084564e-02
2.564201876521110535e-02
-9.999000000000000000e+03
-9.999000000000000000e+03
-9.999000000000000000e+03
-9.999000000000000000e+03
-9.999000000000000000e+03
-9.999000000000000000e+03
-9.999000000000000000e+03
-9.999000000000000000e+03
-9.999000000000000000e+03
-9.999000000000000000e+03
-9.999000000000000000e+03
-9.999000000000000000e+03
-9.999000000000000000e+03
-9.999000000000000000e+03
-9.999000000000000000e+03
5.158303771167993546e-03
1.085084676742553711e-02
3.944703191518783569e-02
5.324526131153106689e-02
1.785253919661045074e-02
-1.890602894127368927e-02
-3.132880851626396179e-02
-3.625726327300071716e-02
-3.444086760282516479e-02
-4.566494747996330261e-02
-3.527738153934478760e-02
-1.513279601931571960e-02
1.838149130344390869e-02
3.256785124540328979e-02
-9.999000000000000000e+03
-9.999000000000000000e+03
-9.999000000000000000e+03
-9.999000000000000000e+03
-9.999000000000000000e+03
-9.999000000000000000e+03
-9.999000000000000000e+03
-9.999000000000000000e+03
-9.999000000000000000e+03
-9.999000000000000000e+03
-9.999000000000000000e+03
-9.999000000000000000e+03
-9.999000000000000000e+03
-9.999000000000000000e+03
-9.999000000000000000e+03
-9.999000000000000000e+03
5.997684784233570099e-03
2.347427979111671448e-02
6.460476666688919067e-02
8.511018007993698120e-02
6.376733630895614624e-02
8.759285323321819305e-03
-3.710836172103881836e-02
-3.833367675542831421e-02
-2.028713747859001160e-02
-1.708058081567287445e-02
-3.340436145663261414e-02
-3.705514594912528992e-02
-3.064206987619400024e-02
4.778699576854705811e-02
-9.999000000000000000e+03
-9.999000000000000000e+03
-9.999000000000000000e+03
-9.999000000000000000e+03
-9.999000000000000000e+03
-9.999000000000000000e+03
-9.999000000000000000e+03
-9.999000000000000000e+03
-9.999000000000000000e+03
-9.999000000000000000e+03
-9.999000000000000000e+03
-9.999000000000000000e+03
-9.999000000000000000e+03
-9.999000000000000000e+03
-9.999000000000000000e+03
-9.999000000000000000e+03
-9.999000000000000000e+03
4.644190892577171326e-02
7.436399906873703003e-02
1.176775395870208740e-01
9.587305039167404175e-02
3.997958451509475708e-02
-6.089836824685335159e-03
-4.002138599753379822e-02
-4.317219927906990051e-02
-1.002765633165836334e-02
8.105289191007614136e-03
3.343488322570919991e-03
-3.117576427757740021e-02
-2.623030729591846466e-02
1.999956741929054260e-02
-9.999000000000000000e+03
-9.999000000000000000e+03
-9.999000000000000000e+03
-9.999000000000000000e+03
-9.999000000000000000e+03
-9.999000000000000000e+03
-9.999000000000000000e+03
-9.999000000000000000e+03
-9.999000000000000000e+03
-9.999000000000000000e+03
-9.999000000000000000e+03
-9.999000000000000000e+03
-9.999000000000000000e+03
-9.999000000000000000e+03
-9.999000000000000000e+03
-9.999000000000000000e+03
-9.999000000000000000e+03
8.342485874891281128e-02
1.221539899706840515e-01
1.264624446630477905e-01
9.144217520952224731e-02
3.458165004849433899e-02
-1.008361298590898514e-02
-4.115834459662437439e-02
-5.200201645493507385e-02
-3.602200374007225037e-02
-1.143835484981536865e-02
4.741083830595016479e-03
-3.307700529694557190e-02
-3.470474109053611755e-02
-9.999000000000000000e+03
-9.999000000000000000e+03
-9.999000000000000000e+03
-9.999000000000000000e+03
-9.999000000000000000e+03
-9.999000000000000000e+03
-9.999000000000000000e+03
-9.999000000000000000e+03
-9.999000000000000000e+03
-9.999000000000000000e+03
-9.999000000000000000e+03
-9.999000000000000000e+03
-9.999000000000000000e+03
-9.999000000000000000e+03
-9.999000000000000000e+03
-9.999000000000000000e+03
-9.999000000000000000e+03
-9.999000000000000000e+03
1.162753701210021973e-01
1.574794501066207886e-01
1.333322674036026001e-01
7.657076418399810791e-02
2.843881212174892426e-02
-1.068727020174264908e-02
-3.450956195592880249e-02
-5.356145277619361877e-02
-4.080902412533760071e-02
8.464338257908821106e-03
1.056658197194337845e-02
-1.641065254807472229e-02
-9.999000000000000000e+03
-9.999000000000000000e+03
-9.999000000000000000e+03
-9.999000000000000000e+03
-9.999000000000000000e+03
-9.999000000000000000e+03
-9.999000000000000000e+03
-9.999000000000000000e+03
-9.999000000000000000e+03
-9.999000000000000000e+03
-9.999000000000000000e+03
-9.999000000000000000e+03
-9.999000000000000000e+03
-9.999000000000000000e+03
-9.999000000000000000e+03
-9.999000000000000000e+03
-9.999000000000000000e+03
-9.999000000000000000e+03
-9.999000000000000000e+03
1.365127563476562500e-01
1.556071341037750244e-01
1.325360536575317383e-01
8.150692284107208252e-02
-3.398712957277894020e-03
-2.858772687613964081e-02
-3.017756342887878418e-02
-1.963080093264579773e-02
-1.277254428714513779e-02
1.139454450458288193e-02
-9.999000000000000000e+03
-9.999000000000000000e+03
-9.999000000000000000e+03
-9.999000000000000000e+03
-9.999000000000000000e+03
-9.999000000000000000e+03
-9.999000000000000000e+03
-9.999000000000000000e+03
-9.999000000000000000e+03
-9.999000000000000000e+03
-9.999000000000000000e+03
-9.999000000000000000e+03
-9.999000000000000000e+03
-9.999000000000000000e+03
-9.999000000000000000e+03
-9.999000000000000000e+03
-9.999000000000000000e+03
-9.999000000000000000e+03
-9.999000000000000000e+03
-9.999000000000000000e+03
-9.999000000000000000e+03
1.044528186321258545e-01
1.010855883359909058e-01
6.874591857194900513e-02
2.345572225749492645e-02
-1.844178140163421631e-02
-2.633619122207164764e-02
-9.999000000000000000e+03
-9.999000000000000000e+03
-9.999000000000000000e+03
-9.999000000000000000e+03
-9.999000000000000000e+03
-9.999000000000000000e+03
-9.999000000000000000e+03
-9.999000000000000000e+03
-9.999000000000000000e+03
-9.999000000000000000e+03
-9.999000000000000000e+03
-9.999000000000000000e+03
-9.999000000000000000e+03
-9.999000000000000000e+03
-9.999000000000000000e+03
-9.999000000000000000e+03
-9.999000000000000000e+03
-9.999000000000000000e+03
-9.999000000000000000e+03
-9.999000000000000000e+03
-9.999000000000000000e+03
-9.999000000000000000e+03
-9.999000000000000000e+03
-9.999000000000000000e+03
-9.999000000000000000e+03
2.963453903794288635e-02
3.761480376124382019e-02
3.757247328758239746e-02
-9.999000000000000000e+03
-9.999000000000000000e+03
-9.999000000000000000e+03
-9.999000000000000000e+03
-9.999000000000000000e+03
-9.999000000000000000e+03
-9.999000000000000000e+03
-9.999000000000000000e+03
-9.999000000000000000e+03
-9.999000000000000000e+03
-9.999000000000000000e+03
-9.999000000000000000e+03
-9.999000000000000000e+03
-9.999000000000000000e+03
-9.999000000000000000e+03
-9.999000000000000000e+03
-9.999000000000000000e+03
-9.999000000000000000e+03
-9.999000000000000000e+03
-9.999000000000000000e+03
-9.999000000000000000e+03
-9.999000000000000000e+03
-9.999000000000000000e+03
-9.999000000000000000e+03
-9.999000000000000000e+03
-9.999000000000000000e+03
-9.999000000000000000e+03
-9.999000000000000000e+03
