1.041448190808296204e-01
1.114596426486968994e-01
8.530641347169876099e-02
6.443879008293151855e-02
7.800186425447463989e-02
7.256560027599334717e-02
7.243321090936660767e-02
6.998489052057266235e-02
4.525857418775558472e-02
2.800067700445652008e-02
-1.874404214322566986e-02
-9.999000000000000000e+03
-9.999000000000000000e+03
-9.999000000000000000e+03
-9.999000000000000000e+03
-9.999000000000000000e+03
-9.999000000000000000e+03
-9.999000000000000000e+03
-9.999000000000000000e+03
-9.999000000000000000e+03
-9.999000000000000000e+03
-9.999000000000000000e+03
-9.999000000000000000e+03
-3.927295655012130737e-02
-5.592590197920799255e-02
-6.435740739107131958e-03
3.416538983583450317e-02
7.421436905860900879e-02
1.040046811103820801e-01
1.216996312141418457e-01
1.244803220033645630e-01
3.750777617096900940e-02
4.560670629143714905e-02
2.950024046003818512e-02
1.582851447165012360e-02
2.721124514937400818e-02
2.514092624187469482e-02
1.750303432345390320e-02
1.783094927668571472e-02
2.425602404400706291e-03
1.074019121006131172e-03
-2.320270054042339325e-03
1.132254255935549736e-03
-9.999000000000000000e+03
-9.999000000000000000e+03
-9.999000000000000000e+03
-9.999000000000000000e+03
-9.999000000000000000e+03
-9.999000000000000000e+03
-9.999000000000000000e+03
-9.999000000000000000e+03
-9.999000000000000000e+03
4.096788354218006134e-03
1.420338451862335205e-02
6.629289593547582626e-03
1.879479736089706421e-02
2.931873500347137451e-02
5.687003955245018005e-02
8.456186205148696899e-02
9.709309041500091553e-02
1.021710708737373352e-01
1.164218708872795105e-01
-3.563686832785606384e-02
-2.677566930651664734e-02
-3.863474354147911072e-02
-4.626314342021942139e-02
-2.256387285888195038e-02
-2.458860911428928375e-02
-2.837375923991203308e-02
-2.117458544671535492e-02
-3.402978554368019104e-02
-3.029082715511322021e-02
-3.140832483768463135e-02
-2.540436759591102600e-02
-9.999000000000000000e+03
-9.999000000000000000e+03
-9.999000000000000000e+03
-9.999000000000000000e+03
-9.999000000000000000e+03
-9.999000000000000000e+03
-9.999000000000000000e+03
3.944294154644012451e-02
2.974058315157890320e-02
3.399560227990150452e-02
4.823981970548629761e-02
4.779752343893051147e-02
4.436651244759559631e-02
5.678520351648330688e-02
7.307716459035873413e-02
8.875041455030441284e-02
1.096216514706611633e-01
1.263466477394104004e-01
1.434680372476577759e-01
-1.141039803624153137e-01
-1.056239306926727295e-01
-1.082006171345710754e-01
-1.136185675859451294e-01
-9.252247959375381470e-02
-9.909662604331970215e-02
-1.016917750239372253e-01
-8.049821853637695312e-02
-7.664782553911209106e-02
-5.744256451725959778e-02
-5.122689902782440186e-02
-5.419988930225372314e-02
-4.955985769629478455e-02
-9.999000000000000000e+03
-9.999000000000000000e+03
-9.999000000000000000e+03
3.515177965164184570e-02
4.796522483229637146e-02
5.770980939269065857e-02
2.528090961277484894e-02
2.257799031212925911e-03
-1.734530203975737095e-03
-1.660990156233310699e-02
1.316071953624486923e-02
2.560805901885032654e-02
2.392295189201831818e-02
6.996850669384002686e-02
8.691154420375823975e-02
1.079011559486389160e-01
1.268358975648880005e-01
1.306082457304000854e-01
-1.777053922414779663e-01
-1.835360527038574219e-01
-1.868960559368133545e-01
-1.915543228387832642e-01
-1.720521003007888794e-01
-1.700733304023742676e-01
-1.611457169055938721e-01
-1.351786702871322632e-01
-1.223938241600990295e-01
-1.013235524296760559e-01
-7.697274535894393921e-02
-6.270220130681991577e-02
-5.257866904139518738e-02
-4.100688919425010681e-02
9.387540630996227264e-03
2.950154989957809448e-02
2.747005410492420197e-02
5.809804424643516541e-03
-9.621487930417060852e-03
-5.781978741288185120e-02
-7.913134992122650146e-02
-1.127274706959724426e-01
-1.236464306712150574e-01
-8.401048183441162109e-02
-6.832938641309738159e-02
-4.458975419402122498e-02
1.095698797143995762e-03
3.478663787245750427e-02
7.363142818212509155e-02
1.080664917826652527e-01
1.182542443275451660e-01
-2.166941910982131958e-01
-2.290967106819152832e-01
-2.480962872505187988e-01
-2.521838247776031494e-01
-2.342822104692459106e-01
-2.260698080062866211e-01
-2.064610123634338379e-01
-1.735120415687561035e-01
-1.544053554534912109e-01
-1.215906366705894470e-01
-9.154159575700759888e-02
-4.442687705159187317e-02
-2.555429004132747650e-02
-1.053233537822961807e-02
-4.073396790772676468e-03
4.609462339431047440e-04
-2.706479653716087341e-02
-8.642504364252090454e-02
-1.232878938317298889e-01
-1.737726330757141113e-01
-1.899183243513107300e-01
-1.928898543119430542e-01
-2.053883373737335205e-01
-1.650153994560241699e-01
-1.393148154020309448e-01
-1.231902390718460083e-01
-6.002893298864364624e-02
-2.815726585686206818e-02
1.851970143616199493e-02
7.177884131669998169e-02
9.576678276062011719e-02
-2.408256381750106812e-01
-2.552812695503234863e-01
-2.693769931793212891e-01
-2.707869708538055420e-01
-2.603987455368041992e-01
-2.520192563533782959e-01
-2.242591679096221924e-01
-1.865309029817581177e-01
-1.478295326232910156e-01
-1.185981780290603638e-01
-8.765228837728500366e-02
-6.001007184386253357e-02
-2.985284477472305298e-02
-1.251397468149662018e-02
-4.774837195873260498e-02
-7.929062098264694214e-02
-1.304652541875839233e-01
-1.762046664953231812e-01
-1.950899362564086914e-01
-2.292190641164779663e-01
-2.476905584335327148e-01
-2.697498798370361328e-01
-2.857500314712524414e-01
-2.644215524196624756e-01
-2.482358962297439575e-01
-2.269828021526336670e-01
-1.575805544853210449e-01
-1.138073056936264038e-01
-5.840877071022987366e-02
1.010661572217941284e-02
4.302762821316719055e-02
-2.285957038402557373e-01
-2.472737580537796021e-01
-2.602733969688415527e-01
-2.540701925754547119e-01
-2.449872344732284546e-01
-2.241147905588150024e-01
-1.992067992687225342e-01
-1.783605366945266724e-01
-1.426708400249481201e-01
-1.123282313346862793e-01
-9.152406454086303711e-02
-8.013413101434707642e-02
-7.336112856864929199e-02
-7.687055319547653198e-02
-1.134714409708976746e-01
-1.455797404050827026e-01
-2.039162665605545044e-01
-2.234509438276290894e-01
-2.346158921718597412e-01
-2.415383458137512207e-01
-2.446888387203216553e-01
-2.669757902622222900e-01
-2.622783184051513672e-01
-2.687076032161712646e-01
-2.942931354045867920e-01
-3.028583824634552002e-01
-2.372137606143951416e-01
-1.865887492895126343e-01
-1.319265812635421753e-01
-6.050540506839752197e-02
-3.659636899828910828e-02
-2.032764703035354614e-01
-2.170965075492858887e-01
-2.250652462244033813e-01
-2.157294303178787231e-01
-2.161279767751693726e-01
-1.902308911085128784e-01
-1.689147353172302246e-01
-1.500274389982223511e-01
-1.268441379070281982e-01
-1.096414700150489807e-01
-9.785574674606323242e-02
-1.019742488861083984e-01
-1.226967796683311462e-01
-1.499740928411483765e-01
-1.907783150672912598e-01
-2.012569755315780640e-01
-2.173276543617248535e-01
-2.131516039371490479e-01
-2.163241356611251831e-01
-1.957098990678787231e-01
-1.581254452466964722e-01
-1.534450203180313110e-01
-1.218860819935798645e-01
-1.578274518251419067e-01
-1.358134001493453979e-01
-2.406194210052490234e-01
-2.345445156097412109e-01
-2.247253209352493286e-01
-1.805990785360336304e-01
-1.282886862754821777e-01
-1.089069619774818420e-01
-1.884496510028839111e-01
-1.918294876813888550e-01
-1.899842768907546997e-01
-1.754280924797058105e-01
-1.725867837667465210e-01
-1.585497260093688965e-01
-1.407472342252731323e-01
-1.360584199428558350e-01
-1.139286980032920837e-01
-1.208410486578941345e-01
-1.324658393859863281e-01
-1.603783667087554932e-01
-1.795267462730407715e-01
-1.943465769290924072e-01
-2.112996429204940796e-01
-2.084208875894546509e-01
-2.030649185180664062e-01
-1.427483707666397095e-01
-1.571421623229980469e-01
-1.086949557065963745e-01
-8.254283666610717773e-02
-9.999000000000000000e+03
-9.999000000000000000e+03
-9.999000000000000000e+03
-9.999000000000000000e+03
-9.999000000000000000e+03
-9.999000000000000000e+03
-2.475694119930267334e-01
-2.195735871791839600e-01
-1.756705492734909058e-01
-1.577208489179611206e-01
-1.618186831474304199e-01
-1.572545170783996582e-01
-1.556725502014160156e-01
-1.456357240676879883e-01
-1.450405418872833252e-01
-1.305810362100601196e-01
-1.232305392622947693e-01
-1.197137832641601562e-01
-1.269487589597702026e-01
-1.489611268043518066e-01
-1.627692133188247681e-01
-2.008521556854248047e-01
-2.053752690553665161e-01
-2.051746994256973267e-01
-1.896671503782272339e-01
-1.603536605834960938e-01
-1.315882205963134766e-01
-9.999000000000000000e+03
-9.999000000000000000e+03
-9.999000000000000000e+03
-9.999000000000000000e+03
-9.999000000000000000e+03
-9.999000000000000000e+03
-9.999000000000000000e+03
-9.999000000000000000e+03
-9.999000000000000000e+03
-9.999000000000000000e+03
-1.377486288547515869e-01
-1.960377693176269531e-01
-2.217089086771011353e-01
-2.139854282140731812e-01
-1.479407697916030884e-01
-1.396833211183547974e-01
-1.297724395990371704e-01
-1.202300786972045898e-01
-1.162321642041206360e-01
-1.178396269679069519e-01
-1.175506412982940674e-01
-1.195246577262878418e-01
-1.498711705207824707e-01
-1.774435788393020630e-01
-1.873174756765365601e-01
-1.926174312829971313e-01
-1.850979030132293701e-01
-1.846231073141098022e-01
-1.012336984276771545e-01
-1.027104556560516357e-01
-9.999000000000000000e+03
-9.999000000000000000e+03
-9.999000000000000000e+03
-9.999000000000000000e+03
-9.999000000000000000e+03
-9.999000000000000000e+03
-9.999000000000000000e+03
-9.999000000000000000e+03
-9.999000000000000000e+03
-9.999000000000000000e+03
-9.999000000000000000e+03
-9.999000000000000000e+03
-1.214829832315444946e-01
-2.220274657011032104e-01
-2.469863146543502808e-01
-1.890840232372283936e-01
-1.484894901514053345e-01
-1.183281838893890381e-01
-9.884676337242126465e-02
-8.613639324903488159e-02
-8.720599114894866943e-02
-8.922750502824783325e-02
-1.168777570128440857e-01
-1.503164321184158325e-01
-1.638476550579071045e-01
-1.694241911172866821e-01
-1.651778966188430786e-01
-1.105208769440650940e-01
-1.204399839043617249e-01
-9.999000000000000000e+03
-9.999000000000000000e+03
-9.999000000000000000e+03
-9.999000000000000000e+03
-9.999000000000000000e+03
-9.999000000000000000e+03
-9.999000000000000000e+03
-9.999000000000000000e+03
-9.999000000000000000e+03
-9.999000000000000000e+03
-9.999000000000000000e+03
-9.999000000000000000e+03
-9.999000000000000000e+03
-9.999000000000000000e+03
-9.999000000000000000e+03
-1.896215230226516724e-01
-2.499102801084518433e-01
-9.999000000000000000e+03
-8.903791010379791260e-02
-1.029718443751335144e-01
-8.724279701709747314e-02
-7.041204720735549927e-02
-6.431098282337188721e-02
-7.093518227338790894e-02
-1.095611229538917542e-01
-1.304959803819656372e-01
-1.257928907871246338e-01
-1.270651817321777344e-01
-1.084451600909233093e-01
-8.192557841539382935e-02
-9.999000000000000000e+03
-9.999000000000000000e+03
-9.999000000000000000e+03
-9.999000000000000000e+03
-9.999000000000000000e+03
-9.999000000000000000e+03
-9.999000000000000000e+03
-9.999000000000000000e+03
-9.999000000000000000e+03
-9.999000000000000000e+03
-9.999000000000000000e+03
-9.999000000000000000e+03
-9.999000000000000000e+03
-9.999000000000000000e+03
-9.999000000000000000e+03
-9.999000000000000000e+03
-1.454736888408660889e-01
-2.112867534160614014e-01
-9.999000000000000000e+03
-9.999000000000000000e+03
-8.655792474746704102e-02
-8.368995785713195801e-02
-6.940028816461563110e-02
-6.063473224639892578e-02
-7.345898449420928955e-02
-9.100056439638137817e-02
-9.074470400810241699e-02
-8.476984500885009766e-02
-8.297540247440338135e-02
-3.079589270055294037e-02
-9.999000000000000000e+03
-9.999000000000000000e+03
-9.999000000000000000e+03
-9.999000000000000000e+03
-9.999000000000000000e+03
-9.999000000000000000e+03
-9.999000000000000000e+03
-9.999000000000000000e+03
-9.999000000000000000e+03
-9.999000000000000000e+03
-9.999000000000000000e+03
-9.999000000000000000e+03
-9.999000000000000000e+03
-9.999000000000000000e+03
-9.999000000000000000e+03
-9.999000000000000000e+03
-9.999000000000000000e+03
-7.955645769834518433e-02
-1.352176815271377563e-01
-9.999000000000000000e+03
-9.999000000000000000e+03
-4.462247714400291443e-02
-6.408119201660156250e-02
-6.890426576137542725e-02
-5.465637519955635071e-02
-5.744295939803123474e-02
-5.014048144221305847e-02
-5.245193466544151306e-02
-4.079439491033554077e-02
-3.821943700313568115e-02
-1.695908419787883759e-02
-9.999000000000000000e+03
-9.999000000000000000e+03
-9.999000000000000000e+03
-9.999000000000000000e+03
-9.999000000000000000e+03
-9.999000000000000000e+03
-9.999000000000000000e+03
-9.999000000000000000e+03
-9.999000000000000000e+03
-9.999000000000000000e+03
-9.999000000000000000e+03
-9.999000000000000000e+03
-9.999000000000000000e+03
-9.999000000000000000e+03
-9.999000000000000000e+03
-9.999000000000000000e+03
-9.999000000000000000e+03
-9.999000000000000000e+03
-9.999000000000000000e+03
-9.999000000000000000e+03
-9.999000000000000000e+03
-1.439053472131490707e-02
-2.990785986185073853e-02
-4.977290332317352295e-02
-5.295637995004653931e-02
-2.613914385437965393e-02
-7.968300953507423401e-03
-3.185244044288992882e-03
1.259338762611150742e-02
-1.280453754588961601e-03
-3.753919154405593872e-03
-9.999000000000000000e+03
-9.999000000000000000e+03
-9.999000000000000000e+03
-9.999000000000000000e+03
-9.999000000000000000e+03
-9.999000000000000000e+03
-9.999000000000000000e+03
-9.999000000000000000e+03
-9.999000000000000000e+03
-9.999000000000000000e+03
-9.999000000000000000e+03
-9.999000000000000000e+03
-9.999000000000000000e+03
-9.999000000000000000e+03
-9.999000000000000000e+03
-9.999000000000000000e+03
-9.999000000000000000e+03
-9.999000000000000000e+03
-9.999000000000000000e+03
-9.999000000000000000e+03
-9.999000000000000000e+03
-9.999000000000000000e+03
-2.215982787311077118e-02
-4.092912375926971436e-02
-5.723815783858299255e-02
3.128548339009284973e-02
3.373100981116294861e-02
4.382655769586563110e-02
6.945117563009262085e-02
4.179500043392181396e-02
-9.999000000000000000e+03
-9.999000000000000000e+03
-9.999000000000000000e+03
-9.999000000000000000e+03
-9.999000000000000000e+03
-9.999000000000000000e+03
-9.999000000000000000e+03
-9.999000000000000000e+03
-9.999000000000000000e+03
-9.999000000000000000e+03
-9.999000000000000000e+03
-9.999000000000000000e+03
-9.999000000000000000e+03
-9.999000000000000000e+03
-9.999000000000000000e+03
-9.999000000000000000e+03
-9.999000000000000000e+03
-9.999000000000000000e+03
-9.999000000000000000e+03
-9.999000000000000000e+03
-9.999000000000000000e+03
-9.999000000000000000e+03
-9.999000000000000000e+03
-1.599940657615661621e-02
-4.529196396470069885e-02
-4.437898099422454834e-02
-1.200707722455263138e-02
2.111629396677017212e-02
3.501011803746223450e-02
1.128989309072494507e-01
1.666720807552337646e-01
1.212038025259971619e-01
-9.999000000000000000e+03
-9.999000000000000000e+03
-9.999000000000000000e+03
-9.999000000000000000e+03
-9.999000000000000000e+03
-9.999000000000000000e+03
-9.999000000000000000e+03
-9.999000000000000000e+03
-9.999000000000000000e+03
-9.999000000000000000e+03
-9.999000000000000000e+03
-9.999000000000000000e+03
-9.999000000000000000e+03
-9.999000000000000000e+03
-9.999000000000000000e+03
-9.999000000000000000e+03
-9.999000000000000000e+03
-9.999000000000000000e+03
-9.999000000000000000e+03
-9.999000000000000000e+03
-9.999000000000000000e+03
-9.999000000000000000e+03
-9.999000000000000000e+03
-3.920255601406097412e-02
-3.000579960644245148e-02
-4.154795035719871521e-02
-3.454353287816047668e-02
1.382375042885541916e-02
4.422629997134208679e-02
1.685908883810043335e-01
1.848416626453399658e-01
-9.999000000000000000e+03
-9.999000000000000000e+03
-9.999000000000000000e+03
-9.999000000000000000e+03
-9.999000000000000000e+03
-9.999000000000000000e+03
-9.999000000000000000e+03
-9.999000000000000000e+03
-9.999000000000000000e+03
-9.999000000000000000e+03
-9.999000000000000000e+03
-9.999000000000000000e+03
-9.999000000000000000e+03
-9.999000000000000000e+03
-9.999000000000000000e+03
-9.999000000000000000e+03
-9.999000000000000000e+03
-9.999000000000000000e+03
-9.999000000000000000e+03
-9.999000000000000000e+03
-9.999000000000000000e+03
-9.999000000000000000e+03
-9.999000000000000000e+03
-5.564789846539497375e-02
-7.610183209180831909e-02
-1.089557111263275146e-01
-1.129726991057395935e-01
-1.082839593291282654e-01
-9.346385300159454346e-02
-2.125309221446514130e-02
7.086367160081863403e-02
7.330167293548583984e-02
-9.999000000000000000e+03
-9.999000000000000000e+03
-9.999000000000000000e+03
-9.999000000000000000e+03
-9.999000000000000000e+03
-9.999000000000000000e+03
-9.999000000000000000e+03
-9.999000000000000000e+03
-9.999000000000000000e+03
-9.999000000000000000e+03
-9.999000000000000000e+03
-9.999000000000000000e+03
-9.999000000000000000e+03
-9.999000000000000000e+03
-9.999000000000000000e+03
-9.999000000000000000e+03
-9.999000000000000000e+03
-9.999000000000000000e+03
-9.999000000000000000e+03
-9.999000000000000000e+03
-9.999000000000000000e+03
-9.999000000000000000e+03
-4.670239984989166260e-02
-9.180341660976409912e-02
-1.092411056160926819e-01
-1.048301681876182556e-01
-1.004177033901214600e-01
-8.777475357055664062e-02
-8.876322209835052490e-02
-8.566449582576751709e-02
-4.210115969181060791e-02
-2.292207645950838923e-04
-1.146578043699264526e-02
-3.038284182548522949e-02
-2.306830137968063354e-02
-9.999000000000000000e+03
-9.999000000000000000e+03
-9.999000000000000000e+03
-9.999000000000000000e+03
-9.999000000000000000e+03
-9.999000000000000000e+03
-9.999000000000000000e+03
-9.999000000000000000e+03
-9.999000000000000000e+03
-9.999000000000000000e+03
-9.999000000000000000e+03
-9.999000000000000000e+03
-9.999000000000000000e+03
-9.999000000000000000e+03
-9.999000000000000000e+03
-9.999000000000000000e+03
-9.999000000000000000e+03
-4.207164794206619263e-02
-3.659581020474433899e-02
-3.427806496620178223e-02
-2.716600708663463593e-02
-5.327864363789558411e-02
-6.880292296409606934e-02
-6.805463880300521851e-02
-6.699763238430023193e-02
-5.930927023291587830e-02
-3.147346200421452522e-03
1.342385914176702499e-02
-2.910464257001876831e-02
-1.858507841825485229e-02
-2.730691805481910706e-02
-9.999000000000000000e+03
-9.999000000000000000e+03
-9.999000000000000000e+03
-9.999000000000000000e+03
-9.999000000000000000e+03
-9.999000000000000000e+03
-9.999000000000000000e+03
-9.999000000000000000e+03
-9.999000000000000000e+03
-9.999000000000000000e+03
-9.999000000000000000e+03
-9.999000000000000000e+03
-9.999000000000000000e+03
-9.999000000000000000e+03
-9.999000000000000000e+03
-3.366032615303993225e-02
-4.037314280867576599e-02
-7.268396764993667603e-02
-5.942866951227188110e-02
-3.112510219216346741e-02
-1.529360283166170120e-02
-1.609088480472564697e-02
-4.251251369714736938e-02
-7.044876366853713989e-02
-6.983848661184310913e-02
-4.321878775954246521e-02
-2.907050587236881256e-02
-5.757878068834543228e-03
-1.955325715243816376e-02
-9.999000000000000000e+03
-9.999000000000000000e+03
-9.999000000000000000e+03
-9.999000000000000000e+03
-9.999000000000000000e+03
-9.999000000000000000e+03
-9.999000000000000000e+03
-9.999000000000000000e+03
-9.999000000000000000e+03
-9.999000000000000000e+03
-9.999000000000000000e+03
-9.999000000000000000e+03
-9.999000000000000000e+03
-9.999000000000000000e+03
-9.999000000000000000e+03
-9.999000000000000000e+03
-4.064165428280830383e-02
-4.234052449464797974e-02
-5.030041560530662537e-02
-7.261169701814651489e-02
-8.150253444910049438e-02
-5.052091926336288452e-02
-1.751814410090446472e-02
-8.702841587364673615e-03
-1.791578531265258789e-02
-3.219291195273399353e-02
-6.451819837093353271e-02
-8.928046375513076782e-02
-9.592269361019134521e-02
-7.814765721559524536e-02
-9.999000000000000000e+03
-9.999000000000000000e+03
-9.999000000000000000e+03
-9.999000000000000000e+03
-9.999000000000000000e+03
-9.999000000000000000e+03
-9.999000000000000000e+03
-9.999000000000000000e+03
-9.999000000000000000e+03
-9.999000000000000000e+03
-9.999000000000000000e+03
-9.999000000000000000e+03
-9.999000000000000000e+03
-9.999000000000000000e+03
-9.999000000000000000e+03
-9.999000000000000000e+03
-9.999000000000000000e+03
-6.716438382863998413e-02
-9.146604686975479126e-02
-9.895848482847213745e-02
-1.034678891301155090e-01
-9.393133223056793213e-02
-6.772458553314208984e-02
-4.163653030991554260e-02
-2.404539287090301514e-02
-1.150252763181924820e-02
3.405411262065172195e-03
-1.169778592884540558e-02
-5.502237379550933838e-02
-6.449592113494873047e-02
-7.922138273715972900e-02
-9.999000000000000000e+03
-9.999000000000000000e+03
-9.999000000000000000e+03
-9.999000000000000000e+03
-9.999000000000000000e+03
-9.999000000000000000e+03
-9.999000000000000000e+03
-9.999000000000000000e+03
-9.999000000000000000e+03
-9.999000000000000000e+03
-9.999000000000000000e+03
-9.999000000000000000e+03
-9.999000000000000000e+03
-9.999000000000000000e+03
-9.999000000000000000e+03
-9.999000000000000000e+03
-9.999000000000000000e+03
-9.087796509265899658e-02
-1.116840317845344543e-01
-1.185682937502861023e-01
-1.132186204195022583e-01
-9.473442286252975464e-02
-6.390104442834854126e-02
-4.329413920640945435e-02
-2.546138502657413483e-02
-1.111156307160854340e-02
-5.638979375362396240e-03
-1.663098484277725220e-02
-2.569478377699851990e-02
-2.809288166463375092e-02
-9.999000000000000000e+03
-9.999000000000000000e+03
-9.999000000000000000e+03
-9.999000000000000000e+03
-9.999000000000000000e+03
-9.999000000000000000e+03
-9.999000000000000000e+03
-9.999000000000000000e+03
-9.999000000000000000e+03
-9.999000000000000000e+03
-9.999000000000000000e+03
-9.999000000000000000e+03
-9.999000000000000000e+03
-9.999000000000000000e+03
-9.999000000000000000e+03
-9.999000000000000000e+03
-9.999000000000000000e+03
-9.999000000000000000e+03
-6.842621415853500366e-02
-7.616930454969406128e-02
-7.196362316608428955e-02
-7.155748456716537476e-02
-4.187922924757003784e-02
-2.690498530864715576e-02
-2.195442467927932739e-02
-5.527968052774667740e-03
2.380077261477708817e-03
2.809582278132438660e-02
1.818538876250386238e-03
-3.495404124259948730e-02
-9.999000000000000000e+03
-9.999000000000000000e+03
-9.999000000000000000e+03
-9.999000000000000000e+03
-9.999000000000000000e+03
-9.999000000000000000e+03
-9.999000000000000000e+03
-9.999000000000000000e+03
-9.999000000000000000e+03
-9.999000000000000000e+03
-9.999000000000000000e+03
-9.999000000000000000e+03
-9.999000000000000000e+03
-9.999000000000000000e+03
-9.999000000000000000e+03
-9.999000000000000000e+03
-9.999000000000000000e+03
-9.999000000000000000e+03
-9.999000000000000000e+03
-3.858435899019241333e-02
-3.545667231082916260e-02
-2.773203328251838684e-02
-2.119243144989013672e-02
5.072991922497749329e-02
5.281011760234832764e-02
4.383349418640136719e-02
2.406992018222808838e-02
1.128331199288368225e-02
9.399760514497756958e-03
-9.999000000000000000e+03
-9.999000000000000000e+03
-9.999000000000000000e+03
-9.999000000000000000e+03
-9.999000000000000000e+03
-9.999000000000000000e+03
-9.999000000000000000e+03
-9.999000000000000000e+03
-9.999000000000000000e+03
-9.999000000000000000e+03
-9.999000000000000000e+03
-9.999000000000000000e+03
-9.999000000000000000e+03
-9.999000000000000000e+03
-9.999000000000000000e+03
-9.999000000000000000e+03
-9.999000000000000000e+03
-9.999000000000000000e+03
-9.999000000000000000e+03
-9.999000000000000000e+03
-9.999000000000000000e+03
-1.497843861579895020e-02
1.177078951150178909e-02
4.205242171883583069e-02
6.796404719352722168e-02
9.158398956060409546e-02
7.561559975147247314e-02
-9.999000000000000000e+03
-9.999000000000000000e+03
-9.999000000000000000e+03
-9.999000000000000000e+03
-9.999000000000000000e+03
-9.999000000000000000e+03
-9.999000000000000000e+03
-9.999000000000000000e+03
-9.999000000000000000e+03
-9.999000000000000000e+03
-9.999000000000000000e+03
-9.999000000000000000e+03
-9.999000000000000000e+03
-9.999000000000000000e+03
-9.999000000000000000e+03
-9.999000000000000000e+03
-9.999000000000000000e+03
-9.999000000000000000e+03
-9.999000000000000000e+03
-9.999000000000000000e+03
-9.999000000000000000e+03
-9.999000000000000000e+03
-9.999000000000000000e+03
-9.999000000000000000e+03
-9.999000000000000000e+03
-5.113328341394662857e-03
1.025904808193445206e-02
5.735919624567031860e-02
-9.999000000000000000e+03
-9.999000000000000000e+03
-9.999000000000000000e+03
-9.999000000000000000e+03
-9.999000000000000000e+03
-9.999000000000000000e+03
-9.999000000000000000e+03
-9.999000000000000000e+03
-9.999000000000000000e+03
-9.999000000000000000e+03
-9.999000000000000000e+03
-9.999000000000000000e+03
-9.999000000000000000e+03
-9.999000000000000000e+03
-9.999000000000000000e+03
-9.999000000000000000e+03
-9.999000000000000000e+03
-9.999000000000000000e+03
-9.999000000000000000e+03
-9.999000000000000000e+03
-9.999000000000000000e+03
-9.999000000000000000e+03
-9.999000000000000000e+03
-9.999000000000000000e+03
-9.999000000000000000e+03
-9.999000000000000000e+03
-9.999000000000000000e+03
-9.999000000000000000e+03
