1.135013923048973083e-01
1.162416338920593262e-01
1.045129522681236267e-01
9.916863590478897095e-02
1.194332689046859741e-01
1.094488799571990967e-01
1.034200415015220642e-01
9.359264373779296875e-02
6.816683709621429443e-02
6.010717898607254028e-02
4.530309233814477921e-03
-9.999000000000000000e+03
-9.999000000000000000e+03
-9.999000000000000000e+03
-9.999000000000000000e+03
-9.999000000000000000e+03
-9.999000000000000000e+03
-9.999000000000000000e+03
-9.999000000000000000e+03
-9.999000000000000000e+03
-9.999000000000000000e+03
-9.999000000000000000e+03
-9.999000000000000000e+03
-9.885990992188453674e-03
5.159046500921249390e-03
3.490261361002922058e-02
7.049869745969772339e-02
1.166823282837867737e-01
1.407884955406188965e-01
1.476874202489852905e-01
1.513494551181793213e-01
5.308783054351806641e-02
5.486892536282539368e-02
4.487434402108192444e-02
3.419414162635803223e-02
5.038229376077651978e-02
3.161921352148056030e-02
2.037667296826839447e-02
2.820018678903579712e-02
2.259791083633899689e-02
3.740525990724563599e-02
4.008651152253150940e-02
2.848112396895885468e-02
-9.999000000000000000e+03
-9.999000000000000000e+03
-9.999000000000000000e+03
-9.999000000000000000e+03
-9.999000000000000000e+03
-9.999000000000000000e+03
-9.999000000000000000e+03
-9.999000000000000000e+03
-9.999000000000000000e+03
3.633161634206771851e-02
5.121455341577529907e-02
4.753860086202621460e-02
8.207911998033523560e-02
8.462550491094589233e-02
9.480404108762741089e-02
1.180601939558982849e-01
1.357726305723190308e-01
1.487860083580017090e-01
1.530886888504028320e-01
7.257987745106220245e-03
4.087287001311779022e-03
-1.673191040754318237e-02
-5.208862945437431335e-02
-4.461404308676719666e-02
-5.595128610730171204e-02
-4.581550136208534241e-02
-2.262465842068195343e-02
-1.512241456657648087e-02
1.275384798645973206e-02
3.114276006817817688e-02
3.341862931847572327e-02
-9.999000000000000000e+03
-9.999000000000000000e+03
-9.999000000000000000e+03
-9.999000000000000000e+03
-9.999000000000000000e+03
-9.999000000000000000e+03
-9.999000000000000000e+03
9.168061614036560059e-02
8.149901032447814941e-02
9.402114897966384888e-02
9.247893095016479492e-02
8.849330246448516846e-02
9.150496125221252441e-02
8.941208571195602417e-02
9.903280436992645264e-02
9.915763139724731445e-02
1.133403107523918152e-01
1.379052400588989258e-01
1.485638320446014404e-01
-4.248855262994766235e-02
-4.624491557478904724e-02
-6.650155782699584961e-02
-1.084984764456748962e-01
-1.251391470432281494e-01
-1.299265921115875244e-01
-1.125698834657669067e-01
-7.405780255794525146e-02
-4.741923511028289795e-02
-6.456153001636266708e-03
2.103161811828613281e-02
5.807528644800186157e-02
8.312671631574630737e-02
-9.999000000000000000e+03
-9.999000000000000000e+03
-9.999000000000000000e+03
8.147135376930236816e-02
1.128610298037528992e-01
1.335418075323104858e-01
1.134533435106277466e-01
8.303607255220413208e-02
6.450745463371276855e-02
3.161315992474555969e-02
4.170067608356475830e-02
3.239922598004341125e-02
5.700693931430578232e-03
4.349393770098686218e-02
5.619418621063232422e-02
8.509578555822372437e-02
1.127847880125045776e-01
1.286961436271667480e-01
-9.144032001495361328e-02
-1.063439249992370605e-01
-1.336858570575714111e-01
-1.613148599863052368e-01
-1.703222990036010742e-01
-1.682513505220413208e-01
-1.484346389770507812e-01
-1.118866875767707825e-01
-7.721003144979476929e-02
-3.261949121952056885e-02
1.366147957742214203e-02
4.708544164896011353e-02
9.007534384727478027e-02
1.028931066393852234e-01
1.020646765828132629e-01
1.116776689887046814e-01
1.104145646095275879e-01
9.180791676044464111e-02
7.955528050661087036e-02
3.224031254649162292e-02
2.744390629231929779e-03
-4.542524367570877075e-02
-9.790080040693283081e-02
-7.814601808786392212e-02
-8.283939212560653687e-02
-6.327714025974273682e-02
-2.137812413275241852e-02
2.144727855920791626e-02
6.907684355974197388e-02
1.101742908358573914e-01
1.229106485843658447e-01
-1.227989941835403442e-01
-1.413198560476303101e-01
-1.667830199003219604e-01
-1.875348836183547974e-01
-1.920610517263412476e-01
-1.847981959581375122e-01
-1.608218550682067871e-01
-1.288224309682846069e-01
-1.049447357654571533e-01
-6.075042486190795898e-02
-1.196537259966135025e-02
1.454706769436597824e-02
5.824058875441551208e-02
7.632756233215332031e-02
7.421589642763137817e-02
8.159987628459930420e-02
5.529253184795379639e-02
-1.147335674613714218e-02
-5.524865537881851196e-02
-1.267616450786590576e-01
-1.429112702608108521e-01
-1.474690735340118408e-01
-1.628620177507400513e-01
-1.421135514974594116e-01
-1.212550178170204163e-01
-9.417270869016647339e-02
-3.888198360800743103e-02
-2.890225965529680252e-03
3.470567241311073303e-02
7.592154294252395630e-02
8.974412828683853149e-02
-1.531666219234466553e-01
-1.688521057367324829e-01
-1.806392520666122437e-01
-1.848649382591247559e-01
-1.873319596052169800e-01
-1.843182146549224854e-01
-1.602742820978164673e-01
-1.318361610174179077e-01
-1.068576872348785400e-01
-7.330941408872604370e-02
-3.205404803156852722e-02
-2.707817126065492630e-03
3.239106386899948120e-02
4.403708130121231079e-02
9.207804687321186066e-03
-1.354118715971708298e-02
-6.735836714506149292e-02
-1.245112195611000061e-01
-1.532201766967773438e-01
-2.016249150037765503e-01
-1.989015191793441772e-01
-1.985964179039001465e-01
-2.066624611616134644e-01
-1.962858587503433228e-01
-1.838118582963943481e-01
-1.700588911771774292e-01
-1.047963127493858337e-01
-7.100352644920349121e-02
-3.726046159863471985e-02
1.605008915066719055e-02
3.401964530348777771e-02
-1.644066125154495239e-01
-1.763306409120559692e-01
-1.755440682172775269e-01
-1.645454913377761841e-01
-1.590376347303390503e-01
-1.513901352882385254e-01
-1.425477117300033569e-01
-1.305061578750610352e-01
-1.113941743969917297e-01
-7.260931283235549927e-02
-3.025370277464389801e-02
-1.069929450750350952e-02
-9.418397210538387299e-03
-2.358375303447246552e-02
-6.823454052209854126e-02
-9.428203105926513672e-02
-1.590211838483810425e-01
-1.903239488601684570e-01
-1.984958052635192871e-01
-1.946783363819122314e-01
-1.879924982786178589e-01
-1.942466050386428833e-01
-2.092080563306808472e-01
-2.276810556650161743e-01
-2.453294545412063599e-01
-2.486128807067871094e-01
-1.888311356306076050e-01
-1.509992182254791260e-01
-1.110309883952140808e-01
-5.406864732503890991e-02
-3.805789723992347717e-02
-1.631787121295928955e-01
-1.717870831489562988e-01
-1.664181202650070190e-01
-1.460645496845245361e-01
-1.375129967927932739e-01
-1.351700574159622192e-01
-1.267529278993606567e-01
-1.121689900755882263e-01
-8.850114792585372925e-02
-6.200338900089263916e-02
-4.183957353234291077e-02
-3.953999653458595276e-02
-7.547899335622787476e-02
-1.212638095021247864e-01
-1.653520166873931885e-01
-1.745478063821792603e-01
-1.923403292894363403e-01
-1.864539235830307007e-01
-1.820127815008163452e-01
-1.623749434947967529e-01
-1.455221623182296753e-01
-1.523313969373703003e-01
-1.321796774864196777e-01
-1.621837466955184937e-01
-1.348518282175064087e-01
-2.054965496063232422e-01
-1.994158029556274414e-01
-1.953623592853546143e-01
-1.628427058458328247e-01
-1.193878203630447388e-01
-1.057042255997657776e-01
-1.487190425395965576e-01
-1.493379026651382446e-01
-1.408618390560150146e-01
-1.159755662083625793e-01
-1.091450303792953491e-01
-1.105647608637809753e-01
-1.012189239263534546e-01
-9.080745279788970947e-02
-6.673920899629592896e-02
-5.971008911728858948e-02
-7.711437344551086426e-02
-1.167289167642593384e-01
-1.484852582216262817e-01
-1.734217554330825806e-01
-1.945041567087173462e-01
-1.946533769369125366e-01
-1.855290383100509644e-01
-1.254097670316696167e-01
-1.381239145994186401e-01
-1.065086722373962402e-01
-9.241084009408950806e-02
-9.999000000000000000e+03
-9.999000000000000000e+03
-9.999000000000000000e+03
-9.999000000000000000e+03
-9.999000000000000000e+03
-9.999000000000000000e+03
-2.155779600143432617e-01
-1.903525590896606445e-01
-1.691315174102783203e-01
-1.684314608573913574e-01
-1.409889906644821167e-01
-1.220232471823692322e-01
-1.122728288173675537e-01
-9.517190605401992798e-02
-8.185029029846191406e-02
-6.298628449440002441e-02
-6.994028389453887939e-02
-6.716086715459823608e-02
-5.855954065918922424e-02
-7.505340874195098877e-02
-1.082136407494544983e-01
-1.627674549818038940e-01
-1.733033210039138794e-01
-1.819529831409454346e-01
-1.671720594167709351e-01
-1.462170481681823730e-01
-1.217446848750114441e-01
-9.999000000000000000e+03
-9.999000000000000000e+03
-9.999000000000000000e+03
-9.999000000000000000e+03
-9.999000000000000000e+03
-9.999000000000000000e+03
-9.999000000000000000e+03
-9.999000000000000000e+03
-9.999000000000000000e+03
-9.999000000000000000e+03
-1.148965060710906982e-01
-1.640631854534149170e-01
-1.930920779705047607e-01
-2.002204060554504395e-01
-1.623639315366744995e-01
-1.368096768856048584e-01
-9.467096626758575439e-02
-7.631634920835494995e-02
-6.169589981436729431e-02
-5.491605773568153381e-02
-5.613211542367935181e-02
-5.755065008997917175e-02
-5.981656908988952637e-02
-1.021958217024803162e-01
-1.369751542806625366e-01
-1.512719392776489258e-01
-1.471914649009704590e-01
-1.488409638404846191e-01
-8.110476285219192505e-02
-8.684120327234268188e-02
-9.999000000000000000e+03
-9.999000000000000000e+03
-9.999000000000000000e+03
-9.999000000000000000e+03
-9.999000000000000000e+03
-9.999000000000000000e+03
-9.999000000000000000e+03
-9.999000000000000000e+03
-9.999000000000000000e+03
-9.999000000000000000e+03
-9.999000000000000000e+03
-9.999000000000000000e+03
-1.000809594988822937e-01
-1.807611882686614990e-01
-2.118941247463226318e-01
-2.275254279375076294e-01
-1.820168048143386841e-01
-1.313827484846115112e-01
-9.741148352622985840e-02
-6.542527675628662109e-02
-5.137265846133232117e-02
-3.616017103195190430e-02
-4.607301950454711914e-02
-6.769054383039474487e-02
-9.954082220792770386e-02
-1.236529201269149780e-01
-1.164885014295578003e-01
-8.681646734476089478e-02
-9.653975814580917358e-02
-9.999000000000000000e+03
-9.999000000000000000e+03
-9.999000000000000000e+03
-9.999000000000000000e+03
-9.999000000000000000e+03
-9.999000000000000000e+03
-9.999000000000000000e+03
-9.999000000000000000e+03
-9.999000000000000000e+03
-9.999000000000000000e+03
-9.999000000000000000e+03
-9.999000000000000000e+03
-9.999000000000000000e+03
-9.999000000000000000e+03
-9.999000000000000000e+03
-1.439432203769683838e-01
-1.914504766464233398e-01
-9.999000000000000000e+03
-1.118153855204582214e-01
-1.361839473247528076e-01
-1.125810742378234863e-01
-8.060692995786666870e-02
-5.962434038519859314e-02
-4.804819077253341675e-02
-6.215155124664306641e-02
-9.370350837707519531e-02
-9.876926243305206299e-02
-9.350730478763580322e-02
-7.181987166404724121e-02
-6.292511522769927979e-02
-9.999000000000000000e+03
-9.999000000000000000e+03
-9.999000000000000000e+03
-9.999000000000000000e+03
-9.999000000000000000e+03
-9.999000000000000000e+03
-9.999000000000000000e+03
-9.999000000000000000e+03
-9.999000000000000000e+03
-9.999000000000000000e+03
-9.999000000000000000e+03
-9.999000000000000000e+03
-9.999000000000000000e+03
-9.999000000000000000e+03
-9.999000000000000000e+03
-9.999000000000000000e+03
-9.257239848375320435e-02
-1.414164900779724121e-01
-9.999000000000000000e+03
-9.999000000000000000e+03
-1.075598672032356262e-01
-1.071948707103729248e-01
-8.345100283622741699e-02
-6.576346606016159058e-02
-6.988324224948883057e-02
-8.113882690668106079e-02
-8.564254641532897949e-02
-7.517824321985244751e-02
-6.627462804317474365e-02
-2.662867307662963867e-02
-9.999000000000000000e+03
-9.999000000000000000e+03
-9.999000000000000000e+03
-9.999000000000000000e+03
-9.999000000000000000e+03
-9.999000000000000000e+03
-9.999000000000000000e+03
-9.999000000000000000e+03
-9.999000000000000000e+03
-9.999000000000000000e+03
-9.999000000000000000e+03
-9.999000000000000000e+03
-9.999000000000000000e+03
-9.999000000000000000e+03
-9.999000000000000000e+03
-9.999000000000000000e+03
-9.999000000000000000e+03
-3.866536542773246765e-02
-5.950311571359634399e-02
-9.999000000000000000e+03
-9.999000000000000000e+03
-5.154662206768989563e-02
-6.583747267723083496e-02
-6.436084955930709839e-02
-5.260113626718521118e-02
-4.699951037764549255e-02
-5.232121795415878296e-02
-4.610354453325271606e-02
-2.888360992074012756e-02
-2.594513259828090668e-02
-1.116631645709276199e-02
-9.999000000000000000e+03
-9.999000000000000000e+03
-9.999000000000000000e+03
-9.999000000000000000e+03
-9.999000000000000000e+03
-9.999000000000000000e+03
-9.999000000000000000e+03
-9.999000000000000000e+03
-9.999000000000000000e+03
-9.999000000000000000e+03
-9.999000000000000000e+03
-9.999000000000000000e+03
-9.999000000000000000e+03
-9.999000000000000000e+03
-9.999000000000000000e+03
-9.999000000000000000e+03
-9.999000000000000000e+03
-9.999000000000000000e+03
-9.999000000000000000e+03
-9.999000000000000000e+03
-9.999000000000000000e+03
-8.456074632704257965e-03
-1.810670830309391022e-02
-2.345548011362552643e-02
-2.106774412095546722e-02
-9.251189418137073517e-03
-1.009259279817342758e-02
1.558814081363379955e-03
-5.871046334505081177e-03
-1.115537621080875397e-02
-9.620022960007190704e-03
-9.999000000000000000e+03
-9.999000000000000000e+03
-9.999000000000000000e+03
-9.999000000000000000e+03
-9.999000000000000000e+03
-9.999000000000000000e+03
-9.999000000000000000e+03
-9.999000000000000000e+03
-9.999000000000000000e+03
-9.999000000000000000e+03
-9.999000000000000000e+03
-9.999000000000000000e+03
-9.999000000000000000e+03
-9.999000000000000000e+03
-9.999000000000000000e+03
-9.999000000000000000e+03
-9.999000000000000000e+03
-9.999000000000000000e+03
-9.999000000000000000e+03
-9.999000000000000000e+03
-9.999000000000000000e+03
-9.999000000000000000e+03
-1.242415327578783035e-02
-2.355536818504333496e-02
-1.104541588574647903e-02
2.035364322364330292e-02
2.126591466367244720e-02
1.530053466558456421e-02
2.664954587817192078e-02
9.721273556351661682e-03
-9.999000000000000000e+03
-9.999000000000000000e+03
-9.999000000000000000e+03
-9.999000000000000000e+03
-9.999000000000000000e+03
-9.999000000000000000e+03
-9.999000000000000000e+03
-9.999000000000000000e+03
-9.999000000000000000e+03
-9.999000000000000000e+03
-9.999000000000000000e+03
-9.999000000000000000e+03
-9.999000000000000000e+03
-9.999000000000000000e+03
-9.999000000000000000e+03
-9.999000000000000000e+03
-9.999000000000000000e+03
-9.999000000000000000e+03
-9.999000000000000000e+03
-9.999000000000000000e+03
-9.999000000000000000e+03
-9.999000000000000000e+03
-9.999000000000000000e+03
-1.586007140576839447e-02
-4.307492822408676147e-02
-4.679213464260101318e-02
-3.325977548956871033e-02
1.604338921606540680e-02
8.458964526653289795e-03
9.291607141494750977e-02
1.563548892736434937e-01
1.215846017003059387e-01
-9.999000000000000000e+03
-9.999000000000000000e+03
-9.999000000000000000e+03
-9.999000000000000000e+03
-9.999000000000000000e+03
-9.999000000000000000e+03
-9.999000000000000000e+03
-9.999000000000000000e+03
-9.999000000000000000e+03
-9.999000000000000000e+03
-9.999000000000000000e+03
-9.999000000000000000e+03
-9.999000000000000000e+03
-9.999000000000000000e+03
-9.999000000000000000e+03
-9.999000000000000000e+03
-9.999000000000000000e+03
-9.999000000000000000e+03
-9.999000000000000000e+03
-9.999000000000000000e+03
-9.999000000000000000e+03
-9.999000000000000000e+03
-9.999000000000000000e+03
-5.115622654557228088e-02
-4.920387640595436096e-02
-4.242894053459167480e-02
-1.719552651047706604e-02
1.439596153795719147e-02
2.468168735504150391e-02
1.321425586938858032e-01
1.303913891315460205e-01
-9.999000000000000000e+03
-9.999000000000000000e+03
-9.999000000000000000e+03
-9.999000000000000000e+03
-9.999000000000000000e+03
-9.999000000000000000e+03
-9.999000000000000000e+03
-9.999000000000000000e+03
-9.999000000000000000e+03
-9.999000000000000000e+03
-9.999000000000000000e+03
-9.999000000000000000e+03
-9.999000000000000000e+03
-9.999000000000000000e+03
-9.999000000000000000e+03
-9.999000000000000000e+03
-9.999000000000000000e+03
-9.999000000000000000e+03
-9.999000000000000000e+03
-9.999000000000000000e+03
-9.999000000000000000e+03
-9.999000000000000000e+03
-9.999000000000000000e+03
-5.418804287910461426e-02
-7.102510333061218262e-02
-6.588567048311233521e-02
-9.295958280563354492e-02
-1.250689625740051270e-01
-1.419712454080581665e-01
-7.892125099897384644e-02
5.426170304417610168e-03
-8.606412447988986969e-03
-9.999000000000000000e+03
-9.999000000000000000e+03
-9.999000000000000000e+03
-9.999000000000000000e+03
-9.999000000000000000e+03
-9.999000000000000000e+03
-9.999000000000000000e+03
-9.999000000000000000e+03
-9.999000000000000000e+03
-9.999000000000000000e+03
-9.999000000000000000e+03
-9.999000000000000000e+03
-9.999000000000000000e+03
-9.999000000000000000e+03
-9.999000000000000000e+03
-9.999000000000000000e+03
-9.999000000000000000e+03
-9.999000000000000000e+03
-9.999000000000000000e+03
-9.999000000000000000e+03
-9.999000000000000000e+03
-9.999000000000000000e+03
-3.896958380937576294e-02
-8.267836272716522217e-02
-9.875941276550292969e-02
-1.061533242464065552e-01
-1.334638595581054688e-01
-1.343633085489273071e-01
-1.311739385128021240e-01
-1.336803883314132690e-01
-8.800960332155227661e-02
-4.811351001262664795e-02
-3.157107532024383545e-02
-2.403662353754043579e-02
-2.051770687103271484e-02
-9.999000000000000000e+03
-9.999000000000000000e+03
-9.999000000000000000e+03
-9.999000000000000000e+03
-9.999000000000000000e+03
-9.999000000000000000e+03
-9.999000000000000000e+03
-9.999000000000000000e+03
-9.999000000000000000e+03
-9.999000000000000000e+03
-9.999000000000000000e+03
-9.999000000000000000e+03
-9.999000000000000000e+03
-9.999000000000000000e+03
-9.999000000000000000e+03
-9.999000000000000000e+03
-9.999000000000000000e+03
-6.469629704952239990e-02
-6.349920481443405151e-02
-6.559439003467559814e-02
-6.628905236721038818e-02
-7.125230133533477783e-02
-7.609719038009643555e-02
-6.641258299350738525e-02
-7.422807812690734863e-02
-8.830942213535308838e-02
-4.174223169684410095e-02
-1.242315303534269333e-02
-1.777892746031284332e-02
-2.509588748216629028e-02
-2.377957478165626526e-02
-9.999000000000000000e+03
-9.999000000000000000e+03
-9.999000000000000000e+03
-9.999000000000000000e+03
-9.999000000000000000e+03
-9.999000000000000000e+03
-9.999000000000000000e+03
-9.999000000000000000e+03
-9.999000000000000000e+03
-9.999000000000000000e+03
-9.999000000000000000e+03
-9.999000000000000000e+03
-9.999000000000000000e+03
-9.999000000000000000e+03
-9.999000000000000000e+03
-6.938384473323822021e-02
-7.487419247627258301e-02
-1.186731010675430298e-01
-1.132678166031837463e-01
-8.772459626197814941e-02
-6.474538147449493408e-02
-4.558952152729034424e-02
-4.169040545821189880e-02
-4.419565200805664062e-02
-6.221124157309532166e-02
-5.080123245716094971e-02
-4.670500382781028748e-02
-3.435497730970382690e-02
-5.332369357347488403e-02
-9.999000000000000000e+03
-9.999000000000000000e+03
-9.999000000000000000e+03
-9.999000000000000000e+03
-9.999000000000000000e+03
-9.999000000000000000e+03
-9.999000000000000000e+03
-9.999000000000000000e+03
-9.999000000000000000e+03
-9.999000000000000000e+03
-9.999000000000000000e+03
-9.999000000000000000e+03
-9.999000000000000000e+03
-9.999000000000000000e+03
-9.999000000000000000e+03
-9.999000000000000000e+03
-6.154539808630943298e-02
-8.547856658697128296e-02
-9.832404553890228271e-02
-1.229874640703201294e-01
-1.245540827512741089e-01
-9.819616377353668213e-02
-6.183871999382972717e-02
-4.054278880357742310e-02
-2.938767336308956146e-02
-3.301712125539779663e-02
-6.772972643375396729e-02
-9.652835130691528320e-02
-9.454686194658279419e-02
-6.467203050851821899e-02
-9.999000000000000000e+03
-9.999000000000000000e+03
-9.999000000000000000e+03
-9.999000000000000000e+03
-9.999000000000000000e+03
-9.999000000000000000e+03
-9.999000000000000000e+03
-9.999000000000000000e+03
-9.999000000000000000e+03
-9.999000000000000000e+03
-9.999000000000000000e+03
-9.999000000000000000e+03
-9.999000000000000000e+03
-9.999000000000000000e+03
-9.999000000000000000e+03
-9.999000000000000000e+03
-9.999000000000000000e+03
-7.025635987520217896e-02
-9.558270126581192017e-02
-1.184370070695877075e-01
-1.247170865535736084e-01
-1.162821203470230103e-01
-9.942453354597091675e-02
-7.361612468957901001e-02
-4.858178272843360901e-02
-2.624383382499217987e-02
7.154434919357299805e-03
-4.261048976331949234e-03
-3.963344916701316833e-02
-3.836974874138832092e-02
-5.407481640577316284e-02
-9.999000000000000000e+03
-9.999000000000000000e+03
-9.999000000000000000e+03
-9.999000000000000000e+03
-9.999000000000000000e+03
-9.999000000000000000e+03
-9.999000000000000000e+03
-9.999000000000000000e+03
-9.999000000000000000e+03
-9.999000000000000000e+03
-9.999000000000000000e+03
-9.999000000000000000e+03
-9.999000000000000000e+03
-9.999000000000000000e+03
-9.999000000000000000e+03
-9.999000000000000000e+03
-9.999000000000000000e+03
-1.073458194732666016e-01
-1.167275011539459229e-01
-1.156985908746719360e-01
-1.126940399408340454e-01
-1.012295410037040710e-01
-8.220018446445465088e-02
-5.011287331581115723e-02
-2.686944976449012756e-02
-1.084240432828664780e-02
7.357432972639799118e-03
3.386691445484757423e-03
1.411765534430742264e-02
-1.101036090403795242e-03
-9.999000000000000000e+03
-9.999000000000000000e+03
-9.999000000000000000e+03
-9.999000000000000000e+03
-9.999000000000000000e+03
-9.999000000000000000e+03
-9.999000000000000000e+03
-9.999000000000000000e+03
-9.999000000000000000e+03
-9.999000000000000000e+03
-9.999000000000000000e+03
-9.999000000000000000e+03
-9.999000000000000000e+03
-9.999000000000000000e+03
-9.999000000000000000e+03
-9.999000000000000000e+03
-9.999000000000000000e+03
-9.999000000000000000e+03
-8.200880885124206543e-02
-8.051837980747222900e-02
-6.985457986593246460e-02
-6.929975003004074097e-02
-4.961703717708587646e-02
-3.504407778382301331e-02
-1.098437141627073288e-02
4.962626378983259201e-03
1.088629476726055145e-02
3.061266988515853882e-02
1.104342099279165268e-02
-1.826443336904048920e-02
-9.999000000000000000e+03
-9.999000000000000000e+03
-9.999000000000000000e+03
-9.999000000000000000e+03
-9.999000000000000000e+03
-9.999000000000000000e+03
-9.999000000000000000e+03
-9.999000000000000000e+03
-9.999000000000000000e+03
-9.999000000000000000e+03
-9.999000000000000000e+03
-9.999000000000000000e+03
-9.999000000000000000e+03
-9.999000000000000000e+03
-9.999000000000000000e+03
-9.999000000000000000e+03
-9.999000000000000000e+03
-9.999000000000000000e+03
-9.999000000000000000e+03
-4.574738442897796631e-02
-3.810088336467742920e-02
-3.233092650771141052e-02
-2.567379549145698547e-02
1.370291970670223236e-02
2.256760187447071075e-02
2.090876735746860504e-02
1.549150701612234116e-02
1.634551770985126495e-02
1.421699114143848419e-02
-9.999000000000000000e+03
-9.999000000000000000e+03
-9.999000000000000000e+03
-9.999000000000000000e+03
-9.999000000000000000e+03
-9.999000000000000000e+03
-9.999000000000000000e+03
-9.999000000000000000e+03
-9.999000000000000000e+03
-9.999000000000000000e+03
-9.999000000000000000e+03
-9.999000000000000000e+03
-9.999000000000000000e+03
-9.999000000000000000e+03
-9.999000000000000000e+03
-9.999000000000000000e+03
-9.999000000000000000e+03
-9.999000000000000000e+03
-9.999000000000000000e+03
-9.999000000000000000e+03
-9.999000000000000000e+03
-1.994241960346698761e-02
4.917393904179334641e-03
2.702518180012702942e-02
4.479723051190376282e-02
6.031437963247299194e-02
3.913697600364685059e-02
-9.999000000000000000e+03
-9.999000000000000000e+03
-9.999000000000000000e+03
-9.999000000000000000e+03
-9.999000000000000000e+03
-9.999000000000000000e+03
-9.999000000000000000e+03
-9.999000000000000000e+03
-9.999000000000000000e+03
-9.999000000000000000e+03
-9.999000000000000000e+03
-9.999000000000000000e+03
-9.999000000000000000e+03
-9.999000000000000000e+03
-9.999000000000000000e+03
-9.999000000000000000e+03
-9.999000000000000000e+03
-9.999000000000000000e+03
-9.999000000000000000e+03
-9.999000000000000000e+03
-9.999000000000000000e+03
-9.999000000000000000e+03
-9.999000000000000000e+03
-9.999000000000000000e+03
-9.999000000000000000e+03
-2.022371999919414520e-02
1.079630223102867603e-03
4.121262207627296448e-02
-9.999000000000000000e+03
-9.999000000000000000e+03
-9.999000000000000000e+03
-9.999000000000000000e+03
-9.999000000000000000e+03
-9.999000000000000000e+03
-9.999000000000000000e+03
-9.999000000000000000e+03
-9.999000000000000000e+03
-9.999000000000000000e+03
-9.999000000000000000e+03
-9.999000000000000000e+03
-9.999000000000000000e+03
-9.999000000000000000e+03
-9.999000000000000000e+03
-9.999000000000000000e+03
-9.999000000000000000e+03
-9.999000000000000000e+03
-9.999000000000000000e+03
-9.999000000000000000e+03
-9.999000000000000000e+03
-9.999000000000000000e+03
-9.999000000000000000e+03
-9.999000000000000000e+03
-9.999000000000000000e+03
-9.999000000000000000e+03
-9.999000000000000000e+03
-9.999000000000000000e+03
