1.281421035528182983e-01
1.356193423271179199e-01
1.200696900486946106e-01
1.058600023388862610e-01
1.196394637227058411e-01
1.069390550255775452e-01
9.853143244981765747e-02
9.333849698305130005e-02
7.213077694177627563e-02
5.881194770336151123e-02
1.766251400113105774e-03
-9.999000000000000000e+03
-9.999000000000000000e+03
-9.999000000000000000e+03
-9.999000000000000000e+03
-9.999000000000000000e+03
-9.999000000000000000e+03
-9.999000000000000000e+03
-9.999000000000000000e+03
-9.999000000000000000e+03
-9.999000000000000000e+03
-9.999000000000000000e+03
-9.999000000000000000e+03
1.111405901610851288e-02
3.087674826383590698e-02
7.336924225091934204e-02
1.115844249725341797e-01
1.499662101268768311e-01
1.652925163507461548e-01
1.678964644670486450e-01
1.688668131828308105e-01
5.757191032171249390e-02
6.071001291275024414e-02
5.041347071528434753e-02
4.189707338809967041e-02
5.791297927498817444e-02
4.878337681293487549e-02
3.530287742614746094e-02
3.796901926398277283e-02
2.728472650051116943e-02
3.390794992446899414e-02
3.059198521077632904e-02
2.194592170417308807e-02
-9.999000000000000000e+03
-9.999000000000000000e+03
-9.999000000000000000e+03
-9.999000000000000000e+03
-9.999000000000000000e+03
-9.999000000000000000e+03
-9.999000000000000000e+03
-9.999000000000000000e+03
-9.999000000000000000e+03
5.153495445847511292e-02
7.913533598184585571e-02
7.743172347545623779e-02
1.100524887442588806e-01
1.203955635428428650e-01
1.425533741712570190e-01
1.626094430685043335e-01
1.671994328498840332e-01
1.651971638202667236e-01
1.711159050464630127e-01
-3.170660231262445450e-03
-1.308256573975086212e-02
-3.269862756133079529e-02
-5.025306716561317444e-02
-2.579941414296627045e-02
-3.001276776194572449e-02
-2.505052275955677032e-02
-1.282201986759901047e-02
-1.765409484505653381e-02
1.151811564341187477e-03
1.896992512047290802e-02
2.463880553841590881e-02
-9.999000000000000000e+03
-9.999000000000000000e+03
-9.999000000000000000e+03
-9.999000000000000000e+03
-9.999000000000000000e+03
-9.999000000000000000e+03
-9.999000000000000000e+03
8.520002663135528564e-02
8.388189226388931274e-02
1.113122776150703430e-01
1.177834570407867432e-01
1.249135136604309082e-01
1.224111020565032959e-01
1.336603611707687378e-01
1.500228643417358398e-01
1.525715142488479614e-01
1.630804091691970825e-01
1.776512116193771362e-01
1.787571609020233154e-01
-6.655836105346679688e-02
-8.122123777866363525e-02
-1.035339012742042542e-01
-1.270241439342498779e-01
-1.139836683869361877e-01
-1.107272654771804810e-01
-9.746637940406799316e-02
-7.071331143379211426e-02
-5.879900231957435608e-02
-2.668663859367370605e-02
-1.781843602657318115e-03
3.590593114495277405e-02
5.715281516313552856e-02
-9.999000000000000000e+03
-9.999000000000000000e+03
-9.999000000000000000e+03
7.791467010974884033e-02
1.082026362419128418e-01
1.222074478864669800e-01
9.674326330423355103e-02
7.361081987619400024e-02
6.626911461353302002e-02
4.775426909327507019e-02
7.965944707393646240e-02
8.542766422033309937e-02
7.144151628017425537e-02
1.130652502179145813e-01
1.177792549133300781e-01
1.332785785198211670e-01
1.517628431320190430e-01
1.554514169692993164e-01
-1.145576611161231995e-01
-1.430979222059249878e-01
-1.677562594413757324e-01
-1.849185824394226074e-01
-1.769564598798751831e-01
-1.653145700693130493e-01
-1.411738693714141846e-01
-1.088740006089210510e-01
-8.686018735170364380e-02
-4.883403331041336060e-02
-3.972980193793773651e-03
3.285226970911026001e-02
6.592041254043579102e-02
7.905217260122299194e-02
9.383537620306015015e-02
1.042239367961883545e-01
1.049373596906661987e-01
8.779075741767883301e-02
7.523735612630844116e-02
2.277694828808307648e-02
-9.592585265636444092e-03
-5.361804738640785217e-02
-7.427302002906799316e-02
-3.414565697312355042e-02
-2.660112082958221436e-02
-6.465239915996789932e-03
3.542658314108848572e-02
6.567641347646713257e-02
9.849096089601516724e-02
1.305621564388275146e-01
1.427389681339263916e-01
-1.396722048521041870e-01
-1.684037148952484131e-01
-1.999626457691192627e-01
-2.174595743417739868e-01
-2.101501673460006714e-01
-1.911328732967376709e-01
-1.621658354997634888e-01
-1.283581852912902832e-01
-1.044144406914710999e-01
-6.259822100400924683e-02
-1.126508228480815887e-02
3.355085849761962891e-02
6.592687964439392090e-02
8.141042292118072510e-02
7.864689826965332031e-02
7.847207039594650269e-02
5.146687850356101990e-02
-1.446656137704849243e-02
-5.305645242333412170e-02
-1.154141947627067566e-01
-1.320604979991912842e-01
-1.334443688392639160e-01
-1.412948220968246460e-01
-1.051439568400382996e-01
-7.794482260942459106e-02
-6.608010083436965942e-02
-1.373509224504232407e-02
1.432636659592390060e-02
5.556324124336242676e-02
1.029850468039512634e-01
1.229527443647384644e-01
-1.494895964860916138e-01
-1.737105697393417358e-01
-2.038247287273406982e-01
-2.144497781991958618e-01
-2.137394696474075317e-01
-1.988728046417236328e-01
-1.653555929660797119e-01
-1.305586695671081543e-01
-1.001649275422096252e-01
-6.147076189517974854e-02
-1.815626956522464752e-02
1.373989786952733994e-02
5.145605653524398804e-02
6.902540475130081177e-02
1.780704222619533539e-02
-1.552667934447526932e-02
-7.101236283779144287e-02
-1.223102211952209473e-01
-1.436504572629928589e-01
-1.830608546733856201e-01
-1.875596791505813599e-01
-1.937942057847976685e-01
-2.064167261123657227e-01
-1.862831115722656250e-01
-1.692309379577636719e-01
-1.536996513605117798e-01
-9.253335744142532349e-02
-5.426703765988349915e-02
-1.049210317432880402e-02
5.114138126373291016e-02
7.220821827650070190e-02
-1.470404118299484253e-01
-1.624292433261871338e-01
-1.899200677871704102e-01
-1.892703473567962646e-01
-1.791561543941497803e-01
-1.639693826436996460e-01
-1.462736427783966064e-01
-1.237102821469306946e-01
-9.203640371561050415e-02
-5.434144288301467896e-02
-2.275341749191284180e-02
-3.817001590505242348e-03
5.535217351280152798e-04
-1.218303013592958450e-02
-6.140681356191635132e-02
-9.424559026956558228e-02
-1.556736528873443604e-01
-1.791487932205200195e-01
-1.853183507919311523e-01
-1.883590519428253174e-01
-1.907146722078323364e-01
-2.055286765098571777e-01
-2.155423462390899658e-01
-2.171281129121780396e-01
-2.308857589960098267e-01
-2.361209243535995483e-01
-1.733217984437942505e-01
-1.305666863918304443e-01
-8.312783390283584595e-02
-1.932489871978759766e-02
-9.464685805141925812e-03
-1.295710206031799316e-01
-1.403943896293640137e-01
-1.591473221778869629e-01
-1.612971723079681396e-01
-1.557190567255020142e-01
-1.292585432529449463e-01
-1.300307661294937134e-01
-1.058983355760574341e-01
-7.242408394813537598e-02
-4.706328734755516052e-02
-3.120598010718822479e-02
-3.467420488595962524e-02
-6.541401147842407227e-02
-1.071620211005210876e-01
-1.525014638900756836e-01
-1.597775518894195557e-01
-1.760959476232528687e-01
-1.734451800584793091e-01
-1.717091351747512817e-01
-1.594894379377365112e-01
-1.387075781822204590e-01
-1.435444504022598267e-01
-1.164445504546165466e-01
-1.407039314508438110e-01
-1.139001697301864624e-01
-1.890898048877716064e-01
-1.782224029302597046e-01
-1.727271825075149536e-01
-1.356077343225479126e-01
-9.238644689321517944e-02
-8.447588980197906494e-02
-1.137999519705772400e-01
-1.227951049804687500e-01
-1.334187984466552734e-01
-1.266728341579437256e-01
-1.307178139686584473e-01
-1.206891834735870361e-01
-1.091413348913192749e-01
-1.025909110903739929e-01
-7.267020642757415771e-02
-6.747934222221374512e-02
-7.942420244216918945e-02
-1.129909008741378784e-01
-1.377887129783630371e-01
-1.582635790109634399e-01
-1.777288466691970825e-01
-1.715940386056900024e-01
-1.655577421188354492e-01
-1.170899718999862671e-01
-1.304773539304733276e-01
-9.624533355236053467e-02
-7.952487468719482422e-02
-9.999000000000000000e+03
-9.999000000000000000e+03
-9.999000000000000000e+03
-9.999000000000000000e+03
-9.999000000000000000e+03
-9.999000000000000000e+03
-1.848352700471878052e-01
-1.659210622310638428e-01
-1.432099193334579468e-01
-1.470330208539962769e-01
-1.057409420609474182e-01
-9.948509186506271362e-02
-1.057002618908882141e-01
-1.056787669658660889e-01
-1.100852414965629578e-01
-1.048734635114669800e-01
-9.416387975215911865e-02
-8.080103248357772827e-02
-7.814506441354751587e-02
-9.895445406436920166e-02
-1.207196116447448730e-01
-1.600846648216247559e-01
-1.685902029275894165e-01
-1.725509613752365112e-01
-1.582619696855545044e-01
-1.339672207832336426e-01
-1.111360117793083191e-01
-9.999000000000000000e+03
-9.999000000000000000e+03
-9.999000000000000000e+03
-9.999000000000000000e+03
-9.999000000000000000e+03
-9.999000000000000000e+03
-9.999000000000000000e+03
-9.999000000000000000e+03
-9.999000000000000000e+03
-9.999000000000000000e+03
-1.056248620152473450e-01
-1.575875431299209595e-01
-1.884778141975402832e-01
-1.952075660228729248e-01
-1.037943139672279358e-01
-8.818233758211135864e-02
-8.692064881324768066e-02
-8.936957269906997681e-02
-9.141559153795242310e-02
-9.347790479660034180e-02
-8.653838187456130981e-02
-7.031934708356857300e-02
-8.659877628087997437e-02
-1.274218261241912842e-01
-1.440469771623611450e-01
-1.478274464607238770e-01
-1.444692909717559814e-01
-1.483180224895477295e-01
-8.090670406818389893e-02
-8.640087395906448364e-02
-9.999000000000000000e+03
-9.999000000000000000e+03
-9.999000000000000000e+03
-9.999000000000000000e+03
-9.999000000000000000e+03
-9.999000000000000000e+03
-9.999000000000000000e+03
-9.999000000000000000e+03
-9.999000000000000000e+03
-9.999000000000000000e+03
-9.999000000000000000e+03
-9.999000000000000000e+03
-9.829173237085342407e-02
-1.953176409006118774e-01
-2.305098026990890503e-01
-1.426057070493698120e-01
-1.068216860294342041e-01
-7.602009922266006470e-02
-6.675694882869720459e-02
-6.333649158477783203e-02
-6.307366490364074707e-02
-4.862606152892112732e-02
-6.026931107044219971e-02
-8.776067197322845459e-02
-1.141350045800209045e-01
-1.229315474629402161e-01
-1.091860607266426086e-01
-7.830882072448730469e-02
-9.144929051399230957e-02
-9.999000000000000000e+03
-9.999000000000000000e+03
-9.999000000000000000e+03
-9.999000000000000000e+03
-9.999000000000000000e+03
-9.999000000000000000e+03
-9.999000000000000000e+03
-9.999000000000000000e+03
-9.999000000000000000e+03
-9.999000000000000000e+03
-9.999000000000000000e+03
-9.999000000000000000e+03
-9.999000000000000000e+03
-9.999000000000000000e+03
-9.999000000000000000e+03
-1.557558774948120117e-01
-2.192153334617614746e-01
-9.999000000000000000e+03
-6.364177167415618896e-02
-7.404093444347381592e-02
-6.073021516203880310e-02
-4.695525765419006348e-02
-4.580894857645034790e-02
-4.356177151203155518e-02
-6.715444475412368774e-02
-9.517385065555572510e-02
-9.030306339263916016e-02
-8.452892303466796875e-02
-6.738325208425521851e-02
-5.401002243161201477e-02
-9.999000000000000000e+03
-9.999000000000000000e+03
-9.999000000000000000e+03
-9.999000000000000000e+03
-9.999000000000000000e+03
-9.999000000000000000e+03
-9.999000000000000000e+03
-9.999000000000000000e+03
-9.999000000000000000e+03
-9.999000000000000000e+03
-9.999000000000000000e+03
-9.999000000000000000e+03
-9.999000000000000000e+03
-9.999000000000000000e+03
-9.999000000000000000e+03
-9.999000000000000000e+03
-9.966164827346801758e-02
-1.607571095228195190e-01
-9.999000000000000000e+03
-9.999000000000000000e+03
-6.317219138145446777e-02
-5.966688320040702820e-02
-4.290361329913139343e-02
-3.874388709664344788e-02
-5.276810005307197571e-02
-7.182558625936508179e-02
-7.890421897172927856e-02
-7.174772769212722778e-02
-5.985928326845169067e-02
-2.271969802677631378e-02
-9.999000000000000000e+03
-9.999000000000000000e+03
-9.999000000000000000e+03
-9.999000000000000000e+03
-9.999000000000000000e+03
-9.999000000000000000e+03
-9.999000000000000000e+03
-9.999000000000000000e+03
-9.999000000000000000e+03
-9.999000000000000000e+03
-9.999000000000000000e+03
-9.999000000000000000e+03
-9.999000000000000000e+03
-9.999000000000000000e+03
-9.999000000000000000e+03
-9.999000000000000000e+03
-9.999000000000000000e+03
-3.969755023717880249e-02
-6.280725449323654175e-02
-9.999000000000000000e+03
-9.999000000000000000e+03
-3.025511093437671661e-02
-3.809229657053947449e-02
-3.718952462077140808e-02
-2.361607551574707031e-02
-2.296819910407066345e-02
-3.457184880971908569e-02
-4.016825556755065918e-02
-3.069848939776420593e-02
-3.364790976047515869e-02
-1.975757814943790436e-02
-9.999000000000000000e+03
-9.999000000000000000e+03
-9.999000000000000000e+03
-9.999000000000000000e+03
-9.999000000000000000e+03
-9.999000000000000000e+03
-9.999000000000000000e+03
-9.999000000000000000e+03
-9.999000000000000000e+03
-9.999000000000000000e+03
-9.999000000000000000e+03
-9.999000000000000000e+03
-9.999000000000000000e+03
-9.999000000000000000e+03
-9.999000000000000000e+03
-9.999000000000000000e+03
-9.999000000000000000e+03
-9.999000000000000000e+03
-9.999000000000000000e+03
-9.999000000000000000e+03
-9.999000000000000000e+03
-1.122931111603975296e-02
-1.121191587299108505e-02
-2.271382510662078857e-02
-2.048879675567150116e-02
-1.286959624849259853e-03
9.557536803185939789e-03
2.313995733857154846e-02
1.334586087614297867e-02
-9.529887698590755463e-03
-1.134381629526615143e-02
-9.999000000000000000e+03
-9.999000000000000000e+03
-9.999000000000000000e+03
-9.999000000000000000e+03
-9.999000000000000000e+03
-9.999000000000000000e+03
-9.999000000000000000e+03
-9.999000000000000000e+03
-9.999000000000000000e+03
-9.999000000000000000e+03
-9.999000000000000000e+03
-9.999000000000000000e+03
-9.999000000000000000e+03
-9.999000000000000000e+03
-9.999000000000000000e+03
-9.999000000000000000e+03
-9.999000000000000000e+03
-9.999000000000000000e+03
-9.999000000000000000e+03
-9.999000000000000000e+03
-9.999000000000000000e+03
-9.999000000000000000e+03
-2.450497075915336609e-02
-3.376952558755874634e-02
-2.863804809749126434e-02
3.464513644576072693e-02
4.594371840357780457e-02
4.813059791922569275e-02
5.684603005647659302e-02
2.585994079709053040e-02
-9.999000000000000000e+03
-9.999000000000000000e+03
-9.999000000000000000e+03
-9.999000000000000000e+03
-9.999000000000000000e+03
-9.999000000000000000e+03
-9.999000000000000000e+03
-9.999000000000000000e+03
-9.999000000000000000e+03
-9.999000000000000000e+03
-9.999000000000000000e+03
-9.999000000000000000e+03
-9.999000000000000000e+03
-9.999000000000000000e+03
-9.999000000000000000e+03
-9.999000000000000000e+03
-9.999000000000000000e+03
-9.999000000000000000e+03
-9.999000000000000000e+03
-9.999000000000000000e+03
-9.999000000000000000e+03
-9.999000000000000000e+03
-9.999000000000000000e+03
-2.401679195463657379e-02
-5.637094005942344666e-02
-4.282458499073982239e-02
-8.110376074910163879e-03
2.569433115422725677e-02
4.546173661947250366e-02
1.120230183005332947e-01
1.599409431219100952e-01
1.170321553945541382e-01
-9.999000000000000000e+03
-9.999000000000000000e+03
-9.999000000000000000e+03
-9.999000000000000000e+03
-9.999000000000000000e+03
-9.999000000000000000e+03
-9.999000000000000000e+03
-9.999000000000000000e+03
-9.999000000000000000e+03
-9.999000000000000000e+03
-9.999000000000000000e+03
-9.999000000000000000e+03
-9.999000000000000000e+03
-9.999000000000000000e+03
-9.999000000000000000e+03
-9.999000000000000000e+03
-9.999000000000000000e+03
-9.999000000000000000e+03
-9.999000000000000000e+03
-9.999000000000000000e+03
-9.999000000000000000e+03
-9.999000000000000000e+03
-9.999000000000000000e+03
-5.584096908569335938e-02
-3.960280865430831909e-02
-4.714396968483924866e-02
-6.058266013860702515e-02
-4.590101912617683411e-02
-4.304327443242073059e-02
1.161577478051185608e-01
1.365153789520263672e-01
-9.999000000000000000e+03
-9.999000000000000000e+03
-9.999000000000000000e+03
-9.999000000000000000e+03
-9.999000000000000000e+03
-9.999000000000000000e+03
-9.999000000000000000e+03
-9.999000000000000000e+03
-9.999000000000000000e+03
-9.999000000000000000e+03
-9.999000000000000000e+03
-9.999000000000000000e+03
-9.999000000000000000e+03
-9.999000000000000000e+03
-9.999000000000000000e+03
-9.999000000000000000e+03
-9.999000000000000000e+03
-9.999000000000000000e+03
-9.999000000000000000e+03
-9.999000000000000000e+03
-9.999000000000000000e+03
-9.999000000000000000e+03
-9.999000000000000000e+03
-4.825468733906745911e-02
-7.928875833749771118e-02
-1.205567866563796997e-01
-1.416294872760772705e-01
-1.610596925020217896e-01
-1.510781645774841309e-01
-9.470331668853759766e-02
-1.383016351610422134e-02
-2.432079240679740906e-02
-9.999000000000000000e+03
-9.999000000000000000e+03
-9.999000000000000000e+03
-9.999000000000000000e+03
-9.999000000000000000e+03
-9.999000000000000000e+03
-9.999000000000000000e+03
-9.999000000000000000e+03
-9.999000000000000000e+03
-9.999000000000000000e+03
-9.999000000000000000e+03
-9.999000000000000000e+03
-9.999000000000000000e+03
-9.999000000000000000e+03
-9.999000000000000000e+03
-9.999000000000000000e+03
-9.999000000000000000e+03
-9.999000000000000000e+03
-9.999000000000000000e+03
-9.999000000000000000e+03
-9.999000000000000000e+03
-9.999000000000000000e+03
-6.615987978875637054e-03
-6.812877953052520752e-02
-9.854578971862792969e-02
-1.133320778608322144e-01
-1.222112923860549927e-01
-1.196408569812774658e-01
-1.221335157752037048e-01
-1.035200878977775574e-01
-6.126260012388229370e-02
-3.929462656378746033e-02
-3.326673060655593872e-02
-1.782187633216381073e-02
-1.149908057413995266e-03
-9.999000000000000000e+03
-9.999000000000000000e+03
-9.999000000000000000e+03
-9.999000000000000000e+03
-9.999000000000000000e+03
-9.999000000000000000e+03
-9.999000000000000000e+03
-9.999000000000000000e+03
-9.999000000000000000e+03
-9.999000000000000000e+03
-9.999000000000000000e+03
-9.999000000000000000e+03
-9.999000000000000000e+03
-9.999000000000000000e+03
-9.999000000000000000e+03
-9.999000000000000000e+03
-9.999000000000000000e+03
-1.174218952655792236e-02
-8.238068781793117523e-03
-1.350792497396469116e-02
-2.904047258198261261e-02
-5.595361441373825073e-02
-7.715090364217758179e-02
-7.349935919046401978e-02
-7.300034165382385254e-02
-6.825118511915206909e-02
-1.172647997736930847e-02
2.375837042927742004e-02
-1.602484844624996185e-02
-1.193191763013601303e-02
-3.703049151226878166e-03
-9.999000000000000000e+03
-9.999000000000000000e+03
-9.999000000000000000e+03
-9.999000000000000000e+03
-9.999000000000000000e+03
-9.999000000000000000e+03
-9.999000000000000000e+03
-9.999000000000000000e+03
-9.999000000000000000e+03
-9.999000000000000000e+03
-9.999000000000000000e+03
-9.999000000000000000e+03
-9.999000000000000000e+03
-9.999000000000000000e+03
-9.999000000000000000e+03
-2.360325306653976440e-02
-2.136777527630329132e-02
-3.349686786532402039e-02
-2.856970950961112976e-02
-1.557241566479206085e-02
-1.051810011267662048e-02
-1.657831668853759766e-02
-4.419225826859474182e-02
-7.001822441816329956e-02
-7.505719363689422607e-02
-5.421063676476478577e-02
-4.299842193722724915e-02
-1.398577261716127396e-02
-3.240114822983741760e-02
-9.999000000000000000e+03
-9.999000000000000000e+03
-9.999000000000000000e+03
-9.999000000000000000e+03
-9.999000000000000000e+03
-9.999000000000000000e+03
-9.999000000000000000e+03
-9.999000000000000000e+03
-9.999000000000000000e+03
-9.999000000000000000e+03
-9.999000000000000000e+03
-9.999000000000000000e+03
-9.999000000000000000e+03
-9.999000000000000000e+03
-9.999000000000000000e+03
-9.999000000000000000e+03
-3.051672317087650299e-02
-3.155066445469856262e-02
-2.568880282342433929e-02
-2.788992039859294891e-02
-3.508371859788894653e-02
-2.089241333305835724e-02
-1.463481457903981209e-03
9.011048823595046997e-04
-1.666847988963127136e-02
-3.834366798400878906e-02
-7.960364967584609985e-02
-1.041993796825408936e-01
-9.271839261054992676e-02
-6.880653649568557739e-02
-9.999000000000000000e+03
-9.999000000000000000e+03
-9.999000000000000000e+03
-9.999000000000000000e+03
-9.999000000000000000e+03
-9.999000000000000000e+03
-9.999000000000000000e+03
-9.999000000000000000e+03
-9.999000000000000000e+03
-9.999000000000000000e+03
-9.999000000000000000e+03
-9.999000000000000000e+03
-9.999000000000000000e+03
-9.999000000000000000e+03
-9.999000000000000000e+03
-9.999000000000000000e+03
-9.999000000000000000e+03
-4.306298866868019104e-02
-4.920616000890731812e-02
-5.135846138000488281e-02
-5.037375167012214661e-02
-5.499140545725822449e-02
-3.887621313333511353e-02
-1.842381618916988373e-02
-1.926714205183088779e-03
1.471911091357469559e-03
9.422941133379936218e-03
-9.661539457738399506e-03
-4.926013946533203125e-02
-5.277813971042633057e-02
-6.504555791616439819e-02
-9.999000000000000000e+03
-9.999000000000000000e+03
-9.999000000000000000e+03
-9.999000000000000000e+03
-9.999000000000000000e+03
-9.999000000000000000e+03
-9.999000000000000000e+03
-9.999000000000000000e+03
-9.999000000000000000e+03
-9.999000000000000000e+03
-9.999000000000000000e+03
-9.999000000000000000e+03
-9.999000000000000000e+03
-9.999000000000000000e+03
-9.999000000000000000e+03
-9.999000000000000000e+03
-9.999000000000000000e+03
-6.255243718624114990e-02
-7.549883425235748291e-02
-7.391080260276794434e-02
-6.476941704750061035e-02
-6.128957495093345642e-02
-3.761722147464752197e-02
-1.146731432527303696e-02
-3.814253956079483032e-03
1.076397486031055450e-03
2.057482022792100906e-03
-4.647138994187116623e-03
-6.065835710614919662e-03
-1.938870549201965332e-02
-9.999000000000000000e+03
-9.999000000000000000e+03
-9.999000000000000000e+03
-9.999000000000000000e+03
-9.999000000000000000e+03
-9.999000000000000000e+03
-9.999000000000000000e+03
-9.999000000000000000e+03
-9.999000000000000000e+03
-9.999000000000000000e+03
-9.999000000000000000e+03
-9.999000000000000000e+03
-9.999000000000000000e+03
-9.999000000000000000e+03
-9.999000000000000000e+03
-9.999000000000000000e+03
-9.999000000000000000e+03
-9.999000000000000000e+03
-6.545373052358627319e-02
-7.500328123569488525e-02
-6.294503062963485718e-02
-5.617909133434295654e-02
-2.724925987422466278e-02
-7.951360195875167847e-03
8.357477490790188313e-04
2.593410201370716095e-03
6.419798824936151505e-03
3.289595246315002441e-02
8.106869645416736603e-03
-2.699063345789909363e-02
-9.999000000000000000e+03
-9.999000000000000000e+03
-9.999000000000000000e+03
-9.999000000000000000e+03
-9.999000000000000000e+03
-9.999000000000000000e+03
-9.999000000000000000e+03
-9.999000000000000000e+03
-9.999000000000000000e+03
-9.999000000000000000e+03
-9.999000000000000000e+03
-9.999000000000000000e+03
-9.999000000000000000e+03
-9.999000000000000000e+03
-9.999000000000000000e+03
-9.999000000000000000e+03
-9.999000000000000000e+03
-9.999000000000000000e+03
-9.999000000000000000e+03
-5.409506335854530334e-02
-4.452114924788475037e-02
-3.094661608338356018e-02
-2.219508960843086243e-02
4.640184715390205383e-02
4.975401610136032104e-02
3.192901238799095154e-02
1.403115317225456238e-02
4.901886451989412308e-03
3.475318662822246552e-03
-9.999000000000000000e+03
-9.999000000000000000e+03
-9.999000000000000000e+03
-9.999000000000000000e+03
-9.999000000000000000e+03
-9.999000000000000000e+03
-9.999000000000000000e+03
-9.999000000000000000e+03
-9.999000000000000000e+03
-9.999000000000000000e+03
-9.999000000000000000e+03
-9.999000000000000000e+03
-9.999000000000000000e+03
-9.999000000000000000e+03
-9.999000000000000000e+03
-9.999000000000000000e+03
-9.999000000000000000e+03
-9.999000000000000000e+03
-9.999000000000000000e+03
-9.999000000000000000e+03
-9.999000000000000000e+03
-2.293819561600685120e-02
8.250314742326736450e-03
3.238674998283386230e-02
6.019835919141769409e-02
8.321138471364974976e-02
6.512990593910217285e-02
-9.999000000000000000e+03
-9.999000000000000000e+03
-9.999000000000000000e+03
-9.999000000000000000e+03
-9.999000000000000000e+03
-9.999000000000000000e+03
-9.999000000000000000e+03
-9.999000000000000000e+03
-9.999000000000000000e+03
-9.999000000000000000e+03
-9.999000000000000000e+03
-9.999000000000000000e+03
-9.999000000000000000e+03
-9.999000000000000000e+03
-9.999000000000000000e+03
-9.999000000000000000e+03
-9.999000000000000000e+03
-9.999000000000000000e+03
-9.999000000000000000e+03
-9.999000000000000000e+03
-9.999000000000000000e+03
-9.999000000000000000e+03
-9.999000000000000000e+03
-9.999000000000000000e+03
-9.999000000000000000e+03
-1.261237636208534241e-02
9.616967290639877319e-03
4.680156335234642029e-02
-9.999000000000000000e+03
-9.999000000000000000e+03
-9.999000000000000000e+03
-9.999000000000000000e+03
-9.999000000000000000e+03
-9.999000000000000000e+03
-9.999000000000000000e+03
-9.999000000000000000e+03
-9.999000000000000000e+03
-9.999000000000000000e+03
-9.999000000000000000e+03
-9.999000000000000000e+03
-9.999000000000000000e+03
-9.999000000000000000e+03
-9.999000000000000000e+03
-9.999000000000000000e+03
-9.999000000000000000e+03
-9.999000000000000000e+03
-9.999000000000000000e+03
-9.999000000000000000e+03
-9.999000000000000000e+03
-9.999000000000000000e+03
-9.999000000000000000e+03
-9.999000000000000000e+03
-9.999000000000000000e+03
-9.999000000000000000e+03
-9.999000000000000000e+03
-9.999000000000000000e+03
