-1.411280184984207153e-01
-8.836947381496429443e-02
-2.800737880170345306e-02
1.101908739656209946e-02
5.170597508549690247e-02
9.686049073934555054e-02
1.546878218650817871e-01
2.045440524816513062e-01
2.451528608798980713e-01
2.681756913661956787e-01
2.457541972398757935e-01
-9.999000000000000000e+03
-9.999000000000000000e+03
-9.999000000000000000e+03
-9.999000000000000000e+03
-9.999000000000000000e+03
-9.999000000000000000e+03
-9.999000000000000000e+03
-9.999000000000000000e+03
-9.999000000000000000e+03
-9.999000000000000000e+03
-9.999000000000000000e+03
-9.999000000000000000e+03
1.882463507354259491e-02
-6.788216065615415573e-03
3.951549064368009567e-03
1.674331910908222198e-02
7.543398533016443253e-03
1.199317071586847305e-02
1.599258184432983398e-02
2.703751251101493835e-02
-1.314464062452316284e-01
-8.363592624664306641e-02
-3.123215772211551666e-02
7.371759973466396332e-03
5.369158089160919189e-02
1.032802909612655640e-01
1.717238426208496094e-01
2.224381566047668457e-01
2.565339803695678711e-01
2.779110372066497803e-01
2.693177461624145508e-01
1.488757282495498657e-01
-9.999000000000000000e+03
-9.999000000000000000e+03
-9.999000000000000000e+03
-9.999000000000000000e+03
-9.999000000000000000e+03
-9.999000000000000000e+03
-9.999000000000000000e+03
-9.999000000000000000e+03
-9.999000000000000000e+03
-1.275309920310974121e-02
-5.707015283405780792e-03
4.549351986497640610e-03
-2.045847475528717041e-02
-1.070104166865348816e-02
-1.986420154571533203e-02
-1.587953418493270874e-02
-8.457449264824390411e-03
5.986961070448160172e-03
2.334491722285747528e-02
-1.308743953704833984e-01
-7.137241959571838379e-02
-1.683299429714679718e-02
2.368403971195220947e-02
6.403131783008575439e-02
1.134018152952194214e-01
1.710656434297561646e-01
2.269759178161621094e-01
2.595351934432983398e-01
2.753845453262329102e-01
2.512214183807373047e-01
1.679862737655639648e-01
-9.999000000000000000e+03
-9.999000000000000000e+03
-9.999000000000000000e+03
-9.999000000000000000e+03
-9.999000000000000000e+03
-9.999000000000000000e+03
-9.999000000000000000e+03
-4.331861436367034912e-02
-3.101280331611633301e-02
-1.808802969753742218e-02
-1.875877380371093750e-02
-1.403457485139369965e-02
-2.865125890821218491e-03
-3.990892786532640457e-03
-1.619572937488555908e-02
-1.953927613794803619e-02
-1.418756693601608276e-02
2.063281601294875145e-03
1.123864389955997467e-02
-1.041522771120071411e-01
-6.425093114376068115e-02
-1.977620087563991547e-02
2.817265875637531281e-02
8.158754557371139526e-02
1.364826858043670654e-01
1.753640472888946533e-01
2.153851687908172607e-01
2.387103140354156494e-01
2.610177099704742432e-01
2.624410092830657959e-01
1.942455172538757324e-01
1.079026460647583008e-01
-9.999000000000000000e+03
-9.999000000000000000e+03
-9.999000000000000000e+03
-4.907106608152389526e-02
-7.189366966485977173e-02
-7.313761115074157715e-02
-4.696846753358840942e-02
-2.552183344960212708e-02
-1.492709107697010040e-02
-2.209487836807966232e-03
9.753016056492924690e-04
1.297005172818899155e-02
-1.448983210138976574e-03
-1.345810852944850922e-02
-2.677140757441520691e-02
-3.258145973086357117e-02
-2.268994599580764771e-02
-1.550423074513673782e-02
-8.275100588798522949e-02
-4.780953377485275269e-02
-1.436893478967249393e-03
4.144416749477386475e-02
8.762244135141372681e-02
1.276560723781585693e-01
1.594917625188827515e-01
1.915659755468368530e-01
2.081520855426788330e-01
2.130985409021377563e-01
2.038838118314743042e-01
1.541068553924560547e-01
9.383524954319000244e-02
4.365492239594459534e-02
-2.976040355861186981e-02
-6.781470775604248047e-02
-8.242575079202651978e-02
-7.456094771623611450e-02
-5.887608975172042847e-02
-2.804118581116199493e-02
-2.389454894000664353e-04
1.493364851921796799e-02
3.700057417154312134e-02
1.482791546732187271e-02
-1.834308961406350136e-03
-2.713293954730033875e-02
-3.892249986529350281e-02
-5.307122692465782166e-02
-6.408263742923736572e-02
-5.151136592030525208e-02
-4.122841358184814453e-02
-6.243824958801269531e-02
-3.914565220475196838e-02
-7.217194419354200363e-03
4.510667175054550171e-02
9.494931250810623169e-02
1.288053244352340698e-01
1.437831670045852661e-01
1.627788096666336060e-01
1.690850257873535156e-01
1.707203537225723267e-01
1.469330638647079468e-01
8.614048361778259277e-02
4.184562712907791138e-02
-1.094167213886976242e-02
-5.120942369103431702e-02
-6.969122588634490967e-02
-6.573241949081420898e-02
-3.274457156658172607e-02
-9.813019074499607086e-03
3.090274892747402191e-02
4.576606303453445435e-02
4.682312160730361938e-02
3.484757989645004272e-02
4.140994511544704437e-03
-3.178717941045761108e-02
-6.971367448568344116e-02
-8.010480552911758423e-02
-1.014652773737907410e-01
-1.145460605621337891e-01
-9.982997179031372070e-02
-8.913616836071014404e-02
-3.715316951274871826e-02
-8.381521329283714294e-03
2.128246985375881195e-02
5.614215508103370667e-02
8.717769384384155273e-02
1.141797751188278198e-01
1.217242926359176636e-01
1.321082115173339844e-01
1.268179863691329956e-01
1.020973473787307739e-01
7.719539105892181396e-02
3.516388684511184692e-02
7.373330183327198029e-03
-3.787037730216979980e-02
-3.637274354696273804e-02
-3.217361867427825928e-02
-7.868593558669090271e-03
1.899848133325576782e-02
2.919775806367397308e-02
5.797184631228446960e-02
5.628364905714988708e-02
3.739389032125473022e-02
4.482911434024572372e-03
-2.469475753605365753e-02
-6.391099840402603149e-02
-1.005714535713195801e-01
-1.304191648960113525e-01
-1.748373359441757202e-01
-1.887465119361877441e-01
-1.584342718124389648e-01
-1.413117200136184692e-01
-3.175467625260353088e-02
2.803237875923514366e-03
4.025576636195182800e-02
5.807951092720031738e-02
7.904559373855590820e-02
9.675530344247817993e-02
1.029547154903411865e-01
1.003815457224845886e-01
8.172783255577087402e-02
4.766551405191421509e-02
2.394855208694934845e-02
1.519467914476990700e-03
1.428726245649158955e-03
-1.568447216413915157e-03
9.415104985237121582e-03
1.504129637032747269e-02
4.226097837090492249e-02
5.777352675795555115e-02
5.979943275451660156e-02
5.995297059416770935e-02
5.297891423106193542e-02
3.913271054625511169e-02
1.633937656879425049e-02
-3.427414968609809875e-02
-1.037111952900886536e-01
-1.415434181690216064e-01
-1.891244053840637207e-01
-2.253448367118835449e-01
-2.339323610067367554e-01
-2.066141664981842041e-01
-1.677251160144805908e-01
-3.549112239852547646e-03
1.272488385438919067e-02
2.977049164474010468e-02
4.243729636073112488e-02
6.558042764663696289e-02
9.174188226461410522e-02
9.768901765346527100e-02
7.337551563978195190e-02
4.363367334008216858e-02
1.228772941976785660e-02
1.744839595630764961e-03
4.210981074720621109e-03
2.918244339525699615e-02
4.226961731910705566e-02
6.507762521505355835e-02
6.424021720886230469e-02
7.016998529434204102e-02
6.810091435909271240e-02
6.196306273341178894e-02
6.169818714261054993e-02
4.997007176280021667e-02
3.745969757437705994e-02
1.718736253678798676e-02
-1.818019896745681763e-02
-5.879352614283561707e-02
-1.410579085350036621e-01
-2.150527834892272949e-01
-2.685734331607818604e-01
-2.630581855773925781e-01
-2.217748165130615234e-01
-1.708460748195648193e-01
1.304230303503572941e-03
1.331029552966356277e-02
2.302817255258560181e-02
4.202456399798393250e-02
7.291394472122192383e-02
8.961515128612518311e-02
8.979415893554687500e-02
7.425356656312942505e-02
3.656733036041259766e-02
5.268250592052936554e-03
1.368489768356084824e-02
4.879005625844001770e-02
7.248831540346145630e-02
8.322658389806747437e-02
9.845392405986785889e-02
9.287191927433013916e-02
7.988310605287551880e-02
5.115759372711181641e-02
4.228336736559867859e-02
2.779282815754413605e-02
3.771892562508583069e-02
-9.999000000000000000e+03
-9.999000000000000000e+03
-9.999000000000000000e+03
-9.999000000000000000e+03
-9.999000000000000000e+03
-9.999000000000000000e+03
-2.159606665372848511e-01
-2.776185870170593262e-01
-2.427948564291000366e-01
-1.865600943565368652e-01
-1.276374561712145805e-03
1.357292383909225464e-02
2.788165397942066193e-02
4.690933600068092346e-02
7.938925176858901978e-02
8.462969958782196045e-02
7.929844409227371216e-02
5.962210893630981445e-02
3.117578849196434021e-02
2.825322747230529785e-02
4.509376361966133118e-02
9.656548500061035156e-02
1.047559306025505066e-01
1.154755577445030212e-01
1.136557385325431824e-01
9.930050373077392578e-02
1.037895455956459045e-01
-9.999000000000000000e+03
-9.999000000000000000e+03
-9.999000000000000000e+03
-9.999000000000000000e+03
-9.999000000000000000e+03
-9.999000000000000000e+03
-9.999000000000000000e+03
-9.999000000000000000e+03
-9.999000000000000000e+03
-9.999000000000000000e+03
-1.728367954492568970e-01
-2.373386025428771973e-01
-2.486984878778457642e-01
-1.998069435358047485e-01
-1.716856658458709717e-02
-1.373172178864479065e-02
1.804157905280590057e-02
4.433110728859901428e-02
6.391457468271255493e-02
6.877151876688003540e-02
6.800173223018646240e-02
4.544430226087570190e-02
2.542795985937118530e-02
7.793699949979782104e-02
9.730990976095199585e-02
1.087822392582893372e-01
1.148272976279258728e-01
1.215217262506484985e-01
6.973247975111007690e-02
7.057341188192367554e-02
-9.999000000000000000e+03
-9.999000000000000000e+03
-9.999000000000000000e+03
-9.999000000000000000e+03
-9.999000000000000000e+03
-9.999000000000000000e+03
-9.999000000000000000e+03
-9.999000000000000000e+03
-9.999000000000000000e+03
-9.999000000000000000e+03
-9.999000000000000000e+03
-9.999000000000000000e+03
-1.455072015523910522e-01
-2.010430991649627686e-01
-1.450494825839996338e-01
-7.735419273376464844e-02
-7.775776833295822144e-02
-4.358791559934616089e-02
-5.989822093397378922e-03
3.007358126342296600e-02
5.629668384790420532e-02
4.317094385623931885e-02
4.629947617650032043e-02
6.410671770572662354e-02
1.047058328986167908e-01
1.129082441329956055e-01
9.452592581510543823e-02
8.719461411237716675e-02
1.060423627495765686e-01
-9.999000000000000000e+03
-9.999000000000000000e+03
-9.999000000000000000e+03
-9.999000000000000000e+03
-9.999000000000000000e+03
-9.999000000000000000e+03
-9.999000000000000000e+03
-9.999000000000000000e+03
-9.999000000000000000e+03
-9.999000000000000000e+03
-9.999000000000000000e+03
-9.999000000000000000e+03
-9.999000000000000000e+03
-9.999000000000000000e+03
-9.999000000000000000e+03
-1.479347795248031616e-01
-1.207370683550834656e-01
-9.999000000000000000e+03
-8.740705251693725586e-02
-8.303477615118026733e-02
-4.187992587685585022e-02
3.509108675643801689e-03
3.516572341322898865e-02
3.467200323939323425e-02
7.530628144741058350e-02
1.158384382724761963e-01
1.119632348418235779e-01
9.610230475664138794e-02
7.671556621789932251e-02
5.982198193669319153e-02
-9.999000000000000000e+03
-9.999000000000000000e+03
-9.999000000000000000e+03
-9.999000000000000000e+03
-9.999000000000000000e+03
-9.999000000000000000e+03
-9.999000000000000000e+03
-9.999000000000000000e+03
-9.999000000000000000e+03
-9.999000000000000000e+03
-9.999000000000000000e+03
-9.999000000000000000e+03
-9.999000000000000000e+03
-9.999000000000000000e+03
-9.999000000000000000e+03
-9.999000000000000000e+03
-7.956618815660476685e-02
-6.217267364263534546e-02
-9.999000000000000000e+03
-9.999000000000000000e+03
-9.307827055454254150e-02
-4.552469030022621155e-02
-2.848937641829252243e-03
3.011886216700077057e-02
6.827978789806365967e-02
9.871960431337356567e-02
1.186161264777183533e-01
9.956099838018417358e-02
6.416475772857666016e-02
1.565616950392723083e-02
-9.999000000000000000e+03
-9.999000000000000000e+03
-9.999000000000000000e+03
-9.999000000000000000e+03
-9.999000000000000000e+03
-9.999000000000000000e+03
-9.999000000000000000e+03
-9.999000000000000000e+03
-9.999000000000000000e+03
-9.999000000000000000e+03
-9.999000000000000000e+03
-9.999000000000000000e+03
-9.999000000000000000e+03
-9.999000000000000000e+03
-9.999000000000000000e+03
-9.999000000000000000e+03
-9.999000000000000000e+03
-4.016729816794395447e-02
-3.283242881298065186e-02
-9.999000000000000000e+03
-9.999000000000000000e+03
-5.232293158769607544e-02
-3.667407855391502380e-02
-2.875231206417083740e-03
3.795508295297622681e-02
9.370432049036026001e-02
9.797059744596481323e-02
9.295642375946044922e-02
7.468805462121963501e-02
4.471864178776741028e-02
1.198662165552377701e-02
-9.999000000000000000e+03
-9.999000000000000000e+03
-9.999000000000000000e+03
-9.999000000000000000e+03
-9.999000000000000000e+03
-9.999000000000000000e+03
-9.999000000000000000e+03
-9.999000000000000000e+03
-9.999000000000000000e+03
-9.999000000000000000e+03
-9.999000000000000000e+03
-9.999000000000000000e+03
-9.999000000000000000e+03
-9.999000000000000000e+03
-9.999000000000000000e+03
-9.999000000000000000e+03
-9.999000000000000000e+03
-9.999000000000000000e+03
-9.999000000000000000e+03
-9.999000000000000000e+03
-9.999000000000000000e+03
-2.631821855902671814e-02
-2.009584195911884308e-02
4.546784795820713043e-03
5.301632359623908997e-02
8.023694157600402832e-02
8.397586643695831299e-02
7.953612506389617920e-02
7.213138043880462646e-02
3.591229021549224854e-02
1.448347792029380798e-02
-9.999000000000000000e+03
-9.999000000000000000e+03
-9.999000000000000000e+03
-9.999000000000000000e+03
-9.999000000000000000e+03
-9.999000000000000000e+03
-9.999000000000000000e+03
-9.999000000000000000e+03
-9.999000000000000000e+03
-9.999000000000000000e+03
-9.999000000000000000e+03
-9.999000000000000000e+03
-9.999000000000000000e+03
-9.999000000000000000e+03
-9.999000000000000000e+03
-9.999000000000000000e+03
-9.999000000000000000e+03
-9.999000000000000000e+03
-9.999000000000000000e+03
-9.999000000000000000e+03
-9.999000000000000000e+03
-9.999000000000000000e+03
-1.786621659994125366e-02
-4.278750158846378326e-03
5.312840268015861511e-02
4.227716848254203796e-02
5.532679706811904907e-02
9.525743871927261353e-02
1.170137748122215271e-01
5.789769440889358521e-02
-9.999000000000000000e+03
-9.999000000000000000e+03
-9.999000000000000000e+03
-9.999000000000000000e+03
-9.999000000000000000e+03
-9.999000000000000000e+03
-9.999000000000000000e+03
-9.999000000000000000e+03
-9.999000000000000000e+03
-9.999000000000000000e+03
-9.999000000000000000e+03
-9.999000000000000000e+03
-9.999000000000000000e+03
-9.999000000000000000e+03
-9.999000000000000000e+03
-9.999000000000000000e+03
-9.999000000000000000e+03
-9.999000000000000000e+03
-9.999000000000000000e+03
-9.999000000000000000e+03
-9.999000000000000000e+03
-9.999000000000000000e+03
-9.999000000000000000e+03
-1.570936851203441620e-02
-1.898000366054475307e-03
1.938792318105697632e-02
1.161819137632846832e-02
4.048099741339683533e-02
1.140960007905960083e-01
1.280090063810348511e-01
5.968944355845451355e-02
1.444784831255674362e-02
-9.999000000000000000e+03
-9.999000000000000000e+03
-9.999000000000000000e+03
-9.999000000000000000e+03
-9.999000000000000000e+03
-9.999000000000000000e+03
-9.999000000000000000e+03
-9.999000000000000000e+03
-9.999000000000000000e+03
-9.999000000000000000e+03
-9.999000000000000000e+03
-9.999000000000000000e+03
-9.999000000000000000e+03
-9.999000000000000000e+03
-9.999000000000000000e+03
-9.999000000000000000e+03
-9.999000000000000000e+03
-9.999000000000000000e+03
-9.999000000000000000e+03
-9.999000000000000000e+03
-9.999000000000000000e+03
-9.999000000000000000e+03
-9.999000000000000000e+03
-1.514063123613595963e-02
-2.151173772290349007e-03
-2.612231532111763954e-03
3.741857782006263733e-02
6.938246637582778931e-02
1.817429810762405396e-02
2.509124018251895905e-02
7.411781698465347290e-02
-9.999000000000000000e+03
-9.999000000000000000e+03
-9.999000000000000000e+03
-9.999000000000000000e+03
-9.999000000000000000e+03
-9.999000000000000000e+03
-9.999000000000000000e+03
-9.999000000000000000e+03
-9.999000000000000000e+03
-9.999000000000000000e+03
-9.999000000000000000e+03
-9.999000000000000000e+03
-9.999000000000000000e+03
-9.999000000000000000e+03
-9.999000000000000000e+03
-9.999000000000000000e+03
-9.999000000000000000e+03
-9.999000000000000000e+03
-9.999000000000000000e+03
-9.999000000000000000e+03
-9.999000000000000000e+03
-9.999000000000000000e+03
-9.999000000000000000e+03
-1.787904463708400726e-02
-2.955855242908000946e-02
-2.114051580429077148e-02
-1.994742266833782196e-02
-5.359630286693572998e-02
-1.239525601267814636e-01
-8.441223949193954468e-02
9.142007678747177124e-03
5.514569580554962158e-02
-9.999000000000000000e+03
-9.999000000000000000e+03
-9.999000000000000000e+03
-9.999000000000000000e+03
-9.999000000000000000e+03
-9.999000000000000000e+03
-9.999000000000000000e+03
-9.999000000000000000e+03
-9.999000000000000000e+03
-9.999000000000000000e+03
-9.999000000000000000e+03
-9.999000000000000000e+03
-9.999000000000000000e+03
-9.999000000000000000e+03
-9.999000000000000000e+03
-9.999000000000000000e+03
-9.999000000000000000e+03
-9.999000000000000000e+03
-9.999000000000000000e+03
-9.999000000000000000e+03
-9.999000000000000000e+03
-9.999000000000000000e+03
2.710345759987831116e-02
1.032182248309254646e-03
-7.667608559131622314e-03
-3.621050715446472168e-02
-7.329612225294113159e-02
-1.473909169435501099e-01
-1.268150657415390015e-01
-1.814576797187328339e-02
9.031763672828674316e-02
5.630316585302352905e-02
1.410415023565292358e-02
2.936791069805622101e-02
5.017538741230964661e-02
-9.999000000000000000e+03
-9.999000000000000000e+03
-9.999000000000000000e+03
-9.999000000000000000e+03
-9.999000000000000000e+03
-9.999000000000000000e+03
-9.999000000000000000e+03
-9.999000000000000000e+03
-9.999000000000000000e+03
-9.999000000000000000e+03
-9.999000000000000000e+03
-9.999000000000000000e+03
-9.999000000000000000e+03
-9.999000000000000000e+03
-9.999000000000000000e+03
-9.999000000000000000e+03
-9.999000000000000000e+03
1.828701794147491455e-02
2.660970576107501984e-02
2.818962372839450836e-02
3.652992658317089081e-03
-4.055530205368995667e-02
-8.910273760557174683e-02
-1.078946515917778015e-01
-9.580921381711959839e-02
-4.276615008711814880e-02
2.936115860939025879e-02
5.056442692875862122e-02
6.171173974871635437e-02
5.209820345044136047e-02
5.860378965735435486e-02
-9.999000000000000000e+03
-9.999000000000000000e+03
-9.999000000000000000e+03
-9.999000000000000000e+03
-9.999000000000000000e+03
-9.999000000000000000e+03
-9.999000000000000000e+03
-9.999000000000000000e+03
-9.999000000000000000e+03
-9.999000000000000000e+03
-9.999000000000000000e+03
-9.999000000000000000e+03
-9.999000000000000000e+03
-9.999000000000000000e+03
-9.999000000000000000e+03
2.678717486560344696e-02
1.576821133494377136e-02
-3.366105724126100540e-03
7.815653458237648010e-03
2.959258854389190674e-03
-1.544194482266902924e-02
-3.483209386467933655e-02
-5.435464903712272644e-02
-7.111284881830215454e-02
-6.421856582164764404e-02
-5.193309113383293152e-02
9.572017937898635864e-03
7.539345324039459229e-02
9.971602261066436768e-02
-9.999000000000000000e+03
-9.999000000000000000e+03
-9.999000000000000000e+03
-9.999000000000000000e+03
-9.999000000000000000e+03
-9.999000000000000000e+03
-9.999000000000000000e+03
-9.999000000000000000e+03
-9.999000000000000000e+03
-9.999000000000000000e+03
-9.999000000000000000e+03
-9.999000000000000000e+03
-9.999000000000000000e+03
-9.999000000000000000e+03
-9.999000000000000000e+03
-9.999000000000000000e+03
1.436717435717582703e-02
3.944687545299530029e-02
5.522865802049636841e-02
3.088657185435295105e-02
7.357096765190362930e-03
-2.065894566476345062e-02
-3.628753870725631714e-02
-3.036809898912906647e-02
-2.927982993423938751e-02
-3.346386924386024475e-02
-4.523632675409317017e-02
-5.579327046871185303e-02
5.183443892747163773e-03
9.715321660041809082e-02
-9.999000000000000000e+03
-9.999000000000000000e+03
-9.999000000000000000e+03
-9.999000000000000000e+03
-9.999000000000000000e+03
-9.999000000000000000e+03
-9.999000000000000000e+03
-9.999000000000000000e+03
-9.999000000000000000e+03
-9.999000000000000000e+03
-9.999000000000000000e+03
-9.999000000000000000e+03
-9.999000000000000000e+03
-9.999000000000000000e+03
-9.999000000000000000e+03
-9.999000000000000000e+03
-9.999000000000000000e+03
3.866692632436752319e-02
5.321087688207626343e-02
8.705709129571914673e-02
4.656465724110603333e-02
7.225411944091320038e-03
-1.999008283019065857e-02
-2.980040200054645538e-02
-2.829317189753055573e-02
-1.350998040288686752e-02
-1.720803603529930115e-02
-2.300397865474224091e-02
-3.904727473855018616e-02
-9.113781154155731201e-03
6.008422374725341797e-02
-9.999000000000000000e+03
-9.999000000000000000e+03
-9.999000000000000000e+03
-9.999000000000000000e+03
-9.999000000000000000e+03
-9.999000000000000000e+03
-9.999000000000000000e+03
-9.999000000000000000e+03
-9.999000000000000000e+03
-9.999000000000000000e+03
-9.999000000000000000e+03
-9.999000000000000000e+03
-9.999000000000000000e+03
-9.999000000000000000e+03
-9.999000000000000000e+03
-9.999000000000000000e+03
-9.999000000000000000e+03
7.243354618549346924e-02
9.915625303983688354e-02
9.402681142091751099e-02
5.682819709181785583e-02
2.149930037558078766e-02
-1.242422033101320267e-02
-3.527436777949333191e-02
-2.416235394775867462e-02
-1.207331381738185883e-02
-1.107677817344665527e-02
-2.385481446981430054e-02
-5.472115427255630493e-02
-3.100115619599819183e-02
-9.999000000000000000e+03
-9.999000000000000000e+03
-9.999000000000000000e+03
-9.999000000000000000e+03
-9.999000000000000000e+03
-9.999000000000000000e+03
-9.999000000000000000e+03
-9.999000000000000000e+03
-9.999000000000000000e+03
-9.999000000000000000e+03
-9.999000000000000000e+03
-9.999000000000000000e+03
-9.999000000000000000e+03
-9.999000000000000000e+03
-9.999000000000000000e+03
-9.999000000000000000e+03
-9.999000000000000000e+03
-9.999000000000000000e+03
1.107300221920013428e-01
1.334709078073501587e-01
9.741586446762084961e-02
5.705295875668525696e-02
1.082744169980287552e-02
-2.708139643073081970e-02
-4.572467133402824402e-02
-3.180611133575439453e-02
-1.054440811276435852e-02
8.595559746026992798e-03
-6.038607098162174225e-03
-3.630978614091873169e-02
-9.999000000000000000e+03
-9.999000000000000000e+03
-9.999000000000000000e+03
-9.999000000000000000e+03
-9.999000000000000000e+03
-9.999000000000000000e+03
-9.999000000000000000e+03
-9.999000000000000000e+03
-9.999000000000000000e+03
-9.999000000000000000e+03
-9.999000000000000000e+03
-9.999000000000000000e+03
-9.999000000000000000e+03
-9.999000000000000000e+03
-9.999000000000000000e+03
-9.999000000000000000e+03
-9.999000000000000000e+03
-9.999000000000000000e+03
-9.999000000000000000e+03
1.188496202230453491e-01
1.273229569196701050e-01
1.032665893435478210e-01
6.016034260392189026e-02
-3.903091326355934143e-02
-6.652172654867172241e-02
-4.881039634346961975e-02
-2.317418344318866730e-02
-7.947918958961963654e-03
2.794145140796899796e-03
-9.999000000000000000e+03
-9.999000000000000000e+03
-9.999000000000000000e+03
-9.999000000000000000e+03
-9.999000000000000000e+03
-9.999000000000000000e+03
-9.999000000000000000e+03
-9.999000000000000000e+03
-9.999000000000000000e+03
-9.999000000000000000e+03
-9.999000000000000000e+03
-9.999000000000000000e+03
-9.999000000000000000e+03
-9.999000000000000000e+03
-9.999000000000000000e+03
-9.999000000000000000e+03
-9.999000000000000000e+03
-9.999000000000000000e+03
-9.999000000000000000e+03
-9.999000000000000000e+03
-9.999000000000000000e+03
9.638937562704086304e-02
9.364859014749526978e-02
6.660752743482589722e-02
7.361256983131170273e-03
-4.566909372806549072e-02
-6.325121223926544189e-02
-9.999000000000000000e+03
-9.999000000000000000e+03
-9.999000000000000000e+03
-9.999000000000000000e+03
-9.999000000000000000e+03
-9.999000000000000000e+03
-9.999000000000000000e+03
-9.999000000000000000e+03
-9.999000000000000000e+03
-9.999000000000000000e+03
-9.999000000000000000e+03
-9.999000000000000000e+03
-9.999000000000000000e+03
-9.999000000000000000e+03
-9.999000000000000000e+03
-9.999000000000000000e+03
-9.999000000000000000e+03
-9.999000000000000000e+03
-9.999000000000000000e+03
-9.999000000000000000e+03
-9.999000000000000000e+03
-9.999000000000000000e+03
-9.999000000000000000e+03
-9.999000000000000000e+03
-9.999000000000000000e+03
3.974959999322891235e-02
4.163434356451034546e-02
4.334732145071029663e-02
-9.999000000000000000e+03
-9.999000000000000000e+03
-9.999000000000000000e+03
-9.999000000000000000e+03
-9.999000000000000000e+03
-9.999000000000000000e+03
-9.999000000000000000e+03
-9.999000000000000000e+03
-9.999000000000000000e+03
-9.999000000000000000e+03
-9.999000000000000000e+03
-9.999000000000000000e+03
-9.999000000000000000e+03
-9.999000000000000000e+03
-9.999000000000000000e+03
-9.999000000000000000e+03
-9.999000000000000000e+03
-9.999000000000000000e+03
-9.999000000000000000e+03
-9.999000000000000000e+03
-9.999000000000000000e+03
-9.999000000000000000e+03
-9.999000000000000000e+03
-9.999000000000000000e+03
-9.999000000000000000e+03
-9.999000000000000000e+03
-9.999000000000000000e+03
-9.999000000000000000e+03
