1.236809194087982178e-01
1.309423893690109253e-01
1.187042891979217529e-01
9.435680508613586426e-02
9.094822406768798828e-02
6.449074298143386841e-02
5.648192763328552246e-02
5.394265800714492798e-02
3.610196709632873535e-02
3.773181512951850891e-02
-1.892790757119655609e-02
-9.999000000000000000e+03
-9.999000000000000000e+03
-9.999000000000000000e+03
-9.999000000000000000e+03
-9.999000000000000000e+03
-9.999000000000000000e+03
-9.999000000000000000e+03
-9.999000000000000000e+03
-9.999000000000000000e+03
-9.999000000000000000e+03
-9.999000000000000000e+03
-9.999000000000000000e+03
2.166921272873878479e-02
6.186159327626228333e-02
8.029706031084060669e-02
1.066705733537673950e-01
1.439381092786788940e-01
1.573645174503326416e-01
1.632980108261108398e-01
1.506235003471374512e-01
5.491395294666290283e-02
6.177132949233055115e-02
5.269154906272888184e-02
3.271069750189781189e-02
2.429672703146934509e-02
-1.316985115408897400e-02
-2.121031470596790314e-02
-5.986643489450216293e-03
-4.611392039805650711e-03
1.775761879980564117e-02
2.795515209436416626e-02
2.238505892455577850e-02
-9.999000000000000000e+03
-9.999000000000000000e+03
-9.999000000000000000e+03
-9.999000000000000000e+03
-9.999000000000000000e+03
-9.999000000000000000e+03
-9.999000000000000000e+03
-9.999000000000000000e+03
-9.999000000000000000e+03
4.939756914973258972e-02
7.034290581941604614e-02
7.318382710218429565e-02
1.197560429573059082e-01
1.263466030359268188e-01
1.278363764286041260e-01
1.437726616859436035e-01
1.463992446660995483e-01
1.471041142940521240e-01
1.387020647525787354e-01
4.346467554569244385e-03
-2.902581123635172844e-03
-1.936916634440422058e-02
-5.076150968670845032e-02
-5.572050809860229492e-02
-7.834835350513458252e-02
-7.812677323818206787e-02
-5.502242222428321838e-02
-4.277989268302917480e-02
-6.841980386525392532e-03
2.472625859081745148e-02
3.213946521282196045e-02
-9.999000000000000000e+03
-9.999000000000000000e+03
-9.999000000000000000e+03
-9.999000000000000000e+03
-9.999000000000000000e+03
-9.999000000000000000e+03
-9.999000000000000000e+03
8.834537863731384277e-02
8.833527565002441406e-02
1.119927763938903809e-01
1.080970019102096558e-01
1.051894798874855042e-01
1.115618124604225159e-01
1.096173450350761414e-01
1.156797558069229126e-01
1.030251234769821167e-01
1.056117564439773560e-01
1.172756031155586243e-01
1.119145378470420837e-01
-4.146814718842506409e-02
-5.511592328548431396e-02
-7.191424816846847534e-02
-1.029777079820632935e-01
-1.221574544906616211e-01
-1.402722597122192383e-01
-1.293394863605499268e-01
-9.663762897253036499e-02
-7.161130756139755249e-02
-3.174348920583724976e-02
9.756885468959808350e-03
5.025631189346313477e-02
9.648016840219497681e-02
-9.999000000000000000e+03
-9.999000000000000000e+03
-9.999000000000000000e+03
8.020018041133880615e-02
1.069718971848487854e-01
1.259280592203140259e-01
1.100247502326965332e-01
8.872940391302108765e-02
8.041211962699890137e-02
4.819711297750473022e-02
4.971252381801605225e-02
3.517565503716468811e-02
9.372024796903133392e-03
3.830509260296821594e-02
3.192052617669105530e-02
4.684850201010704041e-02
6.898424029350280762e-02
7.859282195568084717e-02
-7.387851178646087646e-02
-9.408304840326309204e-02
-1.167503818869590759e-01
-1.398216038942337036e-01
-1.540572494268417358e-01
-1.605212539434432983e-01
-1.477157622575759888e-01
-1.165416911244392395e-01
-8.642120659351348877e-02
-5.259113386273384094e-02
-2.780085429549217224e-03
4.090837761759757996e-02
1.015005856752395630e-01
1.303558796644210815e-01
1.137813255190849304e-01
1.159746572375297546e-01
1.043044626712799072e-01
8.292172849178314209e-02
7.651005685329437256e-02
3.360113129019737244e-02
7.551339454948902130e-03
-3.164812922477722168e-02
-8.603036403656005859e-02
-7.414244115352630615e-02
-8.281368762254714966e-02
-6.418353319168090820e-02
-3.025270253419876099e-02
-9.924307465553283691e-03
1.404481846839189529e-02
4.172432050108909607e-02
5.594952777028083801e-02
-9.668985754251480103e-02
-1.051310002803802490e-01
-1.243428662419319153e-01
-1.516605615615844727e-01
-1.625923067331314087e-01
-1.570338308811187744e-01
-1.360684186220169067e-01
-1.134698092937469482e-01
-9.418340772390365601e-02
-6.639261543750762939e-02
-2.441089972853660583e-02
1.689379289746284485e-02
6.194182112812995911e-02
8.544788509607315063e-02
8.124981820583343506e-02
7.912696897983551025e-02
3.746792674064636230e-02
-2.524184994399547577e-02
-6.262364983558654785e-02
-1.353507488965988159e-01
-1.523874104022979736e-01
-1.509119868278503418e-01
-1.620758175849914551e-01
-1.382676661014556885e-01
-1.118756458163261414e-01
-7.773533463478088379e-02
-4.826924949884414673e-02
-3.697016090154647827e-02
-2.312751486897468567e-02
3.796742996200919151e-03
1.817721314728260040e-02
-1.229502409696578979e-01
-1.173715069890022278e-01
-1.252059638500213623e-01
-1.417302191257476807e-01
-1.538271605968475342e-01
-1.485357135534286499e-01
-1.243998929858207703e-01
-1.110885515809059143e-01
-1.012055277824401855e-01
-7.278015464544296265e-02
-3.075154125690460205e-02
6.236927118152379990e-03
4.124628007411956787e-02
5.325255542993545532e-02
1.489624660462141037e-02
-1.935663260519504547e-02
-7.945070415735244751e-02
-1.350763291120529175e-01
-1.586034893989562988e-01
-2.141630202531814575e-01
-2.148859798908233643e-01
-1.976906210184097290e-01
-1.751528829336166382e-01
-1.548226624727249146e-01
-1.286326348781585693e-01
-1.161685436964035034e-01
-8.445104211568832397e-02
-7.948364317417144775e-02
-8.005230128765106201e-02
-5.124264210462570190e-02
-3.786446899175643921e-02
-1.374019384384155273e-01
-1.352507472038269043e-01
-1.221588328480720520e-01
-1.297573149204254150e-01
-1.299621611833572388e-01
-1.200890466570854187e-01
-1.142683699727058411e-01
-1.134763732552528381e-01
-1.131810173392295837e-01
-7.875801622867584229e-02
-3.785756230354309082e-02
-1.454972848296165466e-02
-3.466301364824175835e-03
-1.254375558346509933e-02
-5.616526305675506592e-02
-9.333072602748870850e-02
-1.643870174884796143e-01
-1.996172815561294556e-01
-2.087527215480804443e-01
-2.043267190456390381e-01
-1.932371109724044800e-01
-1.848333477973937988e-01
-1.667518317699432373e-01
-1.603537350893020630e-01
-1.687497049570083618e-01
-1.807945370674133301e-01
-1.556197404861450195e-01
-1.496456712484359741e-01
-1.360747218132019043e-01
-1.043835878372192383e-01
-8.676313608884811401e-02
-1.292768567800521851e-01
-1.380423605442047119e-01
-1.360341310501098633e-01
-1.241971701383590698e-01
-1.126116514205932617e-01
-1.055151745676994324e-01
-1.106614470481872559e-01
-9.944489598274230957e-02
-8.527429401874542236e-02
-7.400625199079513550e-02
-6.170034408569335938e-02
-5.346515774726867676e-02
-6.739261746406555176e-02
-9.841448068618774414e-02
-1.399973481893539429e-01
-1.624716222286224365e-01
-1.932762861251831055e-01
-1.962624490261077881e-01
-1.905447095632553101e-01
-1.631607413291931152e-01
-1.418134868144989014e-01
-1.375893056392669678e-01
-1.087447032332420349e-01
-1.169421076774597168e-01
-9.366749972105026245e-02
-1.591431647539138794e-01
-1.754608452320098877e-01
-1.888187974691390991e-01
-1.734353303909301758e-01
-1.447763144969940186e-01
-1.281791776418685913e-01
-1.229424998164176941e-01
-1.156783625483512878e-01
-1.069031506776809692e-01
-8.936219662427902222e-02
-8.459158241748809814e-02
-8.875816315412521362e-02
-9.058295190334320068e-02
-7.878570258617401123e-02
-6.185248121619224548e-02
-6.852153688669204712e-02
-7.861311733722686768e-02
-1.032167747616767883e-01
-1.218944638967514038e-01
-1.376114785671234131e-01
-1.581218391656875610e-01
-1.775352954864501953e-01
-1.878918111324310303e-01
-1.303986757993698120e-01
-1.466907560825347900e-01
-1.139275506138801575e-01
-9.493120014667510986e-02
-9.999000000000000000e+03
-9.999000000000000000e+03
-9.999000000000000000e+03
-9.999000000000000000e+03
-9.999000000000000000e+03
-9.999000000000000000e+03
-1.938863247632980347e-01
-1.788271218538284302e-01
-1.731093972921371460e-01
-1.681688576936721802e-01
-1.084377616643905640e-01
-9.323249012231826782e-02
-8.120983093976974487e-02
-6.307259947061538696e-02
-6.292201578617095947e-02
-5.717747658491134644e-02
-6.095533818006515503e-02
-6.068845465779304504e-02
-5.543541908264160156e-02
-6.777215749025344849e-02
-8.617811650037765503e-02
-1.252319514751434326e-01
-1.333699524402618408e-01
-1.416255831718444824e-01
-1.391652971506118774e-01
-1.302938461303710938e-01
-1.137557476758956909e-01
-9.999000000000000000e+03
-9.999000000000000000e+03
-9.999000000000000000e+03
-9.999000000000000000e+03
-9.999000000000000000e+03
-9.999000000000000000e+03
-9.999000000000000000e+03
-9.999000000000000000e+03
-9.999000000000000000e+03
-9.999000000000000000e+03
-1.000565961003303528e-01
-1.492248475551605225e-01
-1.877446025609970093e-01
-2.004150599241256714e-01
-1.297813802957534790e-01
-1.101566180586814880e-01
-7.765587419271469116e-02
-6.485859304666519165e-02
-5.070796981453895569e-02
-4.682300239801406860e-02
-4.618743807077407837e-02
-5.127488821744918823e-02
-5.238262563943862915e-02
-8.476447314023971558e-02
-1.100637316703796387e-01
-1.212257742881774902e-01
-1.124871298670768738e-01
-1.129076406359672546e-01
-6.692212074995040894e-02
-7.796017080545425415e-02
-9.999000000000000000e+03
-9.999000000000000000e+03
-9.999000000000000000e+03
-9.999000000000000000e+03
-9.999000000000000000e+03
-9.999000000000000000e+03
-9.999000000000000000e+03
-9.999000000000000000e+03
-9.999000000000000000e+03
-9.999000000000000000e+03
-9.999000000000000000e+03
-9.999000000000000000e+03
-7.893007248640060425e-02
-1.753797084093093872e-01
-2.230718582868576050e-01
-1.922709047794342041e-01
-1.597987264394760132e-01
-1.161003485321998596e-01
-9.626216441392898560e-02
-6.189234554767608643e-02
-4.635483026504516602e-02
-3.178650513291358948e-02
-4.302054643630981445e-02
-6.864372640848159790e-02
-1.001189947128295898e-01
-1.157396510243415833e-01
-1.072494909167289734e-01
-7.094343006610870361e-02
-7.278986275196075439e-02
-9.999000000000000000e+03
-9.999000000000000000e+03
-9.999000000000000000e+03
-9.999000000000000000e+03
-9.999000000000000000e+03
-9.999000000000000000e+03
-9.999000000000000000e+03
-9.999000000000000000e+03
-9.999000000000000000e+03
-9.999000000000000000e+03
-9.999000000000000000e+03
-9.999000000000000000e+03
-9.999000000000000000e+03
-9.999000000000000000e+03
-9.999000000000000000e+03
-1.276591271162033081e-01
-2.025214284658432007e-01
-9.999000000000000000e+03
-1.196466833353042603e-01
-1.326565742492675781e-01
-1.092862337827682495e-01
-8.341180533170700073e-02
-6.694967299699783325e-02
-6.383506953716278076e-02
-7.375314831733703613e-02
-1.112783849239349365e-01
-1.210528090596199036e-01
-1.097340136766433716e-01
-8.059243112802505493e-02
-6.084243953227996826e-02
-9.999000000000000000e+03
-9.999000000000000000e+03
-9.999000000000000000e+03
-9.999000000000000000e+03
-9.999000000000000000e+03
-9.999000000000000000e+03
-9.999000000000000000e+03
-9.999000000000000000e+03
-9.999000000000000000e+03
-9.999000000000000000e+03
-9.999000000000000000e+03
-9.999000000000000000e+03
-9.999000000000000000e+03
-9.999000000000000000e+03
-9.999000000000000000e+03
-9.999000000000000000e+03
-7.737401872873306274e-02
-1.457301974296569824e-01
-9.999000000000000000e+03
-9.999000000000000000e+03
-1.187119483947753906e-01
-9.420064091682434082e-02
-8.459781855344772339e-02
-8.477932214736938477e-02
-9.165943413972854614e-02
-9.648274630308151245e-02
-1.024023741483688354e-01
-9.297756850719451904e-02
-9.170629084110260010e-02
-4.879873618483543396e-02
-9.999000000000000000e+03
-9.999000000000000000e+03
-9.999000000000000000e+03
-9.999000000000000000e+03
-9.999000000000000000e+03
-9.999000000000000000e+03
-9.999000000000000000e+03
-9.999000000000000000e+03
-9.999000000000000000e+03
-9.999000000000000000e+03
-9.999000000000000000e+03
-9.999000000000000000e+03
-9.999000000000000000e+03
-9.999000000000000000e+03
-9.999000000000000000e+03
-9.999000000000000000e+03
-9.999000000000000000e+03
-3.338854387402534485e-02
-6.693740934133529663e-02
-9.999000000000000000e+03
-9.999000000000000000e+03
-7.241056114435195923e-02
-7.463098317384719849e-02
-6.196558848023414612e-02
-6.671464443206787109e-02
-7.047799974679946899e-02
-6.063790246844291687e-02
-5.025463178753852844e-02
-3.954770788550376892e-02
-4.616585373878479004e-02
-4.020155966281890869e-02
-9.999000000000000000e+03
-9.999000000000000000e+03
-9.999000000000000000e+03
-9.999000000000000000e+03
-9.999000000000000000e+03
-9.999000000000000000e+03
-9.999000000000000000e+03
-9.999000000000000000e+03
-9.999000000000000000e+03
-9.999000000000000000e+03
-9.999000000000000000e+03
-9.999000000000000000e+03
-9.999000000000000000e+03
-9.999000000000000000e+03
-9.999000000000000000e+03
-9.999000000000000000e+03
-9.999000000000000000e+03
-9.999000000000000000e+03
-9.999000000000000000e+03
-9.999000000000000000e+03
-9.999000000000000000e+03
-4.417253658175468445e-02
-5.516882985830307007e-02
-2.957265265285968781e-02
-3.031145781278610229e-02
-3.093337267637252808e-02
-2.733231894671916962e-02
-5.439545027911663055e-03
-2.630852535367012024e-02
-4.248600453138351440e-02
-4.164482653141021729e-02
-9.999000000000000000e+03
-9.999000000000000000e+03
-9.999000000000000000e+03
-9.999000000000000000e+03
-9.999000000000000000e+03
-9.999000000000000000e+03
-9.999000000000000000e+03
-9.999000000000000000e+03
-9.999000000000000000e+03
-9.999000000000000000e+03
-9.999000000000000000e+03
-9.999000000000000000e+03
-9.999000000000000000e+03
-9.999000000000000000e+03
-9.999000000000000000e+03
-9.999000000000000000e+03
-9.999000000000000000e+03
-9.999000000000000000e+03
-9.999000000000000000e+03
-9.999000000000000000e+03
-9.999000000000000000e+03
-9.999000000000000000e+03
-3.639521077275276184e-02
-3.392582759261131287e-02
2.604902954772114754e-03
1.423123572021722794e-02
1.140038482844829559e-02
9.508448652923107147e-03
1.700128242373466492e-02
-1.896867714822292328e-02
-9.999000000000000000e+03
-9.999000000000000000e+03
-9.999000000000000000e+03
-9.999000000000000000e+03
-9.999000000000000000e+03
-9.999000000000000000e+03
-9.999000000000000000e+03
-9.999000000000000000e+03
-9.999000000000000000e+03
-9.999000000000000000e+03
-9.999000000000000000e+03
-9.999000000000000000e+03
-9.999000000000000000e+03
-9.999000000000000000e+03
-9.999000000000000000e+03
-9.999000000000000000e+03
-9.999000000000000000e+03
-9.999000000000000000e+03
-9.999000000000000000e+03
-9.999000000000000000e+03
-9.999000000000000000e+03
-9.999000000000000000e+03
-9.999000000000000000e+03
-2.200971543788909912e-02
-2.917328290641307831e-02
-1.898977160453796387e-02
-1.036572176963090897e-02
2.387879975140094757e-02
2.472366765141487122e-02
1.072923690080642700e-01
1.532289981842041016e-01
1.104964613914489746e-01
-9.999000000000000000e+03
-9.999000000000000000e+03
-9.999000000000000000e+03
-9.999000000000000000e+03
-9.999000000000000000e+03
-9.999000000000000000e+03
-9.999000000000000000e+03
-9.999000000000000000e+03
-9.999000000000000000e+03
-9.999000000000000000e+03
-9.999000000000000000e+03
-9.999000000000000000e+03
-9.999000000000000000e+03
-9.999000000000000000e+03
-9.999000000000000000e+03
-9.999000000000000000e+03
-9.999000000000000000e+03
-9.999000000000000000e+03
-9.999000000000000000e+03
-9.999000000000000000e+03
-9.999000000000000000e+03
-9.999000000000000000e+03
-9.999000000000000000e+03
-1.903168484568595886e-02
-1.901069842278957367e-02
-1.442298479378223419e-02
1.521985628642141819e-03
4.394681751728057861e-02
6.468278169631958008e-02
1.666278988122940063e-01
1.686939448118209839e-01
-9.999000000000000000e+03
-9.999000000000000000e+03
-9.999000000000000000e+03
-9.999000000000000000e+03
-9.999000000000000000e+03
-9.999000000000000000e+03
-9.999000000000000000e+03
-9.999000000000000000e+03
-9.999000000000000000e+03
-9.999000000000000000e+03
-9.999000000000000000e+03
-9.999000000000000000e+03
-9.999000000000000000e+03
-9.999000000000000000e+03
-9.999000000000000000e+03
-9.999000000000000000e+03
-9.999000000000000000e+03
-9.999000000000000000e+03
-9.999000000000000000e+03
-9.999000000000000000e+03
-9.999000000000000000e+03
-9.999000000000000000e+03
-9.999000000000000000e+03
-2.101660147309303284e-02
-2.343692071735858917e-02
-1.723446696996688843e-02
-6.614188849925994873e-02
-1.078310757875442505e-01
-1.332430690526962280e-01
-5.792680755257606506e-02
2.912587113678455353e-02
2.181966789066791534e-02
-9.999000000000000000e+03
-9.999000000000000000e+03
-9.999000000000000000e+03
-9.999000000000000000e+03
-9.999000000000000000e+03
-9.999000000000000000e+03
-9.999000000000000000e+03
-9.999000000000000000e+03
-9.999000000000000000e+03
-9.999000000000000000e+03
-9.999000000000000000e+03
-9.999000000000000000e+03
-9.999000000000000000e+03
-9.999000000000000000e+03
-9.999000000000000000e+03
-9.999000000000000000e+03
-9.999000000000000000e+03
-9.999000000000000000e+03
-9.999000000000000000e+03
-9.999000000000000000e+03
-9.999000000000000000e+03
-9.999000000000000000e+03
-2.262674830853939056e-02
-3.837025538086891174e-02
-5.127615109086036682e-02
-6.128204241394996643e-02
-8.341185003519058228e-02
-1.012457832694053650e-01
-1.316485255956649780e-01
-1.386872828006744385e-01
-8.013946563005447388e-02
-2.299623191356658936e-02
-1.257067918777465820e-02
-1.704950630664825439e-02
-1.464360486716032028e-02
-9.999000000000000000e+03
-9.999000000000000000e+03
-9.999000000000000000e+03
-9.999000000000000000e+03
-9.999000000000000000e+03
-9.999000000000000000e+03
-9.999000000000000000e+03
-9.999000000000000000e+03
-9.999000000000000000e+03
-9.999000000000000000e+03
-9.999000000000000000e+03
-9.999000000000000000e+03
-9.999000000000000000e+03
-9.999000000000000000e+03
-9.999000000000000000e+03
-9.999000000000000000e+03
-9.999000000000000000e+03
-4.166147857904434204e-02
-3.648805618286132812e-02
-3.116869367659091949e-02
-3.318035975098609924e-02
-2.226551808416843414e-02
-3.754679858684539795e-02
-5.374993756413459778e-02
-8.072087913751602173e-02
-9.410489350557327271e-02
-5.292049422860145569e-02
-3.082800842821598053e-02
-2.293980866670608521e-02
-2.015691064298152924e-02
-2.349599637091159821e-02
-9.999000000000000000e+03
-9.999000000000000000e+03
-9.999000000000000000e+03
-9.999000000000000000e+03
-9.999000000000000000e+03
-9.999000000000000000e+03
-9.999000000000000000e+03
-9.999000000000000000e+03
-9.999000000000000000e+03
-9.999000000000000000e+03
-9.999000000000000000e+03
-9.999000000000000000e+03
-9.999000000000000000e+03
-9.999000000000000000e+03
-9.999000000000000000e+03
-6.027359887957572937e-02
-4.792178794741630554e-02
-6.981403380632400513e-02
-5.918731912970542908e-02
-3.281825035810470581e-02
-7.341405842453241348e-03
1.136386767029762268e-02
4.386063199490308762e-03
-2.468366548418998718e-02
-5.954607948660850525e-02
-6.700713187456130981e-02
-6.084606796503067017e-02
-4.609465599060058594e-02
-5.432060360908508301e-02
-9.999000000000000000e+03
-9.999000000000000000e+03
-9.999000000000000000e+03
-9.999000000000000000e+03
-9.999000000000000000e+03
-9.999000000000000000e+03
-9.999000000000000000e+03
-9.999000000000000000e+03
-9.999000000000000000e+03
-9.999000000000000000e+03
-9.999000000000000000e+03
-9.999000000000000000e+03
-9.999000000000000000e+03
-9.999000000000000000e+03
-9.999000000000000000e+03
-9.999000000000000000e+03
-6.604889780282974243e-02
-9.150210022926330566e-02
-7.294770330190658569e-02
-6.587374955415725708e-02
-6.287828832864761353e-02
-3.226597979664802551e-02
7.275516632944345474e-03
1.298179198056459427e-02
1.261178753338754177e-03
-2.309485152363777161e-02
-6.156235188245773315e-02
-9.802944213151931763e-02
-9.229949116706848145e-02
-6.498887389898300171e-02
-9.999000000000000000e+03
-9.999000000000000000e+03
-9.999000000000000000e+03
-9.999000000000000000e+03
-9.999000000000000000e+03
-9.999000000000000000e+03
-9.999000000000000000e+03
-9.999000000000000000e+03
-9.999000000000000000e+03
-9.999000000000000000e+03
-9.999000000000000000e+03
-9.999000000000000000e+03
-9.999000000000000000e+03
-9.999000000000000000e+03
-9.999000000000000000e+03
-9.999000000000000000e+03
-9.999000000000000000e+03
-7.521005719900131226e-02
-1.109287515282630920e-01
-1.007393524050712585e-01
-6.827994436025619507e-02
-5.062692612409591675e-02
-3.407108783721923828e-02
-1.298793405294418335e-02
-6.274306215345859528e-03
-8.980069309473037720e-03
-3.696178318932652473e-04
-3.420473774895071983e-03
-2.926167659461498260e-02
-2.655499614775180817e-02
-5.004179850220680237e-02
-9.999000000000000000e+03
-9.999000000000000000e+03
-9.999000000000000000e+03
-9.999000000000000000e+03
-9.999000000000000000e+03
-9.999000000000000000e+03
-9.999000000000000000e+03
-9.999000000000000000e+03
-9.999000000000000000e+03
-9.999000000000000000e+03
-9.999000000000000000e+03
-9.999000000000000000e+03
-9.999000000000000000e+03
-9.999000000000000000e+03
-9.999000000000000000e+03
-9.999000000000000000e+03
-9.999000000000000000e+03
-1.217149347066879272e-01
-1.240910664200782776e-01
-1.108013316988945007e-01
-8.391268551349639893e-02
-6.171412765979766846e-02
-3.689573705196380615e-02
-1.843056641519069672e-02
-1.324115227907896042e-02
-1.073867548257112503e-02
-2.697593299672007561e-03
3.886359045282006264e-03
2.256856858730316162e-02
4.369200207293033600e-03
-9.999000000000000000e+03
-9.999000000000000000e+03
-9.999000000000000000e+03
-9.999000000000000000e+03
-9.999000000000000000e+03
-9.999000000000000000e+03
-9.999000000000000000e+03
-9.999000000000000000e+03
-9.999000000000000000e+03
-9.999000000000000000e+03
-9.999000000000000000e+03
-9.999000000000000000e+03
-9.999000000000000000e+03
-9.999000000000000000e+03
-9.999000000000000000e+03
-9.999000000000000000e+03
-9.999000000000000000e+03
-9.999000000000000000e+03
-9.165865182876586914e-02
-8.798936009407043457e-02
-8.450654149055480957e-02
-7.796514034271240234e-02
-5.110969766974449158e-02
-1.722834259271621704e-02
5.867572501301765442e-03
2.074330113828182220e-02
8.654757402837276459e-03
2.915188297629356384e-02
1.684828847646713257e-02
2.784212585538625717e-03
-9.999000000000000000e+03
-9.999000000000000000e+03
-9.999000000000000000e+03
-9.999000000000000000e+03
-9.999000000000000000e+03
-9.999000000000000000e+03
-9.999000000000000000e+03
-9.999000000000000000e+03
-9.999000000000000000e+03
-9.999000000000000000e+03
-9.999000000000000000e+03
-9.999000000000000000e+03
-9.999000000000000000e+03
-9.999000000000000000e+03
-9.999000000000000000e+03
-9.999000000000000000e+03
-9.999000000000000000e+03
-9.999000000000000000e+03
-9.999000000000000000e+03
-4.472228884696960449e-02
-4.219763725996017456e-02
-4.792775586247444153e-02
-5.978203192353248596e-02
-6.673883646726608276e-03
3.278562054038047791e-02
4.673068225383758545e-02
3.491891920566558838e-02
2.545865438878536224e-02
1.826478354632854462e-02
-9.999000000000000000e+03
-9.999000000000000000e+03
-9.999000000000000000e+03
-9.999000000000000000e+03
-9.999000000000000000e+03
-9.999000000000000000e+03
-9.999000000000000000e+03
-9.999000000000000000e+03
-9.999000000000000000e+03
-9.999000000000000000e+03
-9.999000000000000000e+03
-9.999000000000000000e+03
-9.999000000000000000e+03
-9.999000000000000000e+03
-9.999000000000000000e+03
-9.999000000000000000e+03
-9.999000000000000000e+03
-9.999000000000000000e+03
-9.999000000000000000e+03
-9.999000000000000000e+03
-9.999000000000000000e+03
-1.749932765960693359e-02
-2.090742811560630798e-03
3.787139197811484337e-03
1.711744442582130432e-02
3.845758363604545593e-02
3.797456249594688416e-02
-9.999000000000000000e+03
-9.999000000000000000e+03
-9.999000000000000000e+03
-9.999000000000000000e+03
-9.999000000000000000e+03
-9.999000000000000000e+03
-9.999000000000000000e+03
-9.999000000000000000e+03
-9.999000000000000000e+03
-9.999000000000000000e+03
-9.999000000000000000e+03
-9.999000000000000000e+03
-9.999000000000000000e+03
-9.999000000000000000e+03
-9.999000000000000000e+03
-9.999000000000000000e+03
-9.999000000000000000e+03
-9.999000000000000000e+03
-9.999000000000000000e+03
-9.999000000000000000e+03
-9.999000000000000000e+03
-9.999000000000000000e+03
-9.999000000000000000e+03
-9.999000000000000000e+03
-9.999000000000000000e+03
-2.550699748098850250e-02
-5.075362510979175568e-03
1.511993259191513062e-02
-9.999000000000000000e+03
-9.999000000000000000e+03
-9.999000000000000000e+03
-9.999000000000000000e+03
-9.999000000000000000e+03
-9.999000000000000000e+03
-9.999000000000000000e+03
-9.999000000000000000e+03
-9.999000000000000000e+03
-9.999000000000000000e+03
-9.999000000000000000e+03
-9.999000000000000000e+03
-9.999000000000000000e+03
-9.999000000000000000e+03
-9.999000000000000000e+03
-9.999000000000000000e+03
-9.999000000000000000e+03
-9.999000000000000000e+03
-9.999000000000000000e+03
-9.999000000000000000e+03
-9.999000000000000000e+03
-9.999000000000000000e+03
-9.999000000000000000e+03
-9.999000000000000000e+03
-9.999000000000000000e+03
-9.999000000000000000e+03
-9.999000000000000000e+03
-9.999000000000000000e+03
