1.316557526588439941e-01
1.371861100196838379e-01
1.182705909013748169e-01
1.012081876397132874e-01
1.095004379749298096e-01
9.633558243513107300e-02
8.393244445323944092e-02
6.776553392410278320e-02
4.130187630653381348e-02
1.381608936935663223e-02
-3.864978626370429993e-02
-9.999000000000000000e+03
-9.999000000000000000e+03
-9.999000000000000000e+03
-9.999000000000000000e+03
-9.999000000000000000e+03
-9.999000000000000000e+03
-9.999000000000000000e+03
-9.999000000000000000e+03
-9.999000000000000000e+03
-9.999000000000000000e+03
-9.999000000000000000e+03
-9.999000000000000000e+03
-3.766539040952920914e-03
6.563069764524698257e-03
2.590677887201309204e-02
4.145279154181480408e-02
7.960604876279830933e-02
1.096978560090065002e-01
1.229979321360588074e-01
1.293569803237915039e-01
6.517995148897171021e-02
7.367585599422454834e-02
6.559204310178756714e-02
5.127369239926338196e-02
5.322675406932830811e-02
4.366901516914367676e-02
2.818424999713897705e-02
2.232587710022926331e-02
4.929806105792522430e-03
-1.478654332458972931e-03
-1.186129543930292130e-02
-6.756179500371217728e-03
-9.999000000000000000e+03
-9.999000000000000000e+03
-9.999000000000000000e+03
-9.999000000000000000e+03
-9.999000000000000000e+03
-9.999000000000000000e+03
-9.999000000000000000e+03
-9.999000000000000000e+03
-9.999000000000000000e+03
3.498369455337524414e-02
5.558051541447639465e-02
5.097189918160438538e-02
7.667780667543411255e-02
7.731783390045166016e-02
8.438456058502197266e-02
1.082746535539627075e-01
1.267487406730651855e-01
1.327365934848785400e-01
1.399116665124893188e-01
5.249494686722755432e-03
1.058646384626626968e-02
8.807866252027451992e-04
-2.635397017002105713e-02
-1.691614650189876556e-02
-2.935427241027355194e-02
-2.841597609221935272e-02
-1.723186485469341278e-02
-2.663048170506954193e-02
-1.661162823438644409e-02
-5.289915017783641815e-03
6.983852013945579529e-03
-9.999000000000000000e+03
-9.999000000000000000e+03
-9.999000000000000000e+03
-9.999000000000000000e+03
-9.999000000000000000e+03
-9.999000000000000000e+03
-9.999000000000000000e+03
6.746791303157806396e-02
6.444387882947921753e-02
8.200363814830780029e-02
9.013358503580093384e-02
9.169423580169677734e-02
8.922258764505386353e-02
9.852868318557739258e-02
1.114086136221885681e-01
1.207192316651344299e-01
1.334433108568191528e-01
1.518657803535461426e-01
1.594045013189315796e-01
-6.400016695261001587e-02
-6.362789869308471680e-02
-7.543014734983444214e-02
-9.973897784948348999e-02
-9.940361231565475464e-02
-1.112011000514030457e-01
-1.026039719581604004e-01
-7.393136620521545410e-02
-5.859378725290298462e-02
-2.838312648236751556e-02
-7.775938138365745544e-03
2.519393153488636017e-02
5.488631129264831543e-02
-9.999000000000000000e+03
-9.999000000000000000e+03
-9.999000000000000000e+03
6.101484969258308411e-02
7.878612726926803589e-02
9.246122092008590698e-02
7.708572596311569214e-02
5.620340630412101746e-02
4.824259132146835327e-02
2.601931802928447723e-02
4.622779786586761475e-02
5.161037296056747437e-02
4.953572154045104980e-02
9.424334764480590820e-02
1.075992584228515625e-01
1.240160837769508362e-01
1.378670781850814819e-01
1.411086618900299072e-01
-1.338562965393066406e-01
-1.401957273483276367e-01
-1.549158841371536255e-01
-1.696305871009826660e-01
-1.637114435434341431e-01
-1.600948572158813477e-01
-1.438603550195693970e-01
-1.115555688738822937e-01
-7.935619354248046875e-02
-3.851545602083206177e-02
2.862058812752366066e-03
4.071470350027084351e-02
7.265231013298034668e-02
8.508582413196563721e-02
9.392401576042175293e-02
8.932013064622879028e-02
7.913948595523834229e-02
5.365974828600883484e-02
3.935767710208892822e-02
-3.838483244180679321e-03
-2.355180308222770691e-02
-6.517050415277481079e-02
-8.904144912958145142e-02
-5.959124118089675903e-02
-4.593738168478012085e-02
-1.640180498361587524e-02
2.869425155222415924e-02
6.665837019681930542e-02
1.025471314787864685e-01
1.249114498496055603e-01
1.317334920167922974e-01
-1.668036282062530518e-01
-1.783857494592666626e-01
-1.934599429368972778e-01
-2.026902884244918823e-01
-2.002229392528533936e-01
-1.890173256397247314e-01
-1.637974828481674194e-01
-1.268456429243087769e-01
-9.500687569379806519e-02
-4.810090363025665283e-02
4.551480989903211594e-03
5.779127776622772217e-02
8.188086003065109253e-02
8.899912238121032715e-02
7.725177705287933350e-02
6.852409243583679199e-02
3.115502744913101196e-02
-3.778765350580215454e-02
-7.901255041360855103e-02
-1.350766122341156006e-01
-1.500957310199737549e-01
-1.503299921751022339e-01
-1.585863679647445679e-01
-1.293028742074966431e-01
-1.010851934552192688e-01
-7.599567621946334839e-02
-1.020914781838655472e-02
2.503657527267932892e-02
6.234131753444671631e-02
1.009146943688392639e-01
1.090335920453071594e-01
-1.757454872131347656e-01
-1.868387311697006226e-01
-2.019167542457580566e-01
-2.035907655954360962e-01
-2.033164650201797485e-01
-1.976730525493621826e-01
-1.694906502962112427e-01
-1.316407471895217896e-01
-9.263209998607635498e-02
-4.995967820286750793e-02
-4.689629189670085907e-03
2.495914697647094727e-02
5.915542691946029663e-02
6.592320650815963745e-02
1.591818965971469879e-02
-2.390289679169654846e-02
-8.572564274072647095e-02
-1.393018662929534912e-01
-1.610039472579956055e-01
-1.987455487251281738e-01
-2.057081758975982666e-01
-2.137061208486557007e-01
-2.285236716270446777e-01
-2.144667804241180420e-01
-1.979172378778457642e-01
-1.736615151166915894e-01
-9.794937819242477417e-02
-6.260622292757034302e-02
-2.755117788910865784e-02
2.789114974439144135e-02
4.352443665266036987e-02
-1.737438291311264038e-01
-1.712962687015533447e-01
-1.861927956342697144e-01
-1.818833053112030029e-01
-1.759310513734817505e-01
-1.625161468982696533e-01
-1.416712850332260132e-01
-1.251641511917114258e-01
-9.836469590663909912e-02
-5.745900422334671021e-02
-2.330033667385578156e-02
-6.054107565432786942e-03
1.179224229417741299e-03
-1.035621296614408493e-02
-6.119524314999580383e-02
-1.016291156411170959e-01
-1.693731397390365601e-01
-1.914956271648406982e-01
-2.003616541624069214e-01
-2.029644846916198730e-01
-2.021012455224990845e-01
-2.174679934978485107e-01
-2.201866060495376587e-01
-2.277929484844207764e-01
-2.494957447052001953e-01
-2.502626478672027588e-01
-1.889854967594146729e-01
-1.494962126016616821e-01
-1.104382127523422241e-01
-5.881373584270477295e-02
-4.327093809843063354e-02
-1.516940742731094360e-01
-1.421789675951004028e-01
-1.478844434022903442e-01
-1.451929360628128052e-01
-1.473022103309631348e-01
-1.311064064502716064e-01
-1.181171089410781860e-01
-9.674376994371414185e-02
-7.277548313140869141e-02
-5.368374660611152649e-02
-3.956101462244987488e-02
-3.286839276552200317e-02
-5.974359810352325439e-02
-1.036880314350128174e-01
-1.592938899993896484e-01
-1.733585000038146973e-01
-1.912983953952789307e-01
-1.837118715047836304e-01
-1.805174499750137329e-01
-1.627767831087112427e-01
-1.332978606224060059e-01
-1.343936324119567871e-01
-1.063083484768867493e-01
-1.322908997535705566e-01
-1.107672899961471558e-01
-2.047627866268157959e-01
-2.028849124908447266e-01
-1.911064237356185913e-01
-1.558607369661331177e-01
-1.181371733546257019e-01
-1.019779443740844727e-01
-1.195746138691902161e-01
-1.135027036070823669e-01
-1.158361509442329407e-01
-1.112304478883743286e-01
-1.185679510235786438e-01
-1.192550584673881531e-01
-1.047931909561157227e-01
-8.501748740673065186e-02
-6.425326317548751831e-02
-6.783435493707656860e-02
-8.029874414205551147e-02
-1.122283563017845154e-01
-1.365205496549606323e-01
-1.612656265497207642e-01
-1.892782747745513916e-01
-1.902729570865631104e-01
-1.815901994705200195e-01
-1.235965192317962646e-01
-1.336890012025833130e-01
-9.446904063224792480e-02
-7.187768071889877319e-02
-9.999000000000000000e+03
-9.999000000000000000e+03
-9.999000000000000000e+03
-9.999000000000000000e+03
-9.999000000000000000e+03
-9.999000000000000000e+03
-2.180162817239761353e-01
-1.872829496860504150e-01
-1.567804515361785889e-01
-1.489157974720001221e-01
-9.851187467575073242e-02
-8.376087993383407593e-02
-8.160284161567687988e-02
-7.549238204956054688e-02
-8.708072453737258911e-02
-9.308058023452758789e-02
-7.853148877620697021e-02
-6.962441653013229370e-02
-7.735789567232131958e-02
-1.090265735983848572e-01
-1.321277916431427002e-01
-1.740325987339019775e-01
-1.807530820369720459e-01
-1.870157420635223389e-01
-1.757471710443496704e-01
-1.500237286090850830e-01
-1.222326830029487610e-01
-9.999000000000000000e+03
-9.999000000000000000e+03
-9.999000000000000000e+03
-9.999000000000000000e+03
-9.999000000000000000e+03
-9.999000000000000000e+03
-9.999000000000000000e+03
-9.999000000000000000e+03
-9.999000000000000000e+03
-9.999000000000000000e+03
-1.152061522006988525e-01
-1.649927496910095215e-01
-1.935061365365982056e-01
-1.931473165750503540e-01
-1.143369078636169434e-01
-9.355919808149337769e-02
-7.393535971641540527e-02
-6.759161502122879028e-02
-6.442936509847640991e-02
-7.138897478580474854e-02
-7.159867137670516968e-02
-6.959845870733261108e-02
-1.063614338636398315e-01
-1.504659354686737061e-01
-1.655734181404113770e-01
-1.711048036813735962e-01
-1.651971638202667236e-01
-1.676048785448074341e-01
-9.181912988424301147e-02
-9.659887850284576416e-02
-9.999000000000000000e+03
-9.999000000000000000e+03
-9.999000000000000000e+03
-9.999000000000000000e+03
-9.999000000000000000e+03
-9.999000000000000000e+03
-9.999000000000000000e+03
-9.999000000000000000e+03
-9.999000000000000000e+03
-9.999000000000000000e+03
-9.999000000000000000e+03
-9.999000000000000000e+03
-9.716214239597320557e-02
-1.889520436525344849e-01
-2.191156446933746338e-01
-1.457738429307937622e-01
-1.249215677380561829e-01
-9.520606696605682373e-02
-7.244691252708435059e-02
-6.115194782614707947e-02
-6.004822254180908203e-02
-5.424998700618743896e-02
-7.339972257614135742e-02
-1.086898148059844971e-01
-1.360744833946228027e-01
-1.512255668640136719e-01
-1.484314501285552979e-01
-1.014658436179161072e-01
-1.096382215619087219e-01
-9.999000000000000000e+03
-9.999000000000000000e+03
-9.999000000000000000e+03
-9.999000000000000000e+03
-9.999000000000000000e+03
-9.999000000000000000e+03
-9.999000000000000000e+03
-9.999000000000000000e+03
-9.999000000000000000e+03
-9.999000000000000000e+03
-9.999000000000000000e+03
-9.999000000000000000e+03
-9.999000000000000000e+03
-9.999000000000000000e+03
-9.999000000000000000e+03
-1.526772826910018921e-01
-2.148094326257705688e-01
-9.999000000000000000e+03
-8.607172220945358276e-02
-9.805194288492202759e-02
-7.432903349399566650e-02
-5.506847053766250610e-02
-5.291609838604927063e-02
-5.247505009174346924e-02
-8.434949070215225220e-02
-1.043979674577713013e-01
-1.055530682206153870e-01
-1.121258512139320374e-01
-9.603878110647201538e-02
-7.683899253606796265e-02
-9.999000000000000000e+03
-9.999000000000000000e+03
-9.999000000000000000e+03
-9.999000000000000000e+03
-9.999000000000000000e+03
-9.999000000000000000e+03
-9.999000000000000000e+03
-9.999000000000000000e+03
-9.999000000000000000e+03
-9.999000000000000000e+03
-9.999000000000000000e+03
-9.999000000000000000e+03
-9.999000000000000000e+03
-9.999000000000000000e+03
-9.999000000000000000e+03
-9.999000000000000000e+03
-1.078762784600257874e-01
-1.690354496240615845e-01
-9.999000000000000000e+03
-9.999000000000000000e+03
-8.640824258327484131e-02
-6.682007759809494019e-02
-4.998680204153060913e-02
-4.754787683486938477e-02
-6.423146277666091919e-02
-8.430792391300201416e-02
-8.467262983322143555e-02
-7.687296718358993530e-02
-7.639776170253753662e-02
-3.271489590406417847e-02
-9.999000000000000000e+03
-9.999000000000000000e+03
-9.999000000000000000e+03
-9.999000000000000000e+03
-9.999000000000000000e+03
-9.999000000000000000e+03
-9.999000000000000000e+03
-9.999000000000000000e+03
-9.999000000000000000e+03
-9.999000000000000000e+03
-9.999000000000000000e+03
-9.999000000000000000e+03
-9.999000000000000000e+03
-9.999000000000000000e+03
-9.999000000000000000e+03
-9.999000000000000000e+03
-9.999000000000000000e+03
-4.876820370554924011e-02
-7.954027503728866577e-02
-9.999000000000000000e+03
-9.999000000000000000e+03
-5.282951891422271729e-02
-5.470644310116767883e-02
-4.186474904417991638e-02
-3.703101351857185364e-02
-4.149452596902847290e-02
-4.730350151658058167e-02
-5.221556872129440308e-02
-4.204786196351051331e-02
-4.324679821729660034e-02
-2.739542163908481598e-02
-9.999000000000000000e+03
-9.999000000000000000e+03
-9.999000000000000000e+03
-9.999000000000000000e+03
-9.999000000000000000e+03
-9.999000000000000000e+03
-9.999000000000000000e+03
-9.999000000000000000e+03
-9.999000000000000000e+03
-9.999000000000000000e+03
-9.999000000000000000e+03
-9.999000000000000000e+03
-9.999000000000000000e+03
-9.999000000000000000e+03
-9.999000000000000000e+03
-9.999000000000000000e+03
-9.999000000000000000e+03
-9.999000000000000000e+03
-9.999000000000000000e+03
-9.999000000000000000e+03
-9.999000000000000000e+03
-3.280181810259819031e-02
-4.361587390303611755e-02
-2.446039952337741852e-02
-1.592021062970161438e-02
-3.537829965353012085e-03
-6.048547104001045227e-03
1.563519472256302834e-04
5.372072104364633560e-03
-1.035522483289241791e-02
-1.156705059111118317e-02
-9.999000000000000000e+03
-9.999000000000000000e+03
-9.999000000000000000e+03
-9.999000000000000000e+03
-9.999000000000000000e+03
-9.999000000000000000e+03
-9.999000000000000000e+03
-9.999000000000000000e+03
-9.999000000000000000e+03
-9.999000000000000000e+03
-9.999000000000000000e+03
-9.999000000000000000e+03
-9.999000000000000000e+03
-9.999000000000000000e+03
-9.999000000000000000e+03
-9.999000000000000000e+03
-9.999000000000000000e+03
-9.999000000000000000e+03
-9.999000000000000000e+03
-9.999000000000000000e+03
-9.999000000000000000e+03
-9.999000000000000000e+03
-3.474735841155052185e-02
-3.578190132975578308e-02
-3.589734667912125587e-03
5.127680301666259766e-02
3.921076282858848572e-02
2.989950403571128845e-02
5.651647597551345825e-02
4.511096701025962830e-02
-9.999000000000000000e+03
-9.999000000000000000e+03
-9.999000000000000000e+03
-9.999000000000000000e+03
-9.999000000000000000e+03
-9.999000000000000000e+03
-9.999000000000000000e+03
-9.999000000000000000e+03
-9.999000000000000000e+03
-9.999000000000000000e+03
-9.999000000000000000e+03
-9.999000000000000000e+03
-9.999000000000000000e+03
-9.999000000000000000e+03
-9.999000000000000000e+03
-9.999000000000000000e+03
-9.999000000000000000e+03
-9.999000000000000000e+03
-9.999000000000000000e+03
-9.999000000000000000e+03
-9.999000000000000000e+03
-9.999000000000000000e+03
-9.999000000000000000e+03
-3.578895702958106995e-02
-5.683316290378570557e-02
-2.426361665129661560e-02
1.256227027624845505e-02
3.105608373880386353e-02
3.309920802712440491e-02
1.105140000581741333e-01
1.875101178884506226e-01
1.440622806549072266e-01
-9.999000000000000000e+03
-9.999000000000000000e+03
-9.999000000000000000e+03
-9.999000000000000000e+03
-9.999000000000000000e+03
-9.999000000000000000e+03
-9.999000000000000000e+03
-9.999000000000000000e+03
-9.999000000000000000e+03
-9.999000000000000000e+03
-9.999000000000000000e+03
-9.999000000000000000e+03
-9.999000000000000000e+03
-9.999000000000000000e+03
-9.999000000000000000e+03
-9.999000000000000000e+03
-9.999000000000000000e+03
-9.999000000000000000e+03
-9.999000000000000000e+03
-9.999000000000000000e+03
-9.999000000000000000e+03
-9.999000000000000000e+03
-9.999000000000000000e+03
-6.175017356872558594e-02
-4.021808877587318420e-02
-4.592096433043479919e-02
-6.399990618228912354e-02
-3.937211260199546814e-02
-1.328030042350292206e-02
1.473901271820068359e-01
1.697763949632644653e-01
-9.999000000000000000e+03
-9.999000000000000000e+03
-9.999000000000000000e+03
-9.999000000000000000e+03
-9.999000000000000000e+03
-9.999000000000000000e+03
-9.999000000000000000e+03
-9.999000000000000000e+03
-9.999000000000000000e+03
-9.999000000000000000e+03
-9.999000000000000000e+03
-9.999000000000000000e+03
-9.999000000000000000e+03
-9.999000000000000000e+03
-9.999000000000000000e+03
-9.999000000000000000e+03
-9.999000000000000000e+03
-9.999000000000000000e+03
-9.999000000000000000e+03
-9.999000000000000000e+03
-9.999000000000000000e+03
-9.999000000000000000e+03
-9.999000000000000000e+03
-6.087379530072212219e-02
-9.170366078615188599e-02
-1.360195726156234741e-01
-1.444682627916336060e-01
-1.472603082656860352e-01
-1.339145004749298096e-01
-8.104774355888366699e-02
-1.042689755558967590e-02
-2.184336259961128235e-02
-9.999000000000000000e+03
-9.999000000000000000e+03
-9.999000000000000000e+03
-9.999000000000000000e+03
-9.999000000000000000e+03
-9.999000000000000000e+03
-9.999000000000000000e+03
-9.999000000000000000e+03
-9.999000000000000000e+03
-9.999000000000000000e+03
-9.999000000000000000e+03
-9.999000000000000000e+03
-9.999000000000000000e+03
-9.999000000000000000e+03
-9.999000000000000000e+03
-9.999000000000000000e+03
-9.999000000000000000e+03
-9.999000000000000000e+03
-9.999000000000000000e+03
-9.999000000000000000e+03
-9.999000000000000000e+03
-9.999000000000000000e+03
-2.457824721932411194e-02
-7.892801612615585327e-02
-1.001667901873588562e-01
-1.079901903867721558e-01
-1.100250184535980225e-01
-1.061127036809921265e-01
-1.095167696475982666e-01
-8.636321872472763062e-02
-4.796507954597473145e-02
-3.579898923635482788e-02
-3.322856873273849487e-02
-1.217127405107021332e-02
5.495965480804443359e-03
-9.999000000000000000e+03
-9.999000000000000000e+03
-9.999000000000000000e+03
-9.999000000000000000e+03
-9.999000000000000000e+03
-9.999000000000000000e+03
-9.999000000000000000e+03
-9.999000000000000000e+03
-9.999000000000000000e+03
-9.999000000000000000e+03
-9.999000000000000000e+03
-9.999000000000000000e+03
-9.999000000000000000e+03
-9.999000000000000000e+03
-9.999000000000000000e+03
-9.999000000000000000e+03
-9.999000000000000000e+03
-2.315362356603145599e-02
-1.895174756646156311e-02
-1.993385329842567444e-02
-1.921750605106353760e-02
-4.893396422266960144e-02
-7.011979818344116211e-02
-6.822457164525985718e-02
-6.657747179269790649e-02
-5.603939667344093323e-02
-3.541134356055408716e-04
3.508803993463516235e-02
8.992264047265052795e-03
1.270744577050209045e-02
1.364493835717439651e-02
-9.999000000000000000e+03
-9.999000000000000000e+03
-9.999000000000000000e+03
-9.999000000000000000e+03
-9.999000000000000000e+03
-9.999000000000000000e+03
-9.999000000000000000e+03
-9.999000000000000000e+03
-9.999000000000000000e+03
-9.999000000000000000e+03
-9.999000000000000000e+03
-9.999000000000000000e+03
-9.999000000000000000e+03
-9.999000000000000000e+03
-9.999000000000000000e+03
-1.851378940045833588e-02
-3.007081709802150726e-02
-4.989047348499298096e-02
-4.127717390656471252e-02
-2.456169016659259796e-02
-1.696653477847576141e-02
-1.896641030907630920e-02
-4.006464406847953796e-02
-5.808062478899955750e-02
-6.224412098526954651e-02
-4.659910872578620911e-02
-2.831678278744220734e-02
5.698923952877521515e-03
-4.966556094586849213e-03
-9.999000000000000000e+03
-9.999000000000000000e+03
-9.999000000000000000e+03
-9.999000000000000000e+03
-9.999000000000000000e+03
-9.999000000000000000e+03
-9.999000000000000000e+03
-9.999000000000000000e+03
-9.999000000000000000e+03
-9.999000000000000000e+03
-9.999000000000000000e+03
-9.999000000000000000e+03
-9.999000000000000000e+03
-9.999000000000000000e+03
-9.999000000000000000e+03
-9.999000000000000000e+03
-1.311662327498197556e-02
-1.213535293936729431e-02
-2.618629671633243561e-02
-4.049641266465187073e-02
-4.703858494758605957e-02
-3.230851143598556519e-02
-1.638649217784404755e-02
-7.588672451674938202e-03
-1.435920782387256622e-02
-2.012200094759464264e-02
-4.739543050527572632e-02
-7.892977446317672729e-02
-8.964729309082031250e-02
-6.767966598272323608e-02
-9.999000000000000000e+03
-9.999000000000000000e+03
-9.999000000000000000e+03
-9.999000000000000000e+03
-9.999000000000000000e+03
-9.999000000000000000e+03
-9.999000000000000000e+03
-9.999000000000000000e+03
-9.999000000000000000e+03
-9.999000000000000000e+03
-9.999000000000000000e+03
-9.999000000000000000e+03
-9.999000000000000000e+03
-9.999000000000000000e+03
-9.999000000000000000e+03
-9.999000000000000000e+03
-9.999000000000000000e+03
-3.477580100297927856e-02
-3.205205872654914856e-02
-4.767737537622451782e-02
-5.845889821648597717e-02
-5.304406210780143738e-02
-3.970246389508247375e-02
-2.081118337810039520e-02
1.961194910109043121e-03
9.947241283953189850e-03
3.292706608772277832e-02
2.559731528162956238e-02
-1.807825081050395966e-02
-3.949492424726486206e-02
-6.892910599708557129e-02
-9.999000000000000000e+03
-9.999000000000000000e+03
-9.999000000000000000e+03
-9.999000000000000000e+03
-9.999000000000000000e+03
-9.999000000000000000e+03
-9.999000000000000000e+03
-9.999000000000000000e+03
-9.999000000000000000e+03
-9.999000000000000000e+03
-9.999000000000000000e+03
-9.999000000000000000e+03
-9.999000000000000000e+03
-9.999000000000000000e+03
-9.999000000000000000e+03
-9.999000000000000000e+03
-9.999000000000000000e+03
-5.635783448815345764e-02
-5.657671019434928894e-02
-5.271144583821296692e-02
-5.021763965487480164e-02
-4.128206148743629456e-02
-2.566770836710929871e-02
-5.000743549317121506e-04
1.654866896569728851e-02
2.748642861843109131e-02
3.129250556230545044e-02
2.899050526320934296e-02
3.077304735779762268e-02
-1.942832022905349731e-03
-9.999000000000000000e+03
-9.999000000000000000e+03
-9.999000000000000000e+03
-9.999000000000000000e+03
-9.999000000000000000e+03
-9.999000000000000000e+03
-9.999000000000000000e+03
-9.999000000000000000e+03
-9.999000000000000000e+03
-9.999000000000000000e+03
-9.999000000000000000e+03
-9.999000000000000000e+03
-9.999000000000000000e+03
-9.999000000000000000e+03
-9.999000000000000000e+03
-9.999000000000000000e+03
-9.999000000000000000e+03
-9.999000000000000000e+03
-4.721776396036148071e-02
-4.175144433975219727e-02
-2.317209728062152863e-02
-1.333209965378046036e-02
8.126500062644481659e-03
1.372017432004213333e-02
1.759118959307670593e-02
3.372087329626083374e-02
4.752540588378906250e-02
7.186190038919448853e-02
3.977789729833602905e-02
1.243020500987768173e-02
-9.999000000000000000e+03
-9.999000000000000000e+03
-9.999000000000000000e+03
-9.999000000000000000e+03
-9.999000000000000000e+03
-9.999000000000000000e+03
-9.999000000000000000e+03
-9.999000000000000000e+03
-9.999000000000000000e+03
-9.999000000000000000e+03
-9.999000000000000000e+03
-9.999000000000000000e+03
-9.999000000000000000e+03
-9.999000000000000000e+03
-9.999000000000000000e+03
-9.999000000000000000e+03
-9.999000000000000000e+03
-9.999000000000000000e+03
-9.999000000000000000e+03
-2.705294638872146606e-02
-1.764377392828464508e-02
4.470887128263711929e-03
2.282387204468250275e-02
9.051486104726791382e-02
9.037679433822631836e-02
7.917851954698562622e-02
5.789639800786972046e-02
4.897808283567428589e-02
3.646600991487503052e-02
-9.999000000000000000e+03
-9.999000000000000000e+03
-9.999000000000000000e+03
-9.999000000000000000e+03
-9.999000000000000000e+03
-9.999000000000000000e+03
-9.999000000000000000e+03
-9.999000000000000000e+03
-9.999000000000000000e+03
-9.999000000000000000e+03
-9.999000000000000000e+03
-9.999000000000000000e+03
-9.999000000000000000e+03
-9.999000000000000000e+03
-9.999000000000000000e+03
-9.999000000000000000e+03
-9.999000000000000000e+03
-9.999000000000000000e+03
-9.999000000000000000e+03
-9.999000000000000000e+03
-9.999000000000000000e+03
-1.741089741699397564e-03
2.907266654074192047e-02
6.807655841112136841e-02
1.074797809123992920e-01
1.335657685995101929e-01
1.115557551383972168e-01
-9.999000000000000000e+03
-9.999000000000000000e+03
-9.999000000000000000e+03
-9.999000000000000000e+03
-9.999000000000000000e+03
-9.999000000000000000e+03
-9.999000000000000000e+03
-9.999000000000000000e+03
-9.999000000000000000e+03
-9.999000000000000000e+03
-9.999000000000000000e+03
-9.999000000000000000e+03
-9.999000000000000000e+03
-9.999000000000000000e+03
-9.999000000000000000e+03
-9.999000000000000000e+03
-9.999000000000000000e+03
-9.999000000000000000e+03
-9.999000000000000000e+03
-9.999000000000000000e+03
-9.999000000000000000e+03
-9.999000000000000000e+03
-9.999000000000000000e+03
-9.999000000000000000e+03
-9.999000000000000000e+03
7.825679145753383636e-03
2.151600085198879242e-02
7.725419104099273682e-02
-9.999000000000000000e+03
-9.999000000000000000e+03
-9.999000000000000000e+03
-9.999000000000000000e+03
-9.999000000000000000e+03
-9.999000000000000000e+03
-9.999000000000000000e+03
-9.999000000000000000e+03
-9.999000000000000000e+03
-9.999000000000000000e+03
-9.999000000000000000e+03
-9.999000000000000000e+03
-9.999000000000000000e+03
-9.999000000000000000e+03
-9.999000000000000000e+03
-9.999000000000000000e+03
-9.999000000000000000e+03
-9.999000000000000000e+03
-9.999000000000000000e+03
-9.999000000000000000e+03
-9.999000000000000000e+03
-9.999000000000000000e+03
-9.999000000000000000e+03
-9.999000000000000000e+03
-9.999000000000000000e+03
-9.999000000000000000e+03
-9.999000000000000000e+03
-9.999000000000000000e+03
