-1.280824691057205200e-01
-8.948560059070587158e-02
-4.473130032420158386e-02
1.447179168462753296e-02
6.942677497863769531e-02
1.137523353099822998e-01
1.491657346487045288e-01
1.789026111364364624e-01
2.135506272315979004e-01
2.430905103683471680e-01
2.551070153713226318e-01
-9.999000000000000000e+03
-9.999000000000000000e+03
-9.999000000000000000e+03
-9.999000000000000000e+03
-9.999000000000000000e+03
-9.999000000000000000e+03
-9.999000000000000000e+03
-9.999000000000000000e+03
-9.999000000000000000e+03
-9.999000000000000000e+03
-9.999000000000000000e+03
-9.999000000000000000e+03
4.618771001696586609e-02
1.427805721759796143e-01
1.581887602806091309e-01
1.725799441337585449e-01
1.613528132438659668e-01
1.543462276458740234e-01
1.510074138641357422e-01
1.383241564035415649e-01
-1.135366186499595642e-01
-7.710782438516616821e-02
-2.657731808722019196e-02
3.143976256251335144e-02
8.944238722324371338e-02
1.317052990198135376e-01
1.666169464588165283e-01
1.947254389524459839e-01
2.182699888944625854e-01
2.395964413881301880e-01
2.443278133869171143e-01
1.461141705513000488e-01
-9.999000000000000000e+03
-9.999000000000000000e+03
-9.999000000000000000e+03
-9.999000000000000000e+03
-9.999000000000000000e+03
-9.999000000000000000e+03
-9.999000000000000000e+03
-9.999000000000000000e+03
-9.999000000000000000e+03
2.291020564734935760e-02
3.167369216680526733e-02
5.719240382313728333e-02
9.897516667842864990e-02
1.298134475946426392e-01
1.527878940105438232e-01
1.343847513198852539e-01
1.188699007034301758e-01
1.198491603136062622e-01
1.253503561019897461e-01
-1.143449693918228149e-01
-5.896336212754249573e-02
8.464615792036056519e-03
6.957136094570159912e-02
1.133205816149711609e-01
1.453268826007843018e-01
1.710401028394699097e-01
1.995015144348144531e-01
2.173978984355926514e-01
2.319394201040267944e-01
2.218660861253738403e-01
1.438066661357879639e-01
-9.999000000000000000e+03
-9.999000000000000000e+03
-9.999000000000000000e+03
-9.999000000000000000e+03
-9.999000000000000000e+03
-9.999000000000000000e+03
-9.999000000000000000e+03
1.063041295856237411e-02
1.629261486232280731e-02
3.890060260891914368e-02
1.930896192789077759e-02
3.973064571619033813e-02
7.407917827367782593e-02
8.237699419260025024e-02
1.014299094676971436e-01
1.011453792452812195e-01
1.049784645438194275e-01
1.090603172779083252e-01
1.034060642123222351e-01
-9.939198940992355347e-02
-5.000568181276321411e-02
4.082200117409229279e-03
6.169809401035308838e-02
1.194624006748199463e-01
1.514970511198043823e-01
1.737201809883117676e-01
1.971438676118850708e-01
2.119176089763641357e-01
2.212379574775695801e-01
2.140620797872543335e-01
1.429286599159240723e-01
6.217044964432716370e-02
-9.999000000000000000e+03
-9.999000000000000000e+03
-9.999000000000000000e+03
7.594517897814512253e-03
7.471700198948383331e-03
8.521975018084049225e-03
1.518692262470722198e-02
1.075859833508729935e-02
1.040841639041900635e-02
3.834071336314082146e-03
2.356888726353645325e-02
6.911841034889221191e-02
4.657799750566482544e-02
7.741045951843261719e-02
7.866939902305603027e-02
8.113304525613784790e-02
8.770260959863662720e-02
9.235321730375289917e-02
-9.874017536640167236e-02
-4.083206877112388611e-02
9.567425586283206940e-03
4.626046493649482727e-02
9.611682593822479248e-02
1.291624754667282104e-01
1.546272933483123779e-01
1.864641308784484863e-01
2.011538445949554443e-01
2.013453990221023560e-01
1.741471886634826660e-01
1.204862147569656372e-01
5.302521586418151855e-02
4.537468310445547104e-03
-2.119909331668168306e-04
2.063077641651034355e-03
1.235395204275846481e-02
2.501063235104084015e-02
2.488786913454532623e-02
2.636416070163249969e-02
1.037762127816677094e-02
-7.781275082379579544e-03
-8.419689722359180450e-03
9.040597826242446899e-03
1.787609793245792389e-02
7.585430983453989029e-03
2.687701955437660217e-02
3.186137601733207703e-02
4.688139632344245911e-02
7.203053683042526245e-02
8.632410317659378052e-02
-8.798549324274063110e-02
-5.081417411565780640e-02
-1.506918668746948242e-02
1.789307221770286560e-02
6.907279789447784424e-02
9.990334510803222656e-02
1.191216632723808289e-01
1.469005495309829712e-01
1.621244251728057861e-01
1.765919625759124756e-01
1.504376530647277832e-01
1.030846908688545227e-01
5.030168592929840088e-02
7.170730736106634140e-03
-4.337905265856534243e-04
7.234912831336259842e-03
3.676063194870948792e-02
6.395187228918075562e-02
6.033730134367942810e-02
4.667470231652259827e-02
2.086356095969676971e-02
-9.100333787500858307e-03
-2.862716652452945709e-02
-3.123067505657672882e-02
-3.649161010980606079e-02
-5.257936194539070129e-02
-2.578662894666194916e-02
-1.595165580511093140e-02
9.098957292735576630e-03
5.183775350451469421e-02
8.455683290958404541e-02
-7.829417288303375244e-02
-6.193527206778526306e-02
-3.280609101057052612e-02
-4.794071894139051437e-03
3.563027083873748779e-02
6.639667600393295288e-02
9.000341594219207764e-02
1.134947836399078369e-01
1.253342181444168091e-01
1.365419626235961914e-01
1.271803379058837891e-01
9.553423523902893066e-02
5.776402354240417480e-02
2.246553264558315277e-02
3.897723555564880371e-02
6.080211699008941650e-02
9.238927066326141357e-02
1.079915389418601990e-01
9.569951146841049194e-02
7.930030673742294312e-02
4.074582830071449280e-02
-1.352392695844173431e-02
-6.244638562202453613e-02
-8.550984412431716919e-02
-1.036676391959190369e-01
-1.144636496901512146e-01
-9.171944111585617065e-02
-8.698326349258422852e-02
-5.074079707264900208e-02
3.042763099074363708e-02
5.957314744591712952e-02
-7.434531301259994507e-02
-6.117132306098937988e-02
-4.103625938296318054e-02
-2.342796139419078827e-02
8.663617074489593506e-03
4.037410393357276917e-02
5.640431866049766541e-02
7.867902517318725586e-02
8.931335806846618652e-02
1.095687374472618103e-01
1.107133552432060242e-01
8.990520983934402466e-02
7.303301990032196045e-02
6.827268749475479126e-02
9.171936661005020142e-02
1.083894595503807068e-01
1.387590169906616211e-01
1.387510001659393311e-01
1.196573078632354736e-01
9.700378030538558960e-02
5.563129484653472900e-02
1.069131959229707718e-02
-4.063782468438148499e-02
-1.044775918126106262e-01
-1.667991429567337036e-01
-1.804362535476684570e-01
-1.837356090545654297e-01
-1.784585118293762207e-01
-1.301640123128890991e-01
-2.867456711828708649e-02
3.770550712943077087e-03
-5.222619697451591492e-02
-3.920756280422210693e-02
-3.332701325416564941e-02
-2.551322616636753082e-02
-1.017926912754774094e-02
7.904779165983200073e-03
2.283113636076450348e-02
4.751968756318092346e-02
7.249955832958221436e-02
9.707688540220260620e-02
1.061934307217597961e-01
1.014855876564979553e-01
1.077866330742835999e-01
1.266204714775085449e-01
1.475528478622436523e-01
1.477361172437667847e-01
1.512341499328613281e-01
1.386598795652389526e-01
1.260346919298171997e-01
9.693409502506256104e-02
3.610860556364059448e-02
-4.020495805889368057e-03
-2.609314210712909698e-02
-6.697870790958404541e-02
-8.503782004117965698e-02
-1.742799878120422363e-01
-2.316671013832092285e-01
-2.508897185325622559e-01
-1.915479004383087158e-01
-1.017141565680503845e-01
-3.761444613337516785e-02
-6.367822736501693726e-02
-4.556798562407493591e-02
-3.189810737967491150e-02
-2.648433484137058258e-02
-2.253612130880355835e-02
-1.300622336566448212e-02
-5.617370363324880600e-03
1.989401504397392273e-02
5.174146592617034912e-02
9.325452148914337158e-02
1.177837848663330078e-01
1.423665732145309448e-01
1.570614725351333618e-01
1.643588989973068237e-01
1.657192707061767578e-01
1.544282734394073486e-01
1.388834714889526367e-01
8.657196164131164551e-02
7.793398201465606689e-02
3.178844228386878967e-02
1.438124757260084152e-02
-9.999000000000000000e+03
-9.999000000000000000e+03
-9.999000000000000000e+03
-9.999000000000000000e+03
-9.999000000000000000e+03
-9.999000000000000000e+03
-2.197074443101882935e-01
-2.472370862960815430e-01
-1.436025798320770264e-01
-5.891140550374984741e-02
-7.602437585592269897e-02
-5.977226793766021729e-02
-4.927836731076240540e-02
-4.412315413355827332e-02
-4.396476969122886658e-02
-4.596624150872230530e-02
-1.726680062711238861e-02
1.619430258870124817e-02
6.468417495489120483e-02
1.142342016100883484e-01
1.412280350923538208e-01
1.826779693365097046e-01
1.832405775785446167e-01
1.740982383489608765e-01
1.482692360877990723e-01
1.276116669178009033e-01
1.312376111745834351e-01
-9.999000000000000000e+03
-9.999000000000000000e+03
-9.999000000000000000e+03
-9.999000000000000000e+03
-9.999000000000000000e+03
-9.999000000000000000e+03
-9.999000000000000000e+03
-9.999000000000000000e+03
-9.999000000000000000e+03
-9.999000000000000000e+03
-1.806188076734542847e-01
-2.340745478868484497e-01
-1.911452412605285645e-01
-1.028428375720977783e-01
-7.382951676845550537e-02
-4.743434116244316101e-02
-2.698250487446784973e-02
-1.509908959269523621e-02
-2.718199789524078369e-02
-3.067912533879280090e-02
-4.674102179706096649e-03
3.683496266603469849e-02
1.098156496882438660e-01
1.501383483409881592e-01
1.694675534963607788e-01
1.872073560953140259e-01
1.847757101058959961e-01
1.646744459867477417e-01
7.516492158174514771e-02
7.516983151435852051e-02
-9.999000000000000000e+03
-9.999000000000000000e+03
-9.999000000000000000e+03
-9.999000000000000000e+03
-9.999000000000000000e+03
-9.999000000000000000e+03
-9.999000000000000000e+03
-9.999000000000000000e+03
-9.999000000000000000e+03
-9.999000000000000000e+03
-9.999000000000000000e+03
-9.999000000000000000e+03
-1.580981612205505371e-01
-1.698578745126724243e-01
-8.117044717073440552e-02
-6.438473612070083618e-02
-5.304303020238876343e-02
-2.461795881390571594e-02
1.452559954486787319e-03
-1.534159295260906219e-03
4.527826327830553055e-03
4.145483672618865967e-02
8.588652312755584717e-02
1.372219920158386230e-01
1.530891209840774536e-01
1.664353162050247192e-01
1.936434954404830933e-01
1.327067911624908447e-01
1.411153674125671387e-01
-9.999000000000000000e+03
-9.999000000000000000e+03
-9.999000000000000000e+03
-9.999000000000000000e+03
-9.999000000000000000e+03
-9.999000000000000000e+03
-9.999000000000000000e+03
-9.999000000000000000e+03
-9.999000000000000000e+03
-9.999000000000000000e+03
-9.999000000000000000e+03
-9.999000000000000000e+03
-9.999000000000000000e+03
-9.999000000000000000e+03
-9.999000000000000000e+03
-1.381231844425201416e-01
-7.778260856866836548e-02
-9.999000000000000000e+03
-5.306826904416084290e-02
-4.674218967556953430e-02
-2.319398708641529083e-02
2.634384669363498688e-03
1.738791354000568390e-02
6.294386088848114014e-02
1.310752034187316895e-01
1.367355287075042725e-01
1.451338827610015869e-01
1.606782972812652588e-01
1.605561971664428711e-01
1.006187200546264648e-01
-9.999000000000000000e+03
-9.999000000000000000e+03
-9.999000000000000000e+03
-9.999000000000000000e+03
-9.999000000000000000e+03
-9.999000000000000000e+03
-9.999000000000000000e+03
-9.999000000000000000e+03
-9.999000000000000000e+03
-9.999000000000000000e+03
-9.999000000000000000e+03
-9.999000000000000000e+03
-9.999000000000000000e+03
-9.999000000000000000e+03
-9.999000000000000000e+03
-9.999000000000000000e+03
-6.134661659598350525e-02
-2.679973840713500977e-02
-9.999000000000000000e+03
-9.999000000000000000e+03
-6.723409146070480347e-02
-5.473695322871208191e-02
-1.294097024947404861e-02
3.212964162230491638e-02
9.885161370038986206e-02
1.402621269226074219e-01
1.287695020437240601e-01
1.416809856891632080e-01
1.412034332752227783e-01
4.921967908740043640e-02
-9.999000000000000000e+03
-9.999000000000000000e+03
-9.999000000000000000e+03
-9.999000000000000000e+03
-9.999000000000000000e+03
-9.999000000000000000e+03
-9.999000000000000000e+03
-9.999000000000000000e+03
-9.999000000000000000e+03
-9.999000000000000000e+03
-9.999000000000000000e+03
-9.999000000000000000e+03
-9.999000000000000000e+03
-9.999000000000000000e+03
-9.999000000000000000e+03
-9.999000000000000000e+03
-9.999000000000000000e+03
-2.077717147767543793e-02
7.543385960161685944e-03
-9.999000000000000000e+03
-9.999000000000000000e+03
-4.554348811507225037e-02
-5.148920789361000061e-02
-3.006852231919765472e-02
2.925683930516242981e-02
1.102687418460845947e-01
1.243173927068710327e-01
1.391460597515106201e-01
1.455069035291671753e-01
1.228929385542869568e-01
7.274499535560607910e-02
-9.999000000000000000e+03
-9.999000000000000000e+03
-9.999000000000000000e+03
-9.999000000000000000e+03
-9.999000000000000000e+03
-9.999000000000000000e+03
-9.999000000000000000e+03
-9.999000000000000000e+03
-9.999000000000000000e+03
-9.999000000000000000e+03
-9.999000000000000000e+03
-9.999000000000000000e+03
-9.999000000000000000e+03
-9.999000000000000000e+03
-9.999000000000000000e+03
-9.999000000000000000e+03
-9.999000000000000000e+03
-9.999000000000000000e+03
-9.999000000000000000e+03
-9.999000000000000000e+03
-9.999000000000000000e+03
-2.493030950427055359e-02
-4.828750342130661011e-02
-2.903690561652183533e-02
2.926468849182128906e-02
6.103121116757392883e-02
1.025416105985641479e-01
1.496620327234268188e-01
1.545975506305694580e-01
9.387862682342529297e-02
6.880982220172882080e-02
-9.999000000000000000e+03
-9.999000000000000000e+03
-9.999000000000000000e+03
-9.999000000000000000e+03
-9.999000000000000000e+03
-9.999000000000000000e+03
-9.999000000000000000e+03
-9.999000000000000000e+03
-9.999000000000000000e+03
-9.999000000000000000e+03
-9.999000000000000000e+03
-9.999000000000000000e+03
-9.999000000000000000e+03
-9.999000000000000000e+03
-9.999000000000000000e+03
-9.999000000000000000e+03
-9.999000000000000000e+03
-9.999000000000000000e+03
-9.999000000000000000e+03
-9.999000000000000000e+03
-9.999000000000000000e+03
-9.999000000000000000e+03
-3.353589400649070740e-02
-3.951216489076614380e-02
2.780158771201968193e-03
-4.428353533148765564e-02
7.083893567323684692e-02
1.516863256692886353e-01
1.801722198724746704e-01
1.157332509756088257e-01
-9.999000000000000000e+03
-9.999000000000000000e+03
-9.999000000000000000e+03
-9.999000000000000000e+03
-9.999000000000000000e+03
-9.999000000000000000e+03
-9.999000000000000000e+03
-9.999000000000000000e+03
-9.999000000000000000e+03
-9.999000000000000000e+03
-9.999000000000000000e+03
-9.999000000000000000e+03
-9.999000000000000000e+03
-9.999000000000000000e+03
-9.999000000000000000e+03
-9.999000000000000000e+03
-9.999000000000000000e+03
-9.999000000000000000e+03
-9.999000000000000000e+03
-9.999000000000000000e+03
-9.999000000000000000e+03
-9.999000000000000000e+03
-9.999000000000000000e+03
-3.723765164613723755e-02
-2.308789640665054321e-02
-4.368869587779045105e-02
-8.889055252075195312e-02
4.775499552488327026e-02
1.627299636602401733e-01
2.246976047754287720e-01
1.627118438482284546e-01
1.041341125965118408e-01
-9.999000000000000000e+03
-9.999000000000000000e+03
-9.999000000000000000e+03
-9.999000000000000000e+03
-9.999000000000000000e+03
-9.999000000000000000e+03
-9.999000000000000000e+03
-9.999000000000000000e+03
-9.999000000000000000e+03
-9.999000000000000000e+03
-9.999000000000000000e+03
-9.999000000000000000e+03
-9.999000000000000000e+03
-9.999000000000000000e+03
-9.999000000000000000e+03
-9.999000000000000000e+03
-9.999000000000000000e+03
-9.999000000000000000e+03
-9.999000000000000000e+03
-9.999000000000000000e+03
-9.999000000000000000e+03
-9.999000000000000000e+03
-9.999000000000000000e+03
-1.256573200225830078e-02
-4.432206228375434875e-02
-4.384824633598327637e-02
4.972335323691368103e-02
9.859282523393630981e-02
7.451947033405303955e-02
1.167635023593902588e-01
1.159588247537612915e-01
-9.999000000000000000e+03
-9.999000000000000000e+03
-9.999000000000000000e+03
-9.999000000000000000e+03
-9.999000000000000000e+03
-9.999000000000000000e+03
-9.999000000000000000e+03
-9.999000000000000000e+03
-9.999000000000000000e+03
-9.999000000000000000e+03
-9.999000000000000000e+03
-9.999000000000000000e+03
-9.999000000000000000e+03
-9.999000000000000000e+03
-9.999000000000000000e+03
-9.999000000000000000e+03
-9.999000000000000000e+03
-9.999000000000000000e+03
-9.999000000000000000e+03
-9.999000000000000000e+03
-9.999000000000000000e+03
-9.999000000000000000e+03
-9.999000000000000000e+03
-4.353818949311971664e-03
-3.567383810877799988e-02
-6.172644719481468201e-02
-4.594913497567176819e-02
-7.405401021242141724e-02
-1.011428311467170715e-01
-3.658716008067131042e-02
4.870750010013580322e-02
8.382066339254379272e-02
-9.999000000000000000e+03
-9.999000000000000000e+03
-9.999000000000000000e+03
-9.999000000000000000e+03
-9.999000000000000000e+03
-9.999000000000000000e+03
-9.999000000000000000e+03
-9.999000000000000000e+03
-9.999000000000000000e+03
-9.999000000000000000e+03
-9.999000000000000000e+03
-9.999000000000000000e+03
-9.999000000000000000e+03
-9.999000000000000000e+03
-9.999000000000000000e+03
-9.999000000000000000e+03
-9.999000000000000000e+03
-9.999000000000000000e+03
-9.999000000000000000e+03
-9.999000000000000000e+03
-9.999000000000000000e+03
-9.999000000000000000e+03
4.005112871527671814e-02
-1.697924174368381500e-02
-5.985885858535766602e-02
-8.973396569490432739e-02
-1.115970537066459656e-01
-1.356683820486068726e-01
-8.862742781639099121e-02
7.916642352938652039e-03
1.063500717282295227e-01
7.039681077003479004e-02
1.982080563902854919e-02
1.345935277640819550e-02
4.373420774936676025e-02
-9.999000000000000000e+03
-9.999000000000000000e+03
-9.999000000000000000e+03
-9.999000000000000000e+03
-9.999000000000000000e+03
-9.999000000000000000e+03
-9.999000000000000000e+03
-9.999000000000000000e+03
-9.999000000000000000e+03
-9.999000000000000000e+03
-9.999000000000000000e+03
-9.999000000000000000e+03
-9.999000000000000000e+03
-9.999000000000000000e+03
-9.999000000000000000e+03
-9.999000000000000000e+03
-9.999000000000000000e+03
3.705752268433570862e-02
3.923301771283149719e-02
1.944044232368469238e-02
-2.665040828287601471e-02
-6.611986458301544189e-02
-1.033621355891227722e-01
-1.040830612182617188e-01
-7.375581562519073486e-02
-4.362889099866151810e-03
9.008853882551193237e-02
5.372564122080802917e-02
3.437342820689082146e-03
1.788933016359806061e-02
3.276444226503372192e-02
-9.999000000000000000e+03
-9.999000000000000000e+03
-9.999000000000000000e+03
-9.999000000000000000e+03
-9.999000000000000000e+03
-9.999000000000000000e+03
-9.999000000000000000e+03
-9.999000000000000000e+03
-9.999000000000000000e+03
-9.999000000000000000e+03
-9.999000000000000000e+03
-9.999000000000000000e+03
-9.999000000000000000e+03
-9.999000000000000000e+03
-9.999000000000000000e+03
3.101875633001327515e-02
3.558376431465148926e-02
2.146292291581630707e-02
2.993603423237800598e-02
2.307937666773796082e-02
-7.533695315942168236e-04
-3.073194064199924469e-02
-6.906243413686752319e-02
-9.742385894060134888e-02
-7.467181980609893799e-02
-1.176390913315117359e-03
3.582278639078140259e-02
7.161895930767059326e-02
5.438654869794845581e-02
-9.999000000000000000e+03
-9.999000000000000000e+03
-9.999000000000000000e+03
-9.999000000000000000e+03
-9.999000000000000000e+03
-9.999000000000000000e+03
-9.999000000000000000e+03
-9.999000000000000000e+03
-9.999000000000000000e+03
-9.999000000000000000e+03
-9.999000000000000000e+03
-9.999000000000000000e+03
-9.999000000000000000e+03
-9.999000000000000000e+03
-9.999000000000000000e+03
-9.999000000000000000e+03
1.341758016496896744e-02
2.400623634457588196e-02
5.759740993380546570e-02
5.749729648232460022e-02
4.401026293635368347e-02
2.043978124856948853e-02
-1.449034828692674637e-02
-2.700765244662761688e-02
-4.001647233963012695e-02
-6.293050944805145264e-02
-7.338891178369522095e-02
-3.395587950944900513e-02
6.184745579957962036e-03
9.818112105131149292e-02
-9.999000000000000000e+03
-9.999000000000000000e+03
-9.999000000000000000e+03
-9.999000000000000000e+03
-9.999000000000000000e+03
-9.999000000000000000e+03
-9.999000000000000000e+03
-9.999000000000000000e+03
-9.999000000000000000e+03
-9.999000000000000000e+03
-9.999000000000000000e+03
-9.999000000000000000e+03
-9.999000000000000000e+03
-9.999000000000000000e+03
-9.999000000000000000e+03
-9.999000000000000000e+03
-9.999000000000000000e+03
2.440641634166240692e-02
3.270342573523521423e-02
8.776441961526870728e-02
8.114784955978393555e-02
4.355085641145706177e-02
4.366797220427542925e-04
-3.331986814737319946e-02
-4.055868834257125854e-02
-2.320782653987407684e-02
-3.940460458397865295e-02
-4.655790328979492188e-02
-2.764410711824893951e-02
6.320056505501270294e-03
6.854379177093505859e-02
-9.999000000000000000e+03
-9.999000000000000000e+03
-9.999000000000000000e+03
-9.999000000000000000e+03
-9.999000000000000000e+03
-9.999000000000000000e+03
-9.999000000000000000e+03
-9.999000000000000000e+03
-9.999000000000000000e+03
-9.999000000000000000e+03
-9.999000000000000000e+03
-9.999000000000000000e+03
-9.999000000000000000e+03
-9.999000000000000000e+03
-9.999000000000000000e+03
-9.999000000000000000e+03
-9.999000000000000000e+03
4.387913644313812256e-02
8.660216629505157471e-02
1.053511425852775574e-01
8.899562060832977295e-02
4.049260541796684265e-02
-3.271561115980148315e-02
-6.157976016402244568e-02
-5.904613435268402100e-02
-3.015521541237831116e-02
-2.454208768904209137e-02
-3.557511419057846069e-02
-2.171400003135204315e-02
-2.051372639834880829e-02
-9.999000000000000000e+03
-9.999000000000000000e+03
-9.999000000000000000e+03
-9.999000000000000000e+03
-9.999000000000000000e+03
-9.999000000000000000e+03
-9.999000000000000000e+03
-9.999000000000000000e+03
-9.999000000000000000e+03
-9.999000000000000000e+03
-9.999000000000000000e+03
-9.999000000000000000e+03
-9.999000000000000000e+03
-9.999000000000000000e+03
-9.999000000000000000e+03
-9.999000000000000000e+03
-9.999000000000000000e+03
-9.999000000000000000e+03
8.742953836917877197e-02
1.294905394315719604e-01
1.136331036686897278e-01
6.793319433927536011e-02
-6.757293362170457840e-03
-6.332930922508239746e-02
-7.907743006944656372e-02
-8.388663083314895630e-02
-3.703057020902633667e-02
-1.549113355576992035e-02
-1.383956801146268845e-02
-2.120467275381088257e-02
-9.999000000000000000e+03
-9.999000000000000000e+03
-9.999000000000000000e+03
-9.999000000000000000e+03
-9.999000000000000000e+03
-9.999000000000000000e+03
-9.999000000000000000e+03
-9.999000000000000000e+03
-9.999000000000000000e+03
-9.999000000000000000e+03
-9.999000000000000000e+03
-9.999000000000000000e+03
-9.999000000000000000e+03
-9.999000000000000000e+03
-9.999000000000000000e+03
-9.999000000000000000e+03
-9.999000000000000000e+03
-9.999000000000000000e+03
-9.999000000000000000e+03
1.226908415555953979e-01
1.365746408700942993e-01
1.074673905968666077e-01
6.108414009213447571e-02
-5.848292261362075806e-02
-8.978874236345291138e-02
-8.644930273294448853e-02
-5.750538781285285950e-02
-3.535088524222373962e-02
-1.962975226342678070e-02
-9.999000000000000000e+03
-9.999000000000000000e+03
-9.999000000000000000e+03
-9.999000000000000000e+03
-9.999000000000000000e+03
-9.999000000000000000e+03
-9.999000000000000000e+03
-9.999000000000000000e+03
-9.999000000000000000e+03
-9.999000000000000000e+03
-9.999000000000000000e+03
-9.999000000000000000e+03
-9.999000000000000000e+03
-9.999000000000000000e+03
-9.999000000000000000e+03
-9.999000000000000000e+03
-9.999000000000000000e+03
-9.999000000000000000e+03
-9.999000000000000000e+03
-9.999000000000000000e+03
-9.999000000000000000e+03
1.150544956326484680e-01
8.849590271711349487e-02
6.404152512550354004e-02
-6.547598168253898621e-03
-6.442104279994964600e-02
-7.736703008413314819e-02
-9.999000000000000000e+03
-9.999000000000000000e+03
-9.999000000000000000e+03
-9.999000000000000000e+03
-9.999000000000000000e+03
-9.999000000000000000e+03
-9.999000000000000000e+03
-9.999000000000000000e+03
-9.999000000000000000e+03
-9.999000000000000000e+03
-9.999000000000000000e+03
-9.999000000000000000e+03
-9.999000000000000000e+03
-9.999000000000000000e+03
-9.999000000000000000e+03
-9.999000000000000000e+03
-9.999000000000000000e+03
-9.999000000000000000e+03
-9.999000000000000000e+03
-9.999000000000000000e+03
-9.999000000000000000e+03
-9.999000000000000000e+03
-9.999000000000000000e+03
-9.999000000000000000e+03
-9.999000000000000000e+03
4.538080841302871704e-02
4.193183034658432007e-02
4.097208753228187561e-02
-9.999000000000000000e+03
-9.999000000000000000e+03
-9.999000000000000000e+03
-9.999000000000000000e+03
-9.999000000000000000e+03
-9.999000000000000000e+03
-9.999000000000000000e+03
-9.999000000000000000e+03
-9.999000000000000000e+03
-9.999000000000000000e+03
-9.999000000000000000e+03
-9.999000000000000000e+03
-9.999000000000000000e+03
-9.999000000000000000e+03
-9.999000000000000000e+03
-9.999000000000000000e+03
-9.999000000000000000e+03
-9.999000000000000000e+03
-9.999000000000000000e+03
-9.999000000000000000e+03
-9.999000000000000000e+03
-9.999000000000000000e+03
-9.999000000000000000e+03
-9.999000000000000000e+03
-9.999000000000000000e+03
-9.999000000000000000e+03
-9.999000000000000000e+03
-9.999000000000000000e+03
