1.448173224925994873e-01
1.521737575531005859e-01
1.354544907808303833e-01
1.206180378794670105e-01
1.341830193996429443e-01
1.213454753160476685e-01
1.102432683110237122e-01
9.800448268651962280e-02
7.732084393501281738e-02
5.785851180553436279e-02
-2.984648803249001503e-03
-9.999000000000000000e+03
-9.999000000000000000e+03
-9.999000000000000000e+03
-9.999000000000000000e+03
-9.999000000000000000e+03
-9.999000000000000000e+03
-9.999000000000000000e+03
-9.999000000000000000e+03
-9.999000000000000000e+03
-9.999000000000000000e+03
-9.999000000000000000e+03
-9.999000000000000000e+03
1.952855661511421204e-02
4.417613148689270020e-02
7.433950155973434448e-02
1.017431020736694336e-01
1.374337822198867798e-01
1.562772244215011597e-01
1.564490348100662231e-01
1.571117192506790161e-01
7.460589706897735596e-02
7.914435118436813354e-02
6.761776655912399292e-02
5.534055829048156738e-02
6.780321151018142700e-02
6.134145706892013550e-02
4.867019131779670715e-02
4.795420542359352112e-02
3.690877184271812439e-02
4.029307886958122253e-02
3.198200091719627380e-02
2.087114378809928894e-02
-9.999000000000000000e+03
-9.999000000000000000e+03
-9.999000000000000000e+03
-9.999000000000000000e+03
-9.999000000000000000e+03
-9.999000000000000000e+03
-9.999000000000000000e+03
-9.999000000000000000e+03
-9.999000000000000000e+03
5.379456281661987305e-02
8.456580340862274170e-02
8.488201349973678589e-02
1.173895895481109619e-01
1.225063577294349670e-01
1.353301554918289185e-01
1.545188277959823608e-01
1.637748628854751587e-01
1.629342585802078247e-01
1.652787327766418457e-01
1.294726319611072540e-02
7.606764324009418488e-03
-1.312676258385181427e-02
-3.699149563908576965e-02
-1.745448447763919830e-02
-2.122883126139640808e-02
-1.228987798094749451e-02
2.216686261817812920e-03
-1.028453349135816097e-03
1.747115328907966614e-02
2.941461652517318726e-02
3.179937601089477539e-02
-9.999000000000000000e+03
-9.999000000000000000e+03
-9.999000000000000000e+03
-9.999000000000000000e+03
-9.999000000000000000e+03
-9.999000000000000000e+03
-9.999000000000000000e+03
8.666270971298217773e-02
8.571776747703552246e-02
1.177277788519859314e-01
1.241915598511695862e-01
1.306775957345962524e-01
1.276176720857620239e-01
1.380429714918136597e-01
1.517981588840484619e-01
1.561916917562484741e-01
1.664468944072723389e-01
1.791670769453048706e-01
1.786791682243347168e-01
-5.297783762216567993e-02
-6.254388391971588135e-02
-8.344213664531707764e-02
-1.097721606492996216e-01
-1.043100506067276001e-01
-1.035856083035469055e-01
-8.729630708694458008e-02
-5.347106233239173889e-02
-3.573767468333244324e-02
-3.547708969563245773e-03
1.902638375759124756e-02
5.593260377645492554e-02
8.035217970609664917e-02
-9.999000000000000000e+03
-9.999000000000000000e+03
-9.999000000000000000e+03
8.629731088876724243e-02
1.150482222437858582e-01
1.242722496390342712e-01
1.024013385176658630e-01
8.003970235586166382e-02
7.182913273572921753e-02
5.345263332128524780e-02
8.552365750074386597e-02
9.346371889114379883e-02
8.371955901384353638e-02
1.272910535335540771e-01
1.365659832954406738e-01
1.499707698822021484e-01
1.620436310768127441e-01
1.592917442321777344e-01
-1.096235215663909912e-01
-1.312310397624969482e-01
-1.504829823970794678e-01
-1.672147810459136963e-01
-1.632619500160217285e-01
-1.538316309452056885e-01
-1.294402182102203369e-01
-9.204708784818649292e-02
-6.106488034129142761e-02
-2.220619469881057739e-02
2.387406490743160248e-02
6.512945890426635742e-02
9.776906669139862061e-02
1.077552363276481628e-01
1.151908710598945618e-01
1.208536475896835327e-01
1.199129968881607056e-01
1.006556823849678040e-01
8.482196182012557983e-02
3.279151767492294312e-02
3.583875717595219612e-03
-3.955485671758651733e-02
-6.626991182565689087e-02
-2.741853892803192139e-02
-1.472363248467445374e-02
1.038470957428216934e-02
5.565362796187400818e-02
9.134274721145629883e-02
1.230519786477088928e-01
1.454738378524780273e-01
1.512777805328369141e-01
-1.404739320278167725e-01
-1.610789895057678223e-01
-1.840402334928512573e-01
-1.965166628360748291e-01
-1.943259686231613159e-01
-1.769752204418182373e-01
-1.478506475687026978e-01
-1.107412800192832947e-01
-8.250758051872253418e-02
-3.544048219919204712e-02
2.033738233149051666e-02
7.295167446136474609e-02
9.864796698093414307e-02
1.080254465341567993e-01
9.912556409835815430e-02
9.752321988344192505e-02
6.949996203184127808e-02
2.298139501363039017e-03
-3.860918059945106506e-02
-1.006930917501449585e-01
-1.183973029255867004e-01
-1.222185790538787842e-01
-1.345716863870620728e-01
-1.002102643251419067e-01
-6.854186952114105225e-02
-4.912243410944938660e-02
1.001399755477905273e-02
4.320576414465904236e-02
8.200097829103469849e-02
1.207153350114822388e-01
1.321292519569396973e-01
-1.504860371351242065e-01
-1.631633341312408447e-01
-1.847972124814987183e-01
-1.930570006370544434e-01
-1.956426352262496948e-01
-1.846782267093658447e-01
-1.523658782243728638e-01
-1.140769571065902710e-01
-8.238884806632995605e-02
-3.783572837710380554e-02
1.006615068763494492e-02
3.919982537627220154e-02
7.501211762428283691e-02
8.453703671693801880e-02
3.169877454638481140e-02
-7.419454050250351429e-04
-5.433719605207443237e-02
-1.032574921846389771e-01
-1.248369440436363220e-01
-1.651654690504074097e-01
-1.738045066595077515e-01
-1.866005510091781616e-01
-2.017551958560943604e-01
-1.824767738580703735e-01
-1.614060550928115845e-01
-1.408610790967941284e-01
-7.343676686286926270e-02
-3.437304496765136719e-02
5.644548218697309494e-03
6.154533475637435913e-02
7.600612938404083252e-02
-1.477267444133758545e-01
-1.491197943687438965e-01
-1.678532958030700684e-01
-1.705704480409622192e-01
-1.650412827730178833e-01
-1.496665626764297485e-01
-1.303935497999191284e-01
-1.067725270986557007e-01
-7.555439323186874390e-02
-3.686770051717758179e-02
-1.849154941737651825e-03
1.294285897165536880e-02
1.563922688364982605e-02
2.108416287228465080e-03
-4.889585450291633606e-02
-8.150572329759597778e-02
-1.377269178628921509e-01
-1.574646979570388794e-01
-1.657314449548721313e-01
-1.703779399394989014e-01
-1.752201765775680542e-01
-1.948869377374649048e-01
-2.039791643619537354e-01
-2.072113305330276489e-01
-2.216920405626296997e-01
-2.282971143722534180e-01
-1.634445339441299438e-01
-1.210962459444999695e-01
-7.575070112943649292e-02
-1.556547358632087708e-02
-7.297678850591182709e-03
-1.242755874991416931e-01
-1.240617781877517700e-01
-1.359184235334396362e-01
-1.397881209850311279e-01
-1.434324681758880615e-01
-1.214294210076332092e-01
-1.119054928421974182e-01
-8.532613515853881836e-02
-5.326883494853973389e-02
-3.090436197817325592e-02
-1.536703296005725861e-02
-1.732639968395233154e-02
-5.071600899100303650e-02
-9.432405978441238403e-02
-1.419475972652435303e-01
-1.479343920946121216e-01
-1.589059680700302124e-01
-1.523171514272689819e-01
-1.508653759956359863e-01
-1.396178901195526123e-01
-1.203438490629196167e-01
-1.287333220243453979e-01
-1.040167137980461121e-01
-1.281884163618087769e-01
-1.054953858256340027e-01
-1.868118196725845337e-01
-1.793814599514007568e-01
-1.690719127655029297e-01
-1.312604397535324097e-01
-8.918842673301696777e-02
-8.038315176963806152e-02
-1.023936197161674500e-01
-1.055483072996139526e-01
-1.108931005001068115e-01
-1.050478443503379822e-01
-1.152517795562744141e-01
-1.138498708605766296e-01
-9.661220759153366089e-02
-8.056598156690597534e-02
-5.298636108636856079e-02
-5.509086325764656067e-02
-6.796073913574218750e-02
-1.022584438323974609e-01
-1.260854601860046387e-01
-1.470665484666824341e-01
-1.671700477600097656e-01
-1.603355109691619873e-01
-1.480773836374282837e-01
-1.019661799073219299e-01
-1.110499799251556396e-01
-7.918602228164672852e-02
-6.438471376895904541e-02
-9.999000000000000000e+03
-9.999000000000000000e+03
-9.999000000000000000e+03
-9.999000000000000000e+03
-9.999000000000000000e+03
-9.999000000000000000e+03
-1.949340403079986572e-01
-1.672681570053100586e-01
-1.384928524494171143e-01
-1.388431042432785034e-01
-9.377677738666534424e-02
-8.506666868925094604e-02
-8.534231781959533691e-02
-8.087116479873657227e-02
-8.740961551666259766e-02
-8.840551227331161499e-02
-7.583510130643844604e-02
-6.245318800210952759e-02
-6.853757053613662720e-02
-9.834511578083038330e-02
-1.190851628780364990e-01
-1.560728102922439575e-01
-1.605616807937622070e-01
-1.626589745283126831e-01
-1.484275609254837036e-01
-1.241727918386459351e-01
-1.002631559967994690e-01
-9.999000000000000000e+03
-9.999000000000000000e+03
-9.999000000000000000e+03
-9.999000000000000000e+03
-9.999000000000000000e+03
-9.999000000000000000e+03
-9.999000000000000000e+03
-9.999000000000000000e+03
-9.999000000000000000e+03
-9.999000000000000000e+03
-1.043048873543739319e-01
-1.522894501686096191e-01
-1.796140074729919434e-01
-1.827224195003509521e-01
-9.880077093839645386e-02
-8.626778423786163330e-02
-7.856036722660064697e-02
-7.715605199337005615e-02
-7.350975275039672852e-02
-7.436237484216690063e-02
-6.923734396696090698e-02
-5.964255332946777344e-02
-9.100107103586196899e-02
-1.343579292297363281e-01
-1.458755582571029663e-01
-1.463475376367568970e-01
-1.393797695636749268e-01
-1.405332684516906738e-01
-7.607954740524291992e-02
-7.860805094242095947e-02
-9.999000000000000000e+03
-9.999000000000000000e+03
-9.999000000000000000e+03
-9.999000000000000000e+03
-9.999000000000000000e+03
-9.999000000000000000e+03
-9.999000000000000000e+03
-9.999000000000000000e+03
-9.999000000000000000e+03
-9.999000000000000000e+03
-9.999000000000000000e+03
-9.999000000000000000e+03
-8.887039870023727417e-02
-1.786269545555114746e-01
-2.102997004985809326e-01
-1.386063396930694580e-01
-1.105051562190055847e-01
-8.224289864301681519e-02
-6.827648729085922241e-02
-5.830130726099014282e-02
-5.402666702866554260e-02
-3.925551474094390869e-02
-5.518983304500579834e-02
-9.082541614770889282e-02
-1.197852119803428650e-01
-1.271668970584869385e-01
-1.163657382130622864e-01
-7.955209165811538696e-02
-8.781845867633819580e-02
-9.999000000000000000e+03
-9.999000000000000000e+03
-9.999000000000000000e+03
-9.999000000000000000e+03
-9.999000000000000000e+03
-9.999000000000000000e+03
-9.999000000000000000e+03
-9.999000000000000000e+03
-9.999000000000000000e+03
-9.999000000000000000e+03
-9.999000000000000000e+03
-9.999000000000000000e+03
-9.999000000000000000e+03
-9.999000000000000000e+03
-9.999000000000000000e+03
-1.379608064889907837e-01
-1.977852880954742432e-01
-9.999000000000000000e+03
-6.845337897539138794e-02
-8.044695854187011719e-02
-6.125950068235397339e-02
-4.218250513076782227e-02
-3.756421431899070740e-02
-3.448376059532165527e-02
-6.461253762245178223e-02
-9.331790357828140259e-02
-9.087008237838745117e-02
-8.922535926103591919e-02
-7.190344482660293579e-02
-5.802107602357864380e-02
-9.999000000000000000e+03
-9.999000000000000000e+03
-9.999000000000000000e+03
-9.999000000000000000e+03
-9.999000000000000000e+03
-9.999000000000000000e+03
-9.999000000000000000e+03
-9.999000000000000000e+03
-9.999000000000000000e+03
-9.999000000000000000e+03
-9.999000000000000000e+03
-9.999000000000000000e+03
-9.999000000000000000e+03
-9.999000000000000000e+03
-9.999000000000000000e+03
-9.999000000000000000e+03
-8.531927317380905151e-02
-1.444062143564224243e-01
-9.999000000000000000e+03
-9.999000000000000000e+03
-6.547944247722625732e-02
-5.253674462437629700e-02
-3.166905045509338379e-02
-2.636691182851791382e-02
-4.304435104131698608e-02
-6.722866743803024292e-02
-7.424216717481613159e-02
-6.577996909618377686e-02
-6.001654267311096191e-02
-2.310671284794807434e-02
-9.999000000000000000e+03
-9.999000000000000000e+03
-9.999000000000000000e+03
-9.999000000000000000e+03
-9.999000000000000000e+03
-9.999000000000000000e+03
-9.999000000000000000e+03
-9.999000000000000000e+03
-9.999000000000000000e+03
-9.999000000000000000e+03
-9.999000000000000000e+03
-9.999000000000000000e+03
-9.999000000000000000e+03
-9.999000000000000000e+03
-9.999000000000000000e+03
-9.999000000000000000e+03
-9.999000000000000000e+03
-3.014887124300003052e-02
-5.051889643073081970e-02
-9.999000000000000000e+03
-9.999000000000000000e+03
-2.984037436544895172e-02
-3.390141576528549194e-02
-2.761091664433479309e-02
-1.484336797147989273e-02
-1.768533512949943542e-02
-2.967953868210315704e-02
-3.509835526347160339e-02
-2.596393972635269165e-02
-3.127600997686386108e-02
-1.813793182373046875e-02
-9.999000000000000000e+03
-9.999000000000000000e+03
-9.999000000000000000e+03
-9.999000000000000000e+03
-9.999000000000000000e+03
-9.999000000000000000e+03
-9.999000000000000000e+03
-9.999000000000000000e+03
-9.999000000000000000e+03
-9.999000000000000000e+03
-9.999000000000000000e+03
-9.999000000000000000e+03
-9.999000000000000000e+03
-9.999000000000000000e+03
-9.999000000000000000e+03
-9.999000000000000000e+03
-9.999000000000000000e+03
-9.999000000000000000e+03
-9.999000000000000000e+03
-9.999000000000000000e+03
-9.999000000000000000e+03
-1.216501370072364807e-02
-1.507141627371311188e-02
-1.949296146631240845e-02
-1.067775208503007889e-02
8.147165179252624512e-03
1.389220263808965683e-02
2.583741210401058197e-02
2.048635296523571014e-02
-2.648368012160062790e-03
-5.473485682159662247e-03
-9.999000000000000000e+03
-9.999000000000000000e+03
-9.999000000000000000e+03
-9.999000000000000000e+03
-9.999000000000000000e+03
-9.999000000000000000e+03
-9.999000000000000000e+03
-9.999000000000000000e+03
-9.999000000000000000e+03
-9.999000000000000000e+03
-9.999000000000000000e+03
-9.999000000000000000e+03
-9.999000000000000000e+03
-9.999000000000000000e+03
-9.999000000000000000e+03
-9.999000000000000000e+03
-9.999000000000000000e+03
-9.999000000000000000e+03
-9.999000000000000000e+03
-9.999000000000000000e+03
-9.999000000000000000e+03
-9.999000000000000000e+03
-3.002042509615421295e-02
-3.710079193115234375e-02
-1.944550313055515289e-02
4.748372733592987061e-02
5.501588061451911926e-02
5.150773748755455017e-02
6.606423854827880859e-02
4.320425912737846375e-02
-9.999000000000000000e+03
-9.999000000000000000e+03
-9.999000000000000000e+03
-9.999000000000000000e+03
-9.999000000000000000e+03
-9.999000000000000000e+03
-9.999000000000000000e+03
-9.999000000000000000e+03
-9.999000000000000000e+03
-9.999000000000000000e+03
-9.999000000000000000e+03
-9.999000000000000000e+03
-9.999000000000000000e+03
-9.999000000000000000e+03
-9.999000000000000000e+03
-9.999000000000000000e+03
-9.999000000000000000e+03
-9.999000000000000000e+03
-9.999000000000000000e+03
-9.999000000000000000e+03
-9.999000000000000000e+03
-9.999000000000000000e+03
-9.999000000000000000e+03
-3.313811868429183960e-02
-6.231303140521049500e-02
-3.947924822568893433e-02
8.154009119607508183e-04
3.409290313720703125e-02
5.640967562794685364e-02
1.219120994210243225e-01
1.754108667373657227e-01
1.315800845623016357e-01
-9.999000000000000000e+03
-9.999000000000000000e+03
-9.999000000000000000e+03
-9.999000000000000000e+03
-9.999000000000000000e+03
-9.999000000000000000e+03
-9.999000000000000000e+03
-9.999000000000000000e+03
-9.999000000000000000e+03
-9.999000000000000000e+03
-9.999000000000000000e+03
-9.999000000000000000e+03
-9.999000000000000000e+03
-9.999000000000000000e+03
-9.999000000000000000e+03
-9.999000000000000000e+03
-9.999000000000000000e+03
-9.999000000000000000e+03
-9.999000000000000000e+03
-9.999000000000000000e+03
-9.999000000000000000e+03
-9.999000000000000000e+03
-9.999000000000000000e+03
-5.792205035686492920e-02
-4.085445031523704529e-02
-4.741920903325080872e-02
-6.619927287101745605e-02
-5.426762625575065613e-02
-4.230767115950584412e-02
1.263668835163116455e-01
1.433744132518768311e-01
-9.999000000000000000e+03
-9.999000000000000000e+03
-9.999000000000000000e+03
-9.999000000000000000e+03
-9.999000000000000000e+03
-9.999000000000000000e+03
-9.999000000000000000e+03
-9.999000000000000000e+03
-9.999000000000000000e+03
-9.999000000000000000e+03
-9.999000000000000000e+03
-9.999000000000000000e+03
-9.999000000000000000e+03
-9.999000000000000000e+03
-9.999000000000000000e+03
-9.999000000000000000e+03
-9.999000000000000000e+03
-9.999000000000000000e+03
-9.999000000000000000e+03
-9.999000000000000000e+03
-9.999000000000000000e+03
-9.999000000000000000e+03
-9.999000000000000000e+03
-4.503339156508445740e-02
-7.988747209310531616e-02
-1.319970488548278809e-01
-1.400184482336044312e-01
-1.530022025108337402e-01
-1.369827240705490112e-01
-8.427131921052932739e-02
-1.150356605648994446e-02
-2.380745112895965576e-02
-9.999000000000000000e+03
-9.999000000000000000e+03
-9.999000000000000000e+03
-9.999000000000000000e+03
-9.999000000000000000e+03
-9.999000000000000000e+03
-9.999000000000000000e+03
-9.999000000000000000e+03
-9.999000000000000000e+03
-9.999000000000000000e+03
-9.999000000000000000e+03
-9.999000000000000000e+03
-9.999000000000000000e+03
-9.999000000000000000e+03
-9.999000000000000000e+03
-9.999000000000000000e+03
-9.999000000000000000e+03
-9.999000000000000000e+03
-9.999000000000000000e+03
-9.999000000000000000e+03
-9.999000000000000000e+03
-9.999000000000000000e+03
3.097071778029203415e-03
-5.849488824605941772e-02
-8.677344024181365967e-02
-9.986998140811920166e-02
-1.059570908546447754e-01
-1.051718741655349731e-01
-1.081322953104972839e-01
-9.187028557062149048e-02
-5.028851330280303955e-02
-2.929511852562427521e-02
-1.568808965384960175e-02
9.617869742214679718e-03
2.012434042990207672e-02
-9.999000000000000000e+03
-9.999000000000000000e+03
-9.999000000000000000e+03
-9.999000000000000000e+03
-9.999000000000000000e+03
-9.999000000000000000e+03
-9.999000000000000000e+03
-9.999000000000000000e+03
-9.999000000000000000e+03
-9.999000000000000000e+03
-9.999000000000000000e+03
-9.999000000000000000e+03
-9.999000000000000000e+03
-9.999000000000000000e+03
-9.999000000000000000e+03
-9.999000000000000000e+03
-9.999000000000000000e+03
-3.339732298627495766e-03
9.419745765626430511e-04
1.858639996498823166e-03
-1.255470700562000275e-02
-4.115602374076843262e-02
-6.071395799517631531e-02
-5.834592506289482117e-02
-5.927665531635284424e-02
-5.474773421883583069e-02
-8.643430192023515701e-06
4.159754142165184021e-02
1.747005432844161987e-02
1.917387545108795166e-02
2.449998818337917328e-02
-9.999000000000000000e+03
-9.999000000000000000e+03
-9.999000000000000000e+03
-9.999000000000000000e+03
-9.999000000000000000e+03
-9.999000000000000000e+03
-9.999000000000000000e+03
-9.999000000000000000e+03
-9.999000000000000000e+03
-9.999000000000000000e+03
-9.999000000000000000e+03
-9.999000000000000000e+03
-9.999000000000000000e+03
-9.999000000000000000e+03
-9.999000000000000000e+03
-4.301409237086772919e-03
-6.738367956131696701e-03
-2.348036505281925201e-02
-2.500274777412414551e-02
-6.116867531090974808e-03
1.494325406383723021e-04
-5.123255774378776550e-03
-2.919206209480762482e-02
-5.181283503770828247e-02
-5.728416517376899719e-02
-4.286608472466468811e-02
-2.717897668480873108e-02
5.030714906752109528e-03
-1.109946146607398987e-02
-9.999000000000000000e+03
-9.999000000000000000e+03
-9.999000000000000000e+03
-9.999000000000000000e+03
-9.999000000000000000e+03
-9.999000000000000000e+03
-9.999000000000000000e+03
-9.999000000000000000e+03
-9.999000000000000000e+03
-9.999000000000000000e+03
-9.999000000000000000e+03
-9.999000000000000000e+03
-9.999000000000000000e+03
-9.999000000000000000e+03
-9.999000000000000000e+03
-9.999000000000000000e+03
-1.330247055739164352e-02
-3.781480481848120689e-03
-3.075107466429471970e-03
-1.445090677589178085e-02
-3.175802156329154968e-02
-1.684152521193027496e-02
5.055026616901159286e-03
1.260078139603137970e-02
-1.156527723651379347e-04
-1.496396400034427643e-02
-5.127020552754402161e-02
-7.996723055839538574e-02
-7.661877572536468506e-02
-5.605006590485572815e-02
-9.999000000000000000e+03
-9.999000000000000000e+03
-9.999000000000000000e+03
-9.999000000000000000e+03
-9.999000000000000000e+03
-9.999000000000000000e+03
-9.999000000000000000e+03
-9.999000000000000000e+03
-9.999000000000000000e+03
-9.999000000000000000e+03
-9.999000000000000000e+03
-9.999000000000000000e+03
-9.999000000000000000e+03
-9.999000000000000000e+03
-9.999000000000000000e+03
-9.999000000000000000e+03
-9.999000000000000000e+03
-2.190416865050792694e-02
-1.806555688381195068e-02
-2.858809567987918854e-02
-4.372598603367805481e-02
-5.254930630326271057e-02
-3.477532789111137390e-02
-8.560086600482463837e-03
1.562694460153579712e-02
2.369345165789127350e-02
3.802071139216423035e-02
2.487746439874172211e-02
-1.963400840759277344e-02
-3.462972119450569153e-02
-5.494428426027297974e-02
-9.999000000000000000e+03
-9.999000000000000000e+03
-9.999000000000000000e+03
-9.999000000000000000e+03
-9.999000000000000000e+03
-9.999000000000000000e+03
-9.999000000000000000e+03
-9.999000000000000000e+03
-9.999000000000000000e+03
-9.999000000000000000e+03
-9.999000000000000000e+03
-9.999000000000000000e+03
-9.999000000000000000e+03
-9.999000000000000000e+03
-9.999000000000000000e+03
-9.999000000000000000e+03
-9.999000000000000000e+03
-3.702033311128616333e-02
-4.668780043721199036e-02
-4.849268868565559387e-02
-4.716139286756515503e-02
-4.899944365024566650e-02
-2.708454057574272156e-02
5.156321451067924500e-03
1.925243251025676727e-02
2.907307073473930359e-02
3.111910447478294373e-02
2.850324288010597229e-02
2.894810214638710022e-02
-2.237340901046991348e-03
-9.999000000000000000e+03
-9.999000000000000000e+03
-9.999000000000000000e+03
-9.999000000000000000e+03
-9.999000000000000000e+03
-9.999000000000000000e+03
-9.999000000000000000e+03
-9.999000000000000000e+03
-9.999000000000000000e+03
-9.999000000000000000e+03
-9.999000000000000000e+03
-9.999000000000000000e+03
-9.999000000000000000e+03
-9.999000000000000000e+03
-9.999000000000000000e+03
-9.999000000000000000e+03
-9.999000000000000000e+03
-9.999000000000000000e+03
-3.827020525932312012e-02
-4.554511234164237976e-02
-3.655899688601493835e-02
-2.843462117016315460e-02
-1.885645324364304543e-03
9.482907131314277649e-03
1.604053005576133728e-02
2.316982485353946686e-02
3.598402440547943115e-02
6.419856846332550049e-02
3.563648462295532227e-02
3.125719493255019188e-03
-9.999000000000000000e+03
-9.999000000000000000e+03
-9.999000000000000000e+03
-9.999000000000000000e+03
-9.999000000000000000e+03
-9.999000000000000000e+03
-9.999000000000000000e+03
-9.999000000000000000e+03
-9.999000000000000000e+03
-9.999000000000000000e+03
-9.999000000000000000e+03
-9.999000000000000000e+03
-9.999000000000000000e+03
-9.999000000000000000e+03
-9.999000000000000000e+03
-9.999000000000000000e+03
-9.999000000000000000e+03
-9.999000000000000000e+03
-9.999000000000000000e+03
-2.730625122785568237e-02
-2.278127521276473999e-02
-9.524635039269924164e-03
3.236942226067185402e-03
7.682646065950393677e-02
7.522516697645187378e-02
5.495088174939155579e-02
3.493046388030052185e-02
2.912640199065208435e-02
2.124832384288311005e-02
-9.999000000000000000e+03
-9.999000000000000000e+03
-9.999000000000000000e+03
-9.999000000000000000e+03
-9.999000000000000000e+03
-9.999000000000000000e+03
-9.999000000000000000e+03
-9.999000000000000000e+03
-9.999000000000000000e+03
-9.999000000000000000e+03
-9.999000000000000000e+03
-9.999000000000000000e+03
-9.999000000000000000e+03
-9.999000000000000000e+03
-9.999000000000000000e+03
-9.999000000000000000e+03
-9.999000000000000000e+03
-9.999000000000000000e+03
-9.999000000000000000e+03
-9.999000000000000000e+03
-9.999000000000000000e+03
-2.212331630289554596e-03
2.051483839750289917e-02
5.013310536742210388e-02
8.396865427494049072e-02
1.104855537414550781e-01
9.158180654048919678e-02
-9.999000000000000000e+03
-9.999000000000000000e+03
-9.999000000000000000e+03
-9.999000000000000000e+03
-9.999000000000000000e+03
-9.999000000000000000e+03
-9.999000000000000000e+03
-9.999000000000000000e+03
-9.999000000000000000e+03
-9.999000000000000000e+03
-9.999000000000000000e+03
-9.999000000000000000e+03
-9.999000000000000000e+03
-9.999000000000000000e+03
-9.999000000000000000e+03
-9.999000000000000000e+03
-9.999000000000000000e+03
-9.999000000000000000e+03
-9.999000000000000000e+03
-9.999000000000000000e+03
-9.999000000000000000e+03
-9.999000000000000000e+03
-9.999000000000000000e+03
-9.999000000000000000e+03
-9.999000000000000000e+03
3.407036187127232552e-03
2.091083303093910217e-02
6.167925894260406494e-02
-9.999000000000000000e+03
-9.999000000000000000e+03
-9.999000000000000000e+03
-9.999000000000000000e+03
-9.999000000000000000e+03
-9.999000000000000000e+03
-9.999000000000000000e+03
-9.999000000000000000e+03
-9.999000000000000000e+03
-9.999000000000000000e+03
-9.999000000000000000e+03
-9.999000000000000000e+03
-9.999000000000000000e+03
-9.999000000000000000e+03
-9.999000000000000000e+03
-9.999000000000000000e+03
-9.999000000000000000e+03
-9.999000000000000000e+03
-9.999000000000000000e+03
-9.999000000000000000e+03
-9.999000000000000000e+03
-9.999000000000000000e+03
-9.999000000000000000e+03
-9.999000000000000000e+03
-9.999000000000000000e+03
-9.999000000000000000e+03
-9.999000000000000000e+03
-9.999000000000000000e+03
