5.418772250413894653e-02
5.190114676952362061e-02
3.734802082180976868e-02
2.606494724750518799e-02
4.394988343119621277e-02
3.072226047515869141e-02
2.923362515866756439e-02
3.497190400958061218e-02
2.627680264413356781e-02
2.557580173015594482e-02
-1.680054143071174622e-02
-9.999000000000000000e+03
-9.999000000000000000e+03
-9.999000000000000000e+03
-9.999000000000000000e+03
-9.999000000000000000e+03
-9.999000000000000000e+03
-9.999000000000000000e+03
-9.999000000000000000e+03
-9.999000000000000000e+03
-9.999000000000000000e+03
-9.999000000000000000e+03
-9.999000000000000000e+03
3.782525658607482910e-02
9.462114423513412476e-02
9.536332637071609497e-02
1.154893711209297180e-01
1.401221603155136108e-01
1.531713306903839111e-01
1.547262817621231079e-01
1.579328179359436035e-01
-1.816988107748329639e-03
-5.418616347014904022e-03
-2.121620066463947296e-02
-3.298021852970123291e-02
-2.296254038810729980e-02
-4.071911796927452087e-02
-3.967259451746940613e-02
-2.251025289297103882e-02
-1.371087506413459778e-02
2.014033496379852295e-03
2.403013240837026387e-05
1.374048413708806038e-03
-9.999000000000000000e+03
-9.999000000000000000e+03
-9.999000000000000000e+03
-9.999000000000000000e+03
-9.999000000000000000e+03
-9.999000000000000000e+03
-9.999000000000000000e+03
-9.999000000000000000e+03
-9.999000000000000000e+03
6.200460344552993774e-02
8.662091940641403198e-02
8.336808532476425171e-02
1.153562292456626892e-01
1.094711050391197205e-01
1.093163192272186279e-01
1.187442243099212646e-01
1.265494525432586670e-01
1.440178304910659790e-01
1.555622518062591553e-01
-3.852629289031028748e-02
-5.240454152226448059e-02
-7.187008112668991089e-02
-8.599339425563812256e-02
-8.027750253677368164e-02
-8.705400675535202026e-02
-7.964657247066497803e-02
-5.803951993584632874e-02
-3.661927208304405212e-02
-2.242549136281013489e-02
-2.469170466065406799e-02
-1.565754041075706482e-02
-9.999000000000000000e+03
-9.999000000000000000e+03
-9.999000000000000000e+03
-9.999000000000000000e+03
-9.999000000000000000e+03
-9.999000000000000000e+03
-9.999000000000000000e+03
1.224704608321189880e-01
1.136418581008911133e-01
1.261420994997024536e-01
1.120415925979614258e-01
9.580423682928085327e-02
8.269581198692321777e-02
6.783172488212585449e-02
7.470872253179550171e-02
7.041655480861663818e-02
8.725360035896301270e-02
1.188531741499900818e-01
1.263339668512344360e-01
-6.691010296344757080e-02
-8.297981321811676025e-02
-9.944558143615722656e-02
-1.114325225353240967e-01
-1.168613582849502563e-01
-1.221858486533164978e-01
-1.083333045244216919e-01
-7.897523045539855957e-02
-5.775100365281105042e-02
-3.728188946843147278e-02
-3.970788419246673584e-02
-1.754684373736381531e-02
7.435984909534454346e-03
-9.999000000000000000e+03
-9.999000000000000000e+03
-9.999000000000000000e+03
1.029452085494995117e-01
1.500742435455322266e-01
1.843925863504409790e-01
1.631724834442138672e-01
1.404901295900344849e-01
1.195728853344917297e-01
6.989881396293640137e-02
3.919022157788276672e-02
2.357664750888943672e-03
-2.605044841766357422e-02
-1.991174882277846336e-03
6.748746964149177074e-04
3.161682933568954468e-02
7.300995290279388428e-02
9.695454686880111694e-02
-8.266455680131912231e-02
-1.008316129446029663e-01
-1.134317740797996521e-01
-1.190782189369201660e-01
-1.277651488780975342e-01
-1.321545988321304321e-01
-1.184720769524574280e-01
-9.300158917903900146e-02
-7.953450828790664673e-02
-6.102056801319122314e-02
-3.003578819334506989e-02
1.484278240241110325e-03
2.091092616319656372e-02
3.933858126401901245e-02
7.273919880390167236e-02
1.123420298099517822e-01
1.275735348463058472e-01
1.216188594698905945e-01
1.213838830590248108e-01
8.141230046749114990e-02
6.229373067617416382e-02
2.352388575673103333e-02
-6.000216305255889893e-02
-7.306507974863052368e-02
-9.747141599655151367e-02
-9.088963270187377930e-02
-6.235631555318832397e-02
-3.808492422103881836e-02
8.192950859665870667e-03
5.322055891156196594e-02
8.035463839769363403e-02
-9.325470030307769775e-02
-1.052324697375297546e-01
-1.114275902509689331e-01
-1.145426332950592041e-01
-1.257808655500411987e-01
-1.283387988805770874e-01
-1.182888224720954895e-01
-1.051029637455940247e-01
-9.494978189468383789e-02
-6.424144655466079712e-02
-1.545510534197092056e-02
2.228015102446079254e-02
2.888997271656990051e-02
4.060288146138191223e-02
4.765977710485458374e-02
6.870150566101074219e-02
5.049074441194534302e-02
4.428586456924676895e-03
-2.413621172308921814e-02
-8.134886622428894043e-02
-9.910175204277038574e-02
-1.112379059195518494e-01
-1.429351568222045898e-01
-1.442531794309616089e-01
-1.333788186311721802e-01
-9.087091684341430664e-02
-6.279566884040832520e-02
-3.632012754678726196e-02
-6.842012051492929459e-03
2.494991198182106018e-02
4.307546094059944153e-02
-8.887732028961181641e-02
-1.075129359960556030e-01
-1.127451881766319275e-01
-1.135097444057464600e-01
-1.189201846718788147e-01
-1.257879137992858887e-01
-1.154146343469619751e-01
-1.137133389711380005e-01
-8.110781013965606689e-02
-3.774221241474151611e-02
-6.337538361549377441e-04
1.618446782231330872e-02
1.880422793328762054e-02
1.255247183144092560e-02
-1.498993579298257828e-02
-2.074102684855461121e-02
-5.605336278676986694e-02
-9.707426279783248901e-02
-1.132415384054183960e-01
-1.533667594194412231e-01
-1.620745956897735596e-01
-1.620621383190155029e-01
-1.503840982913970947e-01
-1.423680335283279419e-01
-1.207253858447074890e-01
-9.493120014667510986e-02
-5.948147177696228027e-02
-3.772619739174842834e-02
-2.671164646744728088e-02
-3.198022255674004555e-03
1.734097371809184551e-03
-7.205572724342346191e-02
-1.007457450032234192e-01
-1.228670328855514526e-01
-1.122742295265197754e-01
-1.093891412019729614e-01
-1.029337123036384583e-01
-9.538552165031433105e-02
-8.820727467536926270e-02
-5.434075370430946350e-02
-2.139945514500141144e-02
-6.985804997384548187e-03
-1.363878324627876282e-02
-2.512922696769237518e-02
-4.291168972849845886e-02
-7.715577632188796997e-02
-9.129418432712554932e-02
-1.330483704805374146e-01
-1.643548905849456787e-01
-1.713200658559799194e-01
-1.684006303548812866e-01
-1.555084735155105591e-01
-1.477771103382110596e-01
-1.296142488718032837e-01
-1.210826113820075989e-01
-1.117493063211441040e-01
-1.130535230040550232e-01
-8.698722720146179199e-02
-7.226797938346862793e-02
-6.097929924726486206e-02
-3.967602923512458801e-02
-4.849084466695785522e-02
-6.777516007423400879e-02
-9.066810458898544312e-02
-1.043778359889984131e-01
-9.005551040172576904e-02
-8.484970778226852417e-02
-8.916284143924713135e-02
-7.735135406255722046e-02
-4.406559839844703674e-02
-1.705540902912616730e-02
-1.137220673263072968e-02
-1.948648691177368164e-02
-4.153782874345779419e-02
-8.475142717361450195e-02
-1.211732551455497742e-01
-1.456423252820968628e-01
-1.553400009870529175e-01
-1.776827722787857056e-01
-1.837933063507080078e-01
-1.764364093542098999e-01
-1.487208753824234009e-01
-1.209111213684082031e-01
-1.106079891324043274e-01
-8.725535869598388672e-02
-8.918000012636184692e-02
-6.791257858276367188e-02
-1.013705804944038391e-01
-1.065971329808235168e-01
-1.108259782195091248e-01
-1.051805093884468079e-01
-9.069478511810302734e-02
-9.813266247510910034e-02
-1.078752800822257996e-01
-8.458881080150604248e-02
-5.840532109141349792e-02
-4.130453616380691528e-02
-3.455545753240585327e-02
-3.232045099139213562e-02
-2.917473204433917999e-02
-1.831997558474540710e-02
1.056885905563831329e-02
-9.690643288195133209e-03
-5.267198756337165833e-02
-1.004397273063659668e-01
-1.313363015651702881e-01
-1.482971608638763428e-01
-1.606512665748596191e-01
-1.750704348087310791e-01
-1.913428902626037598e-01
-1.279709488153457642e-01
-1.383979916572570801e-01
-1.018122956156730652e-01
-8.243247121572494507e-02
-9.999000000000000000e+03
-9.999000000000000000e+03
-9.999000000000000000e+03
-9.999000000000000000e+03
-9.999000000000000000e+03
-9.999000000000000000e+03
-1.294999718666076660e-01
-1.150016784667968750e-01
-1.306272596120834351e-01
-1.506963372230529785e-01
-9.425769746303558350e-02
-6.833644211292266846e-02
-4.876519739627838135e-02
-3.335259109735488892e-02
-2.477883175015449524e-02
-7.372534368187189102e-03
-4.700658610090613365e-04
8.397814817726612091e-03
9.608430787920951843e-03
-2.474159561097621918e-02
-7.341592013835906982e-02
-1.330915540456771851e-01
-1.467490792274475098e-01
-1.533599793910980225e-01
-1.576552391052246094e-01
-1.437837481498718262e-01
-1.270247995853424072e-01
-9.999000000000000000e+03
-9.999000000000000000e+03
-9.999000000000000000e+03
-9.999000000000000000e+03
-9.999000000000000000e+03
-9.999000000000000000e+03
-9.999000000000000000e+03
-9.999000000000000000e+03
-9.999000000000000000e+03
-9.999000000000000000e+03
-6.576096266508102417e-02
-9.932424128055572510e-02
-1.364903002977371216e-01
-1.653089374303817749e-01
-7.633481919765472412e-02
-7.202517986297607422e-02
-5.853902176022529602e-02
-4.513048008084297180e-02
-2.687746472656726837e-02
-1.287014037370681763e-02
-7.504017092287540436e-03
1.552897621877491474e-03
-1.735646091401576996e-02
-7.554846256971359253e-02
-1.104158759117126465e-01
-1.333193033933639526e-01
-1.363098621368408203e-01
-1.462682336568832397e-01
-9.190680086612701416e-02
-9.982479363679885864e-02
-9.999000000000000000e+03
-9.999000000000000000e+03
-9.999000000000000000e+03
-9.999000000000000000e+03
-9.999000000000000000e+03
-9.999000000000000000e+03
-9.999000000000000000e+03
-9.999000000000000000e+03
-9.999000000000000000e+03
-9.999000000000000000e+03
-9.999000000000000000e+03
-9.999000000000000000e+03
-5.230610072612762451e-02
-1.254231780767440796e-01
-1.762666851282119751e-01
-1.251332461833953857e-01
-1.046805679798126221e-01
-8.685873448848724365e-02
-7.516822218894958496e-02
-4.663249105215072632e-02
-3.253737464547157288e-02
-3.750396519899368286e-02
-4.611828550696372986e-02
-7.836236059665679932e-02
-1.089498996734619141e-01
-1.240701153874397278e-01
-1.168280094861984253e-01
-8.652197569608688354e-02
-9.899378567934036255e-02
-9.999000000000000000e+03
-9.999000000000000000e+03
-9.999000000000000000e+03
-9.999000000000000000e+03
-9.999000000000000000e+03
-9.999000000000000000e+03
-9.999000000000000000e+03
-9.999000000000000000e+03
-9.999000000000000000e+03
-9.999000000000000000e+03
-9.999000000000000000e+03
-9.999000000000000000e+03
-9.999000000000000000e+03
-9.999000000000000000e+03
-9.999000000000000000e+03
-8.118312060832977295e-02
-1.351346075534820557e-01
-9.999000000000000000e+03
-7.270295172929763794e-02
-8.583980053663253784e-02
-8.117589354515075684e-02
-7.310752570629119873e-02
-6.708544492721557617e-02
-8.757293969392776489e-02
-1.031365245580673218e-01
-1.207964643836021423e-01
-1.018337234854698181e-01
-9.233772009611129761e-02
-7.141968607902526855e-02
-6.324176490306854248e-02
-9.999000000000000000e+03
-9.999000000000000000e+03
-9.999000000000000000e+03
-9.999000000000000000e+03
-9.999000000000000000e+03
-9.999000000000000000e+03
-9.999000000000000000e+03
-9.999000000000000000e+03
-9.999000000000000000e+03
-9.999000000000000000e+03
-9.999000000000000000e+03
-9.999000000000000000e+03
-9.999000000000000000e+03
-9.999000000000000000e+03
-9.999000000000000000e+03
-9.999000000000000000e+03
-4.237759858369827271e-02
-8.046773821115493774e-02
-9.999000000000000000e+03
-9.999000000000000000e+03
-6.949690729379653931e-02
-7.069380581378936768e-02
-7.334290444850921631e-02
-7.959718257188796997e-02
-9.577667713165283203e-02
-1.120223850011825562e-01
-9.910894930362701416e-02
-5.585593357682228088e-02
-3.734616935253143311e-02
-1.887442544102668762e-02
-9.999000000000000000e+03
-9.999000000000000000e+03
-9.999000000000000000e+03
-9.999000000000000000e+03
-9.999000000000000000e+03
-9.999000000000000000e+03
-9.999000000000000000e+03
-9.999000000000000000e+03
-9.999000000000000000e+03
-9.999000000000000000e+03
-9.999000000000000000e+03
-9.999000000000000000e+03
-9.999000000000000000e+03
-9.999000000000000000e+03
-9.999000000000000000e+03
-9.999000000000000000e+03
-9.999000000000000000e+03
-1.397643145173788071e-02
-2.236419171094894409e-02
-9.999000000000000000e+03
-9.999000000000000000e+03
-4.308746010065078735e-02
-5.093298852443695068e-02
-4.951807856559753418e-02
-5.320338904857635498e-02
-6.129454448819160461e-02
-7.514899969100952148e-02
-7.901071757078170776e-02
-7.354817539453506470e-02
-4.175412282347679138e-02
-2.706327289342880249e-02
-9.999000000000000000e+03
-9.999000000000000000e+03
-9.999000000000000000e+03
-9.999000000000000000e+03
-9.999000000000000000e+03
-9.999000000000000000e+03
-9.999000000000000000e+03
-9.999000000000000000e+03
-9.999000000000000000e+03
-9.999000000000000000e+03
-9.999000000000000000e+03
-9.999000000000000000e+03
-9.999000000000000000e+03
-9.999000000000000000e+03
-9.999000000000000000e+03
-9.999000000000000000e+03
-9.999000000000000000e+03
-9.999000000000000000e+03
-9.999000000000000000e+03
-9.999000000000000000e+03
-9.999000000000000000e+03
-1.363186910748481750e-02
-5.649101920425891876e-03
-1.027204841375350952e-02
-1.537069119513034821e-02
-9.983138181269168854e-03
-3.024951741099357605e-02
-6.651265174150466919e-02
-8.636329323053359985e-02
-7.515337318181991577e-02
-5.911898612976074219e-02
-9.999000000000000000e+03
-9.999000000000000000e+03
-9.999000000000000000e+03
-9.999000000000000000e+03
-9.999000000000000000e+03
-9.999000000000000000e+03
-9.999000000000000000e+03
-9.999000000000000000e+03
-9.999000000000000000e+03
-9.999000000000000000e+03
-9.999000000000000000e+03
-9.999000000000000000e+03
-9.999000000000000000e+03
-9.999000000000000000e+03
-9.999000000000000000e+03
-9.999000000000000000e+03
-9.999000000000000000e+03
-9.999000000000000000e+03
-9.999000000000000000e+03
-9.999000000000000000e+03
-9.999000000000000000e+03
-9.999000000000000000e+03
-1.216012705117464066e-02
-1.394867897033691406e-02
2.040947321802377701e-03
3.147625550627708435e-02
3.808048367500305176e-02
2.007882297039031982e-02
3.272125497460365295e-02
-2.176975831389427185e-02
-9.999000000000000000e+03
-9.999000000000000000e+03
-9.999000000000000000e+03
-9.999000000000000000e+03
-9.999000000000000000e+03
-9.999000000000000000e+03
-9.999000000000000000e+03
-9.999000000000000000e+03
-9.999000000000000000e+03
-9.999000000000000000e+03
-9.999000000000000000e+03
-9.999000000000000000e+03
-9.999000000000000000e+03
-9.999000000000000000e+03
-9.999000000000000000e+03
-9.999000000000000000e+03
-9.999000000000000000e+03
-9.999000000000000000e+03
-9.999000000000000000e+03
-9.999000000000000000e+03
-9.999000000000000000e+03
-9.999000000000000000e+03
-9.999000000000000000e+03
-5.488650873303413391e-03
-2.199073322117328644e-02
-1.836492121219635010e-02
3.922574222087860107e-03
7.014987617731094360e-02
6.811121851205825806e-02
1.534375846385955811e-01
1.798738390207290649e-01
1.193153187632560730e-01
-9.999000000000000000e+03
-9.999000000000000000e+03
-9.999000000000000000e+03
-9.999000000000000000e+03
-9.999000000000000000e+03
-9.999000000000000000e+03
-9.999000000000000000e+03
-9.999000000000000000e+03
-9.999000000000000000e+03
-9.999000000000000000e+03
-9.999000000000000000e+03
-9.999000000000000000e+03
-9.999000000000000000e+03
-9.999000000000000000e+03
-9.999000000000000000e+03
-9.999000000000000000e+03
-9.999000000000000000e+03
-9.999000000000000000e+03
-9.999000000000000000e+03
-9.999000000000000000e+03
-9.999000000000000000e+03
-9.999000000000000000e+03
-9.999000000000000000e+03
-3.434589505195617676e-02
-2.711090445518493652e-02
-1.971053658053278923e-03
5.977360531687736511e-02
1.184648126363754272e-01
1.228121295571327209e-01
1.885713636875152588e-01
1.699037551879882812e-01
-9.999000000000000000e+03
-9.999000000000000000e+03
-9.999000000000000000e+03
-9.999000000000000000e+03
-9.999000000000000000e+03
-9.999000000000000000e+03
-9.999000000000000000e+03
-9.999000000000000000e+03
-9.999000000000000000e+03
-9.999000000000000000e+03
-9.999000000000000000e+03
-9.999000000000000000e+03
-9.999000000000000000e+03
-9.999000000000000000e+03
-9.999000000000000000e+03
-9.999000000000000000e+03
-9.999000000000000000e+03
-9.999000000000000000e+03
-9.999000000000000000e+03
-9.999000000000000000e+03
-9.999000000000000000e+03
-9.999000000000000000e+03
-9.999000000000000000e+03
-3.574288636445999146e-02
-4.306199029088020325e-02
-2.880049683153629303e-02
-5.323055759072303772e-02
-2.557209134101867676e-02
-7.659114152193069458e-02
-2.000244148075580597e-02
7.447990030050277710e-02
1.097139492630958557e-01
-9.999000000000000000e+03
-9.999000000000000000e+03
-9.999000000000000000e+03
-9.999000000000000000e+03
-9.999000000000000000e+03
-9.999000000000000000e+03
-9.999000000000000000e+03
-9.999000000000000000e+03
-9.999000000000000000e+03
-9.999000000000000000e+03
-9.999000000000000000e+03
-9.999000000000000000e+03
-9.999000000000000000e+03
-9.999000000000000000e+03
-9.999000000000000000e+03
-9.999000000000000000e+03
-9.999000000000000000e+03
-9.999000000000000000e+03
-9.999000000000000000e+03
-9.999000000000000000e+03
-9.999000000000000000e+03
-9.999000000000000000e+03
-3.327601402997970581e-02
-7.322717458009719849e-02
-8.689082413911819458e-02
-8.968082070350646973e-02
-1.097823828458786011e-01
-1.199658811092376709e-01
-1.021418347954750061e-01
-9.232230484485626221e-02
-1.789757795631885529e-02
7.052892446517944336e-02
7.163077592849731445e-02
2.126235328614711761e-02
1.352580497041344643e-03
-9.999000000000000000e+03
-9.999000000000000000e+03
-9.999000000000000000e+03
-9.999000000000000000e+03
-9.999000000000000000e+03
-9.999000000000000000e+03
-9.999000000000000000e+03
-9.999000000000000000e+03
-9.999000000000000000e+03
-9.999000000000000000e+03
-9.999000000000000000e+03
-9.999000000000000000e+03
-9.999000000000000000e+03
-9.999000000000000000e+03
-9.999000000000000000e+03
-9.999000000000000000e+03
-9.999000000000000000e+03
-5.869486555457115173e-02
-5.712999776005744934e-02
-6.088742986321449280e-02
-4.278944805264472961e-02
-3.791875392198562622e-02
-5.262692272663116455e-02
-5.533387511968612671e-02
-6.344808638095855713e-02
-6.426035612821578979e-02
-2.324696816504001617e-02
1.112620625644922256e-02
-1.177372294478118420e-03
-1.144770998507738113e-02
-1.891395077109336853e-02
-9.999000000000000000e+03
-9.999000000000000000e+03
-9.999000000000000000e+03
-9.999000000000000000e+03
-9.999000000000000000e+03
-9.999000000000000000e+03
-9.999000000000000000e+03
-9.999000000000000000e+03
-9.999000000000000000e+03
-9.999000000000000000e+03
-9.999000000000000000e+03
-9.999000000000000000e+03
-9.999000000000000000e+03
-9.999000000000000000e+03
-9.999000000000000000e+03
-5.381100624799728394e-02
-5.513415113091468811e-02
-1.075434088706970215e-01
-9.576324373483657837e-02
-5.625163018703460693e-02
-2.000446431338787079e-02
1.213792711496353149e-03
1.327750389464199543e-03
-1.002713665366172791e-02
-3.542951866984367371e-02
-3.033460304141044617e-02
-1.705308258533477783e-02
-5.013085901737213135e-03
-2.330436930060386658e-02
-9.999000000000000000e+03
-9.999000000000000000e+03
-9.999000000000000000e+03
-9.999000000000000000e+03
-9.999000000000000000e+03
-9.999000000000000000e+03
-9.999000000000000000e+03
-9.999000000000000000e+03
-9.999000000000000000e+03
-9.999000000000000000e+03
-9.999000000000000000e+03
-9.999000000000000000e+03
-9.999000000000000000e+03
-9.999000000000000000e+03
-9.999000000000000000e+03
-9.999000000000000000e+03
-5.345212668180465698e-02
-8.513042330741882324e-02
-1.034565046429634094e-01
-1.311239302158355713e-01
-1.245572268962860107e-01
-7.472471147775650024e-02
-2.000986784696578979e-02
-6.948599475435912609e-04
2.813202736433595419e-04
-1.975474879145622253e-02
-5.111277475953102112e-02
-6.662433594465255737e-02
-7.203570753335952759e-02
-4.045203700661659241e-02
-9.999000000000000000e+03
-9.999000000000000000e+03
-9.999000000000000000e+03
-9.999000000000000000e+03
-9.999000000000000000e+03
-9.999000000000000000e+03
-9.999000000000000000e+03
-9.999000000000000000e+03
-9.999000000000000000e+03
-9.999000000000000000e+03
-9.999000000000000000e+03
-9.999000000000000000e+03
-9.999000000000000000e+03
-9.999000000000000000e+03
-9.999000000000000000e+03
-9.999000000000000000e+03
-9.999000000000000000e+03
-5.929557234048843384e-02
-9.519470483064651489e-02
-1.310577094554901123e-01
-1.339563429355621338e-01
-1.072595566511154175e-01
-7.792866230010986328e-02
-4.413934051990509033e-02
-2.731399424374103546e-02
-1.419918145984411240e-02
-1.090138405561447144e-02
-2.861801907420158386e-02
-5.052462592720985413e-02
-4.054884240031242371e-02
-4.727832973003387451e-02
-9.999000000000000000e+03
-9.999000000000000000e+03
-9.999000000000000000e+03
-9.999000000000000000e+03
-9.999000000000000000e+03
-9.999000000000000000e+03
-9.999000000000000000e+03
-9.999000000000000000e+03
-9.999000000000000000e+03
-9.999000000000000000e+03
-9.999000000000000000e+03
-9.999000000000000000e+03
-9.999000000000000000e+03
-9.999000000000000000e+03
-9.999000000000000000e+03
-9.999000000000000000e+03
-9.999000000000000000e+03
-1.032388880848884583e-01
-1.128410845994949341e-01
-1.188987493515014648e-01
-1.172084361314773560e-01
-9.579469263553619385e-02
-6.670659035444259644e-02
-4.469368234276771545e-02
-2.668733708560466766e-02
-1.463126763701438904e-02
-5.309559404850006104e-03
-1.844557374715805054e-02
-2.024454809725284576e-02
-8.305794559419155121e-03
-9.999000000000000000e+03
-9.999000000000000000e+03
-9.999000000000000000e+03
-9.999000000000000000e+03
-9.999000000000000000e+03
-9.999000000000000000e+03
-9.999000000000000000e+03
-9.999000000000000000e+03
-9.999000000000000000e+03
-9.999000000000000000e+03
-9.999000000000000000e+03
-9.999000000000000000e+03
-9.999000000000000000e+03
-9.999000000000000000e+03
-9.999000000000000000e+03
-9.999000000000000000e+03
-9.999000000000000000e+03
-9.999000000000000000e+03
-9.332857280969619751e-02
-8.545931428670883179e-02
-8.188306540250778198e-02
-8.606455475091934204e-02
-6.760107725858688354e-02
-4.625286161899566650e-02
-2.292809635400772095e-02
2.788520185276865959e-03
-6.803167518228292465e-03
-2.270057424902915955e-02
-2.284490503370761871e-02
-3.009923920035362244e-02
-9.999000000000000000e+03
-9.999000000000000000e+03
-9.999000000000000000e+03
-9.999000000000000000e+03
-9.999000000000000000e+03
-9.999000000000000000e+03
-9.999000000000000000e+03
-9.999000000000000000e+03
-9.999000000000000000e+03
-9.999000000000000000e+03
-9.999000000000000000e+03
-9.999000000000000000e+03
-9.999000000000000000e+03
-9.999000000000000000e+03
-9.999000000000000000e+03
-9.999000000000000000e+03
-9.999000000000000000e+03
-9.999000000000000000e+03
-9.999000000000000000e+03
-6.169611215591430664e-02
-4.652774706482887268e-02
-4.293237254023551941e-02
-5.376231297850608826e-02
-1.007472164928913116e-02
7.769586052745580673e-03
1.670074276626110077e-02
1.264968607574701309e-02
3.365846816450357437e-03
-7.403066847473382950e-03
-9.999000000000000000e+03
-9.999000000000000000e+03
-9.999000000000000000e+03
-9.999000000000000000e+03
-9.999000000000000000e+03
-9.999000000000000000e+03
-9.999000000000000000e+03
-9.999000000000000000e+03
-9.999000000000000000e+03
-9.999000000000000000e+03
-9.999000000000000000e+03
-9.999000000000000000e+03
-9.999000000000000000e+03
-9.999000000000000000e+03
-9.999000000000000000e+03
-9.999000000000000000e+03
-9.999000000000000000e+03
-9.999000000000000000e+03
-9.999000000000000000e+03
-9.999000000000000000e+03
-9.999000000000000000e+03
-4.267700016498565674e-02
1.673160470090806484e-03
1.760445348918437958e-02
2.216452173888683319e-02
3.195992857217788696e-02
2.371564134955406189e-02
-9.999000000000000000e+03
-9.999000000000000000e+03
-9.999000000000000000e+03
-9.999000000000000000e+03
-9.999000000000000000e+03
-9.999000000000000000e+03
-9.999000000000000000e+03
-9.999000000000000000e+03
-9.999000000000000000e+03
-9.999000000000000000e+03
-9.999000000000000000e+03
-9.999000000000000000e+03
-9.999000000000000000e+03
-9.999000000000000000e+03
-9.999000000000000000e+03
-9.999000000000000000e+03
-9.999000000000000000e+03
-9.999000000000000000e+03
-9.999000000000000000e+03
-9.999000000000000000e+03
-9.999000000000000000e+03
-9.999000000000000000e+03
-9.999000000000000000e+03
-9.999000000000000000e+03
-9.999000000000000000e+03
-3.567188233137130737e-02
-1.330512482672929764e-02
2.779413014650344849e-02
-9.999000000000000000e+03
-9.999000000000000000e+03
-9.999000000000000000e+03
-9.999000000000000000e+03
-9.999000000000000000e+03
-9.999000000000000000e+03
-9.999000000000000000e+03
-9.999000000000000000e+03
-9.999000000000000000e+03
-9.999000000000000000e+03
-9.999000000000000000e+03
-9.999000000000000000e+03
-9.999000000000000000e+03
-9.999000000000000000e+03
-9.999000000000000000e+03
-9.999000000000000000e+03
-9.999000000000000000e+03
-9.999000000000000000e+03
-9.999000000000000000e+03
-9.999000000000000000e+03
-9.999000000000000000e+03
-9.999000000000000000e+03
-9.999000000000000000e+03
-9.999000000000000000e+03
-9.999000000000000000e+03
-9.999000000000000000e+03
-9.999000000000000000e+03
-9.999000000000000000e+03
