-1.555097699165344238e-01
-9.934242069721221924e-02
-3.802672028541564941e-02
-1.267858260689536110e-05
5.165249481797218323e-02
1.071834713220596313e-01
1.748563349246978760e-01
2.286264151334762573e-01
2.702123522758483887e-01
2.904308736324310303e-01
2.675978541374206543e-01
-9.999000000000000000e+03
-9.999000000000000000e+03
-9.999000000000000000e+03
-9.999000000000000000e+03
-9.999000000000000000e+03
-9.999000000000000000e+03
-9.999000000000000000e+03
-9.999000000000000000e+03
-9.999000000000000000e+03
-9.999000000000000000e+03
-9.999000000000000000e+03
-9.999000000000000000e+03
2.749628573656082153e-02
-2.558029023930430412e-03
1.052030734717845917e-02
2.570799365639686584e-02
1.426591910421848297e-02
2.122305519878864288e-02
2.506820112466812134e-02
3.168987110257148743e-02
-1.377790123224258423e-01
-9.328040480613708496e-02
-4.694348573684692383e-02
-1.095311250537633896e-02
4.507100582122802734e-02
1.052965074777603149e-01
1.809824258089065552e-01
2.362312078475952148e-01
2.698900997638702393e-01
2.943455278873443604e-01
2.869891226291656494e-01
1.623279303312301636e-01
-9.999000000000000000e+03
-9.999000000000000000e+03
-9.999000000000000000e+03
-9.999000000000000000e+03
-9.999000000000000000e+03
-9.999000000000000000e+03
-9.999000000000000000e+03
-9.999000000000000000e+03
-9.999000000000000000e+03
-7.870594039559364319e-03
6.416245363652706146e-03
1.942493021488189697e-02
-7.558898534625768661e-03
-5.283655133098363876e-03
-1.787332072854042053e-02
-1.805594563484191895e-02
-1.054603140801191330e-02
4.964715801179409027e-03
2.174444310367107391e-02
-1.267160177230834961e-01
-7.398306578397750854e-02
-3.520751744508743286e-02
7.194666191935539246e-03
5.500182509422302246e-02
1.125757247209548950e-01
1.751209944486618042e-01
2.318240553140640259e-01
2.698313891887664795e-01
2.896941006183624268e-01
2.721586525440216064e-01
1.879674196243286133e-01
-9.999000000000000000e+03
-9.999000000000000000e+03
-9.999000000000000000e+03
-9.999000000000000000e+03
-9.999000000000000000e+03
-9.999000000000000000e+03
-9.999000000000000000e+03
-3.575592115521430969e-02
-2.516423538327217102e-02
-9.732220321893692017e-03
-8.602084591984748840e-03
-4.252245184034109116e-03
-9.707321296446025372e-04
-5.699570756405591965e-03
-2.163302153348922729e-02
-2.833908982574939728e-02
-2.194770984351634979e-02
-1.965196104720234871e-03
1.227513141930103302e-02
-8.996295183897018433e-02
-5.381740257143974304e-02
-2.074276097118854523e-02
2.405619062483310699e-02
7.895386219024658203e-02
1.416745036840438843e-01
1.861574649810791016e-01
2.284033745527267456e-01
2.528936266899108887e-01
2.753008306026458740e-01
2.838167846202850342e-01
2.175009250640869141e-01
1.174264103174209595e-01
-9.999000000000000000e+03
-9.999000000000000000e+03
-9.999000000000000000e+03
-3.856521844863891602e-02
-5.616894736886024475e-02
-5.908969417214393616e-02
-2.715895511209964752e-02
-8.909649215638637543e-03
3.366916207596659660e-04
8.550064638257026672e-03
2.752356929704546928e-03
8.524145931005477905e-03
-6.108026951551437378e-03
-2.362277172505855560e-02
-3.568912297487258911e-02
-3.760380670428276062e-02
-2.181228809058666229e-02
-8.178604766726493835e-03
-6.355265527963638306e-02
-2.849048189818859100e-02
1.510353479534387589e-02
5.668688192963600159e-02
9.867391735315322876e-02
1.390153318643569946e-01
1.692753285169601440e-01
2.018581330776214600e-01
2.123893499374389648e-01
2.172493934631347656e-01
2.106049656867980957e-01
1.587200909852981567e-01
9.666245430707931519e-02
4.450584575533866882e-02
-1.935990154743194580e-02
-5.238378047943115234e-02
-6.242774426937103271e-02
-5.485853925347328186e-02
-3.857443109154701233e-02
-7.090965751558542252e-03
1.784692518413066864e-02
2.884864434599876404e-02
4.761372879147529602e-02
1.882469654083251953e-02
-2.989548025652766228e-03
-3.154497221112251282e-02
-4.791496694087982178e-02
-6.057937070727348328e-02
-6.491170078516006470e-02
-4.391418397426605225e-02
-2.711249142885208130e-02
-4.898853972554206848e-02
-1.956425048410892487e-02
1.505629718303680420e-02
6.611043214797973633e-02
1.102761477231979370e-01
1.352230310440063477e-01
1.432979255914688110e-01
1.598345935344696045e-01
1.645979732275009155e-01
1.714900732040405273e-01
1.449795663356781006e-01
9.005323052406311035e-02
5.022902041673660278e-02
8.015506318770349026e-04
-3.565519675612449646e-02
-5.302422866225242615e-02
-4.752368107438087463e-02
-2.089499868452548981e-02
1.961277332156896591e-03
4.402761906385421753e-02
6.075812503695487976e-02
5.962295830249786377e-02
4.423308372497558594e-02
7.845832966268062592e-03
-3.489159420132637024e-02
-7.583152502775192261e-02
-8.578132838010787964e-02
-1.027734950184822083e-01
-1.066640987992286682e-01
-8.521921187639236450e-02
-6.547629833221435547e-02
-3.306533396244049072e-02
2.928620669990777969e-03
3.663806244730949402e-02
6.882498413324356079e-02
9.872357547283172607e-02
1.200622767210006714e-01
1.243248730897903442e-01
1.327616572380065918e-01
1.362782716751098633e-01
1.150870546698570251e-01
9.093575924634933472e-02
5.050904303789138794e-02
2.323559299111366272e-02
-2.042124420404434204e-02
-2.164630033075809479e-02
-1.692403294146060944e-02
4.735811147838830948e-03
3.138609975576400757e-02
4.256704449653625488e-02
7.587680965662002563e-02
7.200879603624343872e-02
4.849331080913543701e-02
6.782828364521265030e-03
-2.653988264501094818e-02
-7.061615586280822754e-02
-1.065232381224632263e-01
-1.311653107404708862e-01
-1.602053493261337280e-01
-1.617877334356307983e-01
-1.258407384157180786e-01
-1.056938543915748596e-01
-3.001759201288223267e-02
6.159459240734577179e-03
4.343492537736892700e-02
6.136993318796157837e-02
8.572646975517272949e-02
1.060512065887451172e-01
1.161684468388557434e-01
1.170949265360832214e-01
1.042870730161666870e-01
6.624800711870193481e-02
4.004064947366714478e-02
1.233229413628578186e-02
9.268270805478096008e-03
5.365508142858743668e-03
1.814728602766990662e-02
2.744187228381633759e-02
5.787749588489532471e-02
7.597176730632781982e-02
7.896191626787185669e-02
7.620398700237274170e-02
6.316398084163665771e-02
4.422524198889732361e-02
1.404560822993516922e-02
-3.813066706061363220e-02
-1.062041670083999634e-01
-1.413992047309875488e-01
-1.815706193447113037e-01
-2.066373378038406372e-01
-2.090199440717697144e-01
-1.723430305719375610e-01
-1.410696208477020264e-01
-1.047839596867561340e-02
4.403460770845413208e-03
2.536556683480739594e-02
4.161024093627929688e-02
6.937976181507110596e-02
9.951020032167434692e-02
1.088376268744468689e-01
9.254474937915802002e-02
6.208542361855506897e-02
2.792011015117168427e-02
1.535230595618486404e-02
1.338182948529720306e-02
3.492695838212966919e-02
4.840976744890213013e-02
7.162705063819885254e-02
7.432448863983154297e-02
8.384116739034652710e-02
8.351985365152359009e-02
7.776579260826110840e-02
7.190500199794769287e-02
5.169079825282096863e-02
3.336116299033164978e-02
1.140176597982645035e-02
-2.297711558640003204e-02
-6.150662153959274292e-02
-1.392786949872970581e-01
-2.086783796548843384e-01
-2.637242972850799561e-01
-2.582801580429077148e-01
-2.141467034816741943e-01
-1.710992455482482910e-01
-1.427776273339986801e-02
2.956424606963992119e-03
1.739753223955631256e-02
3.973826393485069275e-02
7.672734558582305908e-02
9.426975250244140625e-02
9.389270097017288208e-02
8.498374372720718384e-02
4.860411584377288818e-02
1.559014245867729187e-02
2.297534234821796417e-02
5.736026167869567871e-02
7.763142883777618408e-02
8.534852415323257446e-02
1.001677811145782471e-01
9.951625019311904907e-02
9.082060307264328003e-02
5.851658806204795837e-02
4.840015992522239685e-02
2.867345325648784637e-02
3.732384368777275085e-02
-9.999000000000000000e+03
-9.999000000000000000e+03
-9.999000000000000000e+03
-9.999000000000000000e+03
-9.999000000000000000e+03
-9.999000000000000000e+03
-2.114243358373641968e-01
-2.786348164081573486e-01
-2.485561221837997437e-01
-1.895454376935958862e-01
-2.140640094876289368e-02
-3.335825633257627487e-03
1.882533729076385498e-02
4.348586127161979675e-02
8.400923013687133789e-02
8.805526793003082275e-02
8.204513788223266602e-02
6.708295643329620361e-02
4.102192819118499756e-02
3.668680042028427124e-02
5.076986551284790039e-02
1.018753051757812500e-01
1.060162335634231567e-01
1.121594533324241638e-01
1.132402569055557251e-01
1.029362604022026062e-01
1.120309457182884216e-01
-9.999000000000000000e+03
-9.999000000000000000e+03
-9.999000000000000000e+03
-9.999000000000000000e+03
-9.999000000000000000e+03
-9.999000000000000000e+03
-9.999000000000000000e+03
-9.999000000000000000e+03
-9.999000000000000000e+03
-9.999000000000000000e+03
-1.751343905925750732e-01
-2.413738071918487549e-01
-2.492598593235015869e-01
-1.964850872755050659e-01
-5.072237923741340637e-02
-3.989562764763832092e-02
2.900043968111276627e-03
3.529002889990806580e-02
6.357671320438385010e-02
7.213408499956130981e-02
7.506246864795684814e-02
5.715183541178703308e-02
4.115549847483634949e-02
8.765536546707153320e-02
1.045759022235870361e-01
1.163218319416046143e-01
1.204399988055229187e-01
1.203112527728080750e-01
7.073615491390228271e-02
7.162921875715255737e-02
-9.999000000000000000e+03
-9.999000000000000000e+03
-9.999000000000000000e+03
-9.999000000000000000e+03
-9.999000000000000000e+03
-9.999000000000000000e+03
-9.999000000000000000e+03
-9.999000000000000000e+03
-9.999000000000000000e+03
-9.999000000000000000e+03
-9.999000000000000000e+03
-9.999000000000000000e+03
-1.481708735227584839e-01
-1.954564601182937622e-01
-1.389310061931610107e-01
-9.650821238756179810e-02
-9.457695484161376953e-02
-5.524962767958641052e-02
-1.904198899865150452e-02
2.838144451379776001e-02
6.236935034394264221e-02
5.552764236927032471e-02
6.192644312977790833e-02
7.968153804540634155e-02
1.176230907440185547e-01
1.250144094228744507e-01
1.119693741202354431e-01
1.020542159676551819e-01
1.167334839701652527e-01
-9.999000000000000000e+03
-9.999000000000000000e+03
-9.999000000000000000e+03
-9.999000000000000000e+03
-9.999000000000000000e+03
-9.999000000000000000e+03
-9.999000000000000000e+03
-9.999000000000000000e+03
-9.999000000000000000e+03
-9.999000000000000000e+03
-9.999000000000000000e+03
-9.999000000000000000e+03
-9.999000000000000000e+03
-9.999000000000000000e+03
-9.999000000000000000e+03
-1.421107202768325806e-01
-1.095976904034614563e-01
-9.999000000000000000e+03
-9.635076671838760376e-02
-9.486458450555801392e-02
-5.250938981771469116e-02
-1.309287385083734989e-03
3.536957129836082458e-02
4.409154132008552551e-02
8.895264565944671631e-02
1.294287741184234619e-01
1.233787685632705688e-01
1.083767041563987732e-01
8.928731083869934082e-02
7.271572947502136230e-02
-9.999000000000000000e+03
-9.999000000000000000e+03
-9.999000000000000000e+03
-9.999000000000000000e+03
-9.999000000000000000e+03
-9.999000000000000000e+03
-9.999000000000000000e+03
-9.999000000000000000e+03
-9.999000000000000000e+03
-9.999000000000000000e+03
-9.999000000000000000e+03
-9.999000000000000000e+03
-9.999000000000000000e+03
-9.999000000000000000e+03
-9.999000000000000000e+03
-9.999000000000000000e+03
-7.184411585330963135e-02
-4.974262416362762451e-02
-9.999000000000000000e+03
-9.999000000000000000e+03
-1.048438549041748047e-01
-6.148638948798179626e-02
-1.088391430675983429e-02
2.942230924963951111e-02
7.276685535907745361e-02
1.063200756907463074e-01
1.254540979862213135e-01
1.060682609677314758e-01
6.847142428159713745e-02
9.794246405363082886e-03
-9.999000000000000000e+03
-9.999000000000000000e+03
-9.999000000000000000e+03
-9.999000000000000000e+03
-9.999000000000000000e+03
-9.999000000000000000e+03
-9.999000000000000000e+03
-9.999000000000000000e+03
-9.999000000000000000e+03
-9.999000000000000000e+03
-9.999000000000000000e+03
-9.999000000000000000e+03
-9.999000000000000000e+03
-9.999000000000000000e+03
-9.999000000000000000e+03
-9.999000000000000000e+03
-9.999000000000000000e+03
-3.430584073066711426e-02
-1.968699879944324493e-02
-9.999000000000000000e+03
-9.999000000000000000e+03
-5.864154174923896790e-02
-4.391994699835777283e-02
-8.943010121583938599e-03
3.795456513762474060e-02
1.033897027373313904e-01
1.069193631410598755e-01
1.023455783724784851e-01
8.418683707714080811e-02
5.230398476123809814e-02
1.555523555725812912e-02
-9.999000000000000000e+03
-9.999000000000000000e+03
-9.999000000000000000e+03
-9.999000000000000000e+03
-9.999000000000000000e+03
-9.999000000000000000e+03
-9.999000000000000000e+03
-9.999000000000000000e+03
-9.999000000000000000e+03
-9.999000000000000000e+03
-9.999000000000000000e+03
-9.999000000000000000e+03
-9.999000000000000000e+03
-9.999000000000000000e+03
-9.999000000000000000e+03
-9.999000000000000000e+03
-9.999000000000000000e+03
-9.999000000000000000e+03
-9.999000000000000000e+03
-9.999000000000000000e+03
-9.999000000000000000e+03
-2.503677271306514740e-02
-1.821118965744972229e-02
5.743122310377657413e-04
5.555525049567222595e-02
9.202886372804641724e-02
9.861560910940170288e-02
9.376850724220275879e-02
8.856076747179031372e-02
5.785871297121047974e-02
3.293566405773162842e-02
-9.999000000000000000e+03
-9.999000000000000000e+03
-9.999000000000000000e+03
-9.999000000000000000e+03
-9.999000000000000000e+03
-9.999000000000000000e+03
-9.999000000000000000e+03
-9.999000000000000000e+03
-9.999000000000000000e+03
-9.999000000000000000e+03
-9.999000000000000000e+03
-9.999000000000000000e+03
-9.999000000000000000e+03
-9.999000000000000000e+03
-9.999000000000000000e+03
-9.999000000000000000e+03
-9.999000000000000000e+03
-9.999000000000000000e+03
-9.999000000000000000e+03
-9.999000000000000000e+03
-9.999000000000000000e+03
-9.999000000000000000e+03
-1.435897406190633774e-02
-9.551341645419597626e-03
4.692791774868965149e-02
5.340230092406272888e-02
6.938058137893676758e-02
1.062140688300132751e-01
1.215774193406105042e-01
6.871107220649719238e-02
-9.999000000000000000e+03
-9.999000000000000000e+03
-9.999000000000000000e+03
-9.999000000000000000e+03
-9.999000000000000000e+03
-9.999000000000000000e+03
-9.999000000000000000e+03
-9.999000000000000000e+03
-9.999000000000000000e+03
-9.999000000000000000e+03
-9.999000000000000000e+03
-9.999000000000000000e+03
-9.999000000000000000e+03
-9.999000000000000000e+03
-9.999000000000000000e+03
-9.999000000000000000e+03
-9.999000000000000000e+03
-9.999000000000000000e+03
-9.999000000000000000e+03
-9.999000000000000000e+03
-9.999000000000000000e+03
-9.999000000000000000e+03
-9.999000000000000000e+03
-1.465982757508754730e-02
-8.370044641196727753e-03
6.132555659860372543e-03
6.385255604982376099e-03
4.772031307220458984e-02
1.197828277945518494e-01
1.209605410695075989e-01
5.187939479947090149e-02
1.197503507137298584e-02
-9.999000000000000000e+03
-9.999000000000000000e+03
-9.999000000000000000e+03
-9.999000000000000000e+03
-9.999000000000000000e+03
-9.999000000000000000e+03
-9.999000000000000000e+03
-9.999000000000000000e+03
-9.999000000000000000e+03
-9.999000000000000000e+03
-9.999000000000000000e+03
-9.999000000000000000e+03
-9.999000000000000000e+03
-9.999000000000000000e+03
-9.999000000000000000e+03
-9.999000000000000000e+03
-9.999000000000000000e+03
-9.999000000000000000e+03
-9.999000000000000000e+03
-9.999000000000000000e+03
-9.999000000000000000e+03
-9.999000000000000000e+03
-9.999000000000000000e+03
-8.565796539187431335e-03
-6.802745629101991653e-03
-3.298926458228379488e-05
4.473657906055450439e-02
7.077085971832275391e-02
1.073427312076091766e-02
9.671102277934551239e-03
6.217427551746368408e-02
-9.999000000000000000e+03
-9.999000000000000000e+03
-9.999000000000000000e+03
-9.999000000000000000e+03
-9.999000000000000000e+03
-9.999000000000000000e+03
-9.999000000000000000e+03
-9.999000000000000000e+03
-9.999000000000000000e+03
-9.999000000000000000e+03
-9.999000000000000000e+03
-9.999000000000000000e+03
-9.999000000000000000e+03
-9.999000000000000000e+03
-9.999000000000000000e+03
-9.999000000000000000e+03
-9.999000000000000000e+03
-9.999000000000000000e+03
-9.999000000000000000e+03
-9.999000000000000000e+03
-9.999000000000000000e+03
-9.999000000000000000e+03
-9.999000000000000000e+03
-3.129176096990704536e-03
-1.060594804584980011e-02
-5.063065691501833498e-05
-5.169727373868227005e-03
-5.521613359451293945e-02
-1.279962062835693359e-01
-9.744116663932800293e-02
-6.752802990376949310e-03
4.529278352856636047e-02
-9.999000000000000000e+03
-9.999000000000000000e+03
-9.999000000000000000e+03
-9.999000000000000000e+03
-9.999000000000000000e+03
-9.999000000000000000e+03
-9.999000000000000000e+03
-9.999000000000000000e+03
-9.999000000000000000e+03
-9.999000000000000000e+03
-9.999000000000000000e+03
-9.999000000000000000e+03
-9.999000000000000000e+03
-9.999000000000000000e+03
-9.999000000000000000e+03
-9.999000000000000000e+03
-9.999000000000000000e+03
-9.999000000000000000e+03
-9.999000000000000000e+03
-9.999000000000000000e+03
-9.999000000000000000e+03
-9.999000000000000000e+03
3.792037069797515869e-02
1.590728387236595154e-02
5.494265351444482803e-03
-2.405082248151302338e-02
-6.408223509788513184e-02
-1.336956322193145752e-01
-1.203987672924995422e-01
-2.298781648278236389e-02
8.066605776548385620e-02
5.491800978779792786e-02
2.027871459722518921e-02
3.476401790976524353e-02
5.124682560563087463e-02
-9.999000000000000000e+03
-9.999000000000000000e+03
-9.999000000000000000e+03
-9.999000000000000000e+03
-9.999000000000000000e+03
-9.999000000000000000e+03
-9.999000000000000000e+03
-9.999000000000000000e+03
-9.999000000000000000e+03
-9.999000000000000000e+03
-9.999000000000000000e+03
-9.999000000000000000e+03
-9.999000000000000000e+03
-9.999000000000000000e+03
-9.999000000000000000e+03
-9.999000000000000000e+03
-9.999000000000000000e+03
3.310146927833557129e-02
3.743090480566024780e-02
3.335599973797798157e-02
5.929579492658376694e-03
-3.006129525601863861e-02
-6.401339918375015259e-02
-7.729107141494750977e-02
-7.038492709398269653e-02
-2.834487892687320709e-02
3.508506715297698975e-02
5.756328627467155457e-02
7.483593374490737915e-02
5.600682273507118225e-02
5.722181499004364014e-02
-9.999000000000000000e+03
-9.999000000000000000e+03
-9.999000000000000000e+03
-9.999000000000000000e+03
-9.999000000000000000e+03
-9.999000000000000000e+03
-9.999000000000000000e+03
-9.999000000000000000e+03
-9.999000000000000000e+03
-9.999000000000000000e+03
-9.999000000000000000e+03
-9.999000000000000000e+03
-9.999000000000000000e+03
-9.999000000000000000e+03
-9.999000000000000000e+03
2.982030063867568970e-02
2.420570515096187592e-02
9.798793122172355652e-03
1.025475282222032547e-02
3.852450987324118614e-03
-1.085181627422571182e-02
-2.183176204562187195e-02
-2.891700901091098785e-02
-3.849881887435913086e-02
-3.874720260500907898e-02
-3.386949002742767334e-02
2.089931815862655640e-02
8.395837247371673584e-02
1.074713170528411865e-01
-9.999000000000000000e+03
-9.999000000000000000e+03
-9.999000000000000000e+03
-9.999000000000000000e+03
-9.999000000000000000e+03
-9.999000000000000000e+03
-9.999000000000000000e+03
-9.999000000000000000e+03
-9.999000000000000000e+03
-9.999000000000000000e+03
-9.999000000000000000e+03
-9.999000000000000000e+03
-9.999000000000000000e+03
-9.999000000000000000e+03
-9.999000000000000000e+03
-9.999000000000000000e+03
7.089915685355663300e-03
3.250309079885482788e-02
4.995947331190109253e-02
2.825888618826866150e-02
5.924753379076719284e-03
-2.107385732233524323e-02
-3.051019459962844849e-02
-2.216967567801475525e-02
-1.044525112956762314e-02
-9.609851986169815063e-03
-2.361575886607170105e-02
-4.167022928595542908e-02
1.147294230759143829e-02
1.061967834830284119e-01
-9.999000000000000000e+03
-9.999000000000000000e+03
-9.999000000000000000e+03
-9.999000000000000000e+03
-9.999000000000000000e+03
-9.999000000000000000e+03
-9.999000000000000000e+03
-9.999000000000000000e+03
-9.999000000000000000e+03
-9.999000000000000000e+03
-9.999000000000000000e+03
-9.999000000000000000e+03
-9.999000000000000000e+03
-9.999000000000000000e+03
-9.999000000000000000e+03
-9.999000000000000000e+03
-9.999000000000000000e+03
2.679397538304328918e-02
3.710384666919708252e-02
7.042598724365234375e-02
3.723172843456268311e-02
-1.376952277496457100e-03
-2.807168662548065186e-02
-3.529241308569908142e-02
-2.646527625620365143e-02
-3.587747924029827118e-03
4.045773763209581375e-03
-6.472999695688486099e-03
-2.963795699179172516e-02
-4.025861620903015137e-03
6.734751164913177490e-02
-9.999000000000000000e+03
-9.999000000000000000e+03
-9.999000000000000000e+03
-9.999000000000000000e+03
-9.999000000000000000e+03
-9.999000000000000000e+03
-9.999000000000000000e+03
-9.999000000000000000e+03
-9.999000000000000000e+03
-9.999000000000000000e+03
-9.999000000000000000e+03
-9.999000000000000000e+03
-9.999000000000000000e+03
-9.999000000000000000e+03
-9.999000000000000000e+03
-9.999000000000000000e+03
-9.999000000000000000e+03
6.146915629506111145e-02
9.021463990211486816e-02
8.633712679147720337e-02
5.166270583868026733e-02
1.551390811800956726e-02
-1.804405637085437775e-02
-3.241754695773124695e-02
-1.909182406961917877e-02
-1.004310557618737221e-03
6.803519092500209808e-03
-9.284378960728645325e-03
-4.881925880908966064e-02
-2.932122163474559784e-02
-9.999000000000000000e+03
-9.999000000000000000e+03
-9.999000000000000000e+03
-9.999000000000000000e+03
-9.999000000000000000e+03
-9.999000000000000000e+03
-9.999000000000000000e+03
-9.999000000000000000e+03
-9.999000000000000000e+03
-9.999000000000000000e+03
-9.999000000000000000e+03
-9.999000000000000000e+03
-9.999000000000000000e+03
-9.999000000000000000e+03
-9.999000000000000000e+03
-9.999000000000000000e+03
-9.999000000000000000e+03
-9.999000000000000000e+03
1.103790700435638428e-01
1.427603065967559814e-01
1.056262999773025513e-01
6.097163632512092590e-02
1.460427790880203247e-02
-2.232526615262031555e-02
-3.540461137890815735e-02
-2.474472299218177795e-02
-1.030301093123853207e-03
1.268829405307769775e-02
-4.261507187038660049e-03
-3.329755738377571106e-02
-9.999000000000000000e+03
-9.999000000000000000e+03
-9.999000000000000000e+03
-9.999000000000000000e+03
-9.999000000000000000e+03
-9.999000000000000000e+03
-9.999000000000000000e+03
-9.999000000000000000e+03
-9.999000000000000000e+03
-9.999000000000000000e+03
-9.999000000000000000e+03
-9.999000000000000000e+03
-9.999000000000000000e+03
-9.999000000000000000e+03
-9.999000000000000000e+03
-9.999000000000000000e+03
-9.999000000000000000e+03
-9.999000000000000000e+03
-9.999000000000000000e+03
1.299251466989517212e-01
1.378875672817230225e-01
1.143773347139358521e-01
7.110525667667388916e-02
-2.348572760820388794e-02
-5.714648589491844177e-02
-4.371492937207221985e-02
-2.226273156702518463e-02
-7.402439601719379425e-03
9.586021769791841507e-04
-9.999000000000000000e+03
-9.999000000000000000e+03
-9.999000000000000000e+03
-9.999000000000000000e+03
-9.999000000000000000e+03
-9.999000000000000000e+03
-9.999000000000000000e+03
-9.999000000000000000e+03
-9.999000000000000000e+03
-9.999000000000000000e+03
-9.999000000000000000e+03
-9.999000000000000000e+03
-9.999000000000000000e+03
-9.999000000000000000e+03
-9.999000000000000000e+03
-9.999000000000000000e+03
-9.999000000000000000e+03
-9.999000000000000000e+03
-9.999000000000000000e+03
-9.999000000000000000e+03
-9.999000000000000000e+03
1.051723286509513855e-01
1.059515923261642456e-01
8.033456653356552124e-02
2.418277971446514130e-02
-3.212870657444000244e-02
-5.736748129129409790e-02
-9.999000000000000000e+03
-9.999000000000000000e+03
-9.999000000000000000e+03
-9.999000000000000000e+03
-9.999000000000000000e+03
-9.999000000000000000e+03
-9.999000000000000000e+03
-9.999000000000000000e+03
-9.999000000000000000e+03
-9.999000000000000000e+03
-9.999000000000000000e+03
-9.999000000000000000e+03
-9.999000000000000000e+03
-9.999000000000000000e+03
-9.999000000000000000e+03
-9.999000000000000000e+03
-9.999000000000000000e+03
-9.999000000000000000e+03
-9.999000000000000000e+03
-9.999000000000000000e+03
-9.999000000000000000e+03
-9.999000000000000000e+03
-9.999000000000000000e+03
-9.999000000000000000e+03
-9.999000000000000000e+03
4.458980262279510498e-02
5.037745088338851929e-02
5.524088442325592041e-02
-9.999000000000000000e+03
-9.999000000000000000e+03
-9.999000000000000000e+03
-9.999000000000000000e+03
-9.999000000000000000e+03
-9.999000000000000000e+03
-9.999000000000000000e+03
-9.999000000000000000e+03
-9.999000000000000000e+03
-9.999000000000000000e+03
-9.999000000000000000e+03
-9.999000000000000000e+03
-9.999000000000000000e+03
-9.999000000000000000e+03
-9.999000000000000000e+03
-9.999000000000000000e+03
-9.999000000000000000e+03
-9.999000000000000000e+03
-9.999000000000000000e+03
-9.999000000000000000e+03
-9.999000000000000000e+03
-9.999000000000000000e+03
-9.999000000000000000e+03
-9.999000000000000000e+03
-9.999000000000000000e+03
-9.999000000000000000e+03
-9.999000000000000000e+03
-9.999000000000000000e+03
