1.140884310007095337e-01
1.180031001567840576e-01
1.033556014299392700e-01
8.426446467638015747e-02
8.257665485143661499e-02
5.794554948806762695e-02
4.484540969133377075e-02
3.994190692901611328e-02
2.212151885032653809e-02
2.530005201697349548e-02
-2.822373434901237488e-02
-9.999000000000000000e+03
-9.999000000000000000e+03
-9.999000000000000000e+03
-9.999000000000000000e+03
-9.999000000000000000e+03
-9.999000000000000000e+03
-9.999000000000000000e+03
-9.999000000000000000e+03
-9.999000000000000000e+03
-9.999000000000000000e+03
-9.999000000000000000e+03
-9.999000000000000000e+03
3.357518929988145828e-03
3.435816243290901184e-02
6.484453380107879639e-02
1.014834344387054443e-01
1.418566256761550903e-01
1.508763432502746582e-01
1.562730371952056885e-01
1.497041881084442139e-01
4.198423400521278381e-02
4.891974478960037231e-02
4.277648776769638062e-02
2.952750772237777710e-02
2.571534551680088043e-02
-1.139513403177261353e-02
-3.106447309255599976e-02
-2.417001686990261078e-02
-2.261197008192539215e-02
2.788252197206020355e-03
1.505978032946586609e-02
1.470140367746353149e-02
-9.999000000000000000e+03
-9.999000000000000000e+03
-9.999000000000000000e+03
-9.999000000000000000e+03
-9.999000000000000000e+03
-9.999000000000000000e+03
-9.999000000000000000e+03
-9.999000000000000000e+03
-9.999000000000000000e+03
5.345963314175605774e-02
7.055930048227310181e-02
5.830405652523040771e-02
9.298713505268096924e-02
1.076484024524688721e-01
1.212007552385330200e-01
1.387441158294677734e-01
1.394460648298263550e-01
1.401849389076232910e-01
1.350747346878051758e-01
-1.697838492691516876e-02
-2.173094078898429871e-02
-2.972088009119033813e-02
-5.322089046239852905e-02
-5.219965428113937378e-02
-7.721426337957382202e-02
-8.842299133539199829e-02
-7.707250118255615234e-02
-6.302896142005920410e-02
-2.211411856114864349e-02
1.219859719276428223e-02
2.390934154391288757e-02
-9.999000000000000000e+03
-9.999000000000000000e+03
-9.999000000000000000e+03
-9.999000000000000000e+03
-9.999000000000000000e+03
-9.999000000000000000e+03
-9.999000000000000000e+03
8.160178363323211670e-02
8.490256965160369873e-02
1.102273762226104736e-01
1.052118241786956787e-01
9.555029869079589844e-02
9.568854421377182007e-02
9.653338789939880371e-02
1.103195548057556152e-01
1.017778962850570679e-01
9.975921362638473511e-02
1.094823256134986877e-01
1.068232804536819458e-01
-7.333967089653015137e-02
-8.329185843467712402e-02
-9.364420175552368164e-02
-1.153410300612449646e-01
-1.253818571567535400e-01
-1.472759544849395752e-01
-1.470172256231307983e-01
-1.215346828103065491e-01
-9.459549933671951294e-02
-4.920540377497673035e-02
-8.476376533508300781e-03
4.245408996939659119e-02
8.742954581975936890e-02
-9.999000000000000000e+03
-9.999000000000000000e+03
-9.999000000000000000e+03
7.132400572299957275e-02
9.453380852937698364e-02
1.129475459456443787e-01
9.995880722999572754e-02
7.942267507314682007e-02
7.698287814855575562e-02
4.859627038240432739e-02
4.656194895505905151e-02
2.710033394396305084e-02
-7.908370462246239185e-04
3.304475918412208557e-02
2.832995355129241943e-02
4.151874408125877380e-02
6.384043395519256592e-02
7.783992588520050049e-02
-1.128971129655838013e-01
-1.281068921089172363e-01
-1.435002237558364868e-01
-1.605163216590881348e-01
-1.693616658449172974e-01
-1.772043108940124512e-01
-1.694420129060745239e-01
-1.429437249898910522e-01
-1.093000173568725586e-01
-7.552503794431686401e-02
-2.235053479671478271e-02
2.688960172235965729e-02
8.917436003684997559e-02
1.091294661164283752e-01
9.545479714870452881e-02
9.784521907567977905e-02
8.718774467706680298e-02
6.807170808315277100e-02
6.156563758850097656e-02
2.022218517959117889e-02
-2.374085597693920135e-03
-3.803523629903793335e-02
-8.278008550405502319e-02
-7.165555655956268311e-02
-8.869028091430664062e-02
-7.649637013673782349e-02
-4.157911241054534912e-02
-1.834416761994361877e-02
8.980528451502323151e-03
3.901218622922897339e-02
6.155691295862197876e-02
-1.316742897033691406e-01
-1.396972239017486572e-01
-1.531043946743011475e-01
-1.738734543323516846e-01
-1.858184188604354858e-01
-1.812666952610015869e-01
-1.615211069583892822e-01
-1.406584531068801880e-01
-1.208513379096984863e-01
-8.991311490535736084e-02
-4.580040276050567627e-02
7.538920268416404724e-03
5.252812802791595459e-02
7.558497041463851929e-02
7.138939946889877319e-02
6.634930521249771118e-02
2.763861790299415588e-02
-3.441493958234786987e-02
-7.213363051414489746e-02
-1.405927985906600952e-01
-1.561680138111114502e-01
-1.518884152173995972e-01
-1.581102013587951660e-01
-1.320063620805740356e-01
-1.161411479115486145e-01
-9.395579993724822998e-02
-6.486270576715469360e-02
-4.732980579137802124e-02
-2.459546737372875214e-02
7.077216636389493942e-03
2.667831443250179291e-02
-1.479526609182357788e-01
-1.431671082973480225e-01
-1.454721540212631226e-01
-1.564756333827972412e-01
-1.742374449968338013e-01
-1.736414283514022827e-01
-1.495238989591598511e-01
-1.339028924703598022e-01
-1.151813864707946777e-01
-8.282338827848434448e-02
-3.836509212851524353e-02
2.966266591101884842e-03
3.928408771753311157e-02
5.295160412788391113e-02
8.989322930574417114e-03
-2.633016929030418396e-02
-8.498897403478622437e-02
-1.414241641759872437e-01
-1.654690504074096680e-01
-2.181964665651321411e-01
-2.177298963069915771e-01
-1.973459571599960327e-01
-1.728253066539764404e-01
-1.533313244581222534e-01
-1.346469372510910034e-01
-1.289659887552261353e-01
-1.047933399677276611e-01
-9.387432038784027100e-02
-7.857438921928405762e-02
-4.138937219977378845e-02
-2.668398432433605194e-02
-1.588263809680938721e-01
-1.538127660751342773e-01
-1.366101801395416260e-01
-1.358603239059448242e-01
-1.430146694183349609e-01
-1.419708430767059326e-01
-1.366683244705200195e-01
-1.313551366329193115e-01
-1.172215864062309265e-01
-7.790892571210861206e-02
-3.595270216464996338e-02
-2.084773965179920197e-02
-1.148622110486030579e-02
-1.971066929399967194e-02
-6.384071707725524902e-02
-9.978247433900833130e-02
-1.720645576715469360e-01
-2.105833739042282104e-01
-2.201816141605377197e-01
-2.171314209699630737e-01
-2.031740546226501465e-01
-1.891007870435714722e-01
-1.689908951520919800e-01
-1.634304821491241455e-01
-1.780760437250137329e-01
-1.868386119604110718e-01
-1.645384579896926880e-01
-1.556733548641204834e-01
-1.349447816610336304e-01
-9.730757027864456177e-02
-8.144394308328628540e-02
-1.453002244234085083e-01
-1.473740339279174805e-01
-1.433593779802322388e-01
-1.329995393753051758e-01
-1.253865063190460205e-01
-1.248270422220230103e-01
-1.260825842618942261e-01
-1.095198616385459900e-01
-8.707287162542343140e-02
-7.460316270589828491e-02
-6.560996174812316895e-02
-6.661354750394821167e-02
-8.460784703493118286e-02
-1.121981963515281677e-01
-1.520287394523620605e-01
-1.720835417509078979e-01
-2.060835510492324829e-01
-2.141578495502471924e-01
-2.112999856472015381e-01
-1.863687485456466675e-01
-1.609890311956405640e-01
-1.464971005916595459e-01
-1.117995232343673706e-01
-1.178003624081611633e-01
-9.566557407379150391e-02
-1.605900079011917114e-01
-1.719716042280197144e-01
-1.840959787368774414e-01
-1.702283322811126709e-01
-1.411199867725372314e-01
-1.223033443093299866e-01
-1.310372948646545410e-01
-1.227207109332084656e-01
-1.190967932343482971e-01
-1.126740947365760803e-01
-1.097684875130653381e-01
-1.066266596317291260e-01
-1.006550118327140808e-01
-8.913064002990722656e-02
-6.434724479913711548e-02
-7.505776733160018921e-02
-9.593211114406585693e-02
-1.262653619050979614e-01
-1.469073593616485596e-01
-1.598654389381408691e-01
-1.783662289381027222e-01
-1.938962191343307495e-01
-2.117454707622528076e-01
-1.505433917045593262e-01
-1.734960228204727173e-01
-1.393631845712661743e-01
-1.140623316168785095e-01
-9.999000000000000000e+03
-9.999000000000000000e+03
-9.999000000000000000e+03
-9.999000000000000000e+03
-9.999000000000000000e+03
-9.999000000000000000e+03
-1.837949305772781372e-01
-1.680000871419906616e-01
-1.659002453088760376e-01
-1.605821847915649414e-01
-1.199495196342468262e-01
-1.074616536498069763e-01
-1.012945175170898438e-01
-9.344353526830673218e-02
-9.596405178308486938e-02
-7.946658134460449219e-02
-7.237660139799118042e-02
-7.172416895627975464e-02
-6.719018518924713135e-02
-8.073268085718154907e-02
-1.072863414883613586e-01
-1.513159126043319702e-01
-1.625127792358398438e-01
-1.688921004533767700e-01
-1.669007539749145508e-01
-1.524502784013748169e-01
-1.312821507453918457e-01
-9.999000000000000000e+03
-9.999000000000000000e+03
-9.999000000000000000e+03
-9.999000000000000000e+03
-9.999000000000000000e+03
-9.999000000000000000e+03
-9.999000000000000000e+03
-9.999000000000000000e+03
-9.999000000000000000e+03
-9.999000000000000000e+03
-9.515828639268875122e-02
-1.401769965887069702e-01
-1.816840469837188721e-01
-1.987355053424835205e-01
-1.444862931966781616e-01
-1.259135603904724121e-01
-1.013286188244819641e-01
-8.859115839004516602e-02
-7.969114929437637329e-02
-7.600095868110656738e-02
-7.051623612642288208e-02
-6.293061375617980957e-02
-6.514082103967666626e-02
-1.027888804674148560e-01
-1.302234530448913574e-01
-1.453622877597808838e-01
-1.410999447107315063e-01
-1.448911875486373901e-01
-8.476935327053070068e-02
-9.907950460910797119e-02
-9.999000000000000000e+03
-9.999000000000000000e+03
-9.999000000000000000e+03
-9.999000000000000000e+03
-9.999000000000000000e+03
-9.999000000000000000e+03
-9.999000000000000000e+03
-9.999000000000000000e+03
-9.999000000000000000e+03
-9.999000000000000000e+03
-9.999000000000000000e+03
-9.999000000000000000e+03
-7.287744432687759399e-02
-1.743294596672058105e-01
-2.238306403160095215e-01
-2.053599208593368530e-01
-1.703311204910278320e-01
-1.282357424497604370e-01
-1.035023778676986694e-01
-7.625015825033187866e-02
-7.024729251861572266e-02
-5.839536339044570923e-02
-6.107548624277114868e-02
-7.949831336736679077e-02
-1.136761084198951721e-01
-1.320949792861938477e-01
-1.266791224479675293e-01
-8.782043308019638062e-02
-9.443277120590209961e-02
-9.999000000000000000e+03
-9.999000000000000000e+03
-9.999000000000000000e+03
-9.999000000000000000e+03
-9.999000000000000000e+03
-9.999000000000000000e+03
-9.999000000000000000e+03
-9.999000000000000000e+03
-9.999000000000000000e+03
-9.999000000000000000e+03
-9.999000000000000000e+03
-9.999000000000000000e+03
-9.999000000000000000e+03
-9.999000000000000000e+03
-9.999000000000000000e+03
-1.264013499021530151e-01
-2.091766148805618286e-01
-9.999000000000000000e+03
-1.209152638912200928e-01
-1.390498429536819458e-01
-1.168170422315597534e-01
-9.310160577297210693e-02
-8.353860676288604736e-02
-8.746658265590667725e-02
-9.357238560914993286e-02
-1.198726519942283630e-01
-1.249133124947547913e-01
-1.153341680765151978e-01
-8.748409897089004517e-02
-6.955176591873168945e-02
-9.999000000000000000e+03
-9.999000000000000000e+03
-9.999000000000000000e+03
-9.999000000000000000e+03
-9.999000000000000000e+03
-9.999000000000000000e+03
-9.999000000000000000e+03
-9.999000000000000000e+03
-9.999000000000000000e+03
-9.999000000000000000e+03
-9.999000000000000000e+03
-9.999000000000000000e+03
-9.999000000000000000e+03
-9.999000000000000000e+03
-9.999000000000000000e+03
-9.999000000000000000e+03
-7.665327936410903931e-02
-1.473184823989868164e-01
-9.999000000000000000e+03
-9.999000000000000000e+03
-1.241725236177444458e-01
-1.083907112479209900e-01
-1.016551554203033447e-01
-1.040432974696159363e-01
-1.133818849921226501e-01
-1.151183173060417175e-01
-1.124025136232376099e-01
-9.664669632911682129e-02
-8.890186995267868042e-02
-4.089205712080001831e-02
-9.999000000000000000e+03
-9.999000000000000000e+03
-9.999000000000000000e+03
-9.999000000000000000e+03
-9.999000000000000000e+03
-9.999000000000000000e+03
-9.999000000000000000e+03
-9.999000000000000000e+03
-9.999000000000000000e+03
-9.999000000000000000e+03
-9.999000000000000000e+03
-9.999000000000000000e+03
-9.999000000000000000e+03
-9.999000000000000000e+03
-9.999000000000000000e+03
-9.999000000000000000e+03
-9.999000000000000000e+03
-2.911194600164890289e-02
-6.250470876693725586e-02
-9.999000000000000000e+03
-9.999000000000000000e+03
-8.065326511859893799e-02
-9.158840030431747437e-02
-8.427705615758895874e-02
-8.738376945257186890e-02
-8.979486674070358276e-02
-7.408416271209716797e-02
-6.039887294173240662e-02
-4.462677240371704102e-02
-4.611543938517570496e-02
-3.485936298966407776e-02
-9.999000000000000000e+03
-9.999000000000000000e+03
-9.999000000000000000e+03
-9.999000000000000000e+03
-9.999000000000000000e+03
-9.999000000000000000e+03
-9.999000000000000000e+03
-9.999000000000000000e+03
-9.999000000000000000e+03
-9.999000000000000000e+03
-9.999000000000000000e+03
-9.999000000000000000e+03
-9.999000000000000000e+03
-9.999000000000000000e+03
-9.999000000000000000e+03
-9.999000000000000000e+03
-9.999000000000000000e+03
-9.999000000000000000e+03
-9.999000000000000000e+03
-9.999000000000000000e+03
-9.999000000000000000e+03
-4.845413938164710999e-02
-6.606533378362655640e-02
-4.574318230152130127e-02
-4.816856235265731812e-02
-4.232753440737724304e-02
-3.619155287742614746e-02
-1.248938310891389847e-02
-3.132604807615280151e-02
-4.411297291517257690e-02
-4.118040204048156738e-02
-9.999000000000000000e+03
-9.999000000000000000e+03
-9.999000000000000000e+03
-9.999000000000000000e+03
-9.999000000000000000e+03
-9.999000000000000000e+03
-9.999000000000000000e+03
-9.999000000000000000e+03
-9.999000000000000000e+03
-9.999000000000000000e+03
-9.999000000000000000e+03
-9.999000000000000000e+03
-9.999000000000000000e+03
-9.999000000000000000e+03
-9.999000000000000000e+03
-9.999000000000000000e+03
-9.999000000000000000e+03
-9.999000000000000000e+03
-9.999000000000000000e+03
-9.999000000000000000e+03
-9.999000000000000000e+03
-9.999000000000000000e+03
-3.913789615035057068e-02
-3.886689990758895874e-02
-7.708462886512279510e-03
8.109228685498237610e-03
8.782072836766019464e-05
-3.484287532046437263e-03
6.121326237916946411e-03
-2.301809377968311310e-02
-9.999000000000000000e+03
-9.999000000000000000e+03
-9.999000000000000000e+03
-9.999000000000000000e+03
-9.999000000000000000e+03
-9.999000000000000000e+03
-9.999000000000000000e+03
-9.999000000000000000e+03
-9.999000000000000000e+03
-9.999000000000000000e+03
-9.999000000000000000e+03
-9.999000000000000000e+03
-9.999000000000000000e+03
-9.999000000000000000e+03
-9.999000000000000000e+03
-9.999000000000000000e+03
-9.999000000000000000e+03
-9.999000000000000000e+03
-9.999000000000000000e+03
-9.999000000000000000e+03
-9.999000000000000000e+03
-9.999000000000000000e+03
-9.999000000000000000e+03
-2.543209306895732880e-02
-3.113128803670406342e-02
-1.765870675444602966e-02
-8.175051771104335785e-03
7.404617965221405029e-03
2.888089977204799652e-03
9.044904261827468872e-02
1.396765261888504028e-01
1.027360409498214722e-01
-9.999000000000000000e+03
-9.999000000000000000e+03
-9.999000000000000000e+03
-9.999000000000000000e+03
-9.999000000000000000e+03
-9.999000000000000000e+03
-9.999000000000000000e+03
-9.999000000000000000e+03
-9.999000000000000000e+03
-9.999000000000000000e+03
-9.999000000000000000e+03
-9.999000000000000000e+03
-9.999000000000000000e+03
-9.999000000000000000e+03
-9.999000000000000000e+03
-9.999000000000000000e+03
-9.999000000000000000e+03
-9.999000000000000000e+03
-9.999000000000000000e+03
-9.999000000000000000e+03
-9.999000000000000000e+03
-9.999000000000000000e+03
-9.999000000000000000e+03
-2.308204397559165955e-02
-1.911523751914501190e-02
-1.720522344112396240e-02
-1.932834275066852570e-02
1.602997817099094391e-02
4.385118559002876282e-02
1.452786028385162354e-01
1.425197273492813110e-01
-9.999000000000000000e+03
-9.999000000000000000e+03
-9.999000000000000000e+03
-9.999000000000000000e+03
-9.999000000000000000e+03
-9.999000000000000000e+03
-9.999000000000000000e+03
-9.999000000000000000e+03
-9.999000000000000000e+03
-9.999000000000000000e+03
-9.999000000000000000e+03
-9.999000000000000000e+03
-9.999000000000000000e+03
-9.999000000000000000e+03
-9.999000000000000000e+03
-9.999000000000000000e+03
-9.999000000000000000e+03
-9.999000000000000000e+03
-9.999000000000000000e+03
-9.999000000000000000e+03
-9.999000000000000000e+03
-9.999000000000000000e+03
-9.999000000000000000e+03
-2.721673063933849335e-02
-2.784108370542526245e-02
-1.671237312257289886e-02
-7.448967546224594116e-02
-1.141721159219741821e-01
-1.321207582950592041e-01
-5.776616185903549194e-02
2.066162973642349243e-02
3.444090485572814941e-03
-9.999000000000000000e+03
-9.999000000000000000e+03
-9.999000000000000000e+03
-9.999000000000000000e+03
-9.999000000000000000e+03
-9.999000000000000000e+03
-9.999000000000000000e+03
-9.999000000000000000e+03
-9.999000000000000000e+03
-9.999000000000000000e+03
-9.999000000000000000e+03
-9.999000000000000000e+03
-9.999000000000000000e+03
-9.999000000000000000e+03
-9.999000000000000000e+03
-9.999000000000000000e+03
-9.999000000000000000e+03
-9.999000000000000000e+03
-9.999000000000000000e+03
-9.999000000000000000e+03
-9.999000000000000000e+03
-9.999000000000000000e+03
-3.426196426153182983e-02
-4.750291258096694946e-02
-6.173995509743690491e-02
-7.708577066659927368e-02
-1.044313013553619385e-01
-1.221082136034965515e-01
-1.320574134588241577e-01
-1.355881392955780029e-01
-8.882224559783935547e-02
-4.437164217233657837e-02
-4.356229677796363831e-02
-5.007817596197128296e-02
-4.161213338375091553e-02
-9.999000000000000000e+03
-9.999000000000000000e+03
-9.999000000000000000e+03
-9.999000000000000000e+03
-9.999000000000000000e+03
-9.999000000000000000e+03
-9.999000000000000000e+03
-9.999000000000000000e+03
-9.999000000000000000e+03
-9.999000000000000000e+03
-9.999000000000000000e+03
-9.999000000000000000e+03
-9.999000000000000000e+03
-9.999000000000000000e+03
-9.999000000000000000e+03
-9.999000000000000000e+03
-9.999000000000000000e+03
-4.563518613576889038e-02
-4.386928305029869080e-02
-4.149850085377693176e-02
-3.696387261152267456e-02
-3.940274938941001892e-02
-6.210079416632652283e-02
-6.914280354976654053e-02
-8.480563759803771973e-02
-9.381977468729019165e-02
-6.280291825532913208e-02
-4.423375427722930908e-02
-4.908202588558197021e-02
-4.511700570583343506e-02
-5.177121981978416443e-02
-9.999000000000000000e+03
-9.999000000000000000e+03
-9.999000000000000000e+03
-9.999000000000000000e+03
-9.999000000000000000e+03
-9.999000000000000000e+03
-9.999000000000000000e+03
-9.999000000000000000e+03
-9.999000000000000000e+03
-9.999000000000000000e+03
-9.999000000000000000e+03
-9.999000000000000000e+03
-9.999000000000000000e+03
-9.999000000000000000e+03
-9.999000000000000000e+03
-6.106569617986679077e-02
-5.102253332734107971e-02
-7.031004130840301514e-02
-6.135788559913635254e-02
-3.438216075301170349e-02
-9.877343662083148956e-03
-3.495467593893408775e-03
-2.435317076742649078e-02
-4.753900319337844849e-02
-6.905416399240493774e-02
-7.089102268218994141e-02
-7.155533879995346069e-02
-5.921760573983192444e-02
-6.547836214303970337e-02
-9.999000000000000000e+03
-9.999000000000000000e+03
-9.999000000000000000e+03
-9.999000000000000000e+03
-9.999000000000000000e+03
-9.999000000000000000e+03
-9.999000000000000000e+03
-9.999000000000000000e+03
-9.999000000000000000e+03
-9.999000000000000000e+03
-9.999000000000000000e+03
-9.999000000000000000e+03
-9.999000000000000000e+03
-9.999000000000000000e+03
-9.999000000000000000e+03
-9.999000000000000000e+03
-6.313732266426086426e-02
-8.557631075382232666e-02
-7.323909550905227661e-02
-6.883689016103744507e-02
-6.395504623651504517e-02
-3.241139650344848633e-02
3.716963110491633415e-03
-1.105018658563494682e-03
-1.959961466491222382e-02
-4.188555106520652771e-02
-7.454708963632583618e-02
-1.034674793481826782e-01
-1.030953004956245422e-01
-7.714628428220748901e-02
-9.999000000000000000e+03
-9.999000000000000000e+03
-9.999000000000000000e+03
-9.999000000000000000e+03
-9.999000000000000000e+03
-9.999000000000000000e+03
-9.999000000000000000e+03
-9.999000000000000000e+03
-9.999000000000000000e+03
-9.999000000000000000e+03
-9.999000000000000000e+03
-9.999000000000000000e+03
-9.999000000000000000e+03
-9.999000000000000000e+03
-9.999000000000000000e+03
-9.999000000000000000e+03
-9.999000000000000000e+03
-7.550024241209030151e-02
-1.018167883157730103e-01
-9.866166859865188599e-02
-7.400552928447723389e-02
-5.894843861460685730e-02
-4.106896743178367615e-02
-2.273670211434364319e-02
-1.898624375462532043e-02
-2.053618058562278748e-02
-9.583914652466773987e-03
-1.451128907501697540e-02
-3.975972160696983337e-02
-3.802528977394104004e-02
-6.136708706617355347e-02
-9.999000000000000000e+03
-9.999000000000000000e+03
-9.999000000000000000e+03
-9.999000000000000000e+03
-9.999000000000000000e+03
-9.999000000000000000e+03
-9.999000000000000000e+03
-9.999000000000000000e+03
-9.999000000000000000e+03
-9.999000000000000000e+03
-9.999000000000000000e+03
-9.999000000000000000e+03
-9.999000000000000000e+03
-9.999000000000000000e+03
-9.999000000000000000e+03
-9.999000000000000000e+03
-9.999000000000000000e+03
-1.309285014867782593e-01
-1.300025582313537598e-01
-1.144815608859062195e-01
-8.944134414196014404e-02
-6.635868549346923828e-02
-4.464288055896759033e-02
-3.584012761712074280e-02
-3.114060126245021820e-02
-2.373088337481021881e-02
-1.349494885653257370e-02
-4.584823735058307648e-03
1.244714390486478806e-02
-6.768869236111640930e-03
-9.999000000000000000e+03
-9.999000000000000000e+03
-9.999000000000000000e+03
-9.999000000000000000e+03
-9.999000000000000000e+03
-9.999000000000000000e+03
-9.999000000000000000e+03
-9.999000000000000000e+03
-9.999000000000000000e+03
-9.999000000000000000e+03
-9.999000000000000000e+03
-9.999000000000000000e+03
-9.999000000000000000e+03
-9.999000000000000000e+03
-9.999000000000000000e+03
-9.999000000000000000e+03
-9.999000000000000000e+03
-9.999000000000000000e+03
-1.162680909037590027e-01
-1.075242757797241211e-01
-9.773533046245574951e-02
-8.170484751462936401e-02
-5.130771920084953308e-02
-2.160012908279895782e-02
-7.029324769973754883e-03
4.663185216486454010e-03
-2.405335661023855209e-03
2.053297311067581177e-02
1.273692492395639420e-02
-1.628055353648960590e-03
-9.999000000000000000e+03
-9.999000000000000000e+03
-9.999000000000000000e+03
-9.999000000000000000e+03
-9.999000000000000000e+03
-9.999000000000000000e+03
-9.999000000000000000e+03
-9.999000000000000000e+03
-9.999000000000000000e+03
-9.999000000000000000e+03
-9.999000000000000000e+03
-9.999000000000000000e+03
-9.999000000000000000e+03
-9.999000000000000000e+03
-9.999000000000000000e+03
-9.999000000000000000e+03
-9.999000000000000000e+03
-9.999000000000000000e+03
-9.999000000000000000e+03
-7.337792962789535522e-02
-7.066263258457183838e-02
-6.877794861793518066e-02
-6.880332529544830322e-02
-3.777756821364164352e-03
3.765551000833511353e-02
4.284565150737762451e-02
2.876469120383262634e-02
1.938837766647338867e-02
1.455009821802377701e-02
-9.999000000000000000e+03
-9.999000000000000000e+03
-9.999000000000000000e+03
-9.999000000000000000e+03
-9.999000000000000000e+03
-9.999000000000000000e+03
-9.999000000000000000e+03
-9.999000000000000000e+03
-9.999000000000000000e+03
-9.999000000000000000e+03
-9.999000000000000000e+03
-9.999000000000000000e+03
-9.999000000000000000e+03
-9.999000000000000000e+03
-9.999000000000000000e+03
-9.999000000000000000e+03
-9.999000000000000000e+03
-9.999000000000000000e+03
-9.999000000000000000e+03
-9.999000000000000000e+03
-9.999000000000000000e+03
-4.028572887182235718e-02
-2.188789844512939453e-02
-9.226919151842594147e-03
9.411197155714035034e-03
4.382195323705673218e-02
5.253358185291290283e-02
-9.999000000000000000e+03
-9.999000000000000000e+03
-9.999000000000000000e+03
-9.999000000000000000e+03
-9.999000000000000000e+03
-9.999000000000000000e+03
-9.999000000000000000e+03
-9.999000000000000000e+03
-9.999000000000000000e+03
-9.999000000000000000e+03
-9.999000000000000000e+03
-9.999000000000000000e+03
-9.999000000000000000e+03
-9.999000000000000000e+03
-9.999000000000000000e+03
-9.999000000000000000e+03
-9.999000000000000000e+03
-9.999000000000000000e+03
-9.999000000000000000e+03
-9.999000000000000000e+03
-9.999000000000000000e+03
-9.999000000000000000e+03
-9.999000000000000000e+03
-9.999000000000000000e+03
-9.999000000000000000e+03
-3.473021090030670166e-02
-1.452872157096862793e-02
7.232255302369594574e-03
-9.999000000000000000e+03
-9.999000000000000000e+03
-9.999000000000000000e+03
-9.999000000000000000e+03
-9.999000000000000000e+03
-9.999000000000000000e+03
-9.999000000000000000e+03
-9.999000000000000000e+03
-9.999000000000000000e+03
-9.999000000000000000e+03
-9.999000000000000000e+03
-9.999000000000000000e+03
-9.999000000000000000e+03
-9.999000000000000000e+03
-9.999000000000000000e+03
-9.999000000000000000e+03
-9.999000000000000000e+03
-9.999000000000000000e+03
-9.999000000000000000e+03
-9.999000000000000000e+03
-9.999000000000000000e+03
-9.999000000000000000e+03
-9.999000000000000000e+03
-9.999000000000000000e+03
-9.999000000000000000e+03
-9.999000000000000000e+03
-9.999000000000000000e+03
-9.999000000000000000e+03
