9.544023126363754272e-02
9.592410922050476074e-02
8.078737556934356689e-02
7.726909965276718140e-02
1.006404608488082886e-01
9.342806786298751831e-02
8.794875442981719971e-02
8.296206593513488770e-02
6.444262713193893433e-02
5.261343717575073242e-02
-4.539234563708305359e-03
-9.999000000000000000e+03
-9.999000000000000000e+03
-9.999000000000000000e+03
-9.999000000000000000e+03
-9.999000000000000000e+03
-9.999000000000000000e+03
-9.999000000000000000e+03
-9.999000000000000000e+03
-9.999000000000000000e+03
-9.999000000000000000e+03
-9.999000000000000000e+03
-9.999000000000000000e+03
4.588790237903594971e-03
3.229803219437599182e-02
5.295003950595855713e-02
8.814829587936401367e-02
1.327399313449859619e-01
1.521779447793960571e-01
1.587911695241928101e-01
1.627451777458190918e-01
3.809887543320655823e-02
3.472247719764709473e-02
2.098075114190578461e-02
1.337746530771255493e-02
3.364527970552444458e-02
1.815762929618358612e-02
5.380553659051656723e-03
1.484789978712797165e-02
1.184332557022571564e-02
2.545885182917118073e-02
2.648982591927051544e-02
2.304388582706451416e-02
-9.999000000000000000e+03
-9.999000000000000000e+03
-9.999000000000000000e+03
-9.999000000000000000e+03
-9.999000000000000000e+03
-9.999000000000000000e+03
-9.999000000000000000e+03
-9.999000000000000000e+03
-9.999000000000000000e+03
4.417805001139640808e-02
6.297200173139572144e-02
6.154818087816238403e-02
9.983785450458526611e-02
9.964617341756820679e-02
1.068167686462402344e-01
1.248421370983123779e-01
1.401078402996063232e-01
1.517528146505355835e-01
1.562730669975280762e-01
-4.847328178584575653e-03
-1.851261965930461884e-02
-4.662317037582397461e-02
-6.820801645517349243e-02
-5.221701785922050476e-02
-6.199556961655616760e-02
-5.719837546348571777e-02
-3.871796280145645142e-02
-2.812271751463413239e-02
-5.904223071411252022e-04
2.274303883314132690e-02
3.006952628493309021e-02
-9.999000000000000000e+03
-9.999000000000000000e+03
-9.999000000000000000e+03
-9.999000000000000000e+03
-9.999000000000000000e+03
-9.999000000000000000e+03
-9.999000000000000000e+03
9.899026900529861450e-02
8.587231487035751343e-02
9.258513152599334717e-02
9.722502529621124268e-02
9.860932081937789917e-02
9.829220920801162720e-02
9.400124847888946533e-02
1.033736392855644226e-01
1.002289876341819763e-01
1.109646931290626526e-01
1.347885429859161377e-01
1.480269730091094971e-01
-5.403566733002662659e-02
-6.559262424707412720e-02
-9.417315572500228882e-02
-1.254815012216567993e-01
-1.259424537420272827e-01
-1.285878121852874756e-01
-1.152630671858787537e-01
-8.413189649581909180e-02
-6.247534230351448059e-02
-2.228738367557525635e-02
9.239908307790756226e-03
5.381894484162330627e-02
8.297716081142425537e-02
-9.999000000000000000e+03
-9.999000000000000000e+03
-9.999000000000000000e+03
8.443940430879592896e-02
1.224422380328178406e-01
1.503134816884994507e-01
1.268801540136337280e-01
9.736909717321395874e-02
7.545091211795806885e-02
3.922497481107711792e-02
4.568713903427124023e-02
3.229335695505142212e-02
9.233540040440857410e-04
3.645415231585502625e-02
4.661081358790397644e-02
7.668233662843704224e-02
1.069303080439567566e-01
1.289399713277816772e-01
-9.920630604028701782e-02
-1.167635098099708557e-01
-1.470798701047897339e-01
-1.695058494806289673e-01
-1.727155148983001709e-01
-1.688343882560729980e-01
-1.501991748809814453e-01
-1.186535507440567017e-01
-9.786373376846313477e-02
-5.560602247714996338e-02
-5.995121784508228302e-03
3.463734313845634460e-02
8.702941983938217163e-02
9.923171252012252808e-02
1.006697267293930054e-01
1.134084388613700867e-01
1.145464852452278137e-01
1.004358604550361633e-01
9.631877392530441284e-02
5.140022188425064087e-02
1.951846294105052948e-02
-3.418892621994018555e-02
-9.177886694669723511e-02
-7.429588586091995239e-02
-8.410130441188812256e-02
-7.123485952615737915e-02
-3.582002967596054077e-02
4.678598605096340179e-03
5.955927446484565735e-02
1.051513701677322388e-01
1.292009800672531128e-01
-1.242436692118644714e-01
-1.410087496042251587e-01
-1.682842224836349487e-01
-1.908896267414093018e-01
-1.992268115282058716e-01
-1.945839524269104004e-01
-1.702755540609359741e-01
-1.398326754570007324e-01
-1.208848431706428528e-01
-7.926331460475921631e-02
-3.199786320328712463e-02
1.100201997905969620e-02
5.762349069118499756e-02
7.839109003543853760e-02
8.036011457443237305e-02
8.805708587169647217e-02
5.987459048628807068e-02
-6.642660591751337051e-03
-4.271883517503738403e-02
-1.091367602348327637e-01
-1.278321743011474609e-01
-1.388542205095291138e-01
-1.600000113248825073e-01
-1.387605965137481689e-01
-1.189593821763992310e-01
-9.735585749149322510e-02
-5.121028050780296326e-02
-1.280824467539787292e-02
3.435153886675834656e-02
8.126029372215270996e-02
1.057513132691383362e-01
-1.504192054271697998e-01
-1.636225730180740356e-01
-1.762242168188095093e-01
-1.851975172758102417e-01
-1.945573538541793823e-01
-1.964104920625686646e-01
-1.715037226676940918e-01
-1.425756365060806274e-01
-1.112993508577346802e-01
-7.463797181844711304e-02
-3.097138367593288422e-02
5.504945758730173111e-03
4.159251227974891663e-02
5.649806559085845947e-02
1.943133212625980377e-02
-5.900436546653509140e-03
-6.180141493678092957e-02
-1.167856231331825256e-01
-1.406594067811965942e-01
-1.855245530605316162e-01
-1.872842311859130859e-01
-1.927944719791412354e-01
-2.023847550153732300e-01
-1.910337358713150024e-01
-1.789154261350631714e-01
-1.669571101665496826e-01
-1.059528291225433350e-01
-6.666921079158782959e-02
-1.827810145914554596e-02
4.578034952282905579e-02
6.901925057172775269e-02
-1.649789214134216309e-01
-1.764770299196243286e-01
-1.760030686855316162e-01
-1.675001680850982666e-01
-1.658624410629272461e-01
-1.592158228158950806e-01
-1.488463282585144043e-01
-1.358105391263961792e-01
-1.109183058142662048e-01
-6.697364151477813721e-02
-2.153213694691658020e-02
-2.229035366326570511e-03
-4.720105498563498259e-04
-1.419618446379899979e-02
-5.936856940388679504e-02
-8.624380826950073242e-02
-1.491212844848632812e-01
-1.820471882820129395e-01
-1.887985914945602417e-01
-1.868961155414581299e-01
-1.825849413871765137e-01
-1.891539841890335083e-01
-2.049393504858016968e-01
-2.212975621223449707e-01
-2.364273667335510254e-01
-2.398432195186614990e-01
-1.793638020753860474e-01
-1.357759833335876465e-01
-8.654466271400451660e-02
-1.621603593230247498e-02
1.568090519867837429e-04
-1.635990589857101440e-01
-1.792259216308593750e-01
-1.744718253612518311e-01
-1.532389521598815918e-01
-1.442674249410629272e-01
-1.388900130987167358e-01
-1.303119957447052002e-01
-1.140695586800575256e-01
-8.684837818145751953e-02
-5.598897114396095276e-02
-3.323451429605484009e-02
-3.277214244008064270e-02
-7.067855447530746460e-02
-1.114284619688987732e-01
-1.589494645595550537e-01
-1.686879694461822510e-01
-1.873858571052551270e-01
-1.845753937959671021e-01
-1.799583286046981812e-01
-1.628837734460830688e-01
-1.486343592405319214e-01
-1.572221070528030396e-01
-1.363354921340942383e-01
-1.608657985925674438e-01
-1.305928230285644531e-01
-1.946719586849212646e-01
-1.848634779453277588e-01
-1.821266114711761475e-01
-1.441102027893066406e-01
-9.137425571680068970e-02
-8.017148822546005249e-02
-1.558731794357299805e-01
-1.606151759624481201e-01
-1.557583957910537720e-01
-1.300295442342758179e-01
-1.197468042373657227e-01
-1.171500980854034424e-01
-1.072716563940048218e-01
-9.780231863260269165e-02
-6.762362271547317505e-02
-5.522272363305091858e-02
-7.083569467067718506e-02
-1.134072542190551758e-01
-1.463492214679718018e-01
-1.685797870159149170e-01
-1.940983533859252930e-01
-1.964770555496215820e-01
-1.894437819719314575e-01
-1.281378418207168579e-01
-1.412599086761474609e-01
-1.109890565276145935e-01
-9.726592898368835449e-02
-9.999000000000000000e+03
-9.999000000000000000e+03
-9.999000000000000000e+03
-9.999000000000000000e+03
-9.999000000000000000e+03
-9.999000000000000000e+03
-1.932543367147445679e-01
-1.712055206298828125e-01
-1.492280513048171997e-01
-1.485169380903244019e-01
-1.556714326143264771e-01
-1.391005218029022217e-01
-1.282579749822616577e-01
-1.113125979900360107e-01
-1.004281938076019287e-01
-7.604811340570449829e-02
-7.855114340782165527e-02
-7.403718680143356323e-02
-6.253752112388610840e-02
-7.232001423835754395e-02
-1.008750945329666138e-01
-1.574793308973312378e-01
-1.744863390922546387e-01
-1.879366636276245117e-01
-1.790085434913635254e-01
-1.558666080236434937e-01
-1.293351650238037109e-01
-9.999000000000000000e+03
-9.999000000000000000e+03
-9.999000000000000000e+03
-9.999000000000000000e+03
-9.999000000000000000e+03
-9.999000000000000000e+03
-9.999000000000000000e+03
-9.999000000000000000e+03
-9.999000000000000000e+03
-9.999000000000000000e+03
-1.058882400393486023e-01
-1.512008756399154663e-01
-1.779225617647171021e-01
-1.839425116777420044e-01
-1.801519244909286499e-01
-1.547310054302215576e-01
-1.117510646581649780e-01
-9.275950491428375244e-02
-8.310633897781372070e-02
-7.702681422233581543e-02
-7.173810899257659912e-02
-6.075412780046463013e-02
-5.733596533536911011e-02
-9.620829671621322632e-02
-1.280561238527297974e-01
-1.446302980184555054e-01
-1.493337452411651611e-01
-1.594157963991165161e-01
-9.204988926649093628e-02
-9.791464358568191528e-02
-9.999000000000000000e+03
-9.999000000000000000e+03
-9.999000000000000000e+03
-9.999000000000000000e+03
-9.999000000000000000e+03
-9.999000000000000000e+03
-9.999000000000000000e+03
-9.999000000000000000e+03
-9.999000000000000000e+03
-9.999000000000000000e+03
-9.999000000000000000e+03
-9.999000000000000000e+03
-9.245873242616653442e-02
-1.691066771745681763e-01
-1.981506049633026123e-01
-2.450529038906097412e-01
-1.934410184621810913e-01
-1.392637044191360474e-01
-1.050776988267898560e-01
-7.975307106971740723e-02
-6.834681332111358643e-02
-5.020903795957565308e-02
-4.959623888134956360e-02
-6.167664378881454468e-02
-9.229249507188796997e-02
-1.127163693308830261e-01
-1.014847308397293091e-01
-8.294216543436050415e-02
-1.008328422904014587e-01
-9.999000000000000000e+03
-9.999000000000000000e+03
-9.999000000000000000e+03
-9.999000000000000000e+03
-9.999000000000000000e+03
-9.999000000000000000e+03
-9.999000000000000000e+03
-9.999000000000000000e+03
-9.999000000000000000e+03
-9.999000000000000000e+03
-9.999000000000000000e+03
-9.999000000000000000e+03
-9.999000000000000000e+03
-9.999000000000000000e+03
-9.999000000000000000e+03
-1.318292319774627686e-01
-1.756296306848526001e-01
-9.999000000000000000e+03
-1.138801425695419312e-01
-1.399019658565521240e-01
-1.196436807513237000e-01
-9.121011197566986084e-02
-7.286359369754791260e-02
-6.140789389610290527e-02
-6.781397014856338501e-02
-9.315921366214752197e-02
-9.354677796363830566e-02
-8.297680318355560303e-02
-6.148639321327209473e-02
-5.540639534592628479e-02
-9.999000000000000000e+03
-9.999000000000000000e+03
-9.999000000000000000e+03
-9.999000000000000000e+03
-9.999000000000000000e+03
-9.999000000000000000e+03
-9.999000000000000000e+03
-9.999000000000000000e+03
-9.999000000000000000e+03
-9.999000000000000000e+03
-9.999000000000000000e+03
-9.999000000000000000e+03
-9.999000000000000000e+03
-9.999000000000000000e+03
-9.999000000000000000e+03
-9.999000000000000000e+03
-7.929299026727676392e-02
-1.222369968891143799e-01
-9.999000000000000000e+03
-9.999000000000000000e+03
-1.120786666870117188e-01
-1.204849183559417725e-01
-9.494765847921371460e-02
-7.915467768907546997e-02
-7.988934218883514404e-02
-8.651750534772872925e-02
-8.799526095390319824e-02
-7.579340040683746338e-02
-5.723136290907859802e-02
-1.967353187501430511e-02
-9.999000000000000000e+03
-9.999000000000000000e+03
-9.999000000000000000e+03
-9.999000000000000000e+03
-9.999000000000000000e+03
-9.999000000000000000e+03
-9.999000000000000000e+03
-9.999000000000000000e+03
-9.999000000000000000e+03
-9.999000000000000000e+03
-9.999000000000000000e+03
-9.999000000000000000e+03
-9.999000000000000000e+03
-9.999000000000000000e+03
-9.999000000000000000e+03
-9.999000000000000000e+03
-9.999000000000000000e+03
-2.840228378772735596e-02
-4.013904184103012085e-02
-9.999000000000000000e+03
-9.999000000000000000e+03
-5.403255298733711243e-02
-7.545533031225204468e-02
-7.656028866767883301e-02
-6.092962995171546936e-02
-4.611393064260482788e-02
-5.145259201526641846e-02
-4.852572828531265259e-02
-2.820893377065658569e-02
-2.158210426568984985e-02
-7.200346328318119049e-03
-9.999000000000000000e+03
-9.999000000000000000e+03
-9.999000000000000000e+03
-9.999000000000000000e+03
-9.999000000000000000e+03
-9.999000000000000000e+03
-9.999000000000000000e+03
-9.999000000000000000e+03
-9.999000000000000000e+03
-9.999000000000000000e+03
-9.999000000000000000e+03
-9.999000000000000000e+03
-9.999000000000000000e+03
-9.999000000000000000e+03
-9.999000000000000000e+03
-9.999000000000000000e+03
-9.999000000000000000e+03
-9.999000000000000000e+03
-9.999000000000000000e+03
-9.999000000000000000e+03
-9.999000000000000000e+03
-5.260835867375135422e-03
-2.062738686800003052e-02
-2.923910319805145264e-02
-2.501133829355239868e-02
-8.483748883008956909e-03
-6.631012540310621262e-03
1.573695044498890638e-04
-6.733810529112815857e-03
-1.373177673667669296e-02
-1.302891038358211517e-02
-9.999000000000000000e+03
-9.999000000000000000e+03
-9.999000000000000000e+03
-9.999000000000000000e+03
-9.999000000000000000e+03
-9.999000000000000000e+03
-9.999000000000000000e+03
-9.999000000000000000e+03
-9.999000000000000000e+03
-9.999000000000000000e+03
-9.999000000000000000e+03
-9.999000000000000000e+03
-9.999000000000000000e+03
-9.999000000000000000e+03
-9.999000000000000000e+03
-9.999000000000000000e+03
-9.999000000000000000e+03
-9.999000000000000000e+03
-9.999000000000000000e+03
-9.999000000000000000e+03
-9.999000000000000000e+03
-9.999000000000000000e+03
-5.830052774399518967e-03
-1.842831820249557495e-02
-1.151923835277557373e-02
2.188638970255851746e-02
2.019612304866313934e-02
1.024897396564483643e-02
1.756437681615352631e-02
4.393852213979698718e-05
-9.999000000000000000e+03
-9.999000000000000000e+03
-9.999000000000000000e+03
-9.999000000000000000e+03
-9.999000000000000000e+03
-9.999000000000000000e+03
-9.999000000000000000e+03
-9.999000000000000000e+03
-9.999000000000000000e+03
-9.999000000000000000e+03
-9.999000000000000000e+03
-9.999000000000000000e+03
-9.999000000000000000e+03
-9.999000000000000000e+03
-9.999000000000000000e+03
-9.999000000000000000e+03
-9.999000000000000000e+03
-9.999000000000000000e+03
-9.999000000000000000e+03
-9.999000000000000000e+03
-9.999000000000000000e+03
-9.999000000000000000e+03
-9.999000000000000000e+03
-7.623435929417610168e-03
-2.932487055659294128e-02
-3.693704307079315186e-02
-2.571832574903964996e-02
1.703150570392608643e-02
-4.060688428580760956e-03
8.081247657537460327e-02
1.445962637662887573e-01
1.116194874048233032e-01
-9.999000000000000000e+03
-9.999000000000000000e+03
-9.999000000000000000e+03
-9.999000000000000000e+03
-9.999000000000000000e+03
-9.999000000000000000e+03
-9.999000000000000000e+03
-9.999000000000000000e+03
-9.999000000000000000e+03
-9.999000000000000000e+03
-9.999000000000000000e+03
-9.999000000000000000e+03
-9.999000000000000000e+03
-9.999000000000000000e+03
-9.999000000000000000e+03
-9.999000000000000000e+03
-9.999000000000000000e+03
-9.999000000000000000e+03
-9.999000000000000000e+03
-9.999000000000000000e+03
-9.999000000000000000e+03
-9.999000000000000000e+03
-9.999000000000000000e+03
-3.070158883929252625e-02
-3.165899589657783508e-02
-2.904040180146694183e-02
-1.314162649214267731e-02
1.291347201913595200e-02
1.738869026303291321e-02
1.216467842459678650e-01
1.199192628264427185e-01
-9.999000000000000000e+03
-9.999000000000000000e+03
-9.999000000000000000e+03
-9.999000000000000000e+03
-9.999000000000000000e+03
-9.999000000000000000e+03
-9.999000000000000000e+03
-9.999000000000000000e+03
-9.999000000000000000e+03
-9.999000000000000000e+03
-9.999000000000000000e+03
-9.999000000000000000e+03
-9.999000000000000000e+03
-9.999000000000000000e+03
-9.999000000000000000e+03
-9.999000000000000000e+03
-9.999000000000000000e+03
-9.999000000000000000e+03
-9.999000000000000000e+03
-9.999000000000000000e+03
-9.999000000000000000e+03
-9.999000000000000000e+03
-9.999000000000000000e+03
-3.552931174635887146e-02
-4.649383574724197388e-02
-4.799134284257888794e-02
-8.808611333370208740e-02
-1.276910901069641113e-01
-1.501518040895462036e-01
-8.512581139802932739e-02
-1.259622164070606232e-03
-1.848468370735645294e-02
-9.999000000000000000e+03
-9.999000000000000000e+03
-9.999000000000000000e+03
-9.999000000000000000e+03
-9.999000000000000000e+03
-9.999000000000000000e+03
-9.999000000000000000e+03
-9.999000000000000000e+03
-9.999000000000000000e+03
-9.999000000000000000e+03
-9.999000000000000000e+03
-9.999000000000000000e+03
-9.999000000000000000e+03
-9.999000000000000000e+03
-9.999000000000000000e+03
-9.999000000000000000e+03
-9.999000000000000000e+03
-9.999000000000000000e+03
-9.999000000000000000e+03
-9.999000000000000000e+03
-9.999000000000000000e+03
-9.999000000000000000e+03
-3.141253814101219177e-02
-7.012145966291427612e-02
-9.395714104175567627e-02
-1.093855053186416626e-01
-1.412403881549835205e-01
-1.435553133487701416e-01
-1.328224241733551025e-01
-1.373349875211715698e-01
-9.463571757078170776e-02
-5.939830467104911804e-02
-4.559307172894477844e-02
-4.180979728698730469e-02
-3.525617346167564392e-02
-9.999000000000000000e+03
-9.999000000000000000e+03
-9.999000000000000000e+03
-9.999000000000000000e+03
-9.999000000000000000e+03
-9.999000000000000000e+03
-9.999000000000000000e+03
-9.999000000000000000e+03
-9.999000000000000000e+03
-9.999000000000000000e+03
-9.999000000000000000e+03
-9.999000000000000000e+03
-9.999000000000000000e+03
-9.999000000000000000e+03
-9.999000000000000000e+03
-9.999000000000000000e+03
-9.999000000000000000e+03
-6.033373251557350159e-02
-5.597228929400444031e-02
-5.681527778506278992e-02
-7.088989764451980591e-02
-7.527020573616027832e-02
-7.686500251293182373e-02
-6.088854745030403137e-02
-7.056076824665069580e-02
-8.696620166301727295e-02
-4.339032620191574097e-02
-2.689957432448863983e-02
-3.382235765457153320e-02
-4.052287340164184570e-02
-4.379685968160629272e-02
-9.999000000000000000e+03
-9.999000000000000000e+03
-9.999000000000000000e+03
-9.999000000000000000e+03
-9.999000000000000000e+03
-9.999000000000000000e+03
-9.999000000000000000e+03
-9.999000000000000000e+03
-9.999000000000000000e+03
-9.999000000000000000e+03
-9.999000000000000000e+03
-9.999000000000000000e+03
-9.999000000000000000e+03
-9.999000000000000000e+03
-9.999000000000000000e+03
-6.495204567909240723e-02
-7.141695916652679443e-02
-1.134853065013885498e-01
-1.009442880749702454e-01
-7.651085406541824341e-02
-5.677253007888793945e-02
-3.884484991431236267e-02
-3.569776192307472229e-02
-3.593314066529273987e-02
-6.436756253242492676e-02
-5.472083389759063721e-02
-4.901222139596939087e-02
-4.264598339796066284e-02
-6.674592196941375732e-02
-9.999000000000000000e+03
-9.999000000000000000e+03
-9.999000000000000000e+03
-9.999000000000000000e+03
-9.999000000000000000e+03
-9.999000000000000000e+03
-9.999000000000000000e+03
-9.999000000000000000e+03
-9.999000000000000000e+03
-9.999000000000000000e+03
-9.999000000000000000e+03
-9.999000000000000000e+03
-9.999000000000000000e+03
-9.999000000000000000e+03
-9.999000000000000000e+03
-9.999000000000000000e+03
-5.369253456592559814e-02
-8.031938970088958740e-02
-9.221976250410079956e-02
-1.140924692153930664e-01
-1.142467483878135681e-01
-8.549468219280242920e-02
-5.031616613268852234e-02
-3.259460628032684326e-02
-2.242015115916728973e-02
-3.162796795368194580e-02
-7.559396326541900635e-02
-1.101484447717666626e-01
-1.033715456724166870e-01
-6.906978785991668701e-02
-9.999000000000000000e+03
-9.999000000000000000e+03
-9.999000000000000000e+03
-9.999000000000000000e+03
-9.999000000000000000e+03
-9.999000000000000000e+03
-9.999000000000000000e+03
-9.999000000000000000e+03
-9.999000000000000000e+03
-9.999000000000000000e+03
-9.999000000000000000e+03
-9.999000000000000000e+03
-9.999000000000000000e+03
-9.999000000000000000e+03
-9.999000000000000000e+03
-9.999000000000000000e+03
-9.999000000000000000e+03
-6.217522919178009033e-02
-9.056633710861206055e-02
-1.126433089375495911e-01
-1.158856078982353210e-01
-1.083000153303146362e-01
-9.339226037263870239e-02
-6.983318179845809937e-02
-4.412438720464706421e-02
-2.037180587649345398e-02
1.070303656160831451e-02
-1.147267967462539673e-02
-5.288598313927650452e-02
-4.793722927570343018e-02
-5.923524498939514160e-02
-9.999000000000000000e+03
-9.999000000000000000e+03
-9.999000000000000000e+03
-9.999000000000000000e+03
-9.999000000000000000e+03
-9.999000000000000000e+03
-9.999000000000000000e+03
-9.999000000000000000e+03
-9.999000000000000000e+03
-9.999000000000000000e+03
-9.999000000000000000e+03
-9.999000000000000000e+03
-9.999000000000000000e+03
-9.999000000000000000e+03
-9.999000000000000000e+03
-9.999000000000000000e+03
-9.999000000000000000e+03
-1.039913743734359741e-01
-1.138269081711769104e-01
-1.109618991613388062e-01
-1.049445047974586487e-01
-9.276415407657623291e-02
-8.044891059398651123e-02
-5.114011839032173157e-02
-2.312242984771728516e-02
-6.132075563073158264e-03
1.098876539617776871e-02
3.145271213725209236e-03
2.434684662148356438e-03
-4.592975135892629623e-03
-9.999000000000000000e+03
-9.999000000000000000e+03
-9.999000000000000000e+03
-9.999000000000000000e+03
-9.999000000000000000e+03
-9.999000000000000000e+03
-9.999000000000000000e+03
-9.999000000000000000e+03
-9.999000000000000000e+03
-9.999000000000000000e+03
-9.999000000000000000e+03
-9.999000000000000000e+03
-9.999000000000000000e+03
-9.999000000000000000e+03
-9.999000000000000000e+03
-9.999000000000000000e+03
-9.999000000000000000e+03
-9.999000000000000000e+03
-8.038240671157836914e-02
-8.184396475553512573e-02
-6.853318214416503906e-02
-6.606392562389373779e-02
-4.622317105531692505e-02
-3.553676232695579529e-02
-1.439617201685905457e-02
8.046313188970088959e-03
1.085060834884643555e-02
2.617269195616245270e-02
7.675310596823692322e-03
-2.409110963344573975e-02
-9.999000000000000000e+03
-9.999000000000000000e+03
-9.999000000000000000e+03
-9.999000000000000000e+03
-9.999000000000000000e+03
-9.999000000000000000e+03
-9.999000000000000000e+03
-9.999000000000000000e+03
-9.999000000000000000e+03
-9.999000000000000000e+03
-9.999000000000000000e+03
-9.999000000000000000e+03
-9.999000000000000000e+03
-9.999000000000000000e+03
-9.999000000000000000e+03
-9.999000000000000000e+03
-9.999000000000000000e+03
-9.999000000000000000e+03
-9.999000000000000000e+03
-4.216158390045166016e-02
-3.734036162495613098e-02
-3.201996907591819763e-02
-2.849502675235271454e-02
1.569600589573383331e-02
2.216386608779430389e-02
1.836411096155643463e-02
1.534208469092845917e-02
1.548666786402463913e-02
9.688253514468669891e-03
-9.999000000000000000e+03
-9.999000000000000000e+03
-9.999000000000000000e+03
-9.999000000000000000e+03
-9.999000000000000000e+03
-9.999000000000000000e+03
-9.999000000000000000e+03
-9.999000000000000000e+03
-9.999000000000000000e+03
-9.999000000000000000e+03
-9.999000000000000000e+03
-9.999000000000000000e+03
-9.999000000000000000e+03
-9.999000000000000000e+03
-9.999000000000000000e+03
-9.999000000000000000e+03
-9.999000000000000000e+03
-9.999000000000000000e+03
-9.999000000000000000e+03
-9.999000000000000000e+03
-9.999000000000000000e+03
-1.225022412836551666e-02
1.467953808605670929e-02
3.010549210011959076e-02
4.648045822978019714e-02
6.438411027193069458e-02
4.161190241575241089e-02
-9.999000000000000000e+03
-9.999000000000000000e+03
-9.999000000000000000e+03
-9.999000000000000000e+03
-9.999000000000000000e+03
-9.999000000000000000e+03
-9.999000000000000000e+03
-9.999000000000000000e+03
-9.999000000000000000e+03
-9.999000000000000000e+03
-9.999000000000000000e+03
-9.999000000000000000e+03
-9.999000000000000000e+03
-9.999000000000000000e+03
-9.999000000000000000e+03
-9.999000000000000000e+03
-9.999000000000000000e+03
-9.999000000000000000e+03
-9.999000000000000000e+03
-9.999000000000000000e+03
-9.999000000000000000e+03
-9.999000000000000000e+03
-9.999000000000000000e+03
-9.999000000000000000e+03
-9.999000000000000000e+03
-1.546950917690992355e-02
7.384457159787416458e-03
4.507335647940635681e-02
-9.999000000000000000e+03
-9.999000000000000000e+03
-9.999000000000000000e+03
-9.999000000000000000e+03
-9.999000000000000000e+03
-9.999000000000000000e+03
-9.999000000000000000e+03
-9.999000000000000000e+03
-9.999000000000000000e+03
-9.999000000000000000e+03
-9.999000000000000000e+03
-9.999000000000000000e+03
-9.999000000000000000e+03
-9.999000000000000000e+03
-9.999000000000000000e+03
-9.999000000000000000e+03
-9.999000000000000000e+03
-9.999000000000000000e+03
-9.999000000000000000e+03
-9.999000000000000000e+03
-9.999000000000000000e+03
-9.999000000000000000e+03
-9.999000000000000000e+03
-9.999000000000000000e+03
-9.999000000000000000e+03
-9.999000000000000000e+03
-9.999000000000000000e+03
-9.999000000000000000e+03
