-1.636539399623870850e-01
-1.195046454668045044e-01
-6.625925004482269287e-02
1.202687062323093414e-02
8.315335959196090698e-02
1.417044103145599365e-01
1.894507855176925659e-01
2.203126698732376099e-01
2.450387477874755859e-01
2.451631873846054077e-01
2.111972719430923462e-01
-9.999000000000000000e+03
-9.999000000000000000e+03
-9.999000000000000000e+03
-9.999000000000000000e+03
-9.999000000000000000e+03
-9.999000000000000000e+03
-9.999000000000000000e+03
-9.999000000000000000e+03
-9.999000000000000000e+03
-9.999000000000000000e+03
-9.999000000000000000e+03
-9.999000000000000000e+03
-6.761256605386734009e-03
-3.309183567762374878e-02
-7.914610207080841064e-03
1.857773028314113617e-02
1.562930829823017120e-02
3.327345848083496094e-02
4.467767477035522461e-02
4.594314470887184143e-02
-1.443943083286285400e-01
-1.076495572924613953e-01
-5.591549724340438843e-02
1.164266001433134079e-02
9.069128334522247314e-02
1.580172777175903320e-01
2.005973160266876221e-01
2.289629876613616943e-01
2.372817993164062500e-01
2.395699173212051392e-01
2.186102122068405151e-01
1.109018996357917786e-01
-9.999000000000000000e+03
-9.999000000000000000e+03
-9.999000000000000000e+03
-9.999000000000000000e+03
-9.999000000000000000e+03
-9.999000000000000000e+03
-9.999000000000000000e+03
-9.999000000000000000e+03
-9.999000000000000000e+03
-2.896771207451820374e-02
-4.675254225730895996e-02
-4.520899057388305664e-02
-5.452468618750572205e-02
-3.314676880836486816e-02
-2.419540844857692719e-02
-3.237440064549446106e-02
-1.278755534440279007e-02
4.829167854040861130e-03
8.829876780509948730e-03
-1.419522911310195923e-01
-8.384256809949874878e-02
-2.251654304563999176e-02
4.294110462069511414e-02
1.034345701336860657e-01
1.533269137144088745e-01
1.914820522069931030e-01
2.191292047500610352e-01
2.220994383096694946e-01
2.235460728406906128e-01
1.860398352146148682e-01
1.104741767048835754e-01
-9.999000000000000000e+03
-9.999000000000000000e+03
-9.999000000000000000e+03
-9.999000000000000000e+03
-9.999000000000000000e+03
-9.999000000000000000e+03
-9.999000000000000000e+03
-3.112314827740192413e-02
-2.887145429849624634e-02
-4.181299731135368347e-02
-5.198975652456283569e-02
-5.843028798699378967e-02
-5.086254328489303589e-02
-3.775999695062637329e-02
-4.228779673576354980e-02
-4.858957976102828979e-02
-3.603477403521537781e-02
-2.734762988984584808e-02
-2.349799126386642456e-02
-1.175476387143135071e-01
-6.601659208536148071e-02
-1.991868205368518829e-02
4.077367484569549561e-02
1.107370927929878235e-01
1.586355268955230713e-01
1.803525686264038086e-01
2.015394568443298340e-01
2.136331647634506226e-01
2.197960019111633301e-01
1.973111778497695923e-01
1.085848063230514526e-01
3.364820405840873718e-02
-9.999000000000000000e+03
-9.999000000000000000e+03
-9.999000000000000000e+03
-3.530227765440940857e-02
-5.280948057770729065e-02
-5.457193031907081604e-02
-3.662854433059692383e-02
-2.069573663175106049e-02
-1.773627288639545441e-02
-1.603766717016696930e-02
-3.678973019123077393e-02
-4.034539312124252319e-02
-2.372580580413341522e-02
-3.924949467182159424e-02
-5.433839187026023865e-02
-6.388982385396957397e-02
-5.631354823708534241e-02
-5.303135141730308533e-02
-1.063280999660491943e-01
-4.094739630818367004e-02
1.511136628687381744e-02
6.443848460912704468e-02
1.111719906330108643e-01
1.458834260702133179e-01
1.638663262128829956e-01
1.856221556663513184e-01
2.110818624496459961e-01
2.021734267473220825e-01
1.565341204404830933e-01
7.711578905582427979e-02
1.274619530886411667e-02
-1.134704146534204483e-02
-4.242696985602378845e-02
-5.439057573676109314e-02
-6.043222546577453613e-02
-5.460822954773902893e-02
-4.276947304606437683e-02
-1.437507197260856628e-02
5.344366654753684998e-03
2.619319222867488861e-02
3.574189916253089905e-02
7.781993597745895386e-03
-5.683802533894777298e-03
-2.611443027853965759e-02
-5.098406225442886353e-02
-6.840765476226806641e-02
-8.954271674156188965e-02
-8.889699727296829224e-02
-8.686291426420211792e-02
-7.906905561685562134e-02
-3.487602621316909790e-02
2.535098604857921600e-02
8.169069141149520874e-02
1.228833198547363281e-01
1.463767588138580322e-01
1.595798879861831665e-01
1.775181144475936890e-01
1.886639893054962158e-01
1.760564744472503662e-01
1.109254956245422363e-01
2.203718759119510651e-02
-1.726971007883548737e-02
-4.377639293670654297e-02
-5.637545511126518250e-02
-5.547689646482467651e-02
-4.641353338956832886e-02
-2.426207438111305237e-02
-8.738502860069274902e-03
1.976106129586696625e-02
3.880056366324424744e-02
5.055740475654602051e-02
5.224327743053436279e-02
2.970241196453571320e-02
-2.408700762316584587e-03
-4.303204268217086792e-02
-7.129430770874023438e-02
-9.773804992437362671e-02
-1.173959374427795410e-01
-1.187449395656585693e-01
-1.152846142649650574e-01
-3.435771167278289795e-02
-1.254549622535705566e-02
4.142370074987411499e-02
9.064044803380966187e-02
1.264905780553817749e-01
1.507566720247268677e-01
1.662396490573883057e-01
1.807952970266342163e-01
1.582227349281311035e-01
1.107448935508728027e-01
5.360095947980880737e-02
-3.085457021370530128e-03
-3.424948453903198242e-02
-5.793647468090057373e-02
-3.942316770553588867e-02
-2.667747437953948975e-02
-8.494420908391475677e-03
4.799356684088706970e-03
9.686324745416641235e-03
3.126970306038856506e-02
4.667584598064422607e-02
5.514624714851379395e-02
3.465117886662483215e-02
1.101755537092685699e-02
-2.793238684535026550e-02
-6.311467289924621582e-02
-9.091532230377197266e-02
-1.211701184511184692e-01
-1.471357345581054688e-01
-1.469472050666809082e-01
-1.386014819145202637e-01
-1.801089942455291748e-02
1.961063389899209142e-05
4.784628376364707947e-02
8.664889633655548096e-02
1.204599365592002869e-01
1.452597379684448242e-01
1.632149964570999146e-01
1.739971935749053955e-01
1.369441449642181396e-01
7.333710044622421265e-02
2.002590335905551910e-03
-3.224549815058708191e-02
-3.032504953444004059e-02
-2.098486199975013733e-02
-6.572065758518874645e-04
8.010604418814182281e-03
1.989485695958137512e-02
3.129931166768074036e-02
3.425036743283271790e-02
3.585583344101905823e-02
3.063656389713287354e-02
3.078223764896392822e-02
4.995364230126142502e-03
-2.206453122198581696e-02
-6.260276585817337036e-02
-8.180698007345199585e-02
-1.143697053194046021e-01
-1.432379186153411865e-01
-1.645658314228057861e-01
-1.704452633857727051e-01
-1.565583199262619019e-01
-1.084737386554479599e-02
1.086712162941694260e-02
3.832127526402473450e-02
5.487343296408653259e-02
8.593073487281799316e-02
1.146258115768432617e-01
1.307730674743652344e-01
1.279538869857788086e-01
1.045735627412796021e-01
5.880719050765037537e-02
9.729664772748947144e-03
-1.478399150073528290e-02
5.197360180318355560e-03
2.239577099680900574e-02
4.564129188656806946e-02
4.708430916070938110e-02
5.380128324031829834e-02
5.245441570878028870e-02
4.125996306538581848e-02
1.986527442932128906e-02
-2.672699280083179474e-03
-1.151544507592916489e-02
-1.584821008145809174e-02
-2.561103366315364838e-02
-3.575222939252853394e-02
-7.753174006938934326e-02
-1.186146736145019531e-01
-1.632745563983917236e-01
-1.811831146478652954e-01
-1.790618449449539185e-01
-1.597815454006195068e-01
-3.609380871057510376e-02
2.321881940588355064e-03
2.957260608673095703e-02
4.238329827785491943e-02
6.309703737497329712e-02
9.082037210464477539e-02
1.063232794404029846e-01
1.031824648380279541e-01
9.733270853757858276e-02
5.635904148221015930e-02
2.829035930335521698e-02
4.376210272312164307e-02
5.251486599445343018e-02
5.581792071461677551e-02
6.769615411758422852e-02
7.577152550220489502e-02
8.395384997129440308e-02
4.240797832608222961e-02
1.694795861840248108e-02
-1.293415296822786331e-02
-1.437310688197612762e-02
-9.999000000000000000e+03
-9.999000000000000000e+03
-9.999000000000000000e+03
-9.999000000000000000e+03
-9.999000000000000000e+03
-9.999000000000000000e+03
-1.243381723761558533e-01
-1.732423305511474609e-01
-1.834801435470581055e-01
-1.580563336610794067e-01
-7.348133251070976257e-03
3.939622081816196442e-03
2.402276545763015747e-02
5.150515586137771606e-02
7.493374496698379517e-02
9.359817206859588623e-02
1.172834262251853943e-01
1.026905030012130737e-01
8.495550602674484253e-02
7.746326923370361328e-02
6.953471899032592773e-02
1.014439016580581665e-01
8.662462979555130005e-02
7.432834804058074951e-02
7.954525947570800781e-02
8.287739008665084839e-02
1.050331220030784607e-01
-9.999000000000000000e+03
-9.999000000000000000e+03
-9.999000000000000000e+03
-9.999000000000000000e+03
-9.999000000000000000e+03
-9.999000000000000000e+03
-9.999000000000000000e+03
-9.999000000000000000e+03
-9.999000000000000000e+03
-9.999000000000000000e+03
-1.013863906264305115e-01
-1.338199526071548462e-01
-1.514580845832824707e-01
-1.330921351909637451e-01
2.645965898409485817e-03
-5.994070786982774734e-03
2.568304538726806641e-02
5.929948017001152039e-02
8.066383004188537598e-02
9.434086829423904419e-02
1.196200475096702576e-01
1.089544817805290222e-01
9.896513819694519043e-02
1.329403072595596313e-01
1.325524449348449707e-01
1.232197135686874390e-01
1.031438037753105164e-01
7.928960770368576050e-02
4.950051009654998779e-02
5.592324957251548767e-02
-9.999000000000000000e+03
-9.999000000000000000e+03
-9.999000000000000000e+03
-9.999000000000000000e+03
-9.999000000000000000e+03
-9.999000000000000000e+03
-9.999000000000000000e+03
-9.999000000000000000e+03
-9.999000000000000000e+03
-9.999000000000000000e+03
-9.999000000000000000e+03
-9.999000000000000000e+03
-6.830669939517974854e-02
-9.371682256460189819e-02
-7.548271864652633667e-02
-3.931434080004692078e-02
-3.879214823246002197e-02
-4.264391027390956879e-03
2.748393826186656952e-02
6.287663429975509644e-02
9.852348268032073975e-02
1.110337600111961365e-01
1.235621497035026550e-01
1.420840024948120117e-01
1.647522449493408203e-01
1.592400074005126953e-01
1.161154732108116150e-01
9.126597642898559570e-02
9.369482845067977905e-02
-9.999000000000000000e+03
-9.999000000000000000e+03
-9.999000000000000000e+03
-9.999000000000000000e+03
-9.999000000000000000e+03
-9.999000000000000000e+03
-9.999000000000000000e+03
-9.999000000000000000e+03
-9.999000000000000000e+03
-9.999000000000000000e+03
-9.999000000000000000e+03
-9.999000000000000000e+03
-9.999000000000000000e+03
-9.999000000000000000e+03
-9.999000000000000000e+03
-4.122665151953697205e-02
-2.893825806677341461e-02
-9.999000000000000000e+03
-5.850212648510932922e-02
-4.286936670541763306e-02
-4.881654400378465652e-03
4.531929641962051392e-02
8.228629082441329956e-02
1.092415153980255127e-01
1.426252871751785278e-01
1.709548830986022949e-01
1.590932607650756836e-01
1.393564790487289429e-01
1.087785512208938599e-01
7.734060287475585938e-02
-9.999000000000000000e+03
-9.999000000000000000e+03
-9.999000000000000000e+03
-9.999000000000000000e+03
-9.999000000000000000e+03
-9.999000000000000000e+03
-9.999000000000000000e+03
-9.999000000000000000e+03
-9.999000000000000000e+03
-9.999000000000000000e+03
-9.999000000000000000e+03
-9.999000000000000000e+03
-9.999000000000000000e+03
-9.999000000000000000e+03
-9.999000000000000000e+03
-9.999000000000000000e+03
1.132473070174455643e-02
1.961620710790157318e-02
-9.999000000000000000e+03
-9.999000000000000000e+03
-7.270403951406478882e-02
-1.062620896846055984e-02
5.751211196184158325e-02
1.086025163531303406e-01
1.432987600564956665e-01
1.485058069229125977e-01
1.500317305326461792e-01
1.315525770187377930e-01
1.170762851834297180e-01
7.654656469821929932e-02
-9.999000000000000000e+03
-9.999000000000000000e+03
-9.999000000000000000e+03
-9.999000000000000000e+03
-9.999000000000000000e+03
-9.999000000000000000e+03
-9.999000000000000000e+03
-9.999000000000000000e+03
-9.999000000000000000e+03
-9.999000000000000000e+03
-9.999000000000000000e+03
-9.999000000000000000e+03
-9.999000000000000000e+03
-9.999000000000000000e+03
-9.999000000000000000e+03
-9.999000000000000000e+03
-9.999000000000000000e+03
2.350759506225585938e-02
4.058511182665824890e-02
-9.999000000000000000e+03
-9.999000000000000000e+03
-4.663362726569175720e-02
-1.064983103424310684e-02
5.797250941395759583e-02
1.345761120319366455e-01
1.984938383102416992e-01
1.693703979253768921e-01
1.359933763742446899e-01
1.206118538975715637e-01
1.122331470251083374e-01
1.160629391670227051e-01
-9.999000000000000000e+03
-9.999000000000000000e+03
-9.999000000000000000e+03
-9.999000000000000000e+03
-9.999000000000000000e+03
-9.999000000000000000e+03
-9.999000000000000000e+03
-9.999000000000000000e+03
-9.999000000000000000e+03
-9.999000000000000000e+03
-9.999000000000000000e+03
-9.999000000000000000e+03
-9.999000000000000000e+03
-9.999000000000000000e+03
-9.999000000000000000e+03
-9.999000000000000000e+03
-9.999000000000000000e+03
-9.999000000000000000e+03
-9.999000000000000000e+03
-9.999000000000000000e+03
-9.999000000000000000e+03
-3.129905834794044495e-02
-9.590449742972850800e-03
6.456077098846435547e-02
1.435766816139221191e-01
1.976376473903656006e-01
1.993758529424667358e-01
1.678270548582077026e-01
1.182531490921974182e-01
7.619267702102661133e-02
6.465583294630050659e-02
-9.999000000000000000e+03
-9.999000000000000000e+03
-9.999000000000000000e+03
-9.999000000000000000e+03
-9.999000000000000000e+03
-9.999000000000000000e+03
-9.999000000000000000e+03
-9.999000000000000000e+03
-9.999000000000000000e+03
-9.999000000000000000e+03
-9.999000000000000000e+03
-9.999000000000000000e+03
-9.999000000000000000e+03
-9.999000000000000000e+03
-9.999000000000000000e+03
-9.999000000000000000e+03
-9.999000000000000000e+03
-9.999000000000000000e+03
-9.999000000000000000e+03
-9.999000000000000000e+03
-9.999000000000000000e+03
-9.999000000000000000e+03
-1.371620595455169678e-02
3.824507817625999451e-02
1.157412678003311157e-01
1.818543076515197754e-01
2.019416391849517822e-01
1.958178728818893433e-01
1.583024710416793823e-01
7.971679419279098511e-02
-9.999000000000000000e+03
-9.999000000000000000e+03
-9.999000000000000000e+03
-9.999000000000000000e+03
-9.999000000000000000e+03
-9.999000000000000000e+03
-9.999000000000000000e+03
-9.999000000000000000e+03
-9.999000000000000000e+03
-9.999000000000000000e+03
-9.999000000000000000e+03
-9.999000000000000000e+03
-9.999000000000000000e+03
-9.999000000000000000e+03
-9.999000000000000000e+03
-9.999000000000000000e+03
-9.999000000000000000e+03
-9.999000000000000000e+03
-9.999000000000000000e+03
-9.999000000000000000e+03
-9.999000000000000000e+03
-9.999000000000000000e+03
-9.999000000000000000e+03
5.232703406363725662e-03
3.394763171672821045e-02
7.650814950466156006e-02
1.155557483434677124e-01
1.630292832851409912e-01
2.103735059499740601e-01
1.750084459781646729e-01
1.128922253847122192e-01
6.834744662046432495e-02
-9.999000000000000000e+03
-9.999000000000000000e+03
-9.999000000000000000e+03
-9.999000000000000000e+03
-9.999000000000000000e+03
-9.999000000000000000e+03
-9.999000000000000000e+03
-9.999000000000000000e+03
-9.999000000000000000e+03
-9.999000000000000000e+03
-9.999000000000000000e+03
-9.999000000000000000e+03
-9.999000000000000000e+03
-9.999000000000000000e+03
-9.999000000000000000e+03
-9.999000000000000000e+03
-9.999000000000000000e+03
-9.999000000000000000e+03
-9.999000000000000000e+03
-9.999000000000000000e+03
-9.999000000000000000e+03
-9.999000000000000000e+03
-9.999000000000000000e+03
2.809042856097221375e-02
6.027994304895401001e-02
7.779897749423980713e-02
1.359917819499969482e-01
1.735582947731018066e-01
1.288190484046936035e-01
1.059789210557937622e-01
1.014576777815818787e-01
-9.999000000000000000e+03
-9.999000000000000000e+03
-9.999000000000000000e+03
-9.999000000000000000e+03
-9.999000000000000000e+03
-9.999000000000000000e+03
-9.999000000000000000e+03
-9.999000000000000000e+03
-9.999000000000000000e+03
-9.999000000000000000e+03
-9.999000000000000000e+03
-9.999000000000000000e+03
-9.999000000000000000e+03
-9.999000000000000000e+03
-9.999000000000000000e+03
-9.999000000000000000e+03
-9.999000000000000000e+03
-9.999000000000000000e+03
-9.999000000000000000e+03
-9.999000000000000000e+03
-9.999000000000000000e+03
-9.999000000000000000e+03
-9.999000000000000000e+03
3.095037303864955902e-02
3.707911819219589233e-02
4.296135902404785156e-02
8.818051218986511230e-02
8.165444433689117432e-02
2.197910845279693604e-02
1.576732844114303589e-02
6.211752071976661682e-02
1.114852428436279297e-01
-9.999000000000000000e+03
-9.999000000000000000e+03
-9.999000000000000000e+03
-9.999000000000000000e+03
-9.999000000000000000e+03
-9.999000000000000000e+03
-9.999000000000000000e+03
-9.999000000000000000e+03
-9.999000000000000000e+03
-9.999000000000000000e+03
-9.999000000000000000e+03
-9.999000000000000000e+03
-9.999000000000000000e+03
-9.999000000000000000e+03
-9.999000000000000000e+03
-9.999000000000000000e+03
-9.999000000000000000e+03
-9.999000000000000000e+03
-9.999000000000000000e+03
-9.999000000000000000e+03
-9.999000000000000000e+03
-9.999000000000000000e+03
7.708729803562164307e-02
5.862981081008911133e-02
5.917465686798095703e-02
5.918695032596588135e-02
3.423103690147399902e-02
-3.058502450585365295e-02
-1.834544725716114044e-02
3.502076491713523865e-02
9.201014786958694458e-02
7.225506752729415894e-02
2.374889701604843140e-02
-8.471967652440071106e-03
-1.057551708072423935e-02
-9.999000000000000000e+03
-9.999000000000000000e+03
-9.999000000000000000e+03
-9.999000000000000000e+03
-9.999000000000000000e+03
-9.999000000000000000e+03
-9.999000000000000000e+03
-9.999000000000000000e+03
-9.999000000000000000e+03
-9.999000000000000000e+03
-9.999000000000000000e+03
-9.999000000000000000e+03
-9.999000000000000000e+03
-9.999000000000000000e+03
-9.999000000000000000e+03
-9.999000000000000000e+03
-9.999000000000000000e+03
8.991567045450210571e-02
1.004253253340721130e-01
8.446539938449859619e-02
3.265659883618354797e-02
3.997994214296340942e-02
1.217494439333677292e-02
1.194250397384166718e-02
2.164679579436779022e-02
3.327222913503646851e-02
3.739864379167556763e-02
1.754294708371162415e-02
-1.979936059797182679e-04
-1.854135841131210327e-02
-5.822155158966779709e-03
-9.999000000000000000e+03
-9.999000000000000000e+03
-9.999000000000000000e+03
-9.999000000000000000e+03
-9.999000000000000000e+03
-9.999000000000000000e+03
-9.999000000000000000e+03
-9.999000000000000000e+03
-9.999000000000000000e+03
-9.999000000000000000e+03
-9.999000000000000000e+03
-9.999000000000000000e+03
-9.999000000000000000e+03
-9.999000000000000000e+03
-9.999000000000000000e+03
1.033859048038721085e-02
2.348693646490573883e-02
7.900542765855789185e-02
7.805334776639938354e-02
6.945154070854187012e-02
4.479292780160903931e-02
3.788323700428009033e-02
3.660231456160545349e-02
4.780124127864837646e-02
3.443749248981475830e-02
9.936301968991756439e-03
7.710322272032499313e-03
3.868658095598220825e-02
5.214697122573852539e-02
-9.999000000000000000e+03
-9.999000000000000000e+03
-9.999000000000000000e+03
-9.999000000000000000e+03
-9.999000000000000000e+03
-9.999000000000000000e+03
-9.999000000000000000e+03
-9.999000000000000000e+03
-9.999000000000000000e+03
-9.999000000000000000e+03
-9.999000000000000000e+03
-9.999000000000000000e+03
-9.999000000000000000e+03
-9.999000000000000000e+03
-9.999000000000000000e+03
-9.999000000000000000e+03
5.610816646367311478e-03
1.255532912909984589e-02
5.722970888018608093e-02
8.019375056028366089e-02
6.686113774776458740e-02
5.201039090752601624e-02
2.107818052172660828e-02
3.182158619165420532e-02
5.301928147673606873e-02
5.235275253653526306e-02
2.686325460672378540e-02
-7.989787496626377106e-03
-1.723477058112621307e-02
6.409840285778045654e-02
-9.999000000000000000e+03
-9.999000000000000000e+03
-9.999000000000000000e+03
-9.999000000000000000e+03
-9.999000000000000000e+03
-9.999000000000000000e+03
-9.999000000000000000e+03
-9.999000000000000000e+03
-9.999000000000000000e+03
-9.999000000000000000e+03
-9.999000000000000000e+03
-9.999000000000000000e+03
-9.999000000000000000e+03
-9.999000000000000000e+03
-9.999000000000000000e+03
-9.999000000000000000e+03
-9.999000000000000000e+03
1.716725155711174011e-02
3.617926687002182007e-02
1.055396199226379395e-01
9.063243865966796875e-02
4.806697368621826172e-02
2.788885682821273804e-02
1.170955505222082138e-02
1.548289880156517029e-02
4.283721745014190674e-02
3.992223367094993591e-02
3.230363503098487854e-02
-4.266764968633651733e-03
-8.959421887993812561e-03
3.542907536029815674e-02
-9.999000000000000000e+03
-9.999000000000000000e+03
-9.999000000000000000e+03
-9.999000000000000000e+03
-9.999000000000000000e+03
-9.999000000000000000e+03
-9.999000000000000000e+03
-9.999000000000000000e+03
-9.999000000000000000e+03
-9.999000000000000000e+03
-9.999000000000000000e+03
-9.999000000000000000e+03
-9.999000000000000000e+03
-9.999000000000000000e+03
-9.999000000000000000e+03
-9.999000000000000000e+03
-9.999000000000000000e+03
4.236096516251564026e-02
9.836041927337646484e-02
1.187236607074737549e-01
8.994742482900619507e-02
3.519460931420326233e-02
1.994885690510272980e-02
1.115104369819164276e-02
2.556753810495138168e-03
6.725402548909187317e-03
1.657865755259990692e-02
1.901211217045783997e-02
-2.678796462714672089e-02
-6.712477654218673706e-02
-9.999000000000000000e+03
-9.999000000000000000e+03
-9.999000000000000000e+03
-9.999000000000000000e+03
-9.999000000000000000e+03
-9.999000000000000000e+03
-9.999000000000000000e+03
-9.999000000000000000e+03
-9.999000000000000000e+03
-9.999000000000000000e+03
-9.999000000000000000e+03
-9.999000000000000000e+03
-9.999000000000000000e+03
-9.999000000000000000e+03
-9.999000000000000000e+03
-9.999000000000000000e+03
-9.999000000000000000e+03
-9.999000000000000000e+03
7.990393787622451782e-02
1.315157860517501831e-01
1.034808978438377380e-01
6.036734953522682190e-02
2.173286490142345428e-02
8.028400130569934845e-03
3.687311895191669464e-03
-1.341462414711713791e-02
-1.971368305385112762e-02
-4.966768901795148849e-03
-7.123978808522224426e-03
-3.718071803450584412e-02
-9.999000000000000000e+03
-9.999000000000000000e+03
-9.999000000000000000e+03
-9.999000000000000000e+03
-9.999000000000000000e+03
-9.999000000000000000e+03
-9.999000000000000000e+03
-9.999000000000000000e+03
-9.999000000000000000e+03
-9.999000000000000000e+03
-9.999000000000000000e+03
-9.999000000000000000e+03
-9.999000000000000000e+03
-9.999000000000000000e+03
-9.999000000000000000e+03
-9.999000000000000000e+03
-9.999000000000000000e+03
-9.999000000000000000e+03
-9.999000000000000000e+03
9.327942132949829102e-02
1.129541397094726562e-01
9.047127515077590942e-02
4.289286583662033081e-02
-1.752149499952793121e-02
-2.130794711410999298e-02
-2.144079282879829407e-02
-1.775487512350082397e-02
-1.841613464057445526e-02
-2.067258581519126892e-03
-9.999000000000000000e+03
-9.999000000000000000e+03
-9.999000000000000000e+03
-9.999000000000000000e+03
-9.999000000000000000e+03
-9.999000000000000000e+03
-9.999000000000000000e+03
-9.999000000000000000e+03
-9.999000000000000000e+03
-9.999000000000000000e+03
-9.999000000000000000e+03
-9.999000000000000000e+03
-9.999000000000000000e+03
-9.999000000000000000e+03
-9.999000000000000000e+03
-9.999000000000000000e+03
-9.999000000000000000e+03
-9.999000000000000000e+03
-9.999000000000000000e+03
-9.999000000000000000e+03
-9.999000000000000000e+03
7.910282164812088013e-02
8.877392858266830444e-02
5.771429464221000671e-02
1.893519796431064606e-02
-1.147527899593114853e-02
-2.291164547204971313e-02
-9.999000000000000000e+03
-9.999000000000000000e+03
-9.999000000000000000e+03
-9.999000000000000000e+03
-9.999000000000000000e+03
-9.999000000000000000e+03
-9.999000000000000000e+03
-9.999000000000000000e+03
-9.999000000000000000e+03
-9.999000000000000000e+03
-9.999000000000000000e+03
-9.999000000000000000e+03
-9.999000000000000000e+03
-9.999000000000000000e+03
-9.999000000000000000e+03
-9.999000000000000000e+03
-9.999000000000000000e+03
-9.999000000000000000e+03
-9.999000000000000000e+03
-9.999000000000000000e+03
-9.999000000000000000e+03
-9.999000000000000000e+03
-9.999000000000000000e+03
-9.999000000000000000e+03
-9.999000000000000000e+03
3.151268139481544495e-02
3.961721062660217285e-02
4.414378851652145386e-02
-9.999000000000000000e+03
-9.999000000000000000e+03
-9.999000000000000000e+03
-9.999000000000000000e+03
-9.999000000000000000e+03
-9.999000000000000000e+03
-9.999000000000000000e+03
-9.999000000000000000e+03
-9.999000000000000000e+03
-9.999000000000000000e+03
-9.999000000000000000e+03
-9.999000000000000000e+03
-9.999000000000000000e+03
-9.999000000000000000e+03
-9.999000000000000000e+03
-9.999000000000000000e+03
-9.999000000000000000e+03
-9.999000000000000000e+03
-9.999000000000000000e+03
-9.999000000000000000e+03
-9.999000000000000000e+03
-9.999000000000000000e+03
-9.999000000000000000e+03
-9.999000000000000000e+03
-9.999000000000000000e+03
-9.999000000000000000e+03
-9.999000000000000000e+03
-9.999000000000000000e+03
