-1.551330089569091797e-01
-1.057086661458015442e-01
-3.887599706649780273e-02
2.564418688416481018e-02
6.767842173576354980e-02
1.022118031978607178e-01
1.374721378087997437e-01
1.683602631092071533e-01
1.913583874702453613e-01
2.182640582323074341e-01
2.294687032699584961e-01
-9.999000000000000000e+03
-9.999000000000000000e+03
-9.999000000000000000e+03
-9.999000000000000000e+03
-9.999000000000000000e+03
-9.999000000000000000e+03
-9.999000000000000000e+03
-9.999000000000000000e+03
-9.999000000000000000e+03
-9.999000000000000000e+03
-9.999000000000000000e+03
-9.999000000000000000e+03
4.875487182289361954e-03
2.882055938243865967e-02
7.205972820520401001e-02
1.122638285160064697e-01
1.175360828638076782e-01
1.112112104892730713e-01
1.006568521261215210e-01
1.002334505319595337e-01
-1.561532914638519287e-01
-1.014404669404029846e-01
-3.214360773563385010e-02
2.319174073636531830e-02
6.925108283758163452e-02
1.028458401560783386e-01
1.414250433444976807e-01
1.718325912952423096e-01
1.938809603452682495e-01
2.210483402013778687e-01
2.361356616020202637e-01
1.409403234720230103e-01
-9.999000000000000000e+03
-9.999000000000000000e+03
-9.999000000000000000e+03
-9.999000000000000000e+03
-9.999000000000000000e+03
-9.999000000000000000e+03
-9.999000000000000000e+03
-9.999000000000000000e+03
-9.999000000000000000e+03
2.204860001802444458e-02
8.896979503333568573e-03
7.239410188049077988e-04
1.846684317570179701e-04
4.865095019340515137e-02
8.901526033878326416e-02
9.686493128538131714e-02
9.462829679250717163e-02
9.704875946044921875e-02
1.067687496542930603e-01
-1.723355650901794434e-01
-9.601813554763793945e-02
-2.038229815661907196e-02
2.226122841238975525e-02
6.051928922533988953e-02
9.288923442363739014e-02
1.330112665891647339e-01
1.707943528890609741e-01
1.981872916221618652e-01
2.261237353086471558e-01
2.254943847656250000e-01
1.572103798389434814e-01
-9.999000000000000000e+03
-9.999000000000000000e+03
-9.999000000000000000e+03
-9.999000000000000000e+03
-9.999000000000000000e+03
-9.999000000000000000e+03
-9.999000000000000000e+03
9.556136210449039936e-04
7.374569308012723923e-03
2.887494303286075592e-02
-7.529367692768573761e-03
-4.305734764784574509e-03
2.381235733628273010e-02
3.433497622609138489e-02
5.441977456212043762e-02
6.109293550252914429e-02
8.138895034790039062e-02
9.101194143295288086e-02
9.934004396200180054e-02
-1.712036430835723877e-01
-1.121322661638259888e-01
-5.155303329229354858e-02
-1.889802864752709866e-03
4.858632758259773254e-02
9.245806932449340820e-02
1.303918361663818359e-01
1.682020574808120728e-01
1.968107372522354126e-01
2.217348664999008179e-01
2.306869626045227051e-01
1.788249164819717407e-01
9.664995968341827393e-02
-9.999000000000000000e+03
-9.999000000000000000e+03
-9.999000000000000000e+03
-1.018694136291742325e-02
-8.255081251263618469e-03
-6.754757370799779892e-03
-2.565597882494330406e-03
-2.523462520912289619e-03
-4.442012868821620941e-03
-8.276817388832569122e-03
2.712496323511004448e-03
3.448761627078056335e-02
1.218323316425085068e-02
3.585337474942207336e-02
5.125410482287406921e-02
6.590512394905090332e-02
8.168174326419830322e-02
9.354409575462341309e-02
-1.760362088680267334e-01
-1.168963387608528137e-01
-5.677496269345283508e-02
-1.107580587267875671e-02
3.814547508955001831e-02
7.738313823938369751e-02
1.149303913116455078e-01
1.580901592969894409e-01
1.941041201353073120e-01
2.088691592216491699e-01
1.960897445678710938e-01
1.466020792722702026e-01
8.244393765926361084e-02
4.087992012500762939e-02
-7.993686012923717499e-03
-1.649674586951732635e-02
-4.586205817759037018e-03
4.248981364071369171e-03
2.616134006530046463e-03
4.980812314897775650e-03
-3.319682087749242783e-03
-2.737789880484342575e-03
-4.453212954103946686e-03
-2.891607582569122314e-03
-5.758499260991811752e-03
-1.397392153739929199e-02
7.365711964666843414e-03
1.795536093413829803e-02
4.420198127627372742e-02
8.131313323974609375e-02
1.051297485828399658e-01
-1.545585095882415771e-01
-1.196427419781684875e-01
-7.352229207754135132e-02
-1.756172999739646912e-02
3.826501592993736267e-02
7.433913648128509521e-02
9.926908463239669800e-02
1.350654661655426025e-01
1.617690771818161011e-01
1.799280941486358643e-01
1.597972065210342407e-01
1.062835082411766052e-01
5.348629504442214966e-02
8.306939154863357544e-03
-6.280682515352964401e-03
-7.984871626831591129e-04
2.638027817010879517e-02
3.909349814057350159e-02
2.753606066107749939e-02
1.540323439985513687e-02
-3.899829229339957237e-03
-2.138507738709449768e-02
-4.274404048919677734e-02
-4.606233537197113037e-02
-5.431990697979927063e-02
-6.833102554082870483e-02
-3.238923847675323486e-02
-1.251159515231847763e-02
1.788358017802238464e-02
6.118455156683921814e-02
9.500856697559356689e-02
-1.311908364295959473e-01
-9.725480526685714722e-02
-5.688765645027160645e-02
-1.777742430567741394e-02
2.350489608943462372e-02
5.357272922992706299e-02
7.615947723388671875e-02
1.080069690942764282e-01
1.209895759820938110e-01
1.196554526686668396e-01
1.069096401333808899e-01
7.462771981954574585e-02
3.755690529942512512e-02
4.140031524002552032e-03
2.613709867000579834e-02
4.905786737799644470e-02
7.246025651693344116e-02
8.083523809909820557e-02
6.366278231143951416e-02
4.623612388968467712e-02
4.596095066517591476e-03
-4.875979945063591003e-02
-8.950707316398620605e-02
-1.094991043210029602e-01
-1.250522434711456299e-01
-1.286287605762481689e-01
-9.796510636806488037e-02
-7.992321997880935669e-02
-4.212458059191703796e-02
3.798463195562362671e-02
7.143671065568923950e-02
-9.931237250566482544e-02
-8.558557182550430298e-02
-5.619366839528083801e-02
-3.187989443540573120e-02
4.906893242150545120e-03
2.450243569910526276e-02
4.367961362004280090e-02
7.310266792774200439e-02
7.929748296737670898e-02
8.303404599428176880e-02
7.426249235868453979e-02
4.277258738875389099e-02
2.703473158180713654e-02
3.217147290706634521e-02
6.559090316295623779e-02
8.830960839986801147e-02
1.125973835587501526e-01
1.175703927874565125e-01
9.704480320215225220e-02
6.611579656600952148e-02
1.230088435113430023e-02
-3.413242474198341370e-02
-7.119149714708328247e-02
-1.244368031620979309e-01
-1.736555546522140503e-01
-1.808505356311798096e-01
-1.808244884014129639e-01
-1.748010367155075073e-01
-1.282231211662292480e-01
-2.945804223418235779e-02
1.369021832942962646e-02
-6.751389056444168091e-02
-6.367748230695724487e-02
-5.740024894475936890e-02
-4.299359023571014404e-02
-1.669425703585147858e-02
-3.225422231480479240e-03
2.140968851745128632e-02
5.485811457037925720e-02
6.615557521581649780e-02
6.666313856840133667e-02
5.868963897228240967e-02
4.307953268289566040e-02
5.256063118577003479e-02
8.626967668533325195e-02
1.160852611064910889e-01
1.217827796936035156e-01
1.292679011821746826e-01
1.229766234755516052e-01
1.095172986388206482e-01
6.002534180879592896e-02
-1.105644647032022476e-02
-3.340300172567367554e-02
-4.100000113248825073e-02
-7.754324376583099365e-02
-8.752015978097915649e-02
-1.692071557044982910e-01
-2.190219759941101074e-01
-2.380020767450332642e-01
-1.797168254852294922e-01
-9.161720424890518188e-02
-2.082339487969875336e-02
-4.993253946304321289e-02
-4.975055158138275146e-02
-5.849520117044448853e-02
-5.311678722500801086e-02
-4.105394333600997925e-02
-1.847170293331146240e-02
1.088250707834959030e-02
5.044675990939140320e-02
5.860792845487594604e-02
6.317482143640518188e-02
6.070261821150779724e-02
8.095034211874008179e-02
1.007822602987289429e-01
1.192205101251602173e-01
1.324162781238555908e-01
1.295855641365051270e-01
1.207821816205978394e-01
7.174229621887207031e-02
6.438563019037246704e-02
1.184061169624328613e-02
-2.073960937559604645e-02
-9.999000000000000000e+03
-9.999000000000000000e+03
-9.999000000000000000e+03
-9.999000000000000000e+03
-9.999000000000000000e+03
-9.999000000000000000e+03
-2.078770548105239868e-01
-2.266799360513687134e-01
-1.223612874746322632e-01
-3.321762010455131531e-02
-3.889327868819236755e-02
-2.980100549757480621e-02
-3.640294075012207031e-02
-3.824190050363540649e-02
-5.228124186396598816e-02
-2.758087031543254852e-02
7.722386624664068222e-03
3.745304048061370850e-02
5.782379209995269775e-02
8.119308948516845703e-02
8.862450718879699707e-02
1.335906833410263062e-01
1.402188390493392944e-01
1.397480964660644531e-01
1.239363327622413635e-01
1.053838133811950684e-01
1.023542508482933044e-01
-9.999000000000000000e+03
-9.999000000000000000e+03
-9.999000000000000000e+03
-9.999000000000000000e+03
-9.999000000000000000e+03
-9.999000000000000000e+03
-9.999000000000000000e+03
-9.999000000000000000e+03
-9.999000000000000000e+03
-9.999000000000000000e+03
-1.648117452859878540e-01
-2.143111824989318848e-01
-1.749876886606216431e-01
-8.523933589458465576e-02
-4.041777923703193665e-02
-2.027906291186809540e-02
-1.788658834993839264e-02
-3.886002674698829651e-02
-5.798969417810440063e-02
-4.947907105088233948e-02
-1.103526260703802109e-02
3.601145371794700623e-02
8.321401476860046387e-02
1.190644949674606323e-01
1.323576420545578003e-01
1.543229520320892334e-01
1.523922979831695557e-01
1.345838159322738647e-01
6.278561055660247803e-02
6.055128574371337891e-02
-9.999000000000000000e+03
-9.999000000000000000e+03
-9.999000000000000000e+03
-9.999000000000000000e+03
-9.999000000000000000e+03
-9.999000000000000000e+03
-9.999000000000000000e+03
-9.999000000000000000e+03
-9.999000000000000000e+03
-9.999000000000000000e+03
-9.999000000000000000e+03
-9.999000000000000000e+03
-1.448071449995040894e-01
-1.606702357530593872e-01
-6.281617283821105957e-02
-4.724858328700065613e-02
-5.153942108154296875e-02
-4.286631569266319275e-02
-4.472300037741661072e-02
-5.027996003627777100e-02
-2.963138930499553680e-02
2.719785645604133606e-02
6.913405656814575195e-02
1.071412190794944763e-01
1.225116327404975891e-01
1.385278552770614624e-01
1.693441569805145264e-01
1.069780141115188599e-01
1.120837628841400146e-01
-9.999000000000000000e+03
-9.999000000000000000e+03
-9.999000000000000000e+03
-9.999000000000000000e+03
-9.999000000000000000e+03
-9.999000000000000000e+03
-9.999000000000000000e+03
-9.999000000000000000e+03
-9.999000000000000000e+03
-9.999000000000000000e+03
-9.999000000000000000e+03
-9.999000000000000000e+03
-9.999000000000000000e+03
-9.999000000000000000e+03
-9.999000000000000000e+03
-1.289609968662261963e-01
-6.636431813240051270e-02
-9.999000000000000000e+03
-6.531833112239837646e-02
-7.418267428874969482e-02
-5.862563103437423706e-02
-3.106851875782012939e-02
-3.628472564741969109e-03
6.783976405858993530e-02
1.100229695439338684e-01
1.011682078242301941e-01
1.260312199592590332e-01
1.472253054380416870e-01
1.499229520559310913e-01
8.223728835582733154e-02
-9.999000000000000000e+03
-9.999000000000000000e+03
-9.999000000000000000e+03
-9.999000000000000000e+03
-9.999000000000000000e+03
-9.999000000000000000e+03
-9.999000000000000000e+03
-9.999000000000000000e+03
-9.999000000000000000e+03
-9.999000000000000000e+03
-9.999000000000000000e+03
-9.999000000000000000e+03
-9.999000000000000000e+03
-9.999000000000000000e+03
-9.999000000000000000e+03
-9.999000000000000000e+03
-4.999491199851036072e-02
-9.476657956838607788e-03
-9.999000000000000000e+03
-9.999000000000000000e+03
-8.507286012172698975e-02
-6.798995286226272583e-02
-2.046423964202404022e-02
3.695122525095939636e-02
1.007137000560760498e-01
1.195072978734970093e-01
9.905896335840225220e-02
1.310680657625198364e-01
1.335753500461578369e-01
3.784624114632606506e-02
-9.999000000000000000e+03
-9.999000000000000000e+03
-9.999000000000000000e+03
-9.999000000000000000e+03
-9.999000000000000000e+03
-9.999000000000000000e+03
-9.999000000000000000e+03
-9.999000000000000000e+03
-9.999000000000000000e+03
-9.999000000000000000e+03
-9.999000000000000000e+03
-9.999000000000000000e+03
-9.999000000000000000e+03
-9.999000000000000000e+03
-9.999000000000000000e+03
-9.999000000000000000e+03
-9.999000000000000000e+03
-7.336308714002370834e-03
4.036595299839973450e-02
-9.999000000000000000e+03
-9.999000000000000000e+03
-6.285475939512252808e-02
-6.618783622980117798e-02
-3.473692387342453003e-02
2.884929254651069641e-02
1.142520532011985779e-01
9.973317384719848633e-02
1.210426762700080872e-01
1.393624246120452881e-01
1.107546612620353699e-01
5.512936413288116455e-02
-9.999000000000000000e+03
-9.999000000000000000e+03
-9.999000000000000000e+03
-9.999000000000000000e+03
-9.999000000000000000e+03
-9.999000000000000000e+03
-9.999000000000000000e+03
-9.999000000000000000e+03
-9.999000000000000000e+03
-9.999000000000000000e+03
-9.999000000000000000e+03
-9.999000000000000000e+03
-9.999000000000000000e+03
-9.999000000000000000e+03
-9.999000000000000000e+03
-9.999000000000000000e+03
-9.999000000000000000e+03
-9.999000000000000000e+03
-9.999000000000000000e+03
-9.999000000000000000e+03
-9.999000000000000000e+03
-4.124697670340538025e-02
-5.929015949368476868e-02
-3.143928945064544678e-02
2.746078744530677795e-02
6.064131483435630798e-02
8.525957912206649780e-02
1.350600421428680420e-01
1.605874598026275635e-01
8.082868158817291260e-02
4.959570616483688354e-02
-9.999000000000000000e+03
-9.999000000000000000e+03
-9.999000000000000000e+03
-9.999000000000000000e+03
-9.999000000000000000e+03
-9.999000000000000000e+03
-9.999000000000000000e+03
-9.999000000000000000e+03
-9.999000000000000000e+03
-9.999000000000000000e+03
-9.999000000000000000e+03
-9.999000000000000000e+03
-9.999000000000000000e+03
-9.999000000000000000e+03
-9.999000000000000000e+03
-9.999000000000000000e+03
-9.999000000000000000e+03
-9.999000000000000000e+03
-9.999000000000000000e+03
-9.999000000000000000e+03
-9.999000000000000000e+03
-9.999000000000000000e+03
-3.795547410845756531e-02
-2.776370942592620850e-02
1.258402038365602493e-02
-2.809248678386211395e-02
6.782110780477523804e-02
1.519349664449691772e-01
1.928597539663314819e-01
1.224163472652435303e-01
-9.999000000000000000e+03
-9.999000000000000000e+03
-9.999000000000000000e+03
-9.999000000000000000e+03
-9.999000000000000000e+03
-9.999000000000000000e+03
-9.999000000000000000e+03
-9.999000000000000000e+03
-9.999000000000000000e+03
-9.999000000000000000e+03
-9.999000000000000000e+03
-9.999000000000000000e+03
-9.999000000000000000e+03
-9.999000000000000000e+03
-9.999000000000000000e+03
-9.999000000000000000e+03
-9.999000000000000000e+03
-9.999000000000000000e+03
-9.999000000000000000e+03
-9.999000000000000000e+03
-9.999000000000000000e+03
-9.999000000000000000e+03
-9.999000000000000000e+03
-2.531297132372856140e-02
-1.541582029312849045e-02
-2.345341071486473083e-02
-6.340222805738449097e-02
5.355558171868324280e-02
1.885799914598464966e-01
2.287033796310424805e-01
1.701303869485855103e-01
1.040113046765327454e-01
-9.999000000000000000e+03
-9.999000000000000000e+03
-9.999000000000000000e+03
-9.999000000000000000e+03
-9.999000000000000000e+03
-9.999000000000000000e+03
-9.999000000000000000e+03
-9.999000000000000000e+03
-9.999000000000000000e+03
-9.999000000000000000e+03
-9.999000000000000000e+03
-9.999000000000000000e+03
-9.999000000000000000e+03
-9.999000000000000000e+03
-9.999000000000000000e+03
-9.999000000000000000e+03
-9.999000000000000000e+03
-9.999000000000000000e+03
-9.999000000000000000e+03
-9.999000000000000000e+03
-9.999000000000000000e+03
-9.999000000000000000e+03
-9.999000000000000000e+03
-1.130722928792238235e-02
-1.963854208588600159e-02
-2.505321241915225983e-02
8.686912804841995239e-02
1.431238651275634766e-01
8.502612262964248657e-02
1.090537607669830322e-01
9.454985707998275757e-02
-9.999000000000000000e+03
-9.999000000000000000e+03
-9.999000000000000000e+03
-9.999000000000000000e+03
-9.999000000000000000e+03
-9.999000000000000000e+03
-9.999000000000000000e+03
-9.999000000000000000e+03
-9.999000000000000000e+03
-9.999000000000000000e+03
-9.999000000000000000e+03
-9.999000000000000000e+03
-9.999000000000000000e+03
-9.999000000000000000e+03
-9.999000000000000000e+03
-9.999000000000000000e+03
-9.999000000000000000e+03
-9.999000000000000000e+03
-9.999000000000000000e+03
-9.999000000000000000e+03
-9.999000000000000000e+03
-9.999000000000000000e+03
-9.999000000000000000e+03
-2.287460258230566978e-03
-3.264913707971572876e-02
-6.225541606545448303e-02
-2.269705943763256073e-02
-3.984465077519416809e-02
-8.455750346183776855e-02
-4.493279010057449341e-02
2.897719107568264008e-02
7.469712197780609131e-02
-9.999000000000000000e+03
-9.999000000000000000e+03
-9.999000000000000000e+03
-9.999000000000000000e+03
-9.999000000000000000e+03
-9.999000000000000000e+03
-9.999000000000000000e+03
-9.999000000000000000e+03
-9.999000000000000000e+03
-9.999000000000000000e+03
-9.999000000000000000e+03
-9.999000000000000000e+03
-9.999000000000000000e+03
-9.999000000000000000e+03
-9.999000000000000000e+03
-9.999000000000000000e+03
-9.999000000000000000e+03
-9.999000000000000000e+03
-9.999000000000000000e+03
-9.999000000000000000e+03
-9.999000000000000000e+03
-9.999000000000000000e+03
5.537750571966171265e-02
-1.359200198203325272e-02
-5.249371007084846497e-02
-7.679098844528198242e-02
-9.203553944826126099e-02
-1.345288902521133423e-01
-8.792309463024139404e-02
1.203464809805154800e-02
9.083789587020874023e-02
9.079494327306747437e-02
4.813199490308761597e-02
7.172502577304840088e-03
1.139530818909406662e-02
-9.999000000000000000e+03
-9.999000000000000000e+03
-9.999000000000000000e+03
-9.999000000000000000e+03
-9.999000000000000000e+03
-9.999000000000000000e+03
-9.999000000000000000e+03
-9.999000000000000000e+03
-9.999000000000000000e+03
-9.999000000000000000e+03
-9.999000000000000000e+03
-9.999000000000000000e+03
-9.999000000000000000e+03
-9.999000000000000000e+03
-9.999000000000000000e+03
-9.999000000000000000e+03
-9.999000000000000000e+03
4.630098491907119751e-02
5.344790220260620117e-02
3.400408476591110229e-02
-1.360011752694845200e-02
-6.573165208101272583e-02
-1.127101778984069824e-01
-1.154994368553161621e-01
-6.299144774675369263e-02
1.341663487255573273e-02
7.898777723312377930e-02
8.059278130531311035e-02
1.801344007253646851e-02
1.375773455947637558e-02
1.447355095297098160e-02
-9.999000000000000000e+03
-9.999000000000000000e+03
-9.999000000000000000e+03
-9.999000000000000000e+03
-9.999000000000000000e+03
-9.999000000000000000e+03
-9.999000000000000000e+03
-9.999000000000000000e+03
-9.999000000000000000e+03
-9.999000000000000000e+03
-9.999000000000000000e+03
-9.999000000000000000e+03
-9.999000000000000000e+03
-9.999000000000000000e+03
-9.999000000000000000e+03
9.805250912904739380e-03
1.881894282996654510e-02
3.121588006615638733e-02
4.749538376927375793e-02
4.116619378328323364e-02
9.136501699686050415e-03
-3.455774858593940735e-02
-8.088210970163345337e-02
-1.054781749844551086e-01
-5.529038608074188232e-02
3.046189248561859131e-02
4.901627823710441589e-02
8.460736274719238281e-02
6.667988002300262451e-02
-9.999000000000000000e+03
-9.999000000000000000e+03
-9.999000000000000000e+03
-9.999000000000000000e+03
-9.999000000000000000e+03
-9.999000000000000000e+03
-9.999000000000000000e+03
-9.999000000000000000e+03
-9.999000000000000000e+03
-9.999000000000000000e+03
-9.999000000000000000e+03
-9.999000000000000000e+03
-9.999000000000000000e+03
-9.999000000000000000e+03
-9.999000000000000000e+03
-9.999000000000000000e+03
7.045947480946779251e-03
1.638957415707409382e-03
3.902105987071990967e-02
6.008617579936981201e-02
6.178970634937286377e-02
3.812124952673912048e-02
-1.457084249705076218e-02
-3.384001180529594421e-02
-5.059993639588356018e-02
-6.478442251682281494e-02
-5.977122485637664795e-02
-5.486120935529470444e-03
6.378264632076025009e-03
1.020499244332313538e-01
-9.999000000000000000e+03
-9.999000000000000000e+03
-9.999000000000000000e+03
-9.999000000000000000e+03
-9.999000000000000000e+03
-9.999000000000000000e+03
-9.999000000000000000e+03
-9.999000000000000000e+03
-9.999000000000000000e+03
-9.999000000000000000e+03
-9.999000000000000000e+03
-9.999000000000000000e+03
-9.999000000000000000e+03
-9.999000000000000000e+03
-9.999000000000000000e+03
-9.999000000000000000e+03
-9.999000000000000000e+03
-8.186195977032184601e-03
8.175164461135864258e-03
9.082642197608947754e-02
1.003716289997100830e-01
6.796287000179290771e-02
1.378865074366331100e-02
-3.266951441764831543e-02
-4.459945857524871826e-02
-3.447824716567993164e-02
-3.514710813760757446e-02
-3.944322839379310608e-02
-1.527240592986345291e-02
8.013308979570865631e-03
6.412120163440704346e-02
-9.999000000000000000e+03
-9.999000000000000000e+03
-9.999000000000000000e+03
-9.999000000000000000e+03
-9.999000000000000000e+03
-9.999000000000000000e+03
-9.999000000000000000e+03
-9.999000000000000000e+03
-9.999000000000000000e+03
-9.999000000000000000e+03
-9.999000000000000000e+03
-9.999000000000000000e+03
-9.999000000000000000e+03
-9.999000000000000000e+03
-9.999000000000000000e+03
-9.999000000000000000e+03
-9.999000000000000000e+03
3.901873528957366943e-02
9.703731536865234375e-02
1.317768692970275879e-01
1.198893561959266663e-01
6.693419069051742554e-02
-2.310865186154842377e-02
-5.482967942953109741e-02
-5.667741224169731140e-02
-3.300563618540763855e-02
-1.665488630533218384e-02
-1.850002631545066833e-02
-7.157267100410535932e-05
-2.764719910919666290e-02
-9.999000000000000000e+03
-9.999000000000000000e+03
-9.999000000000000000e+03
-9.999000000000000000e+03
-9.999000000000000000e+03
-9.999000000000000000e+03
-9.999000000000000000e+03
-9.999000000000000000e+03
-9.999000000000000000e+03
-9.999000000000000000e+03
-9.999000000000000000e+03
-9.999000000000000000e+03
-9.999000000000000000e+03
-9.999000000000000000e+03
-9.999000000000000000e+03
-9.999000000000000000e+03
-9.999000000000000000e+03
-9.999000000000000000e+03
8.254615217447280884e-02
1.401228308677673340e-01
1.331091523170471191e-01
9.046266227960586548e-02
7.289061788469552994e-03
-5.486525595188140869e-02
-7.147595286369323730e-02
-6.280672550201416016e-02
-2.209156379103660583e-02
1.580567657947540283e-02
1.024556439369916916e-02
-5.772238946519792080e-04
-9.999000000000000000e+03
-9.999000000000000000e+03
-9.999000000000000000e+03
-9.999000000000000000e+03
-9.999000000000000000e+03
-9.999000000000000000e+03
-9.999000000000000000e+03
-9.999000000000000000e+03
-9.999000000000000000e+03
-9.999000000000000000e+03
-9.999000000000000000e+03
-9.999000000000000000e+03
-9.999000000000000000e+03
-9.999000000000000000e+03
-9.999000000000000000e+03
-9.999000000000000000e+03
-9.999000000000000000e+03
-9.999000000000000000e+03
-9.999000000000000000e+03
9.397631138563156128e-02
1.136056184768676758e-01
9.948214143514633179e-02
5.877356976270675659e-02
-4.900898784399032593e-02
-7.222772389650344849e-02
-6.333361566066741943e-02
-3.652187064290046692e-02
-1.547812111675739288e-02
4.977202508598566055e-03
-9.999000000000000000e+03
-9.999000000000000000e+03
-9.999000000000000000e+03
-9.999000000000000000e+03
-9.999000000000000000e+03
-9.999000000000000000e+03
-9.999000000000000000e+03
-9.999000000000000000e+03
-9.999000000000000000e+03
-9.999000000000000000e+03
-9.999000000000000000e+03
-9.999000000000000000e+03
-9.999000000000000000e+03
-9.999000000000000000e+03
-9.999000000000000000e+03
-9.999000000000000000e+03
-9.999000000000000000e+03
-9.999000000000000000e+03
-9.999000000000000000e+03
-9.999000000000000000e+03
-9.999000000000000000e+03
8.352512121200561523e-02
7.803458720445632935e-02
5.467211827635765076e-02
-1.497618155553936958e-03
-4.307860881090164185e-02
-5.254649370908737183e-02
-9.999000000000000000e+03
-9.999000000000000000e+03
-9.999000000000000000e+03
-9.999000000000000000e+03
-9.999000000000000000e+03
-9.999000000000000000e+03
-9.999000000000000000e+03
-9.999000000000000000e+03
-9.999000000000000000e+03
-9.999000000000000000e+03
-9.999000000000000000e+03
-9.999000000000000000e+03
-9.999000000000000000e+03
-9.999000000000000000e+03
-9.999000000000000000e+03
-9.999000000000000000e+03
-9.999000000000000000e+03
-9.999000000000000000e+03
-9.999000000000000000e+03
-9.999000000000000000e+03
-9.999000000000000000e+03
-9.999000000000000000e+03
-9.999000000000000000e+03
-9.999000000000000000e+03
-9.999000000000000000e+03
4.767869785428047180e-02
4.110285267233848572e-02
4.042620211839675903e-02
-9.999000000000000000e+03
-9.999000000000000000e+03
-9.999000000000000000e+03
-9.999000000000000000e+03
-9.999000000000000000e+03
-9.999000000000000000e+03
-9.999000000000000000e+03
-9.999000000000000000e+03
-9.999000000000000000e+03
-9.999000000000000000e+03
-9.999000000000000000e+03
-9.999000000000000000e+03
-9.999000000000000000e+03
-9.999000000000000000e+03
-9.999000000000000000e+03
-9.999000000000000000e+03
-9.999000000000000000e+03
-9.999000000000000000e+03
-9.999000000000000000e+03
-9.999000000000000000e+03
-9.999000000000000000e+03
-9.999000000000000000e+03
-9.999000000000000000e+03
-9.999000000000000000e+03
-9.999000000000000000e+03
-9.999000000000000000e+03
-9.999000000000000000e+03
-9.999000000000000000e+03
