1.122750714421272278e-01
1.252356767654418945e-01
1.131483986973762512e-01
9.579889476299285889e-02
1.108078509569168091e-01
8.914346247911453247e-02
7.626636326313018799e-02
7.151330262422561646e-02
6.399389356374740601e-02
6.637333333492279053e-02
3.455850528553128242e-03
-9.999000000000000000e+03
-9.999000000000000000e+03
-9.999000000000000000e+03
-9.999000000000000000e+03
-9.999000000000000000e+03
-9.999000000000000000e+03
-9.999000000000000000e+03
-9.999000000000000000e+03
-9.999000000000000000e+03
-9.999000000000000000e+03
-9.999000000000000000e+03
-9.999000000000000000e+03
2.512682043015956879e-02
7.809148728847503662e-02
9.650163352489471436e-02
1.243927553296089172e-01
1.591745167970657349e-01
1.703159362077713013e-01
1.789004802703857422e-01
1.704367399215698242e-01
5.487285554409027100e-02
5.922173708677291870e-02
4.529032483696937561e-02
2.769321203231811523e-02
3.952283412218093872e-02
1.696551963686943054e-02
9.858172386884689331e-03
2.176304534077644348e-02
2.614677324891090393e-02
4.780106991529464722e-02
5.478570982813835144e-02
4.323295131325721741e-02
-9.999000000000000000e+03
-9.999000000000000000e+03
-9.999000000000000000e+03
-9.999000000000000000e+03
-9.999000000000000000e+03
-9.999000000000000000e+03
-9.999000000000000000e+03
-9.999000000000000000e+03
-9.999000000000000000e+03
5.292985215783119202e-02
7.300350815057754517e-02
7.517638802528381348e-02
1.245800629258155823e-01
1.342108994722366333e-01
1.382271647453308105e-01
1.452165246009826660e-01
1.512655168771743774e-01
1.603408306837081909e-01
1.626605242490768433e-01
1.264141965657472610e-02
2.756064292043447495e-03
-2.210404910147190094e-02
-4.755482450127601624e-02
-4.013978317379951477e-02
-4.797342047095298767e-02
-4.166994988918304443e-02
-2.519994787871837616e-02
-1.731822267174720764e-02
1.673477143049240112e-02
4.142557829618453979e-02
4.437320306897163391e-02
-9.999000000000000000e+03
-9.999000000000000000e+03
-9.999000000000000000e+03
-9.999000000000000000e+03
-9.999000000000000000e+03
-9.999000000000000000e+03
-9.999000000000000000e+03
1.130021512508392334e-01
1.045839935541152954e-01
1.172351986169815063e-01
1.104665994644165039e-01
1.060521304607391357e-01
1.079483628273010254e-01
1.048488169908523560e-01
1.152663230895996094e-01
1.041577458381652832e-01
1.146874651312828064e-01
1.398381888866424561e-01
1.475050449371337891e-01
-2.328301966190338135e-02
-3.764000907540321350e-02
-5.922853574156761169e-02
-8.719253540039062500e-02
-9.780438244342803955e-02
-1.003804281353950500e-01
-9.329672157764434814e-02
-7.171350717544555664e-02
-5.324400588870048523e-02
-1.227524969726800919e-02
1.894292794167995453e-02
6.116971373558044434e-02
9.472732245922088623e-02
-9.999000000000000000e+03
-9.999000000000000000e+03
-9.999000000000000000e+03
8.516918122768402100e-02
1.224045902490615845e-01
1.607241332530975342e-01
1.428597569465637207e-01
1.182842329144477844e-01
9.549741446971893311e-02
5.247203260660171509e-02
5.140892043709754944e-02
2.943214774131774902e-02
-1.515675568953156471e-03
3.328350186347961426e-02
3.626803308725357056e-02
6.412906944751739502e-02
9.850627183914184570e-02
1.158408299088478088e-01
-4.928747192025184631e-02
-6.954254955053329468e-02
-9.485547244548797607e-02
-1.145399287343025208e-01
-1.221269071102142334e-01
-1.219359934329986572e-01
-1.132143139839172363e-01
-9.758444130420684814e-02
-7.037363201379776001e-02
-3.590733557939529419e-02
6.321744527667760849e-03
4.562346264719963074e-02
9.794376790523529053e-02
1.071445643901824951e-01
9.332711994647979736e-02
1.035603657364845276e-01
1.055149883031845093e-01
9.793118387460708618e-02
9.992153197526931763e-02
6.440141797065734863e-02
3.597698360681533813e-02
-1.948933862149715424e-02
-9.155102819204330444e-02
-7.571806758642196655e-02
-8.707801252603530884e-02
-7.339520007371902466e-02
-3.899094462394714355e-02
-8.598381653428077698e-03
3.320821002125740051e-02
7.550275325775146484e-02
9.602891653776168823e-02
-6.713183969259262085e-02
-8.047523349523544312e-02
-1.052784174680709839e-01
-1.253726184368133545e-01
-1.289695650339126587e-01
-1.233976408839225769e-01
-1.098935976624488831e-01
-8.974537253379821777e-02
-6.970819085836410522e-02
-4.703420400619506836e-02
-7.134013809263706207e-03
3.183146566152572632e-02
6.486403942108154297e-02
7.816633582115173340e-02
7.001180946826934814e-02
7.170950621366500854e-02
4.444852843880653381e-02
4.779486625920981169e-04
-2.762029878795146942e-02
-9.955754131078720093e-02
-1.287145614624023438e-01
-1.462670415639877319e-01
-1.726111322641372681e-01
-1.457858830690383911e-01
-1.097508743405342102e-01
-7.520343363285064697e-02
-4.763802886009216309e-02
-2.332839928567409515e-02
6.433842238038778305e-03
4.187021031975746155e-02
6.189177185297012329e-02
-9.186591953039169312e-02
-9.591088443994522095e-02
-1.164926812052726746e-01
-1.302118152379989624e-01
-1.269602328538894653e-01
-1.174238547682762146e-01
-1.043580099940299988e-01
-8.730959892272949219e-02
-8.037103712558746338e-02
-5.260284990072250366e-02
-1.111685577780008316e-02
2.323867380619049072e-02
5.029698461294174194e-02
5.321934819221496582e-02
1.035964395850896835e-02
-1.456817053258419037e-02
-5.453212559223175049e-02
-9.337743371725082397e-02
-1.138770207762718201e-01
-1.727219820022583008e-01
-1.970265060663223267e-01
-2.063385248184204102e-01
-1.890748739242553711e-01
-1.615021973848342896e-01
-1.266438663005828857e-01
-1.078970506787300110e-01
-6.921324133872985840e-02
-5.163915082812309265e-02
-3.351282700896263123e-02
3.238292178139090538e-03
1.568764448165893555e-02
-1.064166426658630371e-01
-1.072636619210243225e-01
-1.163673326373100281e-01
-1.296765208244323730e-01
-1.140600368380546570e-01
-1.009167358279228210e-01
-9.756436944007873535e-02
-9.467576444149017334e-02
-8.954957872629165649e-02
-5.675916746258735657e-02
-1.406573690474033356e-02
9.656867012381553650e-03
1.436231657862663269e-02
-5.009977146983146667e-03
-5.380067229270935059e-02
-8.271070569753646851e-02
-1.251652985811233521e-01
-1.503534168004989624e-01
-1.664843410253524780e-01
-1.795231252908706665e-01
-1.874081492424011230e-01
-1.930426359176635742e-01
-1.812478452920913696e-01
-1.653742939233779907e-01
-1.635724157094955444e-01
-1.730688810348510742e-01
-1.322727948427200317e-01
-1.103941798210144043e-01
-8.428039401769638062e-02
-4.421727731823921204e-02
-3.356192260980606079e-02
-1.058667153120040894e-01
-1.099564209580421448e-01
-1.174877285957336426e-01
-1.107212081551551819e-01
-9.781967848539352417e-02
-8.659801632165908813e-02
-8.846087753772735596e-02
-8.000352978706359863e-02
-6.517188251018524170e-02
-5.019218474626541138e-02
-3.129779547452926636e-02
-1.816168054938316345e-02
-4.194805398583412170e-02
-8.812996000051498413e-02
-1.268599182367324829e-01
-1.375356763601303101e-01
-1.507158577442169189e-01
-1.500998586416244507e-01
-1.548930853605270386e-01
-1.552710086107254028e-01
-1.526165157556533813e-01
-1.548143178224563599e-01
-1.249709352850914001e-01
-1.295317560434341431e-01
-1.017308309674263000e-01
-1.478646397590637207e-01
-1.469057500362396240e-01
-1.475351154804229736e-01
-1.267353147268295288e-01
-9.990193694829940796e-02
-1.010673269629478455e-01
-1.065370142459869385e-01
-9.167611598968505859e-02
-8.816287666559219360e-02
-7.084237039089202881e-02
-6.307256966829299927e-02
-6.294060498476028442e-02
-6.154578924179077148e-02
-5.878660827875137329e-02
-4.930078610777854919e-02
-4.451126232743263245e-02
-4.445672035217285156e-02
-6.674963235855102539e-02
-9.261122345924377441e-02
-1.171166896820068359e-01
-1.367015987634658813e-01
-1.394307315349578857e-01
-1.346286982297897339e-01
-9.501617401838302612e-02
-1.207302510738372803e-01
-1.060039699077606201e-01
-1.026506274938583374e-01
-9.999000000000000000e+03
-9.999000000000000000e+03
-9.999000000000000000e+03
-9.999000000000000000e+03
-9.999000000000000000e+03
-9.999000000000000000e+03
-1.571748703718185425e-01
-1.435513347387313843e-01
-1.404140591621398926e-01
-1.564362943172454834e-01
-9.369861334562301636e-02
-7.219988107681274414e-02
-5.734436586499214172e-02
-4.102478921413421631e-02
-4.052149131894111633e-02
-3.199093416333198547e-02
-3.990988060832023621e-02
-4.069706052541732788e-02
-3.601747378706932068e-02
-4.297028481960296631e-02
-5.747734755277633667e-02
-9.172959625720977783e-02
-1.038369834423065186e-01
-1.155910193920135498e-01
-1.073299422860145569e-01
-9.504086524248123169e-02
-7.945477962493896484e-02
-9.999000000000000000e+03
-9.999000000000000000e+03
-9.999000000000000000e+03
-9.999000000000000000e+03
-9.999000000000000000e+03
-9.999000000000000000e+03
-9.999000000000000000e+03
-9.999000000000000000e+03
-9.999000000000000000e+03
-9.999000000000000000e+03
-8.911558985710144043e-02
-1.325212866067886353e-01
-1.631377041339874268e-01
-1.841593831777572632e-01
-1.243611574172973633e-01
-9.554108232259750366e-02
-6.141917034983634949e-02
-5.010953545570373535e-02
-3.593654558062553406e-02
-3.042920306324958801e-02
-3.160620480775833130e-02
-3.499722480773925781e-02
-2.440209500491619110e-02
-5.670523643493652344e-02
-8.065661042928695679e-02
-9.048999845981597900e-02
-8.531116694211959839e-02
-8.857894688844680786e-02
-5.102529749274253845e-02
-5.256463214755058289e-02
-9.999000000000000000e+03
-9.999000000000000000e+03
-9.999000000000000000e+03
-9.999000000000000000e+03
-9.999000000000000000e+03
-9.999000000000000000e+03
-9.999000000000000000e+03
-9.999000000000000000e+03
-9.999000000000000000e+03
-9.999000000000000000e+03
-9.999000000000000000e+03
-9.999000000000000000e+03
-8.277656883001327515e-02
-1.573078930377960205e-01
-2.058548927307128906e-01
-1.715375483036041260e-01
-1.362608373165130615e-01
-9.805944561958312988e-02
-8.509418368339538574e-02
-5.732258036732673645e-02
-3.742427378892898560e-02
-2.469673752784729004e-02
-3.219515830278396606e-02
-5.198746547102928162e-02
-7.912805676460266113e-02
-8.294036239385604858e-02
-7.130017131567001343e-02
-5.147155374288558960e-02
-5.643829330801963806e-02
-9.999000000000000000e+03
-9.999000000000000000e+03
-9.999000000000000000e+03
-9.999000000000000000e+03
-9.999000000000000000e+03
-9.999000000000000000e+03
-9.999000000000000000e+03
-9.999000000000000000e+03
-9.999000000000000000e+03
-9.999000000000000000e+03
-9.999000000000000000e+03
-9.999000000000000000e+03
-9.999000000000000000e+03
-9.999000000000000000e+03
-9.999000000000000000e+03
-1.271368414163589478e-01
-1.758987456560134888e-01
-9.999000000000000000e+03
-9.088579565286636353e-02
-1.122351437807083130e-01
-1.043875217437744141e-01
-8.557742089033126831e-02
-6.585974991321563721e-02
-5.868806689977645874e-02
-6.437847018241882324e-02
-1.039992421865463257e-01
-1.056353747844696045e-01
-8.283425122499465942e-02
-5.525904521346092224e-02
-4.230099916458129883e-02
-9.999000000000000000e+03
-9.999000000000000000e+03
-9.999000000000000000e+03
-9.999000000000000000e+03
-9.999000000000000000e+03
-9.999000000000000000e+03
-9.999000000000000000e+03
-9.999000000000000000e+03
-9.999000000000000000e+03
-9.999000000000000000e+03
-9.999000000000000000e+03
-9.999000000000000000e+03
-9.999000000000000000e+03
-9.999000000000000000e+03
-9.999000000000000000e+03
-9.999000000000000000e+03
-9.175009280443191528e-02
-1.340277045965194702e-01
-9.999000000000000000e+03
-9.999000000000000000e+03
-9.485526382923126221e-02
-1.020670458674430847e-01
-9.809546917676925659e-02
-8.730877935886383057e-02
-8.556279540061950684e-02
-8.892572671175003052e-02
-9.789759665727615356e-02
-8.263652771711349487e-02
-6.780517101287841797e-02
-3.748753666877746582e-02
-9.999000000000000000e+03
-9.999000000000000000e+03
-9.999000000000000000e+03
-9.999000000000000000e+03
-9.999000000000000000e+03
-9.999000000000000000e+03
-9.999000000000000000e+03
-9.999000000000000000e+03
-9.999000000000000000e+03
-9.999000000000000000e+03
-9.999000000000000000e+03
-9.999000000000000000e+03
-9.999000000000000000e+03
-9.999000000000000000e+03
-9.999000000000000000e+03
-9.999000000000000000e+03
-9.999000000000000000e+03
-5.100916326045989990e-02
-7.843005657196044922e-02
-9.999000000000000000e+03
-9.999000000000000000e+03
-5.954408273100852966e-02
-7.368023693561553955e-02
-7.654847204685211182e-02
-7.523038238286972046e-02
-5.916555225849151611e-02
-5.406434461474418640e-02
-5.050280317664146423e-02
-3.756926953792572021e-02
-3.311063721776008606e-02
-3.190334141254425049e-02
-9.999000000000000000e+03
-9.999000000000000000e+03
-9.999000000000000000e+03
-9.999000000000000000e+03
-9.999000000000000000e+03
-9.999000000000000000e+03
-9.999000000000000000e+03
-9.999000000000000000e+03
-9.999000000000000000e+03
-9.999000000000000000e+03
-9.999000000000000000e+03
-9.999000000000000000e+03
-9.999000000000000000e+03
-9.999000000000000000e+03
-9.999000000000000000e+03
-9.999000000000000000e+03
-9.999000000000000000e+03
-9.999000000000000000e+03
-9.999000000000000000e+03
-9.999000000000000000e+03
-9.999000000000000000e+03
-2.792691625654697418e-02
-3.840157017111778259e-02
-3.294507041573524475e-02
-2.977210469543933868e-02
-2.039757557213306427e-02
-1.949358917772769928e-02
-1.068051997572183609e-02
-3.721540048718452454e-02
-4.196097701787948608e-02
-3.952683880925178528e-02
-9.999000000000000000e+03
-9.999000000000000000e+03
-9.999000000000000000e+03
-9.999000000000000000e+03
-9.999000000000000000e+03
-9.999000000000000000e+03
-9.999000000000000000e+03
-9.999000000000000000e+03
-9.999000000000000000e+03
-9.999000000000000000e+03
-9.999000000000000000e+03
-9.999000000000000000e+03
-9.999000000000000000e+03
-9.999000000000000000e+03
-9.999000000000000000e+03
-9.999000000000000000e+03
-9.999000000000000000e+03
-9.999000000000000000e+03
-9.999000000000000000e+03
-9.999000000000000000e+03
-9.999000000000000000e+03
-9.999000000000000000e+03
-1.341048348695039749e-02
-2.301902510225772858e-02
-5.274868570268154144e-03
1.337964925915002823e-02
1.717702858150005341e-02
7.101832889020442963e-03
8.111619390547275543e-03
-2.705471776425838470e-02
-9.999000000000000000e+03
-9.999000000000000000e+03
-9.999000000000000000e+03
-9.999000000000000000e+03
-9.999000000000000000e+03
-9.999000000000000000e+03
-9.999000000000000000e+03
-9.999000000000000000e+03
-9.999000000000000000e+03
-9.999000000000000000e+03
-9.999000000000000000e+03
-9.999000000000000000e+03
-9.999000000000000000e+03
-9.999000000000000000e+03
-9.999000000000000000e+03
-9.999000000000000000e+03
-9.999000000000000000e+03
-9.999000000000000000e+03
-9.999000000000000000e+03
-9.999000000000000000e+03
-9.999000000000000000e+03
-9.999000000000000000e+03
-9.999000000000000000e+03
-5.647322628647089005e-03
-1.986008509993553162e-02
-2.009329758584499359e-02
-5.899703595787286758e-03
3.922123834490776062e-02
2.478608861565589905e-02
1.224995404481887817e-01
1.671649813652038574e-01
1.168299987912178040e-01
-9.999000000000000000e+03
-9.999000000000000000e+03
-9.999000000000000000e+03
-9.999000000000000000e+03
-9.999000000000000000e+03
-9.999000000000000000e+03
-9.999000000000000000e+03
-9.999000000000000000e+03
-9.999000000000000000e+03
-9.999000000000000000e+03
-9.999000000000000000e+03
-9.999000000000000000e+03
-9.999000000000000000e+03
-9.999000000000000000e+03
-9.999000000000000000e+03
-9.999000000000000000e+03
-9.999000000000000000e+03
-9.999000000000000000e+03
-9.999000000000000000e+03
-9.999000000000000000e+03
-9.999000000000000000e+03
-9.999000000000000000e+03
-9.999000000000000000e+03
-1.193633954972028732e-02
-1.652183569967746735e-02
-8.186946623027324677e-03
1.576676033437252045e-02
5.963577702641487122e-02
6.948103755712509155e-02
1.899654120206832886e-01
2.032838761806488037e-01
-9.999000000000000000e+03
-9.999000000000000000e+03
-9.999000000000000000e+03
-9.999000000000000000e+03
-9.999000000000000000e+03
-9.999000000000000000e+03
-9.999000000000000000e+03
-9.999000000000000000e+03
-9.999000000000000000e+03
-9.999000000000000000e+03
-9.999000000000000000e+03
-9.999000000000000000e+03
-9.999000000000000000e+03
-9.999000000000000000e+03
-9.999000000000000000e+03
-9.999000000000000000e+03
-9.999000000000000000e+03
-9.999000000000000000e+03
-9.999000000000000000e+03
-9.999000000000000000e+03
-9.999000000000000000e+03
-9.999000000000000000e+03
-9.999000000000000000e+03
-1.626328751444816589e-02
-1.816776208579540253e-02
-2.176203392446041107e-02
-8.363056927919387817e-02
-1.248922497034072876e-01
-1.520033180713653564e-01
-7.037480920553207397e-02
3.950330615043640137e-02
5.772384628653526306e-02
-9.999000000000000000e+03
-9.999000000000000000e+03
-9.999000000000000000e+03
-9.999000000000000000e+03
-9.999000000000000000e+03
-9.999000000000000000e+03
-9.999000000000000000e+03
-9.999000000000000000e+03
-9.999000000000000000e+03
-9.999000000000000000e+03
-9.999000000000000000e+03
-9.999000000000000000e+03
-9.999000000000000000e+03
-9.999000000000000000e+03
-9.999000000000000000e+03
-9.999000000000000000e+03
-9.999000000000000000e+03
-9.999000000000000000e+03
-9.999000000000000000e+03
-9.999000000000000000e+03
-9.999000000000000000e+03
-9.999000000000000000e+03
-1.541010942310094833e-02
-4.582451656460762024e-02
-7.580825686454772949e-02
-9.649755060672760010e-02
-1.174325197935104370e-01
-1.256270259618759155e-01
-1.403037905693054199e-01
-1.193138211965560913e-01
-4.504104703664779663e-02
1.829201541841030121e-02
2.807467617094516754e-02
2.188318595290184021e-02
1.489438954740762711e-02
-9.999000000000000000e+03
-9.999000000000000000e+03
-9.999000000000000000e+03
-9.999000000000000000e+03
-9.999000000000000000e+03
-9.999000000000000000e+03
-9.999000000000000000e+03
-9.999000000000000000e+03
-9.999000000000000000e+03
-9.999000000000000000e+03
-9.999000000000000000e+03
-9.999000000000000000e+03
-9.999000000000000000e+03
-9.999000000000000000e+03
-9.999000000000000000e+03
-9.999000000000000000e+03
-9.999000000000000000e+03
-4.155303910374641418e-02
-3.572511300444602966e-02
-3.141111880540847778e-02
-5.533045157790184021e-02
-6.111146509647369385e-02
-6.860721111297607422e-02
-7.499460875988006592e-02
-8.869435638189315796e-02
-8.452913910150527954e-02
-2.111212722957134247e-02
1.053848676383495331e-02
1.611471734941005707e-02
9.115776978433132172e-03
8.380931802093982697e-03
-9.999000000000000000e+03
-9.999000000000000000e+03
-9.999000000000000000e+03
-9.999000000000000000e+03
-9.999000000000000000e+03
-9.999000000000000000e+03
-9.999000000000000000e+03
-9.999000000000000000e+03
-9.999000000000000000e+03
-9.999000000000000000e+03
-9.999000000000000000e+03
-9.999000000000000000e+03
-9.999000000000000000e+03
-9.999000000000000000e+03
-9.999000000000000000e+03
-4.820722714066505432e-02
-5.031822994351387024e-02
-7.615926116704940796e-02
-7.390187680721282959e-02
-5.437065288424491882e-02
-4.130514711141586304e-02
-2.289184741675853729e-02
-1.988911628723144531e-02
-3.003269433975219727e-02
-5.384391546249389648e-02
-4.911067336797714233e-02
-3.376817330718040466e-02
-1.262088771909475327e-02
-2.734898589551448822e-02
-9.999000000000000000e+03
-9.999000000000000000e+03
-9.999000000000000000e+03
-9.999000000000000000e+03
-9.999000000000000000e+03
-9.999000000000000000e+03
-9.999000000000000000e+03
-9.999000000000000000e+03
-9.999000000000000000e+03
-9.999000000000000000e+03
-9.999000000000000000e+03
-9.999000000000000000e+03
-9.999000000000000000e+03
-9.999000000000000000e+03
-9.999000000000000000e+03
-9.999000000000000000e+03
-3.763131797313690186e-02
-6.510246545076370239e-02
-7.566834241151809692e-02
-8.780792355537414551e-02
-9.042288362979888916e-02
-6.396267563104629517e-02
-2.872536890208721161e-02
-1.146616041660308838e-02
-9.299019351601600647e-03
-2.197508141398429871e-02
-5.237460136413574219e-02
-8.130287379026412964e-02
-9.557241946458816528e-02
-6.002715602517127991e-02
-9.999000000000000000e+03
-9.999000000000000000e+03
-9.999000000000000000e+03
-9.999000000000000000e+03
-9.999000000000000000e+03
-9.999000000000000000e+03
-9.999000000000000000e+03
-9.999000000000000000e+03
-9.999000000000000000e+03
-9.999000000000000000e+03
-9.999000000000000000e+03
-9.999000000000000000e+03
-9.999000000000000000e+03
-9.999000000000000000e+03
-9.999000000000000000e+03
-9.999000000000000000e+03
-9.999000000000000000e+03
-3.964353725314140320e-02
-7.666699588298797607e-02
-9.833842515945434570e-02
-8.988067507743835449e-02
-7.748297601938247681e-02
-6.519751995801925659e-02
-4.712578281760215759e-02
-2.964123338460922241e-02
-1.482242345809936523e-02
6.830471567809581757e-03
7.216483354568481445e-04
-2.363331429660320282e-02
-2.659268677234649658e-02
-5.723131075501441956e-02
-9.999000000000000000e+03
-9.999000000000000000e+03
-9.999000000000000000e+03
-9.999000000000000000e+03
-9.999000000000000000e+03
-9.999000000000000000e+03
-9.999000000000000000e+03
-9.999000000000000000e+03
-9.999000000000000000e+03
-9.999000000000000000e+03
-9.999000000000000000e+03
-9.999000000000000000e+03
-9.999000000000000000e+03
-9.999000000000000000e+03
-9.999000000000000000e+03
-9.999000000000000000e+03
-9.999000000000000000e+03
-6.942983716726303101e-02
-8.568418025970458984e-02
-9.320858120918273926e-02
-8.600963652133941650e-02
-7.876890152692794800e-02
-5.920175462961196899e-02
-4.100464284420013428e-02
-2.104676701128482819e-02
-6.551547907292842865e-03
1.260303705930709839e-02
1.389201823621988297e-02
2.321569435298442841e-02
7.260492537170648575e-03
-9.999000000000000000e+03
-9.999000000000000000e+03
-9.999000000000000000e+03
-9.999000000000000000e+03
-9.999000000000000000e+03
-9.999000000000000000e+03
-9.999000000000000000e+03
-9.999000000000000000e+03
-9.999000000000000000e+03
-9.999000000000000000e+03
-9.999000000000000000e+03
-9.999000000000000000e+03
-9.999000000000000000e+03
-9.999000000000000000e+03
-9.999000000000000000e+03
-9.999000000000000000e+03
-9.999000000000000000e+03
-9.999000000000000000e+03
-4.019436240196228027e-02
-4.244533553719520569e-02
-4.892974346876144409e-02
-6.279341131448745728e-02
-4.632752388715744019e-02
-2.665056474506855011e-02
-4.741023294627666473e-03
1.868691481649875641e-02
7.801909931004047394e-03
2.464003302156925201e-02
1.489436905831098557e-02
-9.380651172250509262e-04
-9.999000000000000000e+03
-9.999000000000000000e+03
-9.999000000000000000e+03
-9.999000000000000000e+03
-9.999000000000000000e+03
-9.999000000000000000e+03
-9.999000000000000000e+03
-9.999000000000000000e+03
-9.999000000000000000e+03
-9.999000000000000000e+03
-9.999000000000000000e+03
-9.999000000000000000e+03
-9.999000000000000000e+03
-9.999000000000000000e+03
-9.999000000000000000e+03
-9.999000000000000000e+03
-9.999000000000000000e+03
-9.999000000000000000e+03
-9.999000000000000000e+03
-8.859415538609027863e-03
1.940282643772661686e-03
-1.763767941156402230e-04
-1.993094757199287415e-02
1.298400852829217911e-02
2.376932092010974884e-02
3.438884764909744263e-02
2.632270380854606628e-02
1.381164696067571640e-02
4.999288823455572128e-03
-9.999000000000000000e+03
-9.999000000000000000e+03
-9.999000000000000000e+03
-9.999000000000000000e+03
-9.999000000000000000e+03
-9.999000000000000000e+03
-9.999000000000000000e+03
-9.999000000000000000e+03
-9.999000000000000000e+03
-9.999000000000000000e+03
-9.999000000000000000e+03
-9.999000000000000000e+03
-9.999000000000000000e+03
-9.999000000000000000e+03
-9.999000000000000000e+03
-9.999000000000000000e+03
-9.999000000000000000e+03
-9.999000000000000000e+03
-9.999000000000000000e+03
-9.999000000000000000e+03
-9.999000000000000000e+03
5.770075600594282150e-03
4.337730258703231812e-02
5.257783085107803345e-02
5.428362637758255005e-02
5.089072510600090027e-02
2.564606443047523499e-02
-9.999000000000000000e+03
-9.999000000000000000e+03
-9.999000000000000000e+03
-9.999000000000000000e+03
-9.999000000000000000e+03
-9.999000000000000000e+03
-9.999000000000000000e+03
-9.999000000000000000e+03
-9.999000000000000000e+03
-9.999000000000000000e+03
-9.999000000000000000e+03
-9.999000000000000000e+03
-9.999000000000000000e+03
-9.999000000000000000e+03
-9.999000000000000000e+03
-9.999000000000000000e+03
-9.999000000000000000e+03
-9.999000000000000000e+03
-9.999000000000000000e+03
-9.999000000000000000e+03
-9.999000000000000000e+03
-9.999000000000000000e+03
-9.999000000000000000e+03
-9.999000000000000000e+03
-9.999000000000000000e+03
-1.270215027034282684e-02
1.095990091562271118e-02
5.532129108905792236e-02
-9.999000000000000000e+03
-9.999000000000000000e+03
-9.999000000000000000e+03
-9.999000000000000000e+03
-9.999000000000000000e+03
-9.999000000000000000e+03
-9.999000000000000000e+03
-9.999000000000000000e+03
-9.999000000000000000e+03
-9.999000000000000000e+03
-9.999000000000000000e+03
-9.999000000000000000e+03
-9.999000000000000000e+03
-9.999000000000000000e+03
-9.999000000000000000e+03
-9.999000000000000000e+03
-9.999000000000000000e+03
-9.999000000000000000e+03
-9.999000000000000000e+03
-9.999000000000000000e+03
-9.999000000000000000e+03
-9.999000000000000000e+03
-9.999000000000000000e+03
-9.999000000000000000e+03
-9.999000000000000000e+03
-9.999000000000000000e+03
-9.999000000000000000e+03
-9.999000000000000000e+03
