9.610880166292190552e-02
1.042174547910690308e-01
7.757402956485748291e-02
5.800919234752655029e-02
7.014456391334533691e-02
6.316903233528137207e-02
6.027510762214660645e-02
5.617871135473251343e-02
2.927100285887718201e-02
9.831349365413188934e-03
-3.401993215084075928e-02
-9.999000000000000000e+03
-9.999000000000000000e+03
-9.999000000000000000e+03
-9.999000000000000000e+03
-9.999000000000000000e+03
-9.999000000000000000e+03
-9.999000000000000000e+03
-9.999000000000000000e+03
-9.999000000000000000e+03
-9.999000000000000000e+03
-9.999000000000000000e+03
-9.999000000000000000e+03
-4.366056621074676514e-02
-6.302887201309204102e-02
-1.523408945649862289e-02
2.319177426397800446e-02
6.517524272203445435e-02
9.789556264877319336e-02
1.176336109638214111e-01
1.206273287534713745e-01
3.205209225416183472e-02
4.110717773437500000e-02
2.746548689901828766e-02
1.516333036124706268e-02
2.317407913506031036e-02
1.698177494108676910e-02
5.379953421652317047e-03
3.476857440546154976e-03
-1.320221461355686188e-02
-1.571508683264255524e-02
-1.909560896456241608e-02
-9.386683814227581024e-03
-9.999000000000000000e+03
-9.999000000000000000e+03
-9.999000000000000000e+03
-9.999000000000000000e+03
-9.999000000000000000e+03
-9.999000000000000000e+03
-9.999000000000000000e+03
-9.999000000000000000e+03
-9.999000000000000000e+03
4.239708185195922852e-03
1.314252428710460663e-02
3.129599383100867271e-03
1.390243973582983017e-02
2.391672134399414062e-02
5.305119231343269348e-02
8.203129470348358154e-02
9.580092132091522217e-02
1.024404615163803101e-01
1.167271658778190613e-01
-3.727428615093231201e-02
-2.617105096578598022e-02
-3.503812849521636963e-02
-4.392856359481811523e-02
-2.601287141442298889e-02
-3.471422940492630005e-02
-4.232010990381240845e-02
-3.650212287902832031e-02
-4.961850121617317200e-02
-4.354404658079147339e-02
-3.991343080997467041e-02
-2.879559434950351715e-02
-9.999000000000000000e+03
-9.999000000000000000e+03
-9.999000000000000000e+03
-9.999000000000000000e+03
-9.999000000000000000e+03
-9.999000000000000000e+03
-9.999000000000000000e+03
3.533809632062911987e-02
2.777094580233097076e-02
3.269837051630020142e-02
4.659133777022361755e-02
4.359069094061851501e-02
3.896868228912353516e-02
5.066265910863876343e-02
6.864321231842041016e-02
8.416344225406646729e-02
1.050956472754478455e-01
1.229111626744270325e-01
1.417971700429916382e-01
-1.145176738500595093e-01
-1.031863689422607422e-01
-1.041943132877349854e-01
-1.118921414017677307e-01
-9.929896146059036255e-02
-1.138839423656463623e-01
-1.174778565764427185e-01
-9.647110104560852051e-02
-9.164339303970336914e-02
-6.882799416780471802e-02
-5.629224702715873718e-02
-5.239128321409225464e-02
-4.079134389758110046e-02
-9.999000000000000000e+03
-9.999000000000000000e+03
-9.999000000000000000e+03
2.621648460626602173e-02
3.637810796499252319e-02
4.847046732902526855e-02
2.098845690488815308e-02
-8.019000961212441325e-05
-1.810954301618039608e-03
-1.780336722731590271e-02
8.328989148139953613e-03
1.616869494318962097e-02
1.208177022635936737e-02
5.943555012345314026e-02
7.735006511211395264e-02
1.004141867160797119e-01
1.194874197244644165e-01
1.246963366866111755e-01
-1.800753027200698853e-01
-1.821649074554443359e-01
-1.863479912281036377e-01
-1.940354108810424805e-01
-1.792713850736618042e-01
-1.816858947277069092e-01
-1.742063760757446289e-01
-1.486568897962570190e-01
-1.349534839391708374e-01
-1.078725531697273254e-01
-7.687720656394958496e-02
-5.666834488511085510e-02
-4.092345759272575378e-02
-2.671800367534160614e-02
1.514280773699283600e-02
2.546859905123710632e-02
1.813766919076442719e-02
-6.468184292316436768e-03
-2.040672861039638519e-02
-6.581884622573852539e-02
-8.369157463312149048e-02
-1.158754006028175354e-01
-1.281927376985549927e-01
-9.097363054752349854e-02
-7.882542163133621216e-02
-5.656594410538673401e-02
-1.106253080070018768e-02
2.569670602679252625e-02
6.826005876064300537e-02
1.037453413009643555e-01
1.154644563794136047e-01
-2.182156890630722046e-01
-2.285288274288177490e-01
-2.473359107971191406e-01
-2.562737762928009033e-01
-2.421187460422515869e-01
-2.340574562549591064e-01
-2.139626592397689819e-01
-1.816559582948684692e-01
-1.612818539142608643e-01
-1.252726167440414429e-01
-8.847812563180923462e-02
-3.850307315587997437e-02
-1.572709158062934875e-02
-8.446844876743853092e-04
1.401308458298444748e-03
-8.248238009400665760e-04
-3.431882709264755249e-02
-9.824588149785995483e-02
-1.352064013481140137e-01
-1.846272647380828857e-01
-1.975247412919998169e-01
-1.975259184837341309e-01
-2.085217982530593872e-01
-1.701086610555648804e-01
-1.460618972778320312e-01
-1.323199123144149780e-01
-6.835109740495681763e-02
-3.342387452721595764e-02
1.465922128409147263e-02
6.908033788204193115e-02
9.438262879848480225e-02
-2.419244349002838135e-01
-2.552231550216674805e-01
-2.712994813919067383e-01
-2.752033174037933350e-01
-2.669151723384857178e-01
-2.580675184726715088e-01
-2.287346422672271729e-01
-1.903034448623657227e-01
-1.486396789550781250e-01
-1.178344860672950745e-01
-8.501703292131423950e-02
-5.612655729055404663e-02
-2.281813137233257294e-02
-5.321234930306673050e-03
-4.344499856233596802e-02
-8.172552287578582764e-02
-1.398087441921234131e-01
-1.902161240577697754e-01
-2.102479189634323120e-01
-2.420175373554229736e-01
-2.544391155242919922e-01
-2.711877524852752686e-01
-2.876690030097961426e-01
-2.675187885761260986e-01
-2.527439892292022705e-01
-2.324261069297790527e-01
-1.641788631677627563e-01
-1.202772706747055054e-01
-6.440511345863342285e-02
3.666071919724345207e-03
3.702666610479354858e-02
-2.329766303300857544e-01
-2.487373352050781250e-01
-2.616265714168548584e-01
-2.566545307636260986e-01
-2.482856810092926025e-01
-2.264622002840042114e-01
-2.000341415405273438e-01
-1.806761473417282104e-01
-1.440291106700897217e-01
-1.121042743325233459e-01
-9.178623557090759277e-02
-7.991087436676025391e-02
-6.959840655326843262e-02
-7.176230847835540771e-02
-1.106138005852699280e-01
-1.476289927959442139e-01
-2.135609984397888184e-01
-2.372826337814331055e-01
-2.479875683784484863e-01
-2.513175010681152344e-01
-2.507915496826171875e-01
-2.700956165790557861e-01
-2.659020125865936279e-01
-2.709990739822387695e-01
-2.959507703781127930e-01
-3.019204735755920410e-01
-2.400178164243698120e-01
-1.913756877183914185e-01
-1.378908008337020874e-01
-6.814909726381301880e-02
-4.424898326396942139e-02
-2.137281894683837891e-01
-2.230327427387237549e-01
-2.270760387182235718e-01
-2.168813049793243408e-01
-2.175448685884475708e-01
-1.873824298381805420e-01
-1.650191843509674072e-01
-1.498103886842727661e-01
-1.281352192163467407e-01
-1.111501380801200867e-01
-1.005252227187156677e-01
-1.024036929011344910e-01
-1.203574985265731812e-01
-1.479326784610748291e-01
-1.916662305593490601e-01
-2.059237360954284668e-01
-2.273894399404525757e-01
-2.259793430566787720e-01
-2.287527620792388916e-01
-2.054242640733718872e-01
-1.661866158246994019e-01
-1.590458452701568604e-01
-1.251047402620315552e-01
-1.586562097072601318e-01
-1.354589760303497314e-01
-2.391435950994491577e-01
-2.343986034393310547e-01
-2.261451780796051025e-01
-1.839050650596618652e-01
-1.332126408815383911e-01
-1.125437766313552856e-01
-1.963069885969161987e-01
-1.964250952005386353e-01
-1.922817528247833252e-01
-1.767618656158447266e-01
-1.745881438255310059e-01
-1.593224406242370605e-01
-1.396593600511550903e-01
-1.342577338218688965e-01
-1.151753142476081848e-01
-1.201398670673370361e-01
-1.320805698633193970e-01
-1.596363335847854614e-01
-1.794281154870986938e-01
-1.961729377508163452e-01
-2.166377454996109009e-01
-2.170324772596359253e-01
-2.155377268791198730e-01
-1.525710821151733398e-01
-1.693429499864578247e-01
-1.193872094154357910e-01
-9.074940532445907593e-02
-9.999000000000000000e+03
-9.999000000000000000e+03
-9.999000000000000000e+03
-9.999000000000000000e+03
-9.999000000000000000e+03
-9.999000000000000000e+03
-2.445252388715744019e-01
-2.188156545162200928e-01
-1.774199455976486206e-01
-1.581883877515792847e-01
-1.620437204837799072e-01
-1.557748466730117798e-01
-1.549719870090484619e-01
-1.451939195394515991e-01
-1.460252851247787476e-01
-1.345462054014205933e-01
-1.250518858432769775e-01
-1.186564564704895020e-01
-1.246590018272399902e-01
-1.460464000701904297e-01
-1.607022285461425781e-01
-2.010640799999237061e-01
-2.085931599140167236e-01
-2.123224139213562012e-01
-2.004539221525192261e-01
-1.705468595027923584e-01
-1.401433199644088745e-01
-9.999000000000000000e+03
-9.999000000000000000e+03
-9.999000000000000000e+03
-9.999000000000000000e+03
-9.999000000000000000e+03
-9.999000000000000000e+03
-9.999000000000000000e+03
-9.999000000000000000e+03
-9.999000000000000000e+03
-9.999000000000000000e+03
-1.375377178192138672e-01
-1.961766034364700317e-01
-2.222888320684432983e-01
-2.138552367687225342e-01
-1.476300656795501709e-01
-1.360827088356018066e-01
-1.269219070672988892e-01
-1.173995360732078552e-01
-1.154356896877288818e-01
-1.192505955696105957e-01
-1.189107596874237061e-01
-1.176273599267005920e-01
-1.464533358812332153e-01
-1.746943295001983643e-01
-1.861048787832260132e-01
-1.931581944227218628e-01
-1.887802332639694214e-01
-1.926981806755065918e-01
-1.081800386309623718e-01
-1.114820241928100586e-01
-9.999000000000000000e+03
-9.999000000000000000e+03
-9.999000000000000000e+03
-9.999000000000000000e+03
-9.999000000000000000e+03
-9.999000000000000000e+03
-9.999000000000000000e+03
-9.999000000000000000e+03
-9.999000000000000000e+03
-9.999000000000000000e+03
-9.999000000000000000e+03
-9.999000000000000000e+03
-1.232161372900009155e-01
-2.241571545600891113e-01
-2.478668689727783203e-01
-1.858374029397964478e-01
-1.489788293838500977e-01
-1.189672276377677917e-01
-9.742045402526855469e-02
-8.861617743968963623e-02
-9.057331830263137817e-02
-8.995964378118515015e-02
-1.137240976095199585e-01
-1.450485736131668091e-01
-1.608895957469940186e-01
-1.689196228981018066e-01
-1.646537780761718750e-01
-1.122741848230361938e-01
-1.252882182598114014e-01
-9.999000000000000000e+03
-9.999000000000000000e+03
-9.999000000000000000e+03
-9.999000000000000000e+03
-9.999000000000000000e+03
-9.999000000000000000e+03
-9.999000000000000000e+03
-9.999000000000000000e+03
-9.999000000000000000e+03
-9.999000000000000000e+03
-9.999000000000000000e+03
-9.999000000000000000e+03
-9.999000000000000000e+03
-9.999000000000000000e+03
-9.999000000000000000e+03
-1.931973993778228760e-01
-2.535590231418609619e-01
-9.999000000000000000e+03
-9.470015764236450195e-02
-1.107407659292221069e-01
-9.407491236925125122e-02
-7.631546258926391602e-02
-7.042835652828216553e-02
-7.367046922445297241e-02
-1.084880679845809937e-01
-1.289499253034591675e-01
-1.257971078157424927e-01
-1.281693130731582642e-01
-1.102674007415771484e-01
-8.305600285530090332e-02
-9.999000000000000000e+03
-9.999000000000000000e+03
-9.999000000000000000e+03
-9.999000000000000000e+03
-9.999000000000000000e+03
-9.999000000000000000e+03
-9.999000000000000000e+03
-9.999000000000000000e+03
-9.999000000000000000e+03
-9.999000000000000000e+03
-9.999000000000000000e+03
-9.999000000000000000e+03
-9.999000000000000000e+03
-9.999000000000000000e+03
-9.999000000000000000e+03
-9.999000000000000000e+03
-1.485435515642166138e-01
-2.137638181447982788e-01
-9.999000000000000000e+03
-9.999000000000000000e+03
-9.748304635286331177e-02
-9.319385141134262085e-02
-7.615615427494049072e-02
-6.594610959291458130e-02
-7.796669751405715942e-02
-9.390816837549209595e-02
-9.326674789190292358e-02
-8.741103857755661011e-02
-8.511215448379516602e-02
-3.464298695325851440e-02
-9.999000000000000000e+03
-9.999000000000000000e+03
-9.999000000000000000e+03
-9.999000000000000000e+03
-9.999000000000000000e+03
-9.999000000000000000e+03
-9.999000000000000000e+03
-9.999000000000000000e+03
-9.999000000000000000e+03
-9.999000000000000000e+03
-9.999000000000000000e+03
-9.999000000000000000e+03
-9.999000000000000000e+03
-9.999000000000000000e+03
-9.999000000000000000e+03
-9.999000000000000000e+03
-9.999000000000000000e+03
-8.081889152526855469e-02
-1.335697472095489502e-01
-9.999000000000000000e+03
-9.999000000000000000e+03
-5.339271202683448792e-02
-7.189477980136871338e-02
-7.489120215177536011e-02
-5.988725647330284119e-02
-6.212997809052467346e-02
-5.512256547808647156e-02
-5.616093426942825317e-02
-4.289869591593742371e-02
-3.989574685692787170e-02
-2.099165692925453186e-02
-9.999000000000000000e+03
-9.999000000000000000e+03
-9.999000000000000000e+03
-9.999000000000000000e+03
-9.999000000000000000e+03
-9.999000000000000000e+03
-9.999000000000000000e+03
-9.999000000000000000e+03
-9.999000000000000000e+03
-9.999000000000000000e+03
-9.999000000000000000e+03
-9.999000000000000000e+03
-9.999000000000000000e+03
-9.999000000000000000e+03
-9.999000000000000000e+03
-9.999000000000000000e+03
-9.999000000000000000e+03
-9.999000000000000000e+03
-9.999000000000000000e+03
-9.999000000000000000e+03
-9.999000000000000000e+03
-2.197208814322948456e-02
-3.755660727620124817e-02
-5.356215685606002808e-02
-5.572177469730377197e-02
-2.935742959380149841e-02
-1.382524613291025162e-02
-7.003875914961099625e-03
1.078088674694299698e-02
-3.480097511783242226e-03
-6.114271469414234161e-03
-9.999000000000000000e+03
-9.999000000000000000e+03
-9.999000000000000000e+03
-9.999000000000000000e+03
-9.999000000000000000e+03
-9.999000000000000000e+03
-9.999000000000000000e+03
-9.999000000000000000e+03
-9.999000000000000000e+03
-9.999000000000000000e+03
-9.999000000000000000e+03
-9.999000000000000000e+03
-9.999000000000000000e+03
-9.999000000000000000e+03
-9.999000000000000000e+03
-9.999000000000000000e+03
-9.999000000000000000e+03
-9.999000000000000000e+03
-9.999000000000000000e+03
-9.999000000000000000e+03
-9.999000000000000000e+03
-9.999000000000000000e+03
-2.637374959886074066e-02
-4.302218556404113770e-02
-5.298950895667076111e-02
3.096110746264457703e-02
2.911286428570747375e-02
3.847308456897735596e-02
6.607987731695175171e-02
4.040620476007461548e-02
-9.999000000000000000e+03
-9.999000000000000000e+03
-9.999000000000000000e+03
-9.999000000000000000e+03
-9.999000000000000000e+03
-9.999000000000000000e+03
-9.999000000000000000e+03
-9.999000000000000000e+03
-9.999000000000000000e+03
-9.999000000000000000e+03
-9.999000000000000000e+03
-9.999000000000000000e+03
-9.999000000000000000e+03
-9.999000000000000000e+03
-9.999000000000000000e+03
-9.999000000000000000e+03
-9.999000000000000000e+03
-9.999000000000000000e+03
-9.999000000000000000e+03
-9.999000000000000000e+03
-9.999000000000000000e+03
-9.999000000000000000e+03
-9.999000000000000000e+03
-1.478798408061265945e-02
-4.420519992709159851e-02
-4.089513048529624939e-02
-8.410899899899959564e-03
1.828789897263050079e-02
3.054338134825229645e-02
1.070996373891830444e-01
1.678509414196014404e-01
1.232029944658279419e-01
-9.999000000000000000e+03
-9.999000000000000000e+03
-9.999000000000000000e+03
-9.999000000000000000e+03
-9.999000000000000000e+03
-9.999000000000000000e+03
-9.999000000000000000e+03
-9.999000000000000000e+03
-9.999000000000000000e+03
-9.999000000000000000e+03
-9.999000000000000000e+03
-9.999000000000000000e+03
-9.999000000000000000e+03
-9.999000000000000000e+03
-9.999000000000000000e+03
-9.999000000000000000e+03
-9.999000000000000000e+03
-9.999000000000000000e+03
-9.999000000000000000e+03
-9.999000000000000000e+03
-9.999000000000000000e+03
-9.999000000000000000e+03
-9.999000000000000000e+03
-3.774052113294601440e-02
-2.945530787110328674e-02
-4.029773920774459839e-02
-3.920779004693031311e-02
8.737724274396896362e-03
4.119699820876121521e-02
1.668733209371566772e-01
1.872999221086502075e-01
-9.999000000000000000e+03
-9.999000000000000000e+03
-9.999000000000000000e+03
-9.999000000000000000e+03
-9.999000000000000000e+03
-9.999000000000000000e+03
-9.999000000000000000e+03
-9.999000000000000000e+03
-9.999000000000000000e+03
-9.999000000000000000e+03
-9.999000000000000000e+03
-9.999000000000000000e+03
-9.999000000000000000e+03
-9.999000000000000000e+03
-9.999000000000000000e+03
-9.999000000000000000e+03
-9.999000000000000000e+03
-9.999000000000000000e+03
-9.999000000000000000e+03
-9.999000000000000000e+03
-9.999000000000000000e+03
-9.999000000000000000e+03
-9.999000000000000000e+03
-5.905722454190254211e-02
-7.558675855398178101e-02
-1.040724515914916992e-01
-1.171206682920455933e-01
-1.128199920058250427e-01
-1.030013561248779297e-01
-3.431210294365882874e-02
5.682647228240966797e-02
5.751240625977516174e-02
-9.999000000000000000e+03
-9.999000000000000000e+03
-9.999000000000000000e+03
-9.999000000000000000e+03
-9.999000000000000000e+03
-9.999000000000000000e+03
-9.999000000000000000e+03
-9.999000000000000000e+03
-9.999000000000000000e+03
-9.999000000000000000e+03
-9.999000000000000000e+03
-9.999000000000000000e+03
-9.999000000000000000e+03
-9.999000000000000000e+03
-9.999000000000000000e+03
-9.999000000000000000e+03
-9.999000000000000000e+03
-9.999000000000000000e+03
-9.999000000000000000e+03
-9.999000000000000000e+03
-9.999000000000000000e+03
-9.999000000000000000e+03
-5.786753073334693909e-02
-9.958373755216598511e-02
-1.147291064262390137e-01
-1.098620966076850891e-01
-1.055455878376960754e-01
-9.205621480941772461e-02
-9.732650220394134521e-02
-9.126816689968109131e-02
-4.906327649950981140e-02
-1.480306033045053482e-02
-2.846452407538890839e-02
-4.535648599267005920e-02
-3.521353751420974731e-02
-9.999000000000000000e+03
-9.999000000000000000e+03
-9.999000000000000000e+03
-9.999000000000000000e+03
-9.999000000000000000e+03
-9.999000000000000000e+03
-9.999000000000000000e+03
-9.999000000000000000e+03
-9.999000000000000000e+03
-9.999000000000000000e+03
-9.999000000000000000e+03
-9.999000000000000000e+03
-9.999000000000000000e+03
-9.999000000000000000e+03
-9.999000000000000000e+03
-9.999000000000000000e+03
-9.999000000000000000e+03
-5.430464074015617371e-02
-5.021659284830093384e-02
-4.762063175439834595e-02
-3.345849737524986267e-02
-5.621856451034545898e-02
-7.248471677303314209e-02
-7.163681089878082275e-02
-7.146882265806198120e-02
-6.501835584640502930e-02
-8.270887657999992371e-03
6.766223348677158356e-03
-3.992491587996482849e-02
-2.896997332572937012e-02
-3.834226354956626892e-02
-9.999000000000000000e+03
-9.999000000000000000e+03
-9.999000000000000000e+03
-9.999000000000000000e+03
-9.999000000000000000e+03
-9.999000000000000000e+03
-9.999000000000000000e+03
-9.999000000000000000e+03
-9.999000000000000000e+03
-9.999000000000000000e+03
-9.999000000000000000e+03
-9.999000000000000000e+03
-9.999000000000000000e+03
-9.999000000000000000e+03
-9.999000000000000000e+03
-4.291386157274246216e-02
-4.922546073794364929e-02
-8.781486749649047852e-02
-7.367946207523345947e-02
-4.336060956120491028e-02
-2.326029725372791290e-02
-2.084541693329811096e-02
-4.521621763706207275e-02
-7.382168620824813843e-02
-7.558337599039077759e-02
-4.999548196792602539e-02
-3.851332888007164001e-02
-1.479586400091648102e-02
-2.760577946901321411e-02
-9.999000000000000000e+03
-9.999000000000000000e+03
-9.999000000000000000e+03
-9.999000000000000000e+03
-9.999000000000000000e+03
-9.999000000000000000e+03
-9.999000000000000000e+03
-9.999000000000000000e+03
-9.999000000000000000e+03
-9.999000000000000000e+03
-9.999000000000000000e+03
-9.999000000000000000e+03
-9.999000000000000000e+03
-9.999000000000000000e+03
-9.999000000000000000e+03
-9.999000000000000000e+03
-4.963178932666778564e-02
-5.389298871159553528e-02
-5.838485434651374817e-02
-8.196492493152618408e-02
-9.178089350461959839e-02
-6.105431541800498962e-02
-2.759889699518680573e-02
-1.618710905313491821e-02
-2.285626344382762909e-02
-3.613819181919097900e-02
-6.923442333936691284e-02
-9.760621190071105957e-02
-1.059782505035400391e-01
-8.740290999412536621e-02
-9.999000000000000000e+03
-9.999000000000000000e+03
-9.999000000000000000e+03
-9.999000000000000000e+03
-9.999000000000000000e+03
-9.999000000000000000e+03
-9.999000000000000000e+03
-9.999000000000000000e+03
-9.999000000000000000e+03
-9.999000000000000000e+03
-9.999000000000000000e+03
-9.999000000000000000e+03
-9.999000000000000000e+03
-9.999000000000000000e+03
-9.999000000000000000e+03
-9.999000000000000000e+03
-9.999000000000000000e+03
-7.658039033412933350e-02
-1.021345034241676331e-01
-1.021116003394126892e-01
-1.056257933378219604e-01
-9.932820498943328857e-02
-7.676190137863159180e-02
-5.087126046419143677e-02
-3.052129037678241730e-02
-1.528587564826011658e-02
2.309104893356561661e-03
-1.235150173306465149e-02
-5.832168832421302795e-02
-7.068912684917449951e-02
-8.808543533086776733e-02
-9.999000000000000000e+03
-9.999000000000000000e+03
-9.999000000000000000e+03
-9.999000000000000000e+03
-9.999000000000000000e+03
-9.999000000000000000e+03
-9.999000000000000000e+03
-9.999000000000000000e+03
-9.999000000000000000e+03
-9.999000000000000000e+03
-9.999000000000000000e+03
-9.999000000000000000e+03
-9.999000000000000000e+03
-9.999000000000000000e+03
-9.999000000000000000e+03
-9.999000000000000000e+03
-9.999000000000000000e+03
-9.859831631183624268e-02
-1.139658093452453613e-01
-1.171908006072044373e-01
-1.110855937004089355e-01
-9.569022804498672485e-02
-7.144407182931900024e-02
-4.956630989909172058e-02
-2.737958729267120361e-02
-1.033943518996238708e-02
-4.396185278892517090e-03
-1.622095890343189240e-02
-2.702238224446773529e-02
-3.250210359692573547e-02
-9.999000000000000000e+03
-9.999000000000000000e+03
-9.999000000000000000e+03
-9.999000000000000000e+03
-9.999000000000000000e+03
-9.999000000000000000e+03
-9.999000000000000000e+03
-9.999000000000000000e+03
-9.999000000000000000e+03
-9.999000000000000000e+03
-9.999000000000000000e+03
-9.999000000000000000e+03
-9.999000000000000000e+03
-9.999000000000000000e+03
-9.999000000000000000e+03
-9.999000000000000000e+03
-9.999000000000000000e+03
-9.999000000000000000e+03
-6.915636360645294189e-02
-7.119889557361602783e-02
-6.856565177440643311e-02
-6.964605301618576050e-02
-4.452240467071533203e-02
-3.192357718944549561e-02
-2.558364905416965485e-02
-6.748466286808252335e-03
5.545011721551418304e-03
2.944421768188476562e-02
1.958954613655805588e-03
-3.448786959052085876e-02
-9.999000000000000000e+03
-9.999000000000000000e+03
-9.999000000000000000e+03
-9.999000000000000000e+03
-9.999000000000000000e+03
-9.999000000000000000e+03
-9.999000000000000000e+03
-9.999000000000000000e+03
-9.999000000000000000e+03
-9.999000000000000000e+03
-9.999000000000000000e+03
-9.999000000000000000e+03
-9.999000000000000000e+03
-9.999000000000000000e+03
-9.999000000000000000e+03
-9.999000000000000000e+03
-9.999000000000000000e+03
-9.999000000000000000e+03
-9.999000000000000000e+03
-3.519324958324432373e-02
-3.073692880570888519e-02
-2.475428767502307892e-02
-2.237176895141601562e-02
4.338536038994789124e-02
5.030854046344757080e-02
4.206319153308868408e-02
2.400289848446846008e-02
1.354882121086120605e-02
1.110872998833656311e-02
-9.999000000000000000e+03
-9.999000000000000000e+03
-9.999000000000000000e+03
-9.999000000000000000e+03
-9.999000000000000000e+03
-9.999000000000000000e+03
-9.999000000000000000e+03
-9.999000000000000000e+03
-9.999000000000000000e+03
-9.999000000000000000e+03
-9.999000000000000000e+03
-9.999000000000000000e+03
-9.999000000000000000e+03
-9.999000000000000000e+03
-9.999000000000000000e+03
-9.999000000000000000e+03
-9.999000000000000000e+03
-9.999000000000000000e+03
-9.999000000000000000e+03
-9.999000000000000000e+03
-9.999000000000000000e+03
-1.033713296055793762e-02
1.802837662398815155e-02
4.669489711523056030e-02
7.094384729862213135e-02
9.292378276586532593e-02
7.553154230117797852e-02
-9.999000000000000000e+03
-9.999000000000000000e+03
-9.999000000000000000e+03
-9.999000000000000000e+03
-9.999000000000000000e+03
-9.999000000000000000e+03
-9.999000000000000000e+03
-9.999000000000000000e+03
-9.999000000000000000e+03
-9.999000000000000000e+03
-9.999000000000000000e+03
-9.999000000000000000e+03
-9.999000000000000000e+03
-9.999000000000000000e+03
-9.999000000000000000e+03
-9.999000000000000000e+03
-9.999000000000000000e+03
-9.999000000000000000e+03
-9.999000000000000000e+03
-9.999000000000000000e+03
-9.999000000000000000e+03
-9.999000000000000000e+03
-9.999000000000000000e+03
-9.999000000000000000e+03
-9.999000000000000000e+03
-2.249005716294050217e-03
1.308743003755807877e-02
6.224182620644569397e-02
-9.999000000000000000e+03
-9.999000000000000000e+03
-9.999000000000000000e+03
-9.999000000000000000e+03
-9.999000000000000000e+03
-9.999000000000000000e+03
-9.999000000000000000e+03
-9.999000000000000000e+03
-9.999000000000000000e+03
-9.999000000000000000e+03
-9.999000000000000000e+03
-9.999000000000000000e+03
-9.999000000000000000e+03
-9.999000000000000000e+03
-9.999000000000000000e+03
-9.999000000000000000e+03
-9.999000000000000000e+03
-9.999000000000000000e+03
-9.999000000000000000e+03
-9.999000000000000000e+03
-9.999000000000000000e+03
-9.999000000000000000e+03
-9.999000000000000000e+03
-9.999000000000000000e+03
-9.999000000000000000e+03
-9.999000000000000000e+03
-9.999000000000000000e+03
-9.999000000000000000e+03
