6.902680546045303345e-02
7.093320041894912720e-02
5.037276819348335266e-02
3.536555916070938110e-02
5.661188066005706787e-02
4.861428961157798767e-02
5.023489147424697876e-02
5.197634547948837280e-02
2.716784738004207611e-02
1.436352543532848358e-02
-1.931045763194561005e-02
-9.999000000000000000e+03
-9.999000000000000000e+03
-9.999000000000000000e+03
-9.999000000000000000e+03
-9.999000000000000000e+03
-9.999000000000000000e+03
-9.999000000000000000e+03
-9.999000000000000000e+03
-9.999000000000000000e+03
-9.999000000000000000e+03
-9.999000000000000000e+03
-9.999000000000000000e+03
3.705106303095817566e-02
9.041167050600051880e-02
9.202031791210174561e-02
1.125080063939094543e-01
1.411182284355163574e-01
1.592909395694732666e-01
1.634806543588638306e-01
1.705849617719650269e-01
1.544654741883277893e-02
1.328358240425586700e-02
-7.577382493764162064e-03
-2.367804944515228271e-02
-1.080407481640577316e-02
-1.928737200796604156e-02
-1.634553633630275726e-02
-8.658566512167453766e-03
-1.577747799456119537e-02
-9.867331013083457947e-03
-4.260317888110876083e-03
6.558687426149845123e-03
-9.999000000000000000e+03
-9.999000000000000000e+03
-9.999000000000000000e+03
-9.999000000000000000e+03
-9.999000000000000000e+03
-9.999000000000000000e+03
-9.999000000000000000e+03
-9.999000000000000000e+03
-9.999000000000000000e+03
6.200951710343360901e-02
9.034790843725204468e-02
8.787477761507034302e-02
1.161079779267311096e-01
1.117335632443428040e-01
1.169544458389282227e-01
1.378982514142990112e-01
1.447050422430038452e-01
1.641358435153961182e-01
1.750582605600357056e-01
-2.607814408838748932e-02
-3.376098722219467163e-02
-5.889245495200157166e-02
-7.513906806707382202e-02
-6.588225066661834717e-02
-6.593181937932968140e-02
-5.597389489412307739e-02
-4.279964789748191833e-02
-3.475362062454223633e-02
-2.600013650953769684e-02
-1.347602996975183487e-02
-2.102333353832364082e-03
-9.999000000000000000e+03
-9.999000000000000000e+03
-9.999000000000000000e+03
-9.999000000000000000e+03
-9.999000000000000000e+03
-9.999000000000000000e+03
-9.999000000000000000e+03
1.115674301981925964e-01
1.098369061946868896e-01
1.263626068830490112e-01
1.202601641416549683e-01
1.091030985116958618e-01
9.310289472341537476e-02
7.698971778154373169e-02
8.594385534524917603e-02
8.190263062715530396e-02
1.013381928205490112e-01
1.324347853660583496e-01
1.410260647535324097e-01
-6.033413857221603394e-02
-6.632638722658157349e-02
-7.993707805871963501e-02
-9.585696458816528320e-02
-1.011148244142532349e-01
-1.000432595610618591e-01
-8.681291341781616211e-02
-6.355068087577819824e-02
-5.200537666678428650e-02
-3.860422596335411072e-02
-3.335579112172126770e-02
-1.905342563986778259e-02
-4.580977838486433029e-03
-9.999000000000000000e+03
-9.999000000000000000e+03
-9.999000000000000000e+03
8.032230287790298462e-02
1.187177598476409912e-01
1.541757136583328247e-01
1.516469269990921021e-01
1.380328088998794556e-01
1.164370924234390259e-01
7.154089957475662231e-02
5.785159394145011902e-02
2.051735110580921173e-02
-1.478129159659147263e-02
6.761909928172826767e-03
5.986371543258428574e-03
3.509705513715744019e-02
7.676406949758529663e-02
1.003070771694183350e-01
-8.316827565431594849e-02
-9.114582836627960205e-02
-9.813344478607177734e-02
-1.060283854603767395e-01
-1.141436174511909485e-01
-1.165059506893157959e-01
-1.030716672539710999e-01
-8.107371628284454346e-02
-7.895247638225555420e-02
-6.342842429876327515e-02
-3.834854066371917725e-02
-1.496278494596481323e-02
3.888275241479277611e-04
1.493016071617603302e-02
6.340342015027999878e-02
8.875884115695953369e-02
9.831088036298751831e-02
9.547685086727142334e-02
1.052033603191375732e-01
7.703934609889984131e-02
6.270224601030349731e-02
2.261759340763092041e-02
-5.817813426256179810e-02
-5.750282481312751770e-02
-7.978878170251846313e-02
-7.828059047460556030e-02
-5.479322746396064758e-02
-3.872244805097579956e-02
1.161895110271871090e-03
4.729631543159484863e-02
7.753671705722808838e-02
-8.961036801338195801e-02
-1.014799848198890686e-01
-1.058359816670417786e-01
-1.129257157444953918e-01
-1.227807849645614624e-01
-1.280637383460998535e-01
-1.150361523032188416e-01
-9.710917621850967407e-02
-9.079642593860626221e-02
-6.523358821868896484e-02
-2.523562312126159668e-02
-5.928345126449130476e-05
1.623529568314552307e-02
4.070229828357696533e-02
5.248744785785675049e-02
5.996892228722572327e-02
3.519997373223304749e-02
-8.488981984555721283e-03
-2.358856424689292908e-02
-7.195679098367691040e-02
-8.824470639228820801e-02
-1.022801995277404785e-01
-1.339510977268218994e-01
-1.300841867923736572e-01
-1.174411252140998840e-01
-7.964652031660079956e-02
-6.164784729480743408e-02
-4.707872122526168823e-02
-2.388700470328330994e-02
9.498442523181438446e-03
3.247791528701782227e-02
-8.115477859973907471e-02
-1.018251553177833557e-01
-1.140904426574707031e-01
-1.232620403170585632e-01
-1.317279487848281860e-01
-1.406368315219879150e-01
-1.208478957414627075e-01
-9.964372962713241577e-02
-6.852880120277404785e-02
-3.626979142427444458e-02
-9.609869681298732758e-03
1.256989547982811928e-03
1.072061248123645782e-02
2.498802542686462402e-02
-5.429484415799379349e-03
-2.372482046484947205e-02
-6.341803073883056641e-02
-9.743462502956390381e-02
-1.045178622007369995e-01
-1.358365863561630249e-01
-1.482391506433486938e-01
-1.529601812362670898e-01
-1.411502212285995483e-01
-1.288585960865020752e-01
-1.052049398422241211e-01
-8.346536755561828613e-02
-5.795078724622726440e-02
-5.049539357423782349e-02
-4.499664157629013062e-02
-2.183248102664947510e-02
-1.093460153788328171e-02
-6.036442145705223083e-02
-8.854305744171142578e-02
-1.136954426765441895e-01
-1.172181218862533569e-01
-1.256216913461685181e-01
-1.194201111793518066e-01
-9.890882670879364014e-02
-7.512231171131134033e-02
-3.476701676845550537e-02
-1.745182648301124573e-02
-1.267021801322698593e-02
-1.794246584177017212e-02
-2.395916171371936798e-02
-3.660272434353828430e-02
-7.473518699407577515e-02
-9.394249320030212402e-02
-1.316733062267303467e-01
-1.547593325376510620e-01
-1.575592607259750366e-01
-1.584647893905639648e-01
-1.502715796232223511e-01
-1.444104015827178955e-01
-1.223940923810005188e-01
-1.034433394670486450e-01
-8.881448209285736084e-02
-9.587304294109344482e-02
-7.993363589048385620e-02
-7.126463949680328369e-02
-6.604390591382980347e-02
-5.404423549771308899e-02
-5.693799629807472229e-02
-6.213597580790519714e-02
-7.449275255203247070e-02
-8.615386486053466797e-02
-8.025991916656494141e-02
-8.487605303525924683e-02
-8.148206770420074463e-02
-6.510728597640991211e-02
-3.390128538012504578e-02
-1.085344236344099045e-02
-1.044144667685031891e-02
-1.870755106210708618e-02
-4.052913561463356018e-02
-7.915700972080230713e-02
-1.194955483078956604e-01
-1.522693932056427002e-01
-1.602711677551269531e-01
-1.757576465606689453e-01
-1.778683662414550781e-01
-1.716721504926681519e-01
-1.544785946607589722e-01
-1.230757385492324829e-01
-1.042978093028068542e-01
-7.461097836494445801e-02
-7.002376765012741089e-02
-4.988457635045051575e-02
-8.311831206083297729e-02
-9.013623744249343872e-02
-9.709423035383224487e-02
-1.006398573517799377e-01
-9.476505964994430542e-02
-1.044845208525657654e-01
-9.458253532648086548e-02
-7.108924537897109985e-02
-4.154643788933753967e-02
-3.175309672951698303e-02
-2.108506672084331512e-02
-1.417406182736158371e-02
-1.120633538812398911e-02
-7.259237580001354218e-03
1.353440620005130768e-02
-1.411031559109687805e-02
-5.260782316327095032e-02
-9.788618981838226318e-02
-1.288250535726547241e-01
-1.505218595266342163e-01
-1.738537400960922241e-01
-1.837346851825714111e-01
-1.944316625595092773e-01
-1.303601264953613281e-01
-1.475793570280075073e-01
-1.135066524147987366e-01
-8.671225607395172119e-02
-9.999000000000000000e+03
-9.999000000000000000e+03
-9.999000000000000000e+03
-9.999000000000000000e+03
-9.999000000000000000e+03
-9.999000000000000000e+03
-1.123626232147216797e-01
-1.064852029085159302e-01
-1.330646425485610962e-01
-1.580882221460342407e-01
-9.200987964868545532e-02
-7.104394584894180298e-02
-4.361525550484657288e-02
-2.791335619986057281e-02
-1.692853868007659912e-02
2.479600021615624428e-03
4.992789588868618011e-03
1.428971718996763229e-02
7.049554493278264999e-03
-3.377438709139823914e-02
-7.678091526031494141e-02
-1.319484412670135498e-01
-1.526503115892410278e-01
-1.655125766992568970e-01
-1.759651005268096924e-01
-1.573125720024108887e-01
-1.327446848154067993e-01
-9.999000000000000000e+03
-9.999000000000000000e+03
-9.999000000000000000e+03
-9.999000000000000000e+03
-9.999000000000000000e+03
-9.999000000000000000e+03
-9.999000000000000000e+03
-9.999000000000000000e+03
-9.999000000000000000e+03
-9.999000000000000000e+03
-5.998878180980682373e-02
-9.752956032752990723e-02
-1.394453495740890503e-01
-1.719143986701965332e-01
-9.217706322669982910e-02
-9.351069480180740356e-02
-7.443475723266601562e-02
-5.650908127427101135e-02
-3.560398891568183899e-02
-2.069674246013164520e-02
-2.091609872877597809e-02
-8.024487644433975220e-03
-3.209662064909934998e-02
-9.042298793792724609e-02
-1.214262843132019043e-01
-1.440896391868591309e-01
-1.468668580055236816e-01
-1.582425981760025024e-01
-1.011118590831756592e-01
-1.119753792881965637e-01
-9.999000000000000000e+03
-9.999000000000000000e+03
-9.999000000000000000e+03
-9.999000000000000000e+03
-9.999000000000000000e+03
-9.999000000000000000e+03
-9.999000000000000000e+03
-9.999000000000000000e+03
-9.999000000000000000e+03
-9.999000000000000000e+03
-9.999000000000000000e+03
-9.999000000000000000e+03
-5.958269909024238586e-02
-1.382741481065750122e-01
-1.889001876115798950e-01
-1.417608559131622314e-01
-1.176473796367645264e-01
-9.745548665523529053e-02
-8.046387881040573120e-02
-6.191678345203399658e-02
-5.504849180579185486e-02
-6.519968807697296143e-02
-6.994976103305816650e-02
-9.785787016153335571e-02
-1.218018159270286560e-01
-1.385069638490676880e-01
-1.309823691844940186e-01
-9.538232535123825073e-02
-1.067631244659423828e-01
-9.999000000000000000e+03
-9.999000000000000000e+03
-9.999000000000000000e+03
-9.999000000000000000e+03
-9.999000000000000000e+03
-9.999000000000000000e+03
-9.999000000000000000e+03
-9.999000000000000000e+03
-9.999000000000000000e+03
-9.999000000000000000e+03
-9.999000000000000000e+03
-9.999000000000000000e+03
-9.999000000000000000e+03
-9.999000000000000000e+03
-9.999000000000000000e+03
-1.009165644645690918e-01
-1.565416306257247925e-01
-9.999000000000000000e+03
-6.748772412538528442e-02
-8.296849578619003296e-02
-8.145791292190551758e-02
-8.328036963939666748e-02
-8.633875846862792969e-02
-1.089437380433082581e-01
-1.184052526950836182e-01
-1.293958127498626709e-01
-1.026318818330764771e-01
-9.367388486862182617e-02
-7.396554946899414062e-02
-7.050781697034835815e-02
-9.999000000000000000e+03
-9.999000000000000000e+03
-9.999000000000000000e+03
-9.999000000000000000e+03
-9.999000000000000000e+03
-9.999000000000000000e+03
-9.999000000000000000e+03
-9.999000000000000000e+03
-9.999000000000000000e+03
-9.999000000000000000e+03
-9.999000000000000000e+03
-9.999000000000000000e+03
-9.999000000000000000e+03
-9.999000000000000000e+03
-9.999000000000000000e+03
-9.999000000000000000e+03
-6.674467027187347412e-02
-1.035325899720191956e-01
-9.999000000000000000e+03
-9.999000000000000000e+03
-5.770577490329742432e-02
-7.034920156002044678e-02
-8.298486471176147461e-02
-9.207088500261306763e-02
-1.030581817030906677e-01
-1.154159307479858398e-01
-9.975910186767578125e-02
-5.661886557936668396e-02
-3.642537817358970642e-02
-2.231339178979396820e-02
-9.999000000000000000e+03
-9.999000000000000000e+03
-9.999000000000000000e+03
-9.999000000000000000e+03
-9.999000000000000000e+03
-9.999000000000000000e+03
-9.999000000000000000e+03
-9.999000000000000000e+03
-9.999000000000000000e+03
-9.999000000000000000e+03
-9.999000000000000000e+03
-9.999000000000000000e+03
-9.999000000000000000e+03
-9.999000000000000000e+03
-9.999000000000000000e+03
-9.999000000000000000e+03
-9.999000000000000000e+03
-3.428975492715835571e-02
-5.196993425488471985e-02
-9.999000000000000000e+03
-9.999000000000000000e+03
-3.217435628175735474e-02
-4.469941183924674988e-02
-5.541132017970085144e-02
-6.178016960620880127e-02
-6.099346652626991272e-02
-7.287197560071945190e-02
-7.936137169599533081e-02
-7.343721389770507812e-02
-4.866430535912513733e-02
-3.980108723044395447e-02
-9.999000000000000000e+03
-9.999000000000000000e+03
-9.999000000000000000e+03
-9.999000000000000000e+03
-9.999000000000000000e+03
-9.999000000000000000e+03
-9.999000000000000000e+03
-9.999000000000000000e+03
-9.999000000000000000e+03
-9.999000000000000000e+03
-9.999000000000000000e+03
-9.999000000000000000e+03
-9.999000000000000000e+03
-9.999000000000000000e+03
-9.999000000000000000e+03
-9.999000000000000000e+03
-9.999000000000000000e+03
-9.999000000000000000e+03
-9.999000000000000000e+03
-9.999000000000000000e+03
-9.999000000000000000e+03
-7.726612500846385956e-03
5.507629830390214920e-04
-4.476631991565227509e-03
-1.126189623028039932e-02
-2.280961954966187477e-03
-2.226571552455425262e-02
-6.055874377489089966e-02
-6.479625403881072998e-02
-6.329247355461120605e-02
-5.063251405954360962e-02
-9.999000000000000000e+03
-9.999000000000000000e+03
-9.999000000000000000e+03
-9.999000000000000000e+03
-9.999000000000000000e+03
-9.999000000000000000e+03
-9.999000000000000000e+03
-9.999000000000000000e+03
-9.999000000000000000e+03
-9.999000000000000000e+03
-9.999000000000000000e+03
-9.999000000000000000e+03
-9.999000000000000000e+03
-9.999000000000000000e+03
-9.999000000000000000e+03
-9.999000000000000000e+03
-9.999000000000000000e+03
-9.999000000000000000e+03
-9.999000000000000000e+03
-9.999000000000000000e+03
-9.999000000000000000e+03
-9.999000000000000000e+03
-9.158925153315067291e-03
-1.880664611235260963e-03
2.404002845287322998e-02
4.887311533093452454e-02
5.520580708980560303e-02
4.045012220740318298e-02
6.162603572010993958e-02
1.253142114728689194e-02
-9.999000000000000000e+03
-9.999000000000000000e+03
-9.999000000000000000e+03
-9.999000000000000000e+03
-9.999000000000000000e+03
-9.999000000000000000e+03
-9.999000000000000000e+03
-9.999000000000000000e+03
-9.999000000000000000e+03
-9.999000000000000000e+03
-9.999000000000000000e+03
-9.999000000000000000e+03
-9.999000000000000000e+03
-9.999000000000000000e+03
-9.999000000000000000e+03
-9.999000000000000000e+03
-9.999000000000000000e+03
-9.999000000000000000e+03
-9.999000000000000000e+03
-9.999000000000000000e+03
-9.999000000000000000e+03
-9.999000000000000000e+03
-9.999000000000000000e+03
5.399750545620918274e-03
1.529992325231432915e-03
7.214805576950311661e-03
3.095951303839683533e-02
9.544320404529571533e-02
8.260579407215118408e-02
1.632313132286071777e-01
1.957699209451675415e-01
1.352000534534454346e-01
-9.999000000000000000e+03
-9.999000000000000000e+03
-9.999000000000000000e+03
-9.999000000000000000e+03
-9.999000000000000000e+03
-9.999000000000000000e+03
-9.999000000000000000e+03
-9.999000000000000000e+03
-9.999000000000000000e+03
-9.999000000000000000e+03
-9.999000000000000000e+03
-9.999000000000000000e+03
-9.999000000000000000e+03
-9.999000000000000000e+03
-9.999000000000000000e+03
-9.999000000000000000e+03
-9.999000000000000000e+03
-9.999000000000000000e+03
-9.999000000000000000e+03
-9.999000000000000000e+03
-9.999000000000000000e+03
-9.999000000000000000e+03
-9.999000000000000000e+03
-8.461246266961097717e-03
-4.892547614872455597e-03
2.220788411796092987e-02
6.652227044105529785e-02
1.138435304164886475e-01
1.114334613084793091e-01
1.930555403232574463e-01
1.778978258371353149e-01
-9.999000000000000000e+03
-9.999000000000000000e+03
-9.999000000000000000e+03
-9.999000000000000000e+03
-9.999000000000000000e+03
-9.999000000000000000e+03
-9.999000000000000000e+03
-9.999000000000000000e+03
-9.999000000000000000e+03
-9.999000000000000000e+03
-9.999000000000000000e+03
-9.999000000000000000e+03
-9.999000000000000000e+03
-9.999000000000000000e+03
-9.999000000000000000e+03
-9.999000000000000000e+03
-9.999000000000000000e+03
-9.999000000000000000e+03
-9.999000000000000000e+03
-9.999000000000000000e+03
-9.999000000000000000e+03
-9.999000000000000000e+03
-9.999000000000000000e+03
-2.164336480200290680e-02
-1.579591818153858185e-02
-3.795743221417069435e-03
-5.114196613430976868e-02
-3.329424560070037842e-02
-7.443530857563018799e-02
-1.052518747746944427e-02
8.916661888360977173e-02
1.292676329612731934e-01
-9.999000000000000000e+03
-9.999000000000000000e+03
-9.999000000000000000e+03
-9.999000000000000000e+03
-9.999000000000000000e+03
-9.999000000000000000e+03
-9.999000000000000000e+03
-9.999000000000000000e+03
-9.999000000000000000e+03
-9.999000000000000000e+03
-9.999000000000000000e+03
-9.999000000000000000e+03
-9.999000000000000000e+03
-9.999000000000000000e+03
-9.999000000000000000e+03
-9.999000000000000000e+03
-9.999000000000000000e+03
-9.999000000000000000e+03
-9.999000000000000000e+03
-9.999000000000000000e+03
-9.999000000000000000e+03
-9.999000000000000000e+03
-4.307372868061065674e-02
-6.517267972230911255e-02
-8.115898817777633667e-02
-8.468978106975555420e-02
-1.007032245397567749e-01
-1.103790253400802612e-01
-9.099922329187393188e-02
-7.412102818489074707e-02
3.433376550674438477e-04
7.410796731710433960e-02
5.711185932159423828e-02
6.583763752132654190e-03
-9.080621413886547089e-03
-9.999000000000000000e+03
-9.999000000000000000e+03
-9.999000000000000000e+03
-9.999000000000000000e+03
-9.999000000000000000e+03
-9.999000000000000000e+03
-9.999000000000000000e+03
-9.999000000000000000e+03
-9.999000000000000000e+03
-9.999000000000000000e+03
-9.999000000000000000e+03
-9.999000000000000000e+03
-9.999000000000000000e+03
-9.999000000000000000e+03
-9.999000000000000000e+03
-9.999000000000000000e+03
-9.999000000000000000e+03
-6.221728026866912842e-02
-5.885723605751991272e-02
-5.766383185982704163e-02
-4.368675872683525085e-02
-3.929987549781799316e-02
-4.539879038929939270e-02
-4.758302494883537292e-02
-6.171199679374694824e-02
-5.631949007511138916e-02
-4.213081265334039927e-04
1.405087206512689590e-02
-2.726718038320541382e-02
-2.115073800086975098e-02
-2.924491465091705322e-02
-9.999000000000000000e+03
-9.999000000000000000e+03
-9.999000000000000000e+03
-9.999000000000000000e+03
-9.999000000000000000e+03
-9.999000000000000000e+03
-9.999000000000000000e+03
-9.999000000000000000e+03
-9.999000000000000000e+03
-9.999000000000000000e+03
-9.999000000000000000e+03
-9.999000000000000000e+03
-9.999000000000000000e+03
-9.999000000000000000e+03
-9.999000000000000000e+03
-6.109111383557319641e-02
-6.041288748383522034e-02
-1.075008735060691833e-01
-9.902019053697586060e-02
-5.666711926460266113e-02
-2.353202737867832184e-02
-3.173724049702286720e-03
4.673101939260959625e-03
1.316403620876371861e-03
-2.953389473259449005e-02
-1.461984682828187943e-02
-1.983023714274168015e-03
-5.695606581866741180e-03
-4.125451669096946716e-02
-9.999000000000000000e+03
-9.999000000000000000e+03
-9.999000000000000000e+03
-9.999000000000000000e+03
-9.999000000000000000e+03
-9.999000000000000000e+03
-9.999000000000000000e+03
-9.999000000000000000e+03
-9.999000000000000000e+03
-9.999000000000000000e+03
-9.999000000000000000e+03
-9.999000000000000000e+03
-9.999000000000000000e+03
-9.999000000000000000e+03
-9.999000000000000000e+03
-9.999000000000000000e+03
-5.664217844605445862e-02
-9.148428589105606079e-02
-1.132861524820327759e-01
-1.369319409132003784e-01
-1.299439817667007446e-01
-8.519636839628219604e-02
-2.526555024087429047e-02
1.771542301867157221e-04
7.141841109842061996e-03
-6.865195464342832565e-03
-3.782787919044494629e-02
-5.721564963459968567e-02
-7.844297587871551514e-02
-5.140123143792152405e-02
-9.999000000000000000e+03
-9.999000000000000000e+03
-9.999000000000000000e+03
-9.999000000000000000e+03
-9.999000000000000000e+03
-9.999000000000000000e+03
-9.999000000000000000e+03
-9.999000000000000000e+03
-9.999000000000000000e+03
-9.999000000000000000e+03
-9.999000000000000000e+03
-9.999000000000000000e+03
-9.999000000000000000e+03
-9.999000000000000000e+03
-9.999000000000000000e+03
-9.999000000000000000e+03
-9.999000000000000000e+03
-5.971095710992813110e-02
-9.914854913949966431e-02
-1.414276063442230225e-01
-1.357968449592590332e-01
-1.029433608055114746e-01
-7.748460024595260620e-02
-4.238251224160194397e-02
-2.334744110703468323e-02
-4.904773551970720291e-03
1.826042425818741322e-03
-1.442681625485420227e-02
-3.643233701586723328e-02
-3.234358504414558411e-02
-5.307457968592643738e-02
-9.999000000000000000e+03
-9.999000000000000000e+03
-9.999000000000000000e+03
-9.999000000000000000e+03
-9.999000000000000000e+03
-9.999000000000000000e+03
-9.999000000000000000e+03
-9.999000000000000000e+03
-9.999000000000000000e+03
-9.999000000000000000e+03
-9.999000000000000000e+03
-9.999000000000000000e+03
-9.999000000000000000e+03
-9.999000000000000000e+03
-9.999000000000000000e+03
-9.999000000000000000e+03
-9.999000000000000000e+03
-9.317333996295928955e-02
-1.137542724609375000e-01
-1.282505244016647339e-01
-1.233331710100173950e-01
-8.831389248371124268e-02
-5.788461118936538696e-02
-4.038244113326072693e-02
-2.532439865171909332e-02
-7.179848384112119675e-03
1.191306952387094498e-02
5.451342556625604630e-03
1.179910032078623772e-03
1.411566976457834244e-02
-9.999000000000000000e+03
-9.999000000000000000e+03
-9.999000000000000000e+03
-9.999000000000000000e+03
-9.999000000000000000e+03
-9.999000000000000000e+03
-9.999000000000000000e+03
-9.999000000000000000e+03
-9.999000000000000000e+03
-9.999000000000000000e+03
-9.999000000000000000e+03
-9.999000000000000000e+03
-9.999000000000000000e+03
-9.999000000000000000e+03
-9.999000000000000000e+03
-9.999000000000000000e+03
-9.999000000000000000e+03
-9.999000000000000000e+03
-8.794927597045898438e-02
-9.078732877969741821e-02
-8.595018833875656128e-02
-8.655495941638946533e-02
-6.106856837868690491e-02
-3.618450090289115906e-02
-1.728575304150581360e-02
6.110629532486200333e-03
2.550011733546853065e-03
-3.740150248631834984e-03
-2.440006705000996590e-03
-5.083208903670310974e-03
-9.999000000000000000e+03
-9.999000000000000000e+03
-9.999000000000000000e+03
-9.999000000000000000e+03
-9.999000000000000000e+03
-9.999000000000000000e+03
-9.999000000000000000e+03
-9.999000000000000000e+03
-9.999000000000000000e+03
-9.999000000000000000e+03
-9.999000000000000000e+03
-9.999000000000000000e+03
-9.999000000000000000e+03
-9.999000000000000000e+03
-9.999000000000000000e+03
-9.999000000000000000e+03
-9.999000000000000000e+03
-9.999000000000000000e+03
-9.999000000000000000e+03
-6.709402054548263550e-02
-5.184213072061538696e-02
-4.281714186072349548e-02
-4.801530390977859497e-02
7.059057708829641342e-03
2.951937913894653320e-02
3.415000438690185547e-02
2.327020280063152313e-02
1.258065178990364075e-02
-6.786569720134139061e-04
-9.999000000000000000e+03
-9.999000000000000000e+03
-9.999000000000000000e+03
-9.999000000000000000e+03
-9.999000000000000000e+03
-9.999000000000000000e+03
-9.999000000000000000e+03
-9.999000000000000000e+03
-9.999000000000000000e+03
-9.999000000000000000e+03
-9.999000000000000000e+03
-9.999000000000000000e+03
-9.999000000000000000e+03
-9.999000000000000000e+03
-9.999000000000000000e+03
-9.999000000000000000e+03
-9.999000000000000000e+03
-9.999000000000000000e+03
-9.999000000000000000e+03
-9.999000000000000000e+03
-9.999000000000000000e+03
-4.775384068489074707e-02
9.343989659100770950e-04
3.096739016473293304e-02
4.049988836050033569e-02
5.428369715809822083e-02
4.920976981520652771e-02
-9.999000000000000000e+03
-9.999000000000000000e+03
-9.999000000000000000e+03
-9.999000000000000000e+03
-9.999000000000000000e+03
-9.999000000000000000e+03
-9.999000000000000000e+03
-9.999000000000000000e+03
-9.999000000000000000e+03
-9.999000000000000000e+03
-9.999000000000000000e+03
-9.999000000000000000e+03
-9.999000000000000000e+03
-9.999000000000000000e+03
-9.999000000000000000e+03
-9.999000000000000000e+03
-9.999000000000000000e+03
-9.999000000000000000e+03
-9.999000000000000000e+03
-9.999000000000000000e+03
-9.999000000000000000e+03
-9.999000000000000000e+03
-9.999000000000000000e+03
-9.999000000000000000e+03
-9.999000000000000000e+03
-3.084939531981945038e-02
-1.077238004654645920e-02
4.285640269517898560e-02
-9.999000000000000000e+03
-9.999000000000000000e+03
-9.999000000000000000e+03
-9.999000000000000000e+03
-9.999000000000000000e+03
-9.999000000000000000e+03
-9.999000000000000000e+03
-9.999000000000000000e+03
-9.999000000000000000e+03
-9.999000000000000000e+03
-9.999000000000000000e+03
-9.999000000000000000e+03
-9.999000000000000000e+03
-9.999000000000000000e+03
-9.999000000000000000e+03
-9.999000000000000000e+03
-9.999000000000000000e+03
-9.999000000000000000e+03
-9.999000000000000000e+03
-9.999000000000000000e+03
-9.999000000000000000e+03
-9.999000000000000000e+03
-9.999000000000000000e+03
-9.999000000000000000e+03
-9.999000000000000000e+03
-9.999000000000000000e+03
-9.999000000000000000e+03
-9.999000000000000000e+03
